SEASON_ID,Player_ID,Game_ID,GAME_DATE,MATCHUP,WL,MIN,FGM,FGA,FG_PCT,FG3M,FG3A,FG3_PCT,FTM,FTA,FT_PCT,OREB,DREB,REB,AST,STL,BLK,TOV,PF,PTS,PLUS_MINUS,VIDEO_AVAILABLE,Date_Game
22023,101108,22300490,"JAN 05, 2024",GSW vs. DET,W,24,3,5,0.6,2,4,0.5,0,1,0.0,0,6,6,4,0,1,1,2,8,2,1,
22023,101108,22300478,"JAN 04, 2024",GSW vs. DEN,L,30,4,7,0.571,1,3,0.333,0,1,0.0,1,3,4,6,0,0,0,2,9,4,1,
22023,101108,22300463,"JAN 02, 2024",GSW vs. ORL,W,30,3,5,0.6,3,3,1.0,3,4,0.75,0,2,2,4,0,0,1,1,12,-8,1,
22023,101108,22300444,"DEC 30, 2023",GSW vs. DAL,L,33,9,14,0.643,6,9,0.667,0,0,0.0,0,2,2,6,2,1,0,2,24,-10,1,
22023,101108,22300426,"DEC 28, 2023",GSW vs. MIA,L,27,3,6,0.5,1,4,0.25,2,2,1.0,0,4,4,4,0,0,3,4,9,-8,1,
22023,101108,22300402,"DEC 25, 2023",GSW @ DEN,L,28,5,10,0.5,3,5,0.6,0,0,0.0,1,2,3,3,0,0,1,1,13,13,1,
22023,101108,22300399,"DEC 23, 2023",GSW vs. POR,W,27,1,4,0.25,0,2,0.0,0,0,0.0,0,3,3,11,3,0,1,1,2,9,1,
22023,101108,22300386,"DEC 22, 2023",GSW vs. WAS,W,25,2,7,0.286,0,3,0.0,0,1,0.0,0,7,7,10,1,0,1,2,4,27,1,
22023,101108,22300362,"DEC 19, 2023",GSW vs. BOS,W,35,4,12,0.333,1,5,0.2,0,0,0.0,1,6,7,12,0,0,0,2,9,9,1,
22023,101108,22300348,"DEC 17, 2023",GSW @ POR,W,32,2,7,0.286,0,4,0.0,0,0,0.0,1,3,4,8,1,0,2,1,4,-4,1,
22023,101108,22300339,"DEC 16, 2023",GSW vs. BKN,W,30,1,4,0.25,0,2,0.0,0,0,0.0,0,4,4,11,0,0,3,2,2,3,1,
22023,101108,22300325,"DEC 14, 2023",GSW @ LAC,L,29,4,9,0.444,2,5,0.4,2,2,1.0,0,2,2,3,0,0,2,4,12,-11,1,
22023,101108,22300308,"DEC 12, 2023",GSW @ PHX,L,30,5,8,0.625,3,4,0.75,2,3,0.667,0,5,5,11,2,0,1,4,15,12,1,
22023,101108,22301214,"DEC 06, 2023",GSW vs. POR,W,20,1,4,0.25,0,2,0.0,0,0,0.0,1,2,3,6,0,0,2,2,2,-4,1,
22023,101108,22300060,"NOV 28, 2023",GSW @ SAC,L,5,1,2,0.5,1,2,0.5,0,0,0.0,0,0,0,0,2,0,0,1,3,0,1,
22023,101108,22300051,"NOV 24, 2023",GSW vs. SAS,W,29,2,6,0.333,1,3,0.333,0,0,0.0,0,5,5,10,0,0,1,2,5,16,1,
22023,101108,22300236,"NOV 22, 2023",GSW @ PHX,L,17,1,2,0.5,0,1,0.0,4,4,1.0,0,2,2,6,0,0,1,1,6,-18,1,
22023,101108,22300224,"NOV 20, 2023",GSW vs. HOU,W,34,4,7,0.571,3,5,0.6,4,4,1.0,1,5,6,12,2,0,1,4,15,12,1,
22023,101108,22300207,"NOV 18, 2023",GSW vs. OKC,L,38,4,9,0.444,4,7,0.571,0,0,0.0,1,3,4,11,3,0,0,3,12,3,1,
22023,101108,22300201,"NOV 16, 2023",GSW vs. OKC,L,28,4,8,0.5,4,6,0.667,3,3,1.0,0,3,3,8,1,0,1,1,15,-3,1,
22023,101108,22300025,"NOV 14, 2023",GSW vs. MIN,L,36,6,14,0.429,2,3,0.667,1,1,1.0,0,5,5,4,3,1,4,0,15,-9,1,
22023,101108,22300186,"NOV 12, 2023",GSW vs. MIN,L,22,0,3,0.0,0,2,0.0,2,2,1.0,0,1,1,5,0,0,2,4,2,-1,1,
22023,101108,22300176,"NOV 11, 2023",GSW vs. CLE,L,26,4,7,0.571,1,2,0.5,0,0,0.0,0,3,3,9,3,0,3,2,9,-12,1,
22023,101108,22300169,"NOV 08, 2023",GSW @ DEN,L,27,4,10,0.4,1,4,0.25,0,0,0.0,1,4,5,4,1,0,1,2,9,5,1,
22023,101108,22300145,"NOV 06, 2023",GSW @ DET,W,21,6,9,0.667,2,3,0.667,3,3,1.0,0,5,5,6,0,0,0,0,17,13,1,
22023,101108,22300142,"NOV 05, 2023",GSW @ CLE,L,25,2,10,0.2,1,5,0.2,0,0,0.0,0,1,1,2,2,0,0,3,5,-12,1,
22023,101108,22300005,"NOV 03, 2023",GSW @ OKC,W,28,0,6,0.0,0,2,0.0,1,2,0.5,0,2,2,13,2,0,0,1,1,6,1,
22023,101108,22300126,"NOV 01, 2023",GSW vs. SAC,W,28,1,5,0.2,0,3,0.0,0,0,0.0,1,3,4,8,0,0,0,2,2,5,1,
22023,101108,22300108,"OCT 30, 2023",GSW @ NOP,W,25,6,10,0.6,1,5,0.2,0,0,0.0,0,6,6,5,2,0,1,0,13,17,1,
22023,101108,22300096,"OCT 29, 2023",GSW @ HOU,W,27,3,8,0.375,0,3,0.0,2,2,1.0,0,5,5,7,1,0,1,1,8,22,1,
22023,101108,22300087,"OCT 27, 2023",GSW @ SAC,W,33,5,12,0.417,0,2,0.0,0,0,0.0,0,2,2,12,3,0,3,2,10,2,1,
22023,101108,22300062,"OCT 24, 2023",GSW vs. PHX,L,34,4,15,0.267,0,6,0.0,6,7,0.857,1,5,6,9,2,0,1,0,14,5,1,
22023,1626145,22300784,"FEB 14, 2024",WAS @ NOP,L,40,5,7,0.714,4,6,0.667,0,0,0.0,0,2,2,15,1,0,2,2,14,0,1,
22023,1626145,22300768,"FEB 12, 2024",WAS @ DAL,L,33,6,13,0.462,0,1,0.0,2,2,1.0,0,3,3,16,2,0,2,1,14,-14,1,
22023,1626145,22300753,"FEB 10, 2024",WAS vs. PHI,L,31,9,14,0.643,6,9,0.667,1,1,1.0,0,3,3,9,1,0,1,2,25,-5,1,
22023,1626145,22300743,"FEB 09, 2024",WAS @ BOS,L,37,7,13,0.538,3,3,1.0,0,0,0.0,0,2,2,9,0,1,1,1,17,7,1,
22023,1626145,22300728,"FEB 07, 2024",WAS vs. CLE,L,29,6,10,0.6,3,4,0.75,0,0,0.0,0,3,3,8,1,0,1,1,15,-5,1,
22023,1626145,22300705,"FEB 04, 2024",WAS vs. PHX,L,24,7,15,0.467,0,3,0.0,0,0,0.0,0,1,1,8,1,0,2,0,14,-20,1,
22023,1626145,22300689,"FEB 02, 2024",WAS vs. MIA,L,26,2,7,0.286,0,2,0.0,2,2,1.0,0,1,1,6,1,0,1,2,6,-15,1,
22023,1626145,22300676,"JAN 31, 2024",WAS vs. LAC,L,29,2,9,0.222,0,3,0.0,0,0,0.0,0,4,4,7,0,0,3,1,4,-18,1,
22023,1626145,22300665,"JAN 29, 2024",WAS @ SAS,W,32,7,16,0.438,1,4,0.25,0,0,0.0,1,1,2,9,2,1,1,0,15,5,1,
22023,1626145,22300642,"JAN 27, 2024",WAS @ DET,W,30,5,12,0.417,1,4,0.25,1,1,1.0,0,1,1,9,2,1,1,1,12,9,1,
22023,1626145,22300628,"JAN 25, 2024",WAS vs. UTA,L,34,5,12,0.417,2,4,0.5,0,0,0.0,0,6,6,14,1,0,0,1,12,-8,1,
22023,1626145,22300620,"JAN 24, 2024",WAS vs. MIN,L,32,2,7,0.286,0,2,0.0,1,2,0.5,0,2,2,6,0,0,0,1,5,-9,1,
22023,1626145,22300602,"JAN 21, 2024",WAS vs. DEN,L,31,6,14,0.429,3,4,0.75,0,0,0.0,1,1,2,13,1,0,1,0,15,-11,1,
22023,1626145,22300594,"JAN 20, 2024",WAS vs. SAS,L,28,5,12,0.417,1,2,0.5,2,2,1.0,0,2,2,6,1,0,1,2,13,-18,1,
22023,1626145,22300579,"JAN 18, 2024",WAS @ NYK,L,37,1,6,0.167,0,3,0.0,0,0,0.0,0,4,4,15,3,0,1,2,2,-2,1,
22023,1626145,22300558,"JAN 15, 2024",WAS vs. DET,L,31,9,19,0.474,4,10,0.4,0,0,0.0,2,4,6,7,1,0,0,0,22,-15,1,
22023,1626145,22300543,"JAN 13, 2024",WAS @ ATL,W,26,4,9,0.444,0,3,0.0,0,0,0.0,1,2,3,7,1,1,0,0,8,18,1,
22023,1626145,22300520,"JAN 10, 2024",WAS @ IND,L,34,5,12,0.417,1,5,0.2,0,0,0.0,1,3,4,4,0,1,2,2,11,-5,1,
22023,1626145,22300508,"JAN 08, 2024",WAS vs. OKC,L,31,7,10,0.7,3,5,0.6,1,2,0.5,0,0,0,9,3,0,2,1,18,0,1,
22023,1626145,22300494,"JAN 06, 2024",WAS vs. NYK,L,28,4,13,0.308,2,6,0.333,1,2,0.5,0,1,1,8,0,0,2,0,11,-1,1,
22023,1626145,22300482,"JAN 05, 2024",WAS @ CLE,L,26,6,10,0.6,4,6,0.667,0,0,0.0,0,1,1,5,2,0,1,0,16,-17,1,
22023,1626145,22300465,"JAN 03, 2024",WAS @ CLE,L,21,4,11,0.364,1,2,0.5,0,0,0.0,0,2,2,2,1,1,0,0,9,-12,1,
22023,1626145,22300445,"DEC 31, 2023",WAS vs. ATL,L,27,5,11,0.455,3,7,0.429,1,1,1.0,0,0,0,8,1,1,1,1,14,5,1,
22023,1626145,22300430,"DEC 29, 2023",WAS vs. BKN,W,31,6,9,0.667,0,0,0.0,0,0,0.0,1,3,4,6,0,0,0,0,12,-12,1,
22023,1626145,22300416,"DEC 27, 2023",WAS vs. TOR,L,31,5,12,0.417,1,6,0.167,0,0,0.0,1,1,2,5,2,0,1,2,11,-20,1,
22023,1626145,22300407,"DEC 26, 2023",WAS vs. ORL,L,34,8,13,0.615,4,6,0.667,2,2,1.0,0,6,6,6,1,1,2,0,22,0,1,
22023,1626145,22300386,"DEC 22, 2023",WAS @ GSW,L,25,6,8,0.75,2,2,1.0,0,0,0.0,1,2,3,6,1,0,0,0,14,-12,1,
22023,1626145,22300381,"DEC 21, 2023",WAS @ POR,W,36,9,15,0.6,5,7,0.714,1,2,0.5,0,3,3,3,1,0,2,1,24,6,1,
22023,1626145,22300358,"DEC 18, 2023",WAS @ SAC,L,28,7,10,0.7,2,2,1.0,0,0,0.0,0,1,1,9,1,0,0,0,16,-20,1,
22023,1626145,22300347,"DEC 17, 2023",WAS @ PHX,L,39,9,15,0.6,4,6,0.667,0,0,0.0,0,4,4,11,6,1,1,0,22,6,1,
22023,1626145,22300328,"DEC 15, 2023",WAS vs. IND,W,29,6,7,0.857,1,2,0.5,0,0,0.0,0,10,10,11,2,2,2,2,13,7,1,
22023,1626145,22300311,"DEC 13, 2023",WAS vs. NOP,L,26,2,6,0.333,2,5,0.4,0,0,0.0,0,0,0,4,1,0,1,0,6,1,1,
22023,1626145,22300295,"DEC 11, 2023",WAS @ PHI,L,21,4,9,0.444,1,5,0.2,0,0,0.0,0,5,5,3,1,0,2,0,9,-17,1,
22023,1626145,22301219,"DEC 08, 2023",WAS @ BKN,L,28,6,10,0.6,0,1,0.0,2,2,1.0,0,2,2,3,1,1,1,0,14,-20,1,
22023,1626145,22301208,"DEC 06, 2023",WAS vs. PHI,L,31,8,11,0.727,2,4,0.5,2,2,1.0,0,3,3,8,1,2,1,0,20,-9,1,
22023,1626145,22300274,"DEC 01, 2023",WAS @ ORL,L,26,5,10,0.5,3,5,0.6,0,0,0.0,0,3,3,6,2,0,0,2,13,-4,1,
22023,1626145,22300259,"NOV 29, 2023",WAS @ ORL,L,21,3,10,0.3,0,2,0.0,1,2,0.5,0,3,3,4,2,0,0,1,7,-8,1,
22023,1626145,22300253,"NOV 27, 2023",WAS @ DET,W,26,5,9,0.556,1,3,0.333,1,2,0.5,1,2,3,4,0,0,0,0,12,7,1,
22023,1626145,22300241,"NOV 25, 2023",WAS vs. ATL,L,24,2,6,0.333,0,3,0.0,0,0,0.0,1,1,2,4,0,0,2,1,4,-18,1,
22023,1626145,22300049,"NOV 24, 2023",WAS @ MIL,L,31,9,14,0.643,1,4,0.25,3,3,1.0,0,7,7,7,1,0,0,0,22,3,1,
22023,1626145,22300225,"NOV 22, 2023",WAS @ CHA,L,35,6,12,0.5,1,2,0.5,0,0,0.0,0,1,1,7,2,0,0,1,13,10,1,
22023,1626145,22300219,"NOV 20, 2023",WAS vs. MIL,L,26,9,13,0.692,0,1,0.0,0,0,0.0,0,2,2,3,0,0,0,0,18,9,1,
22023,1626145,22300028,"NOV 17, 2023",WAS vs. NYK,L,30,4,7,0.571,1,2,0.5,2,2,1.0,0,3,3,5,1,0,1,0,11,-18,1,
22023,1626145,22300192,"NOV 15, 2023",WAS vs. DAL,L,22,6,7,0.857,0,1,0.0,0,0,0.0,0,3,3,2,0,0,0,1,12,-20,1,
22023,1626145,22300189,"NOV 13, 2023",WAS @ TOR,L,31,4,11,0.364,2,5,0.4,0,0,0.0,0,3,3,8,0,0,0,1,10,9,1,
22023,1626145,22300178,"NOV 12, 2023",WAS @ BKN,L,23,0,5,0.0,0,1,0.0,0,0,0.0,0,1,1,1,2,0,1,1,0,-16,1,
22023,1626145,22300009,"NOV 10, 2023",WAS vs. CHA,L,34,6,12,0.5,2,4,0.5,2,3,0.667,0,4,4,4,0,1,0,2,16,-29,1,
22023,1626145,22300157,"NOV 08, 2023",WAS @ CHA,W,19,1,6,0.167,0,2,0.0,0,0,0.0,1,5,6,4,1,0,1,1,2,-8,1,
22023,1626145,22300148,"NOV 06, 2023",WAS @ PHI,L,33,5,13,0.385,2,4,0.5,0,0,0.0,0,1,1,6,2,0,0,2,12,-3,1,
22023,1626145,22300003,"NOV 03, 2023",WAS @ MIA,L,24,3,5,0.6,1,2,0.5,0,0,0.0,0,2,2,5,0,0,2,1,7,-14,1,
22023,1626145,22300117,"NOV 01, 2023",WAS @ ATL,L,22,3,6,0.5,0,3,0.0,0,0,0.0,0,1,1,3,1,0,1,1,6,-23,1,
22023,1626145,22300103,"OCT 30, 2023",WAS vs. BOS,L,27,5,9,0.556,1,4,0.25,0,0,0.0,0,3,3,7,1,0,2,0,11,-31,1,
22023,1626145,22300089,"OCT 28, 2023",WAS vs. MEM,W,28,5,12,0.417,4,8,0.5,0,0,0.0,2,0,2,7,2,0,0,2,14,5,1,
22023,1626145,22300064,"OCT 25, 2023",WAS @ IND,L,28,7,12,0.583,2,4,0.5,0,1,0.0,1,2,3,6,1,1,2,1,16,-17,1,
22023,1626156,22300788,"FEB 14, 2024",LAL @ UTA,W,33,4,8,0.5,0,1,0.0,3,3,1.0,1,8,9,17,1,0,2,4,11,9,1,
22023,1626156,22300776,"FEB 13, 2024",LAL vs. DET,W,32,8,18,0.444,4,9,0.444,1,2,0.5,1,1,2,3,0,1,3,2,21,7,1,
22023,1626156,22300747,"FEB 09, 2024",LAL vs. NOP,W,40,9,19,0.474,6,13,0.462,6,6,1.0,0,2,2,5,1,0,0,4,30,13,1,
22023,1626156,22300713,"FEB 05, 2024",LAL @ CHA,W,40,10,21,0.476,5,12,0.417,3,3,1.0,0,4,4,6,1,0,3,2,28,-2,1,
22023,1626156,22300701,"FEB 03, 2024",LAL @ NYK,W,27,5,14,0.357,2,7,0.286,4,4,1.0,0,1,1,4,0,1,0,4,16,-6,1,
22023,1626156,22300684,"FEB 01, 2024",LAL @ BOS,W,39,5,20,0.25,4,8,0.5,2,4,0.5,2,6,8,14,2,0,1,1,16,4,1,
22023,1626156,22300669,"JAN 30, 2024",LAL @ ATL,L,27,3,11,0.273,1,5,0.2,2,2,1.0,0,1,1,5,0,0,2,2,9,-11,1,
22023,1626156,22300662,"JAN 29, 2024",LAL @ HOU,L,41,8,19,0.421,3,12,0.25,4,5,0.8,0,1,1,5,1,0,1,0,23,-19,1,
22023,1626156,22300650,"JAN 27, 2024",LAL @ GSW,W,49,8,19,0.421,5,8,0.625,7,7,1.0,1,2,3,5,2,1,4,4,28,12,1,
22023,1626156,22300633,"JAN 25, 2024",LAL vs. CHI,W,38,10,18,0.556,8,13,0.615,1,2,0.5,0,0,0,4,1,1,2,3,29,7,1,
22023,1626156,22300618,"JAN 23, 2024",LAL @ LAC,L,40,9,21,0.429,4,10,0.4,5,6,0.833,2,3,5,10,0,1,5,3,27,-7,1,
22023,1626156,22300605,"JAN 21, 2024",LAL vs. POR,W,34,14,21,0.667,6,11,0.545,0,0,0.0,1,0,1,8,0,2,0,2,34,29,1,
22023,1626156,22300591,"JAN 19, 2024",LAL vs. BKN,L,35,7,14,0.5,3,5,0.6,3,3,1.0,0,1,1,7,1,0,2,4,20,-16,1,
22023,1626156,22300577,"JAN 17, 2024",LAL vs. DAL,W,36,11,20,0.55,5,7,0.714,2,2,1.0,1,3,4,3,0,0,1,0,29,16,1,
22023,1626156,22300565,"JAN 15, 2024",LAL vs. OKC,W,36,5,12,0.417,2,7,0.286,2,2,1.0,1,1,2,6,2,1,5,2,14,3,1,
22023,1626156,22300549,"JAN 13, 2024",LAL @ UTA,L,41,15,26,0.577,6,11,0.545,3,3,1.0,0,3,3,8,1,2,3,3,39,-2,1,
22023,1626156,22300531,"JAN 11, 2024",LAL vs. PHX,L,27,7,14,0.5,3,7,0.429,2,4,0.5,0,1,1,6,2,0,3,2,19,2,1,
22023,1626156,22300516,"JAN 09, 2024",LAL vs. TOR,W,17,4,8,0.5,2,6,0.333,1,2,0.5,1,0,1,5,0,0,2,1,11,7,1,
22023,1626156,22300505,"JAN 07, 2024",LAL vs. LAC,W,31,5,14,0.357,3,9,0.333,0,0,0.0,0,0,0,6,1,1,3,2,13,5,1,
22023,1626156,22300443,"DEC 30, 2023",LAL @ MIN,L,20,1,4,0.25,0,1,0.0,3,4,0.75,0,1,1,3,0,0,1,1,5,-19,1,
22023,1626156,22300428,"DEC 28, 2023",LAL vs. CHA,W,29,5,10,0.5,4,7,0.571,2,2,1.0,0,3,3,9,0,0,1,3,16,18,1,
22023,1626156,22300403,"DEC 25, 2023",LAL vs. BOS,L,18,4,6,0.667,0,1,0.0,0,0,0.0,0,1,1,6,1,0,2,1,8,-3,1,
22023,1626156,22300397,"DEC 23, 2023",LAL @ OKC,W,17,5,9,0.556,3,6,0.5,2,3,0.667,0,1,1,3,0,0,1,1,15,0,1,
22023,1626156,22300380,"DEC 21, 2023",LAL @ MIN,L,38,7,19,0.368,2,6,0.333,1,1,1.0,0,4,4,8,2,3,4,1,17,-4,1,
22023,1626156,22300370,"DEC 20, 2023",LAL @ CHI,L,28,1,6,0.167,0,4,0.0,0,0,0.0,0,1,1,2,0,0,1,2,2,3,1,
22023,1626156,22300359,"DEC 18, 2023",LAL vs. NYK,L,28,3,10,0.3,3,6,0.5,0,0,0.0,0,3,3,4,1,0,0,1,9,-4,1,
22023,1626156,22300316,"DEC 13, 2023",LAL @ SAS,W,33,6,13,0.462,0,4,0.0,0,1,0.0,0,3,3,10,3,0,3,4,12,-6,1,
22023,1626156,22300306,"DEC 12, 2023",LAL @ DAL,L,25,3,9,0.333,1,4,0.25,0,0,0.0,0,2,2,7,0,0,2,4,7,-6,1,
22023,1626156,22301230,"DEC 07, 2023",LAL vs. NOP,W,22,6,10,0.6,2,5,0.4,0,0,0.0,0,3,3,1,1,0,4,1,14,23,1,
22023,1626156,22301203,"DEC 05, 2023",LAL vs. PHX,W,24,3,11,0.273,2,6,0.333,0,0,0.0,1,0,1,5,0,0,0,2,8,-7,1,
22023,1626156,22300291,"DEC 02, 2023",LAL vs. HOU,W,26,4,10,0.4,1,5,0.2,0,0,0.0,0,2,2,7,5,0,0,2,9,8,1,
22023,1626156,22300271,"NOV 30, 2023",LAL @ OKC,L,32,6,13,0.462,2,5,0.4,2,2,1.0,1,2,3,10,1,0,2,3,16,-4,1,
22023,1626156,22300258,"NOV 29, 2023",LAL @ DET,W,34,13,17,0.765,5,7,0.714,4,5,0.8,0,4,4,9,1,2,3,0,35,31,1,
22023,1626156,22300255,"NOV 27, 2023",LAL @ PHI,L,24,5,10,0.5,1,2,0.5,1,2,0.5,0,2,2,7,0,0,0,0,12,-8,1,
22023,1626156,22300242,"NOV 25, 2023",LAL @ CLE,W,32,4,12,0.333,2,6,0.333,0,0,0.0,0,5,5,5,2,0,4,3,10,3,1,
22023,1626156,22300238,"NOV 22, 2023",LAL vs. DAL,L,24,5,11,0.455,2,4,0.5,3,3,1.0,0,3,3,5,0,1,1,1,15,1,1,
22023,1626156,22300042,"NOV 21, 2023",LAL vs. UTA,W,26,7,9,0.778,3,4,0.75,3,5,0.6,0,3,3,8,0,1,0,2,20,30,1,
22023,1626156,22300216,"NOV 19, 2023",LAL vs. HOU,W,24,1,8,0.125,1,5,0.2,1,2,0.5,0,5,5,2,3,0,3,1,4,-7,1,
22023,1626156,22300036,"NOV 17, 2023",LAL @ POR,W,29,5,10,0.5,4,7,0.571,0,1,0.0,1,2,3,6,0,0,4,1,14,2,1,
22023,1626156,22300198,"NOV 15, 2023",LAL vs. SAC,L,35,12,20,0.6,4,6,0.667,0,0,0.0,3,2,5,5,0,1,2,3,28,-13,1,
22023,1626156,22300026,"NOV 14, 2023",LAL vs. MEM,W,27,8,12,0.667,6,8,0.75,2,3,0.667,0,3,3,5,0,0,0,0,24,25,1,
22023,1626156,22300187,"NOV 12, 2023",LAL vs. POR,W,32,5,14,0.357,0,3,0.0,1,2,0.5,1,4,5,11,1,0,1,2,11,4,1,
22023,1626156,22300015,"NOV 10, 2023",LAL @ PHX,W,29,6,12,0.5,0,3,0.0,7,9,0.778,0,3,3,9,0,1,1,4,19,1,1,
22023,1626156,22300163,"NOV 08, 2023",LAL @ HOU,L,28,9,18,0.5,4,7,0.571,0,0,0.0,0,2,2,4,0,3,1,1,22,-18,1,
22023,1626156,22300150,"NOV 06, 2023",LAL @ MIA,L,29,6,10,0.6,1,3,0.333,0,0,0.0,0,4,4,6,0,1,3,2,13,-4,1,
22023,1626156,22300134,"NOV 04, 2023",LAL @ ORL,L,35,4,17,0.235,1,10,0.1,2,2,1.0,2,2,4,4,0,0,1,2,11,-17,1,
22023,1626156,22300127,"NOV 01, 2023",LAL vs. LAC,W,36,10,19,0.526,3,7,0.429,4,4,1.0,0,2,2,6,0,0,3,2,27,3,1,
22023,1626156,22300111,"OCT 30, 2023",LAL vs. ORL,W,36,10,14,0.714,3,6,0.5,5,5,1.0,0,2,2,8,1,1,3,4,28,7,1,
22023,1626156,22300100,"OCT 29, 2023",LAL @ SAC,L,41,5,13,0.385,1,5,0.2,6,7,0.857,0,3,3,9,0,0,0,4,17,-7,1,
22023,1626156,22300076,"OCT 26, 2023",LAL vs. PHX,W,33,6,16,0.375,1,7,0.143,1,1,1.0,0,4,4,5,2,1,3,2,14,8,1,
22023,1626156,22300061,"OCT 24, 2023",LAL @ DEN,L,36,4,12,0.333,2,5,0.4,1,2,0.5,0,4,4,7,1,0,3,3,11,1,1,
22023,1626157,22300791,"FEB 15, 2024",MIN @ POR,W,30,8,13,0.615,1,2,0.5,6,6,1.0,2,6,8,1,1,2,3,3,23,22,1,
22023,1626157,22300775,"FEB 13, 2024",MIN @ POR,W,19,2,7,0.286,1,3,0.333,8,8,1.0,2,3,5,1,1,0,3,3,13,-5,1,
22023,1626157,22300770,"FEB 12, 2024",MIN @ LAC,W,27,8,12,0.667,1,5,0.2,7,8,0.875,0,4,4,3,0,1,1,3,24,17,1,
22023,1626157,22300738,"FEB 08, 2024",MIN @ MIL,W,30,7,15,0.467,4,6,0.667,1,2,0.5,2,3,5,1,0,0,1,4,19,21,1,
22023,1626157,22300723,"FEB 06, 2024",MIN @ CHI,L,39,11,22,0.5,7,16,0.438,4,5,0.8,1,4,5,3,1,2,2,4,33,1,1,
22023,1626157,22300709,"FEB 04, 2024",MIN vs. HOU,W,27,4,12,0.333,1,3,0.333,5,5,1.0,2,8,10,0,0,2,2,4,14,26,1,
22023,1626157,22300694,"FEB 02, 2024",MIN vs. ORL,L,35,7,17,0.412,2,7,0.286,3,3,1.0,0,3,3,1,0,2,6,1,19,-8,1,
22023,1626157,22300680,"JAN 31, 2024",MIN vs. DAL,W,31,11,15,0.733,4,6,0.667,3,5,0.6,2,7,9,4,1,0,3,2,29,14,1,
22023,1626157,22300664,"JAN 29, 2024",MIN @ OKC,W,39,6,15,0.4,2,4,0.5,7,8,0.875,1,9,10,6,1,1,2,2,21,8,1,
22023,1626157,22300649,"JAN 27, 2024",MIN @ SAS,L,32,9,16,0.563,1,4,0.25,0,1,0.0,0,5,5,4,1,2,3,3,19,-14,1,
22023,1626157,22300629,"JAN 25, 2024",MIN @ BKN,W,37,12,15,0.8,2,3,0.667,1,2,0.5,1,9,10,3,0,0,6,3,27,-6,1,
22023,1626157,22300620,"JAN 24, 2024",MIN @ WAS,W,35,11,24,0.458,2,10,0.2,3,3,1.0,0,6,6,3,0,1,1,4,27,26,1,
22023,1626157,22300610,"JAN 22, 2024",MIN vs. CHA,L,38,21,35,0.6,10,15,0.667,10,14,0.714,3,5,8,2,0,0,7,2,62,0,1,
22023,1626157,22300599,"JAN 20, 2024",MIN vs. OKC,L,36,4,10,0.4,1,4,0.25,10,10,1.0,1,10,11,2,0,1,3,6,19,-19,1,
22023,1626157,22300582,"JAN 18, 2024",MIN vs. MEM,W,29,5,12,0.417,2,5,0.4,2,3,0.667,0,7,7,2,0,1,1,2,14,-1,1,
22023,1626157,22300569,"JAN 17, 2024",MIN @ DET,W,31,10,17,0.588,5,5,1.0,2,2,1.0,2,4,6,4,0,0,1,2,27,7,1,
22023,1626157,22300553,"JAN 14, 2024",MIN vs. LAC,W,37,7,12,0.583,2,4,0.5,1,2,0.5,0,6,6,5,0,0,4,4,17,12,1,
22023,1626157,22300538,"JAN 12, 2024",MIN vs. POR,W,28,7,8,0.875,3,3,1.0,6,7,0.857,1,7,8,1,2,0,0,2,23,38,1,
22023,1626157,22300517,"JAN 10, 2024",MIN @ BOS,L,44,8,17,0.471,2,7,0.286,7,7,1.0,1,12,13,6,2,0,1,6,25,-5,1,
22023,1626157,22300513,"JAN 09, 2024",MIN @ ORL,W,34,11,19,0.579,5,5,1.0,1,1,1.0,1,5,6,5,3,0,2,2,28,28,1,
22023,1626157,22300501,"JAN 07, 2024",MIN @ DAL,L,27,8,16,0.5,3,9,0.333,5,6,0.833,0,7,7,1,0,2,3,5,24,-6,1,
22023,1626157,22300485,"JAN 05, 2024",MIN @ HOU,W,31,8,17,0.471,1,4,0.25,5,5,1.0,2,6,8,6,0,1,4,2,22,11,1,
22023,1626157,22300471,"JAN 03, 2024",MIN vs. NOP,L,36,8,19,0.421,0,4,0.0,6,7,0.857,2,4,6,2,0,0,1,2,22,-18,1,
22023,1626157,22300451,"JAN 01, 2024",MIN @ NYK,L,32,10,18,0.556,3,5,0.6,6,6,1.0,1,5,6,3,0,0,3,5,29,4,1,
22023,1626157,22300443,"DEC 30, 2023",MIN vs. LAL,W,29,3,7,0.429,1,4,0.25,2,2,1.0,2,7,9,2,0,0,5,5,9,-23,1,
22023,1626157,22300423,"DEC 28, 2023",MIN vs. DAL,W,27,3,12,0.25,2,6,0.333,2,4,0.5,2,6,8,3,0,0,5,5,10,14,1,
22023,1626157,22300411,"DEC 26, 2023",MIN @ OKC,L,29,5,10,0.5,0,2,0.0,6,6,1.0,2,4,6,1,0,0,5,2,16,-11,1,
22023,1626157,22300380,"DEC 21, 2023",MIN vs. LAL,W,33,7,17,0.412,2,6,0.333,5,6,0.833,0,6,6,4,1,0,0,3,21,12,1,
22023,1626157,22300367,"DEC 20, 2023",MIN @ PHI,L,38,9,14,0.643,1,2,0.5,4,5,0.8,3,10,13,2,0,0,4,4,23,8,1,
22023,1626157,22300353,"DEC 18, 2023",MIN @ MIA,W,32,7,14,0.5,1,4,0.25,3,3,1.0,4,4,8,2,1,0,1,3,18,-3,1,
22023,1626157,22300338,"DEC 16, 2023",MIN vs. IND,W,35,15,25,0.6,2,3,0.667,8,8,1.0,5,7,12,4,3,2,3,2,40,18,1,
22023,1626157,22300321,"DEC 14, 2023",MIN @ DAL,W,31,8,14,0.571,1,3,0.333,4,5,0.8,5,12,17,2,0,0,3,1,21,11,1,
22023,1626157,22300301,"DEC 11, 2023",MIN @ NOP,L,33,5,11,0.455,1,3,0.333,6,7,0.857,3,9,12,1,0,0,1,6,17,-12,1,
22023,1626157,22301221,"DEC 08, 2023",MIN @ MEM,W,29,7,14,0.5,2,4,0.5,8,9,0.889,2,5,7,5,1,0,1,4,24,17,1,
22023,1626157,22301210,"DEC 06, 2023",MIN vs. SAS,W,32,5,6,0.833,2,3,0.667,2,3,0.667,1,9,10,2,0,1,6,2,14,-14,1,
22023,1626157,22300281,"DEC 02, 2023",MIN @ CHA,W,32,12,23,0.522,4,8,0.5,0,0,0.0,3,4,7,5,0,0,3,3,28,12,1,
22023,1626157,22300270,"NOV 30, 2023",MIN vs. UTA,W,37,12,22,0.545,4,7,0.571,4,5,0.8,4,7,11,4,2,1,4,3,32,9,1,
22023,1626157,22300058,"NOV 28, 2023",MIN vs. OKC,W,32,2,8,0.25,1,3,0.333,8,8,1.0,0,10,10,3,0,0,6,4,13,12,1,
22023,1626157,22300249,"NOV 26, 2023",MIN @ MEM,W,26,7,11,0.636,1,3,0.333,3,3,1.0,0,8,8,2,1,1,4,5,18,7,1,
22023,1626157,22300050,"NOV 24, 2023",MIN vs. SAC,L,38,9,15,0.6,4,5,0.8,5,5,1.0,1,10,11,4,0,0,4,3,27,-8,1,
22023,1626157,22300232,"NOV 22, 2023",MIN vs. PHI,W,36,9,19,0.474,1,2,0.5,4,5,0.8,0,11,11,3,2,2,4,5,23,18,1,
22023,1626157,22300221,"NOV 20, 2023",MIN vs. NYK,W,36,6,10,0.6,2,3,0.667,6,7,0.857,0,5,5,4,3,2,3,6,20,14,1,
22023,1626157,22300203,"NOV 18, 2023",MIN @ NOP,W,33,10,11,0.909,2,2,1.0,7,8,0.875,2,4,6,9,0,2,0,5,29,9,1,
22023,1626157,22300197,"NOV 15, 2023",MIN @ PHX,L,31,10,17,0.588,0,4,0.0,5,5,1.0,1,6,7,2,0,0,1,3,25,-14,1,
22023,1626157,22300025,"NOV 14, 2023",MIN @ GSW,W,42,12,26,0.462,5,12,0.417,4,4,1.0,1,10,11,2,2,0,5,1,33,8,1,
22023,1626157,22300186,"NOV 12, 2023",MIN @ GSW,W,37,8,14,0.571,2,3,0.667,3,3,1.0,2,12,14,3,2,1,1,1,21,11,1,
22023,1626157,22300013,"NOV 10, 2023",MIN @ SAS,W,34,11,21,0.524,3,7,0.429,4,4,1.0,1,11,12,2,0,0,3,1,29,1,1,
22023,1626157,22300166,"NOV 08, 2023",MIN vs. NOP,W,28,9,12,0.75,4,5,0.8,1,2,0.5,0,3,3,0,0,1,3,6,23,12,1,
22023,1626157,22300154,"NOV 06, 2023",MIN vs. BOS,W,28,3,10,0.3,1,7,0.143,0,0,0.0,0,10,10,3,0,0,7,6,7,-5,1,
22023,1626157,22300138,"NOV 04, 2023",MIN vs. UTA,W,32,7,14,0.5,2,6,0.333,9,10,0.9,0,7,7,1,2,0,2,4,25,24,1,
22023,1626157,22300123,"NOV 01, 2023",MIN vs. DEN,W,31,7,19,0.368,1,4,0.25,6,6,1.0,2,6,8,4,2,0,1,2,21,22,1,
22023,1626157,22300104,"OCT 30, 2023",MIN @ ATL,L,36,7,17,0.412,1,3,0.333,1,1,1.0,2,8,10,3,1,0,0,2,16,-8,1,
22023,1626157,22300093,"OCT 28, 2023",MIN vs. MIA,W,31,5,12,0.417,1,4,0.25,1,2,0.5,0,10,10,2,1,0,1,3,12,6,1,
22023,1626157,22300069,"OCT 25, 2023",MIN @ TOR,L,36,8,25,0.32,2,10,0.2,1,1,1.0,2,8,10,3,0,4,4,2,19,-1,1,
22023,1626158,22300784,"FEB 14, 2024",WAS @ NOP,L,11,1,2,0.5,0,0,0.0,0,0,0.0,0,1,1,1,1,0,0,0,2,-7,1,
22023,1626158,22300768,"FEB 12, 2024",WAS @ DAL,L,13,5,7,0.714,0,0,0.0,0,0,0.0,1,1,2,0,0,1,0,3,10,2,1,
22023,1626158,22300715,"FEB 05, 2024",DAL @ PHI,W,5,0,0,0.0,0,0,0.0,0,0,0.0,0,1,1,2,0,0,0,0,0,0,1,
22023,1626158,22300680,"JAN 31, 2024",DAL @ MIN,L,30,4,6,0.667,0,0,0.0,3,3,1.0,4,6,10,3,0,2,0,4,11,-21,1,
22023,1626158,22300666,"JAN 29, 2024",DAL vs. ORL,W,3,2,2,1.0,0,0,0.0,0,0,0.0,0,1,1,0,0,0,1,2,4,1,1,
22023,1626158,22300651,"JAN 27, 2024",DAL vs. SAC,L,8,0,1,0.0,0,0,0.0,0,0,0.0,0,0,0,0,1,0,1,3,0,0,1,
22023,1626158,22300634,"JAN 26, 2024",DAL @ ATL,W,14,2,2,1.0,0,0,0.0,0,0,0.0,1,2,3,1,0,1,0,2,4,-3,1,
22023,1626158,22300625,"JAN 24, 2024",DAL vs. PHX,L,5,2,2,1.0,0,0,0.0,0,0,0.0,2,0,2,0,0,0,0,0,4,0,1,
22023,1626158,22300515,"JAN 09, 2024",DAL vs. MEM,L,3,0,0,0.0,0,0,0.0,0,0,0.0,1,0,1,1,0,0,0,0,0,0,1,
22023,1626158,22300457,"JAN 01, 2024",DAL @ UTA,L,7,1,1,1.0,0,0,0.0,0,0,0.0,0,1,1,0,0,0,0,0,2,-13,1,
22023,1626158,22300385,"DEC 22, 2023",DAL @ HOU,L,22,7,12,0.583,0,0,0.0,2,3,0.667,5,3,8,1,1,0,1,2,16,10,1,
22023,1626158,22300356,"DEC 18, 2023",DAL @ DEN,L,7,1,5,0.2,0,0,0.0,0,0,0.0,2,3,5,0,0,0,0,0,2,0,1,
22023,1626158,22300321,"DEC 14, 2023",DAL vs. MIN,L,3,0,0,0.0,0,0,0.0,0,0,0.0,0,0,0,0,0,0,0,0,0,-4,1,
22023,1626158,22300306,"DEC 12, 2023",DAL vs. LAL,W,15,1,3,0.333,0,0,0.0,2,3,0.667,3,4,7,2,0,0,2,3,4,-4,1,
22023,1626158,22301213,"DEC 06, 2023",DAL vs. UTA,W,6,1,1,1.0,0,0,0.0,0,0,0.0,0,0,0,0,0,1,1,0,2,4,1,
22023,1626158,22300287,"DEC 02, 2023",DAL vs. OKC,L,5,0,0,0.0,0,0,0.0,1,2,0.5,0,1,1,0,0,0,0,0,1,-9,1,
22023,1626158,22300277,"DEC 01, 2023",DAL vs. MEM,L,18,2,4,0.5,0,0,0.0,1,2,0.5,3,4,7,2,1,2,1,1,5,5,1,
22023,1626158,22300059,"NOV 28, 2023",DAL vs. HOU,W,13,1,1,1.0,0,0,0.0,0,0,0.0,0,3,3,0,0,0,2,4,2,2,1,
22023,1626158,22300244,"NOV 25, 2023",DAL @ LAC,L,21,0,4,0.0,0,0,0.0,0,2,0.0,2,3,5,1,0,2,0,3,0,-6,1,
22023,1626158,22300238,"NOV 22, 2023",DAL @ LAL,W,23,1,2,0.5,0,0,0.0,2,4,0.5,3,7,10,1,0,1,0,3,4,3,1,
22023,1626158,22300212,"NOV 19, 2023",DAL vs. SAC,L,5,3,3,1.0,0,0,0.0,1,2,0.5,2,0,2,0,0,0,0,1,7,5,1,
22023,1626158,22300192,"NOV 15, 2023",DAL @ WAS,W,2,0,1,0.0,0,0,0.0,0,0,0.0,0,0,0,0,0,0,1,0,0,-5,1,
22023,1626158,22300022,"NOV 14, 2023",DAL @ NOP,L,12,3,6,0.5,0,0,0.0,0,0,0.0,3,4,7,0,0,0,1,2,6,8,1,
22023,1626158,22300183,"NOV 12, 2023",DAL @ NOP,W,4,1,1,1.0,0,0,0.0,0,0,0.0,0,1,1,0,0,0,0,1,2,-8,1,
22023,1626158,22300168,"NOV 08, 2023",DAL vs. TOR,L,7,1,2,0.5,0,0,0.0,0,0,0.0,2,1,3,1,0,0,1,2,2,1,1,
22023,1626162,22300779,"FEB 14, 2024",PHI vs. MIA,L,33,4,11,0.364,0,4,0.0,1,2,0.5,0,3,3,2,1,0,1,6,9,-8,1,
22023,1626162,22300762,"FEB 12, 2024",PHI @ CLE,W,41,10,14,0.714,2,3,0.667,2,2,1.0,1,2,3,1,2,1,0,2,24,7,1,
22023,1626162,22300753,"FEB 10, 2024",PHI @ WAS,W,39,6,13,0.462,1,5,0.2,3,4,0.75,2,5,7,4,1,1,2,4,16,11,1,
22023,1626162,22300742,"FEB 09, 2024",PHI vs. ATL,L,40,8,19,0.421,2,8,0.25,10,14,0.714,5,7,12,1,1,1,0,4,28,-2,1,
22023,1626162,22300727,"FEB 07, 2024",PHI vs. GSW,L,25,5,15,0.333,1,4,0.25,0,0,0.0,1,2,3,0,0,1,1,2,11,-15,1,
22023,1626162,22300715,"FEB 05, 2024",PHI vs. DAL,L,32,7,17,0.412,2,7,0.286,3,5,0.6,4,2,6,0,1,0,0,3,19,-17,1,
22023,1626162,22300698,"FEB 03, 2024",PHI vs. BKN,L,25,3,14,0.214,0,5,0.0,10,10,1.0,1,3,4,0,1,0,0,3,16,-11,1,
22023,1626162,22300686,"FEB 01, 2024",PHI @ UTA,W,40,6,14,0.429,3,6,0.5,1,2,0.5,1,3,4,2,2,3,0,4,16,-1,1,
22023,1626162,22300673,"JAN 30, 2024",PHI @ GSW,L,35,7,14,0.5,0,3,0.0,1,2,0.5,3,3,6,0,1,0,2,2,15,-15,1,
22023,1626162,22300668,"JAN 29, 2024",PHI @ POR,L,31,11,20,0.55,0,5,0.0,3,3,1.0,2,4,6,1,0,0,1,3,25,-18,1,
22023,1626162,22300644,"JAN 27, 2024",PHI @ DEN,L,40,9,17,0.529,1,4,0.25,6,7,0.857,2,3,5,4,0,2,1,5,25,-8,1,
22023,1626162,22300627,"JAN 25, 2024",PHI @ IND,L,22,2,5,0.4,0,2,0.0,0,1,0.0,1,1,2,2,1,3,0,4,4,-14,1,
22023,1626162,22300608,"JAN 22, 2024",PHI vs. SAS,W,25,3,6,0.5,0,1,0.0,2,5,0.4,0,3,3,0,0,0,0,4,8,-5,1,
22023,1626162,22300593,"JAN 20, 2024",PHI @ CHA,W,27,2,7,0.286,1,5,0.2,0,0,0.0,0,8,8,0,2,0,2,3,5,-5,1,
22023,1626162,22300585,"JAN 19, 2024",PHI @ ORL,W,32,5,8,0.625,3,4,0.75,2,2,1.0,1,3,4,2,0,1,0,5,15,4,1,
22023,1626162,22300566,"JAN 16, 2024",PHI vs. DEN,W,27,5,9,0.556,1,4,0.25,0,1,0.0,0,5,5,0,1,0,2,4,11,-3,1,
22023,1626162,22300555,"JAN 15, 2024",PHI vs. HOU,W,26,3,8,0.375,1,3,0.333,0,0,0.0,0,2,2,0,4,0,1,3,7,-12,1,
22023,1626162,22300521,"JAN 10, 2024",PHI @ ATL,L,32,3,11,0.273,0,3,0.0,1,2,0.5,0,3,3,2,1,0,1,3,7,-8,1,
22023,1626162,22300495,"JAN 06, 2024",PHI vs. UTA,L,37,8,18,0.444,1,6,0.167,7,8,0.875,1,3,4,4,1,0,0,5,24,1,1,
22023,1626162,22300483,"JAN 05, 2024",PHI vs. NYK,L,31,6,12,0.5,3,6,0.5,0,0,0.0,2,5,7,1,0,3,3,2,15,-20,1,
22023,1626162,22300459,"JAN 02, 2024",PHI vs. CHI,W,27,5,8,0.625,3,5,0.6,3,3,1.0,0,3,3,3,3,0,1,3,16,28,1,
22023,1626162,22300442,"DEC 30, 2023",PHI @ CHI,L,28,5,13,0.385,0,5,0.0,1,1,1.0,3,2,5,2,2,1,0,2,11,-11,1,
22023,1626162,22300434,"DEC 29, 2023",PHI @ HOU,W,24,4,7,0.571,3,4,0.75,2,2,1.0,0,1,1,1,0,0,3,1,13,-4,1,
22023,1626162,22300415,"DEC 27, 2023",PHI @ ORL,W,29,1,7,0.143,1,4,0.25,1,2,0.5,1,3,4,1,2,2,1,1,4,16,1,
22023,1626162,22300404,"DEC 25, 2023",PHI @ MIA,L,40,9,16,0.563,6,9,0.667,1,3,0.333,1,6,7,3,1,1,1,3,25,10,1,
22023,1626162,22300382,"DEC 22, 2023",PHI vs. TOR,W,26,3,9,0.333,2,6,0.333,0,0,0.0,0,3,3,0,1,0,0,4,8,-5,1,
22023,1626162,22300367,"DEC 20, 2023",PHI vs. MIN,W,29,3,6,0.5,1,3,0.333,0,1,0.0,0,2,2,0,2,0,1,3,7,-7,1,
22023,1626162,22300351,"DEC 18, 2023",PHI vs. CHI,L,24,2,10,0.2,1,5,0.2,1,2,0.5,0,3,3,0,1,0,0,3,6,-10,1,
22023,1626162,22300335,"DEC 16, 2023",PHI @ CHA,W,21,5,10,0.5,2,5,0.4,0,0,0.0,2,2,4,0,0,0,1,2,12,27,1,
22023,1626162,22300327,"DEC 15, 2023",PHI vs. DET,W,17,4,11,0.364,1,5,0.2,2,2,1.0,1,2,3,1,0,0,0,3,11,6,1,
22023,1626162,22300310,"DEC 13, 2023",PHI @ DET,W,23,7,9,0.778,2,4,0.5,1,2,0.5,0,3,3,1,2,0,2,2,17,18,1,
22023,1626162,22300295,"DEC 11, 2023",PHI vs. WAS,W,18,3,8,0.375,1,4,0.25,0,0,0.0,1,4,5,1,1,0,0,3,7,23,1,
22023,1626162,22301218,"DEC 08, 2023",PHI vs. ATL,W,24,4,9,0.444,1,4,0.25,2,4,0.5,2,1,3,1,2,1,0,1,11,1,1,
22023,1626162,22301208,"DEC 06, 2023",PHI @ WAS,W,19,5,8,0.625,1,3,0.333,1,1,1.0,1,2,3,1,0,0,1,1,12,-3,1,
22023,1626162,22300008,"NOV 10, 2023",PHI @ DET,W,26,3,9,0.333,0,3,0.0,2,3,0.667,2,6,8,1,2,0,0,3,8,7,1,
22023,1626162,22300159,"NOV 08, 2023",PHI vs. BOS,W,27,6,11,0.545,1,3,0.333,1,2,0.5,1,7,8,1,1,0,0,0,14,2,1,
22023,1626162,22300148,"NOV 06, 2023",PHI vs. WAS,W,27,1,5,0.2,0,2,0.0,1,2,0.5,1,4,5,1,1,1,3,2,3,-4,1,
22023,1626162,22300132,"NOV 04, 2023",PHI vs. PHX,W,35,10,18,0.556,3,7,0.429,2,3,0.667,0,3,3,0,0,1,0,3,25,11,1,
22023,1626162,22300128,"NOV 02, 2023",PHI vs. TOR,W,30,8,13,0.615,5,6,0.833,2,3,0.667,3,2,5,0,1,0,0,3,23,8,1,
22023,1626162,22300098,"OCT 29, 2023",PHI vs. POR,W,26,3,10,0.3,0,4,0.0,6,6,1.0,1,2,3,0,2,1,1,1,12,-1,1,
22023,1626162,22300092,"OCT 28, 2023",PHI @ TOR,W,29,7,17,0.412,0,6,0.0,4,5,0.8,2,3,5,2,3,0,0,3,18,3,1,
22023,1626162,22300075,"OCT 26, 2023",PHI @ MIL,L,32,9,11,0.818,5,6,0.833,4,4,1.0,1,3,4,0,1,0,3,4,27,14,1,
22023,1626164,22300787,"FEB 14, 2024",PHX vs. DET,W,5,2,5,0.4,1,2,0.5,2,2,1.0,1,0,1,1,1,0,1,1,7,1,1,
22023,1626164,22300774,"FEB 13, 2024",PHX vs. SAC,W,38,7,17,0.412,0,2,0.0,11,13,0.846,1,2,3,9,3,0,3,3,25,5,1,
22023,1626164,22300757,"FEB 10, 2024",PHX @ GSW,L,38,11,21,0.524,2,8,0.25,8,9,0.889,1,3,4,6,1,1,2,3,32,-3,1,
22023,1626164,22300725,"FEB 06, 2024",PHX vs. MIL,W,38,12,21,0.571,2,6,0.333,6,10,0.6,0,1,1,4,0,0,1,3,32,5,1,
22023,1626164,22300705,"FEB 04, 2024",PHX @ WAS,W,26,4,11,0.364,1,3,0.333,5,5,1.0,0,1,1,6,0,0,0,4,14,22,1,
22023,1626164,22300690,"FEB 02, 2024",PHX @ ATL,L,38,8,16,0.5,3,8,0.375,5,6,0.833,2,4,6,4,1,0,2,4,24,4,1,
22023,1626164,22300677,"JAN 31, 2024",PHX @ BKN,W,36,9,17,0.529,4,6,0.667,0,0,0.0,0,3,3,8,2,1,2,5,22,19,1,
22023,1626164,22300661,"JAN 29, 2024",PHX @ MIA,W,41,9,23,0.391,2,10,0.2,2,3,0.667,0,8,8,7,1,1,0,2,22,18,1,
22023,1626164,22300655,"JAN 28, 2024",PHX @ ORL,L,36,17,26,0.654,1,2,0.5,9,11,0.818,1,3,4,3,1,2,4,3,44,-4,1,
22023,1626164,22300636,"JAN 26, 2024",PHX @ IND,L,38,22,37,0.595,6,12,0.5,12,13,0.923,0,5,5,4,1,2,4,2,62,1,1,
22023,1626164,22300625,"JAN 24, 2024",PHX @ DAL,W,35,17,23,0.739,6,10,0.6,6,8,0.75,1,6,7,3,2,0,2,0,46,33,1,
22023,1626164,22300612,"JAN 22, 2024",PHX vs. CHI,W,41,6,11,0.545,2,6,0.333,2,3,0.667,0,4,4,5,1,0,2,2,16,-3,1,
22023,1626164,22300604,"JAN 21, 2024",PHX vs. IND,W,36,9,24,0.375,1,7,0.143,7,9,0.778,1,5,6,8,2,0,2,2,26,14,1,
22023,1626164,22300588,"JAN 19, 2024",PHX @ NOP,W,37,18,30,0.6,6,11,0.545,10,10,1.0,1,3,4,5,0,0,1,0,52,12,1,
22023,1626164,22300567,"JAN 16, 2024",PHX vs. SAC,W,38,5,14,0.357,1,3,0.333,5,6,0.833,0,4,4,11,0,0,2,4,16,16,1,
22023,1626164,22300554,"JAN 14, 2024",PHX @ POR,W,39,14,22,0.636,1,6,0.167,5,5,1.0,0,6,6,7,0,0,0,2,34,17,1,
22023,1626164,22300531,"JAN 11, 2024",PHX @ LAL,W,34,11,22,0.5,2,6,0.333,7,7,1.0,0,5,5,5,3,0,3,2,31,20,1,
22023,1626164,22300511,"JAN 08, 2024",PHX @ LAC,L,34,8,14,0.571,2,6,0.333,2,2,1.0,0,0,0,5,0,0,6,4,20,-31,1,
22023,1626164,22300503,"JAN 07, 2024",PHX vs. MEM,L,37,9,17,0.529,2,6,0.333,4,5,0.8,0,0,0,8,2,1,2,4,24,11,1,
22023,1626164,22300489,"JAN 05, 2024",PHX vs. MIA,W,35,9,19,0.474,2,7,0.286,0,0,0.0,0,5,5,10,2,0,3,2,20,25,1,
22023,1626164,22300473,"JAN 03, 2024",PHX vs. LAC,L,37,11,15,0.733,5,8,0.625,8,9,0.889,0,2,2,6,0,0,6,4,35,-12,1,
22023,1626164,22300456,"JAN 01, 2024",PHX vs. POR,W,31,4,16,0.25,1,4,0.25,1,2,0.5,3,5,8,6,1,0,2,2,10,12,1,
22023,1626164,22300450,"DEC 31, 2023",PHX vs. ORL,W,37,7,17,0.412,3,8,0.375,4,5,0.8,0,4,4,5,3,0,1,3,21,13,1,
22023,1626164,22300436,"DEC 29, 2023",PHX vs. CHA,W,37,10,18,0.556,5,7,0.714,10,10,1.0,0,4,4,7,0,1,2,4,35,11,1,
22023,1626164,22300418,"DEC 27, 2023",PHX @ HOU,W,36,9,19,0.474,1,6,0.167,1,1,1.0,1,3,4,7,2,0,4,2,20,13,1,
22023,1626164,22300405,"DEC 25, 2023",PHX vs. DAL,L,40,6,14,0.429,1,4,0.25,7,10,0.7,0,3,3,10,1,1,3,5,20,-18,1,
22023,1626164,22300387,"DEC 22, 2023",PHX @ SAC,L,36,9,20,0.45,0,3,0.0,6,9,0.667,2,2,4,7,0,0,0,1,24,-24,1,
22023,1626164,22300363,"DEC 19, 2023",PHX @ POR,L,38,11,25,0.44,1,5,0.2,3,4,0.75,0,3,3,7,0,0,1,3,26,-9,1,
22023,1626164,22300347,"DEC 17, 2023",PHX vs. WAS,W,41,10,24,0.417,3,11,0.273,4,5,0.8,0,4,4,8,1,1,5,4,27,2,1,
22023,1626164,22300333,"DEC 15, 2023",PHX vs. NYK,L,37,11,26,0.423,1,5,0.2,5,6,0.833,1,1,2,9,0,0,3,4,28,-18,1,
22023,1626164,22300317,"DEC 13, 2023",PHX vs. BKN,L,40,9,15,0.6,2,6,0.333,14,15,0.933,1,5,6,12,0,0,2,5,34,16,1,
22023,1626164,22300308,"DEC 12, 2023",PHX vs. GSW,W,36,12,23,0.522,3,6,0.5,5,5,1.0,1,3,4,7,1,1,2,5,32,15,1,
22023,1626164,22301228,"DEC 08, 2023",PHX vs. SAC,L,38,10,14,0.714,2,2,1.0,6,9,0.667,0,7,7,7,1,0,3,4,28,-6,1,
22023,1626164,22301203,"DEC 05, 2023",PHX @ LAL,L,37,6,16,0.375,1,1,1.0,8,8,1.0,2,9,11,6,1,1,7,5,21,2,1,
22023,1626164,22300288,"DEC 02, 2023",PHX vs. MEM,W,37,9,21,0.429,3,8,0.375,13,13,1.0,1,9,10,7,1,0,2,2,34,9,1,
22023,1626164,22300260,"NOV 29, 2023",PHX @ TOR,L,33,2,12,0.167,0,4,0.0,4,4,1.0,0,5,5,5,0,0,2,3,8,-15,1,
22023,1626164,22300247,"NOV 26, 2023",PHX @ NYK,W,38,10,25,0.4,1,4,0.25,7,8,0.875,2,3,5,11,0,2,2,3,28,15,1,
22023,1626164,22300044,"NOV 24, 2023",PHX @ MEM,W,33,15,21,0.714,3,4,0.75,7,9,0.778,1,4,5,4,4,1,5,3,40,28,1,
22023,1626164,22300236,"NOV 22, 2023",PHX vs. GSW,W,31,5,15,0.333,2,3,0.667,13,14,0.929,3,5,8,10,1,0,3,2,25,23,1,
22023,1626164,22300041,"NOV 21, 2023",PHX vs. POR,W,33,9,20,0.45,0,3,0.0,10,10,1.0,0,3,3,6,1,1,1,1,28,18,1,
22023,1626164,22300214,"NOV 19, 2023",PHX @ UTA,W,40,8,21,0.381,2,7,0.286,8,8,1.0,1,4,5,8,0,1,3,5,26,2,1,
22023,1626164,22300035,"NOV 17, 2023",PHX @ UTA,W,32,7,15,0.467,2,3,0.667,8,10,0.8,0,4,4,15,0,0,1,3,24,9,1,
22023,1626164,22300197,"NOV 15, 2023",PHX vs. MIN,W,26,12,22,0.545,2,7,0.286,5,5,1.0,1,3,4,5,0,0,2,2,31,0,1,
22023,1626164,22300131,"NOV 02, 2023",PHX vs. SAS,L,35,10,19,0.526,5,7,0.714,6,6,1.0,1,8,9,13,0,0,5,4,31,-2,1,
22023,1626164,22300062,"OCT 24, 2023",PHX @ GSW,W,37,13,21,0.619,3,8,0.375,3,3,1.0,1,5,6,8,1,0,6,4,32,5,1,
22023,1626166,22300779,"FEB 14, 2024",PHI vs. MIA,L,22,1,7,0.143,0,5,0.0,0,0,0.0,1,2,3,3,0,0,0,1,2,3,1,
22023,1626166,22300762,"FEB 12, 2024",PHI @ CLE,W,24,4,10,0.4,1,3,0.333,6,6,1.0,0,2,2,4,0,0,0,1,15,-1,1,
22023,1626166,22300753,"FEB 10, 2024",PHI @ WAS,W,21,3,8,0.375,0,3,0.0,0,1,0.0,0,1,1,6,0,0,1,1,6,14,1,
22023,1626166,22300742,"FEB 09, 2024",PHI vs. ATL,L,36,7,16,0.438,4,9,0.444,2,2,1.0,3,0,3,6,2,1,2,2,20,4,1,
22023,1626166,22300725,"FEB 06, 2024",MIL @ PHX,L,23,4,10,0.4,1,4,0.25,2,4,0.5,0,4,4,3,2,0,1,2,11,-3,1,
22023,1626166,22300711,"FEB 04, 2024",MIL @ UTA,L,10,1,3,0.333,1,3,0.333,0,0,0.0,1,2,3,2,0,0,0,0,3,6,1,
22023,1626166,22300702,"FEB 03, 2024",MIL @ DAL,W,10,0,0,0.0,0,0,0.0,0,0,0.0,0,2,2,3,1,0,1,2,0,-4,1,
22023,1626166,22300683,"JAN 31, 2024",MIL @ POR,L,8,0,5,0.0,0,2,0.0,0,0,0.0,1,0,1,2,0,0,0,0,0,-9,1,
22023,1626166,22300667,"JAN 29, 2024",MIL @ DEN,L,13,1,2,0.5,1,2,0.5,0,0,0.0,0,1,1,2,1,0,0,2,3,-7,1,
22023,1626166,22300648,"JAN 27, 2024",MIL vs. NOP,W,18,4,7,0.571,3,4,0.75,0,0,0.0,0,2,2,5,2,0,0,0,11,4,1,
22023,1626166,22300639,"JAN 26, 2024",MIL vs. CLE,L,11,1,3,0.333,1,2,0.5,1,2,0.5,0,2,2,0,0,1,0,2,4,-9,1,
22023,1626166,22300624,"JAN 24, 2024",MIL vs. CLE,W,13,2,6,0.333,1,3,0.333,0,0,0.0,0,2,2,0,1,0,1,1,5,2,1,
22023,1626166,22300572,"JAN 17, 2024",MIL @ CLE,L,13,5,9,0.556,2,5,0.4,1,1,1.0,0,0,0,1,1,0,0,0,13,-4,1,
22023,1626166,22300552,"JAN 14, 2024",MIL vs. SAC,W,12,5,7,0.714,3,4,0.75,2,2,1.0,0,0,0,1,1,0,0,0,15,7,1,
22023,1626166,22300528,"JAN 11, 2024",MIL vs. BOS,W,15,3,4,0.75,1,2,0.5,0,0,0.0,0,4,4,3,0,0,0,0,7,-4,1,
22023,1626166,22300496,"JAN 06, 2024",MIL @ HOU,L,8,0,1,0.0,0,1,0.0,1,2,0.5,0,0,0,1,0,0,0,0,1,-1,1,
22023,1626166,22300477,"JAN 04, 2024",MIL @ SAS,W,15,0,3,0.0,0,3,0.0,5,5,1.0,0,1,1,4,0,0,0,1,5,-4,1,
22023,1626166,22300466,"JAN 03, 2024",MIL @ IND,L,10,2,3,0.667,1,2,0.5,2,3,0.667,0,1,1,2,0,0,0,3,7,5,1,
22023,1626166,22300454,"JAN 01, 2024",MIL vs. IND,L,12,1,4,0.25,0,2,0.0,3,3,1.0,1,0,1,2,1,0,2,1,5,-13,1,
22023,1626166,22300433,"DEC 29, 2023",MIL @ CLE,W,6,0,1,0.0,0,1,0.0,0,0,0.0,0,0,0,0,0,0,3,0,0,-9,1,
22023,1626166,22300417,"DEC 27, 2023",MIL @ BKN,W,23,6,9,0.667,5,8,0.625,1,1,1.0,1,3,4,6,2,0,0,4,18,24,1,
22023,1626166,22300401,"DEC 25, 2023",MIL @ NYK,L,10,1,2,0.5,1,2,0.5,0,0,0.0,0,0,0,1,0,0,0,0,3,-1,1,
22023,1626166,22300388,"DEC 23, 2023",MIL @ NYK,W,14,2,2,1.0,1,1,1.0,3,4,0.75,0,1,1,1,0,0,0,0,8,16,1,
22023,1626166,22300378,"DEC 21, 2023",MIL vs. ORL,W,13,1,4,0.25,0,3,0.0,0,0,0.0,0,1,1,4,0,0,0,2,2,-5,1,
22023,1626166,22300361,"DEC 19, 2023",MIL vs. SAS,W,13,2,6,0.333,0,2,0.0,3,3,1.0,0,0,0,0,0,0,0,1,7,-9,1,
22023,1626166,22300346,"DEC 17, 2023",MIL vs. HOU,W,11,0,4,0.0,0,4,0.0,0,0,0.0,0,0,0,1,0,0,0,2,0,2,1,
22023,1626166,22300334,"DEC 16, 2023",MIL vs. DET,W,15,3,5,0.6,1,3,0.333,4,4,1.0,0,1,1,5,1,0,2,2,11,5,1,
22023,1626166,22300315,"DEC 13, 2023",MIL vs. IND,W,14,0,4,0.0,0,2,0.0,1,2,0.5,0,0,0,4,0,0,1,1,1,4,1,
22023,1626166,22300300,"DEC 11, 2023",MIL vs. CHI,W,18,2,4,0.5,1,2,0.5,0,0,0.0,0,0,0,5,0,0,1,2,5,0,1,
22023,1626166,22301229,"DEC 07, 2023",MIL vs. IND,L,16,2,9,0.222,0,3,0.0,0,0,0.0,0,1,1,2,0,0,2,0,4,-18,1,
22023,1626166,22301201,"DEC 05, 2023",MIL vs. NYK,W,14,5,6,0.833,2,3,0.667,0,0,0.0,0,2,2,2,1,0,1,2,12,7,1,
22023,1626166,22300286,"DEC 02, 2023",MIL vs. ATL,W,20,7,11,0.636,2,6,0.333,2,2,1.0,0,3,3,2,0,0,1,5,18,5,1,
22023,1626166,22300269,"NOV 30, 2023",MIL @ CHI,L,12,2,6,0.333,2,5,0.4,0,0,0.0,0,1,1,1,0,0,0,0,6,-20,1,
22023,1626166,22300056,"NOV 28, 2023",MIL @ MIA,W,18,1,2,0.5,0,1,0.0,0,0,0.0,0,1,1,3,0,0,1,2,2,-15,1,
22023,1626166,22300245,"NOV 26, 2023",MIL vs. POR,W,17,1,4,0.25,1,3,0.333,0,0,0.0,0,2,2,3,1,0,3,2,3,3,1,
22023,1626166,22300049,"NOV 24, 2023",MIL vs. WAS,W,17,2,4,0.5,0,2,0.0,0,0,0.0,0,3,3,3,0,0,0,3,4,-4,1,
22023,1626166,22300228,"NOV 22, 2023",MIL @ BOS,L,10,1,5,0.2,1,3,0.333,0,0,0.0,0,0,0,2,0,0,0,0,3,-12,1,
22023,1626166,22300219,"NOV 20, 2023",MIL @ WAS,W,16,2,5,0.4,2,4,0.5,0,0,0.0,0,2,2,2,1,0,1,1,6,8,1,
22023,1626166,22300205,"NOV 18, 2023",MIL vs. DAL,W,17,4,5,0.8,3,4,0.75,0,0,0.0,0,2,2,2,1,0,0,4,11,10,1,
22023,1626166,22300027,"NOV 17, 2023",MIL @ CHA,W,21,1,3,0.333,0,2,0.0,0,0,0.0,0,3,3,6,0,1,0,1,2,21,1,
22023,1626166,22300195,"NOV 15, 2023",MIL @ TOR,W,16,4,8,0.5,3,4,0.75,2,2,1.0,0,1,1,2,0,0,0,2,13,1,1,
22023,1626166,22300190,"NOV 13, 2023",MIL vs. CHI,W,17,0,2,0.0,0,2,0.0,0,0,0.0,0,0,0,5,0,0,2,2,0,15,1,
22023,1626166,22300173,"NOV 11, 2023",MIL @ ORL,L,26,6,8,0.75,2,3,0.667,0,0,0.0,0,0,0,2,2,0,2,3,14,-8,1,
22023,1626166,22300171,"NOV 09, 2023",MIL @ IND,L,30,3,9,0.333,1,2,0.5,0,0,0.0,0,4,4,5,0,1,1,4,7,-17,1,
22023,1626166,22300165,"NOV 08, 2023",MIL vs. DET,W,24,1,4,0.25,1,3,0.333,4,4,1.0,0,1,1,3,2,0,1,2,7,7,1,
22023,1626166,22300149,"NOV 06, 2023",MIL @ BKN,W,16,4,6,0.667,3,4,0.75,0,0,0.0,0,1,1,3,0,0,0,1,11,9,1,
22023,1626166,22300002,"NOV 03, 2023",MIL vs. NYK,W,12,0,1,0.0,0,0,0.0,0,0,0.0,0,0,0,1,0,0,1,2,0,3,1,
22023,1626166,22300116,"NOV 01, 2023",MIL @ TOR,L,19,2,5,0.4,0,2,0.0,0,0,0.0,0,2,2,1,0,0,1,2,4,-4,1,
22023,1626166,22300107,"OCT 30, 2023",MIL vs. MIA,W,13,4,5,0.8,3,4,0.75,0,0,0.0,1,0,1,0,0,0,1,0,11,6,1,
22023,1626166,22300097,"OCT 29, 2023",MIL vs. ATL,L,14,2,3,0.667,2,3,0.667,0,0,0.0,0,1,1,1,0,0,1,4,6,3,1,
22023,1626166,22300075,"OCT 26, 2023",MIL vs. PHI,W,9,1,3,0.333,0,1,0.0,0,0,0.0,0,0,0,0,1,0,0,3,2,-7,1,
22023,1626167,22300761,"FEB 12, 2024",IND @ CHA,L,31,8,13,0.615,1,5,0.2,5,5,1.0,0,5,5,1,2,2,1,1,22,6,1,
22023,1626167,22300755,"FEB 10, 2024",IND @ NYK,W,31,9,9,1.0,2,2,1.0,3,4,0.75,0,8,8,4,1,0,2,4,23,5,1,
22023,1626167,22300733,"FEB 08, 2024",IND vs. GSW,L,23,5,12,0.417,2,5,0.4,3,6,0.5,0,7,7,1,0,1,1,3,15,-13,1,
22023,1626167,22300719,"FEB 06, 2024",IND vs. HOU,W,29,8,16,0.5,2,6,0.333,3,4,0.75,0,3,3,2,1,2,1,6,21,0,1,
22023,1626167,22300707,"FEB 04, 2024",IND @ CHA,W,26,7,14,0.5,0,3,0.0,2,2,1.0,3,7,10,2,1,0,0,3,16,16,1,
22023,1626167,22300685,"FEB 01, 2024",IND @ NYK,L,24,2,6,0.333,0,0,0.0,1,3,0.333,0,4,4,1,1,0,1,5,5,-6,1,
22023,1626167,22300670,"JAN 30, 2024",IND @ BOS,L,26,7,18,0.389,2,7,0.286,1,4,0.25,1,4,5,1,0,1,3,4,17,7,1,
22023,1626167,22300636,"JAN 26, 2024",IND vs. PHX,W,18,2,6,0.333,0,2,0.0,1,1,1.0,0,3,3,2,0,0,2,2,5,-2,1,
22023,1626167,22300627,"JAN 25, 2024",IND vs. PHI,W,27,7,12,0.583,3,6,0.5,3,4,0.75,3,6,9,1,1,2,1,4,20,21,1,
22023,1626167,22300614,"JAN 23, 2024",IND vs. DEN,L,37,8,18,0.444,0,5,0.0,6,7,0.857,0,6,6,1,1,0,2,3,22,-9,1,
22023,1626167,22300604,"JAN 21, 2024",IND @ PHX,L,19,5,11,0.455,1,2,0.5,1,2,0.5,1,1,2,1,0,2,1,1,12,-25,1,
22023,1626167,22300590,"JAN 19, 2024",IND @ POR,L,34,10,17,0.588,6,10,0.6,3,3,1.0,2,10,12,1,0,5,1,3,29,6,1,
22023,1626167,22300583,"JAN 18, 2024",IND @ SAC,W,32,6,12,0.5,1,4,0.25,5,7,0.714,0,2,2,1,0,1,1,4,18,-8,1,
22023,1626167,22300564,"JAN 15, 2024",IND @ UTA,L,17,4,8,0.5,1,2,0.5,3,4,0.75,1,3,4,0,0,0,2,5,12,-8,1,
22023,1626167,22300550,"JAN 14, 2024",IND @ DEN,L,26,5,11,0.455,0,4,0.0,2,3,0.667,1,3,4,1,2,1,3,5,12,-5,1,
22023,1626167,22300533,"JAN 12, 2024",IND @ ATL,W,26,5,9,0.556,0,3,0.0,2,3,0.667,2,5,7,4,2,2,3,2,12,9,1,
22023,1626167,22300520,"JAN 10, 2024",IND vs. WAS,W,31,7,15,0.467,1,5,0.2,3,3,1.0,6,7,13,3,0,2,2,3,18,4,1,
22023,1626167,22300507,"JAN 08, 2024",IND vs. BOS,W,35,7,13,0.538,1,3,0.333,1,2,0.5,2,6,8,1,0,0,2,2,16,-1,1,
22023,1626167,22300493,"JAN 06, 2024",IND vs. BOS,L,30,5,11,0.455,0,5,0.0,2,4,0.5,3,4,7,2,0,0,0,3,12,-11,1,
22023,1626167,22300480,"JAN 05, 2024",IND vs. ATL,W,22,10,14,0.714,2,3,0.667,5,5,1.0,2,3,5,3,1,1,1,0,27,25,1,
22023,1626167,22300466,"JAN 03, 2024",IND vs. MIL,W,30,6,9,0.667,1,4,0.25,2,4,0.5,0,7,7,2,0,2,2,4,15,15,1,
22023,1626167,22300454,"JAN 01, 2024",IND @ MIL,W,28,3,5,0.6,0,2,0.0,7,7,1.0,1,3,4,0,0,2,0,5,13,-20,1,
22023,1626167,22300441,"DEC 30, 2023",IND vs. NYK,W,31,10,17,0.588,6,8,0.75,2,3,0.667,1,7,8,2,0,0,1,0,28,17,1,
22023,1626167,22300422,"DEC 28, 2023",IND @ CHI,W,26,8,12,0.667,1,2,0.5,7,7,1.0,0,6,6,0,0,3,3,5,24,30,1,
22023,1626167,22300409,"DEC 26, 2023",IND @ HOU,W,24,5,9,0.556,2,3,0.667,6,7,0.857,1,4,5,1,0,2,0,5,18,4,1,
22023,1626167,22300391,"DEC 23, 2023",IND vs. ORL,L,29,9,11,0.818,2,4,0.5,4,4,1.0,1,6,7,0,1,4,1,4,24,18,1,
22023,1626167,22300377,"DEC 21, 2023",IND @ MEM,L,36,5,10,0.5,0,2,0.0,5,5,1.0,3,3,6,2,1,4,4,5,15,-2,1,
22023,1626167,22300365,"DEC 20, 2023",IND vs. CHA,W,25,5,9,0.556,1,4,0.25,7,7,1.0,1,5,6,0,0,2,1,2,18,19,1,
22023,1626167,22300338,"DEC 16, 2023",IND @ MIN,L,21,2,7,0.286,1,2,0.5,7,8,0.875,2,3,5,0,1,0,1,1,12,-15,1,
22023,1626167,22300328,"DEC 15, 2023",IND @ WAS,L,20,2,10,0.2,1,4,0.25,1,2,0.5,2,2,4,1,0,3,1,1,6,-17,1,
22023,1626167,22300315,"DEC 13, 2023",IND @ MIL,L,33,8,14,0.571,2,2,1.0,4,4,1.0,4,5,9,0,0,2,2,4,22,-5,1,
22023,1626167,22300293,"DEC 11, 2023",IND @ DET,W,31,10,15,0.667,0,2,0.0,3,6,0.5,3,5,8,1,1,3,2,2,23,12,1,
22023,1626167,22301229,"DEC 07, 2023",IND @ MIL,W,32,9,18,0.5,2,8,0.25,6,8,0.75,1,9,10,2,1,3,0,2,26,-5,1,
22023,1626167,22301202,"DEC 04, 2023",IND vs. BOS,W,34,7,16,0.438,2,6,0.333,1,1,1.0,1,9,10,1,1,1,0,1,17,22,1,
22023,1626167,22300284,"DEC 02, 2023",IND @ MIA,W,30,8,12,0.667,1,4,0.25,0,0,0.0,2,8,10,1,0,2,2,4,17,10,1,
22023,1626167,22300267,"NOV 30, 2023",IND @ MIA,L,29,5,14,0.357,0,5,0.0,3,5,0.6,4,5,9,2,0,1,0,3,13,-13,1,
22023,1626167,22300254,"NOV 27, 2023",IND vs. POR,L,27,5,11,0.455,0,3,0.0,1,1,1.0,1,7,8,0,2,2,1,4,11,2,1,
22023,1626167,22300047,"NOV 24, 2023",IND vs. DET,W,27,8,14,0.571,1,3,0.333,6,6,1.0,5,5,10,2,1,5,2,5,23,23,1,
22023,1626167,22300230,"NOV 22, 2023",IND vs. TOR,L,29,7,11,0.636,2,3,0.667,1,2,0.5,1,7,8,0,1,2,2,3,17,13,1,
22023,1626167,22300039,"NOV 21, 2023",IND @ ATL,W,25,4,7,0.571,0,2,0.0,3,4,0.75,1,8,9,1,0,4,1,3,11,5,1,
22023,1626167,22300209,"NOV 19, 2023",IND vs. ORL,L,23,3,10,0.3,0,3,0.0,4,6,0.667,3,1,4,3,1,3,1,2,10,-20,1,
22023,1626167,22300019,"NOV 14, 2023",IND @ PHI,W,19,5,11,0.455,1,4,0.25,6,8,0.75,1,2,3,0,1,1,1,6,17,5,1,
22023,1626167,22300180,"NOV 12, 2023",IND @ PHI,L,29,7,17,0.412,4,9,0.444,4,4,1.0,2,3,5,0,1,3,3,4,22,-6,1,
22023,1626167,22300171,"NOV 09, 2023",IND vs. MIL,W,37,8,16,0.5,4,9,0.444,1,1,1.0,1,5,6,4,0,1,1,4,21,14,1,
22023,1626167,22300158,"NOV 08, 2023",IND vs. UTA,W,23,8,12,0.667,0,2,0.0,6,8,0.75,3,3,6,0,0,3,0,2,22,3,1,
22023,1626167,22300146,"NOV 06, 2023",IND vs. SAS,W,21,5,7,0.714,1,1,1.0,4,4,1.0,4,7,11,2,0,1,0,3,15,19,1,
22023,1626167,22300133,"NOV 04, 2023",IND vs. CHA,L,27,5,9,0.556,3,5,0.6,1,2,0.5,0,6,6,2,1,0,4,4,14,12,1,
22023,1626167,22300001,"NOV 03, 2023",IND vs. CLE,W,31,9,14,0.643,4,5,0.8,5,6,0.833,1,8,9,0,2,2,3,4,27,11,1,
22023,1626167,22300118,"NOV 01, 2023",IND @ BOS,L,22,4,12,0.333,0,3,0.0,0,0,0.0,1,4,5,3,1,1,1,1,8,-20,1,
22023,1626167,22300102,"OCT 30, 2023",IND vs. CHI,L,32,6,14,0.429,3,8,0.375,5,8,0.625,2,9,11,3,0,2,1,2,20,-9,1,
22023,1626167,22300091,"OCT 28, 2023",IND @ CLE,W,29,7,14,0.5,1,5,0.2,5,5,1.0,1,11,12,1,0,2,2,5,20,-5,1,
22023,1626167,22300064,"OCT 25, 2023",IND vs. WAS,W,23,5,8,0.625,0,2,0.0,1,2,0.5,0,8,8,1,0,3,2,4,11,14,1,
22023,1626168,22300786,"FEB 14, 2024",SAC @ DEN,W,12,2,5,0.4,0,3,0.0,0,0,0.0,1,4,5,0,1,0,0,1,4,-5,1,
22023,1626168,22300760,"FEB 11, 2024",SAC @ OKC,L,24,0,2,0.0,0,2,0.0,1,2,0.5,1,4,5,0,1,1,1,2,1,6,1,
22023,1626168,22300746,"FEB 09, 2024",SAC vs. DEN,W,21,5,6,0.833,3,4,0.75,2,2,1.0,1,6,7,0,1,0,1,2,15,19,1,
22023,1626168,22300732,"FEB 07, 2024",SAC vs. DET,L,23,6,13,0.462,5,10,0.5,2,2,1.0,1,1,2,1,0,1,0,0,19,5,1,
22023,1626168,22300714,"FEB 05, 2024",SAC @ CLE,L,19,2,5,0.4,0,3,0.0,3,4,0.75,0,4,4,1,1,0,0,0,7,-8,1,
22023,1626168,22300700,"FEB 03, 2024",SAC @ CHI,W,24,5,8,0.625,5,7,0.714,1,1,1.0,2,3,5,3,2,0,2,1,16,0,1,
22023,1626168,22300691,"FEB 02, 2024",SAC @ IND,W,16,4,5,0.8,3,4,0.75,2,2,1.0,1,2,3,0,0,0,0,1,13,1,1,
22023,1626168,22300678,"JAN 31, 2024",SAC @ MIA,L,18,2,6,0.333,1,4,0.25,0,0,0.0,2,2,4,2,1,0,0,1,5,-10,1,
22023,1626168,22300663,"JAN 29, 2024",SAC @ MEM,W,24,4,7,0.571,2,5,0.4,0,0,0.0,1,0,1,1,1,0,2,3,10,8,1,
22023,1626168,22300651,"JAN 27, 2024",SAC @ DAL,W,17,0,2,0.0,0,1,0.0,1,2,0.5,0,4,4,1,0,1,1,2,1,8,1,
22023,1626168,22300632,"JAN 25, 2024",SAC @ GSW,W,15,3,7,0.429,2,4,0.5,0,0,0.0,0,0,0,2,1,0,0,1,8,-9,1,
22023,1626168,22300613,"JAN 22, 2024",SAC vs. ATL,W,16,4,8,0.5,2,5,0.4,0,0,0.0,2,5,7,0,0,0,1,0,10,7,1,
22023,1626168,22300583,"JAN 18, 2024",SAC vs. IND,L,19,0,2,0.0,0,2,0.0,0,0,0.0,1,2,3,2,1,0,0,0,0,-9,1,
22023,1626168,22300567,"JAN 16, 2024",SAC @ PHX,L,14,0,2,0.0,0,2,0.0,0,0,0.0,0,2,2,0,1,0,0,1,0,9,1,
22023,1626168,22300552,"JAN 14, 2024",SAC @ MIL,L,33,3,8,0.375,3,7,0.429,0,0,0.0,1,6,7,2,0,0,0,3,9,10,1,
22023,1626168,22300532,"JAN 12, 2024",SAC @ PHI,L,22,2,8,0.25,1,5,0.2,0,0,0.0,2,1,3,0,0,0,0,1,5,-6,1,
22023,1626168,22300518,"JAN 10, 2024",SAC @ CHA,W,21,2,4,0.5,2,4,0.5,2,4,0.5,1,4,5,2,0,0,1,1,8,27,1,
22023,1626168,22300512,"JAN 09, 2024",SAC @ DET,W,32,1,4,0.25,1,3,0.333,3,4,0.75,1,7,8,3,0,0,1,2,6,31,1,
22023,1626168,22300492,"JAN 05, 2024",SAC vs. TOR,W,15,4,6,0.667,4,5,0.8,0,0,0.0,0,3,3,1,0,0,0,2,12,1,1,
22023,1626168,22300476,"JAN 03, 2024",SAC vs. ORL,W,22,4,6,0.667,2,3,0.667,0,0,0.0,3,0,3,0,0,1,0,3,10,-1,1,
22023,1626168,22300464,"JAN 02, 2024",SAC vs. CHA,L,17,3,6,0.5,3,5,0.6,0,0,0.0,0,3,3,1,0,0,0,0,9,-2,1,
22023,1626168,22300449,"DEC 31, 2023",SAC @ MEM,W,19,4,4,1.0,3,3,1.0,1,1,1.0,0,3,3,0,1,0,1,1,12,17,1,
22023,1626168,22300431,"DEC 29, 2023",SAC @ ATL,W,25,7,12,0.583,4,9,0.444,1,1,1.0,0,6,6,1,0,0,2,3,19,4,1,
22023,1626168,22300413,"DEC 26, 2023",SAC @ POR,L,14,0,0,0.0,0,0,0.0,0,0,0.0,0,2,2,2,0,2,0,1,0,-9,1,
22023,1626168,22300400,"DEC 23, 2023",SAC vs. MIN,L,27,4,8,0.5,1,4,0.25,1,3,0.333,3,4,7,3,0,0,1,1,10,7,1,
22023,1626168,22300387,"DEC 22, 2023",SAC vs. PHX,W,11,0,1,0.0,0,0,0.0,0,0,0.0,1,3,4,0,0,0,1,1,0,4,1,
22023,1626168,22300373,"DEC 20, 2023",SAC vs. BOS,L,27,4,7,0.571,3,6,0.5,0,0,0.0,1,4,5,3,0,1,0,1,11,-19,1,
22023,1626168,22300358,"DEC 18, 2023",SAC vs. WAS,W,18,0,3,0.0,0,3,0.0,0,0,0.0,0,2,2,0,0,0,0,0,0,-4,1,
22023,1626168,22300342,"DEC 16, 2023",SAC vs. UTA,W,18,0,2,0.0,0,2,0.0,0,0,0.0,1,7,8,0,0,1,2,4,0,1,1,
22023,1626168,22300324,"DEC 14, 2023",SAC vs. OKC,W,19,2,5,0.4,1,4,0.25,0,0,0.0,1,6,7,1,0,1,0,2,5,22,1,
22023,1626168,22300309,"DEC 12, 2023",SAC @ LAC,L,20,1,4,0.25,0,3,0.0,1,2,0.5,1,5,6,3,1,0,0,1,3,-19,1,
22023,1626168,22300303,"DEC 11, 2023",SAC vs. BKN,W,23,6,7,0.857,5,6,0.833,0,0,0.0,0,6,6,1,0,1,0,0,17,9,1,
22023,1626168,22301228,"DEC 08, 2023",SAC @ PHX,W,13,2,6,0.333,1,4,0.25,0,0,0.0,0,6,6,2,0,0,0,1,5,9,1,
22023,1626168,22301204,"DEC 04, 2023",SAC vs. NOP,L,16,1,4,0.25,0,3,0.0,3,4,0.75,0,1,1,6,0,0,0,3,5,-2,1,
22023,1626168,22300290,"DEC 02, 2023",SAC vs. DEN,W,18,3,8,0.375,0,3,0.0,1,1,1.0,2,2,4,1,0,0,0,2,7,-1,1,
22023,1626168,22300264,"NOV 29, 2023",SAC vs. LAC,L,18,1,5,0.2,0,3,0.0,0,2,0.0,2,3,5,2,0,0,2,2,2,4,1,
22023,1626168,22300060,"NOV 28, 2023",SAC vs. GSW,W,24,2,6,0.333,1,4,0.25,6,9,0.667,3,3,6,0,0,1,1,2,11,4,1,
22023,1626168,22300050,"NOV 24, 2023",SAC @ MIN,W,19,3,6,0.5,3,6,0.5,0,0,0.0,1,6,7,0,0,0,1,1,9,15,1,
22023,1626168,22300233,"NOV 22, 2023",SAC @ NOP,L,28,4,8,0.5,3,7,0.429,1,1,1.0,0,8,8,0,0,0,3,5,12,-9,1,
22023,1626171,22300790,"FEB 15, 2024",MIL @ MEM,L,25,7,12,0.583,1,1,1.0,0,0,0.0,3,4,7,2,0,0,2,1,15,0,1,
22023,1626171,22300773,"FEB 13, 2024",MIL vs. MIA,L,26,6,12,0.5,2,5,0.4,2,2,1.0,1,3,4,2,0,0,0,2,16,-25,1,
22023,1626171,22300767,"FEB 12, 2024",MIL vs. DEN,W,25,6,14,0.429,1,3,0.333,0,0,0.0,1,7,8,3,0,0,3,2,13,8,1,
22023,1626171,22300745,"FEB 09, 2024",MIL vs. CHA,W,21,7,14,0.5,3,4,0.75,1,1,1.0,2,5,7,1,1,0,1,3,18,13,1,
22023,1626171,22300738,"FEB 08, 2024",MIL vs. MIN,L,29,5,12,0.417,0,2,0.0,2,2,1.0,4,5,9,3,1,0,3,3,12,-21,1,
22023,1626171,22300725,"FEB 06, 2024",MIL @ PHX,L,31,2,9,0.222,1,4,0.25,0,0,0.0,3,6,9,2,4,1,1,1,5,3,1,
22023,1626171,22300711,"FEB 04, 2024",MIL @ UTA,L,36,11,20,0.55,4,7,0.571,1,1,1.0,1,6,7,0,3,0,1,2,27,-18,1,
22023,1626171,22300702,"FEB 03, 2024",MIL @ DAL,W,31,4,10,0.4,0,3,0.0,4,5,0.8,3,7,10,2,1,0,0,3,12,-3,1,
22023,1626171,22300683,"JAN 31, 2024",MIL @ POR,L,22,5,7,0.714,1,2,0.5,0,0,0.0,2,4,6,0,0,0,1,0,11,-11,1,
22023,1626171,22300667,"JAN 29, 2024",MIL @ DEN,L,25,2,13,0.154,2,6,0.333,3,4,0.75,2,10,12,2,0,0,0,3,9,-14,1,
22023,1626171,22300648,"JAN 27, 2024",MIL vs. NOP,W,22,9,15,0.6,2,5,0.4,0,0,0.0,1,6,7,2,1,0,1,6,20,2,1,
22023,1626171,22300639,"JAN 26, 2024",MIL vs. CLE,L,22,4,8,0.5,3,3,1.0,1,2,0.5,1,7,8,0,1,0,1,3,12,-3,1,
22023,1626171,22300624,"JAN 24, 2024",MIL vs. CLE,W,25,2,6,0.333,0,1,0.0,4,4,1.0,0,6,6,0,0,0,1,1,8,-4,1,
22023,1626171,22300606,"JAN 22, 2024",MIL @ DET,W,25,2,5,0.4,0,3,0.0,3,4,0.75,1,3,4,0,0,1,0,3,7,-13,1,
22023,1626171,22300592,"JAN 20, 2024",MIL @ DET,W,17,2,4,0.5,0,0,0.0,0,0,0.0,0,3,3,0,0,0,0,0,4,-12,1,
22023,1626171,22300572,"JAN 17, 2024",MIL @ CLE,L,21,6,11,0.545,1,4,0.25,3,4,0.75,2,4,6,3,1,0,1,0,16,-8,1,
22023,1626171,22300552,"JAN 14, 2024",MIL vs. SAC,W,26,9,11,0.818,2,2,1.0,2,2,1.0,2,8,10,1,0,0,2,1,22,10,1,
22023,1626171,22300545,"JAN 13, 2024",MIL vs. GSW,W,21,4,11,0.364,2,4,0.5,0,0,0.0,0,8,8,0,0,0,1,5,10,7,1,
22023,1626171,22300528,"JAN 11, 2024",MIL vs. BOS,W,22,11,18,0.611,5,6,0.833,1,2,0.5,1,11,12,0,1,0,0,1,28,15,1,
22023,1626171,22300510,"JAN 08, 2024",MIL vs. UTA,L,16,4,11,0.364,0,2,0.0,0,0,0.0,1,2,3,0,0,0,0,4,8,-8,1,
22023,1626171,22300496,"JAN 06, 2024",MIL @ HOU,L,17,2,5,0.4,1,2,0.5,1,2,0.5,0,6,6,0,1,1,2,5,6,-13,1,
22023,1626171,22300477,"JAN 04, 2024",MIL @ SAS,W,21,2,6,0.333,0,2,0.0,1,2,0.5,1,3,4,0,0,1,2,3,5,-8,1,
22023,1626171,22300466,"JAN 03, 2024",MIL @ IND,L,20,4,10,0.4,0,2,0.0,1,2,0.5,3,3,6,1,0,1,0,1,9,-1,1,
22023,1626171,22300454,"JAN 01, 2024",MIL vs. IND,L,18,4,12,0.333,0,4,0.0,0,0,0.0,1,4,5,0,0,1,0,4,8,-21,1,
22023,1626171,22300433,"DEC 29, 2023",MIL @ CLE,W,23,2,6,0.333,1,2,0.5,4,6,0.667,1,4,5,1,1,0,0,3,9,-5,1,
22023,1626171,22300417,"DEC 27, 2023",MIL @ BKN,W,31,6,9,0.667,2,3,0.667,0,0,0.0,0,6,6,4,2,1,1,1,14,20,1,
22023,1626171,22300401,"DEC 25, 2023",MIL @ NYK,L,31,5,11,0.455,0,4,0.0,2,2,1.0,5,4,9,0,0,0,3,4,12,-3,1,
22023,1626171,22300388,"DEC 23, 2023",MIL @ NYK,W,27,9,14,0.643,3,4,0.75,2,2,1.0,2,9,11,1,2,0,2,4,23,17,1,
22023,1626171,22300378,"DEC 21, 2023",MIL vs. ORL,W,21,3,8,0.375,0,2,0.0,0,0,0.0,5,3,8,1,1,1,0,1,6,-18,1,
22023,1626171,22300361,"DEC 19, 2023",MIL vs. SAS,W,26,10,16,0.625,3,6,0.5,0,0,0.0,1,9,10,2,2,0,0,3,23,4,1,
22023,1626171,22300346,"DEC 17, 2023",MIL vs. HOU,W,25,5,7,0.714,1,2,0.5,0,0,0.0,4,2,6,0,0,0,0,3,11,7,1,
22023,1626171,22300334,"DEC 16, 2023",MIL vs. DET,W,27,11,18,0.611,4,7,0.571,5,5,1.0,3,9,12,1,1,0,4,3,31,24,1,
22023,1626171,22300315,"DEC 13, 2023",MIL vs. IND,W,23,8,13,0.615,3,4,0.75,0,0,0.0,1,1,2,2,0,0,0,2,19,16,1,
22023,1626171,22300300,"DEC 11, 2023",MIL vs. CHI,W,25,7,11,0.636,1,3,0.333,2,2,1.0,2,5,7,0,0,0,1,3,17,-4,1,
22023,1626171,22301229,"DEC 07, 2023",MIL vs. IND,L,18,2,5,0.4,0,1,0.0,0,0,0.0,4,2,6,1,0,1,1,2,4,-6,1,
22023,1626171,22301201,"DEC 05, 2023",MIL vs. NYK,W,24,5,9,0.556,1,3,0.333,2,2,1.0,2,2,4,1,0,2,1,4,13,-7,1,
22023,1626171,22300286,"DEC 02, 2023",MIL vs. ATL,W,23,7,13,0.538,1,4,0.25,0,0,0.0,2,9,11,0,0,0,0,3,15,9,1,
22023,1626171,22300269,"NOV 30, 2023",MIL @ CHI,L,31,2,8,0.25,0,2,0.0,0,0,0.0,1,8,9,2,2,0,0,3,4,-14,1,
22023,1626171,22300056,"NOV 28, 2023",MIL @ MIA,W,23,3,8,0.375,0,2,0.0,0,0,0.0,0,2,2,0,0,0,0,2,6,-12,1,
22023,1626171,22300245,"NOV 26, 2023",MIL vs. POR,W,31,5,12,0.417,2,5,0.4,0,0,0.0,6,2,8,1,2,3,2,3,12,3,1,
22023,1626171,22300049,"NOV 24, 2023",MIL vs. WAS,W,25,1,5,0.2,0,1,0.0,0,0,0.0,2,4,6,1,0,1,0,3,2,3,1,
22023,1626171,22300228,"NOV 22, 2023",MIL @ BOS,L,21,2,6,0.333,0,0,0.0,0,0,0.0,1,6,7,0,0,0,0,2,4,-4,1,
22023,1626171,22300219,"NOV 20, 2023",MIL @ WAS,W,23,8,13,0.615,1,3,0.333,0,0,0.0,1,7,8,1,1,0,1,2,17,13,1,
22023,1626171,22300205,"NOV 18, 2023",MIL vs. DAL,W,22,5,10,0.5,1,2,0.5,0,0,0.0,1,6,7,2,0,0,0,0,11,7,1,
22023,1626171,22300027,"NOV 17, 2023",MIL @ CHA,W,30,6,12,0.5,1,3,0.333,0,0,0.0,0,7,7,1,1,0,3,1,13,4,1,
22023,1626171,22300195,"NOV 15, 2023",MIL @ TOR,W,31,7,11,0.636,2,3,0.667,2,2,1.0,1,6,7,0,0,2,0,5,18,15,1,
22023,1626171,22300190,"NOV 13, 2023",MIL vs. CHI,W,25,7,10,0.7,3,6,0.5,2,2,1.0,2,8,10,2,0,1,0,3,19,24,1,
22023,1626171,22300173,"NOV 11, 2023",MIL @ ORL,L,28,4,11,0.364,2,5,0.4,3,4,0.75,1,6,7,1,2,0,2,4,13,-6,1,
22023,1626171,22300171,"NOV 09, 2023",MIL @ IND,L,24,5,11,0.455,0,2,0.0,1,1,1.0,0,8,8,2,1,1,3,2,11,6,1,
22023,1626171,22300165,"NOV 08, 2023",MIL vs. DET,W,23,7,14,0.5,1,4,0.25,3,3,1.0,2,3,5,2,0,0,2,1,18,-4,1,
22023,1626171,22300149,"NOV 06, 2023",MIL @ BKN,W,26,3,8,0.375,1,2,0.5,4,4,1.0,0,6,6,2,2,0,1,2,11,14,1,
22023,1626171,22300002,"NOV 03, 2023",MIL vs. NYK,W,17,2,10,0.2,0,2,0.0,0,0,0.0,0,2,2,0,2,0,0,1,4,-2,1,
22023,1626171,22300116,"NOV 01, 2023",MIL @ TOR,L,19,2,6,0.333,0,1,0.0,6,9,0.667,1,5,6,1,2,0,1,1,10,-7,1,
22023,1626171,22300107,"OCT 30, 2023",MIL vs. MIA,W,19,7,10,0.7,0,2,0.0,2,2,1.0,2,6,8,2,2,1,0,3,16,18,1,
22023,1626171,22300097,"OCT 29, 2023",MIL vs. ATL,L,21,5,10,0.5,0,2,0.0,2,2,1.0,1,3,4,2,0,0,3,2,12,-5,1,
22023,1626171,22300075,"OCT 26, 2023",MIL vs. PHI,W,19,5,8,0.625,0,0,0.0,0,4,0.0,2,4,6,2,0,1,0,3,10,-10,1,
22023,1626172,22300576,"FEB 15, 2024",GSW @ UTA,W,11,0,1,0.0,0,0,0.0,0,0,0.0,2,0,2,3,0,1,0,2,0,8,1,
22023,1626172,22300789,"FEB 14, 2024",GSW vs. LAC,L,11,1,1,1.0,0,0,0.0,2,2,1.0,0,2,2,1,0,0,0,0,4,7,2,
22023,1626172,22300769,"FEB 12, 2024",GSW @ UTA,W,11,0,2,0.0,0,0,0.0,0,0,0.0,1,3,4,2,0,0,0,1,0,6,1,
22023,1626172,22300757,"FEB 10, 2024",GSW vs. PHX,W,5,1,1,1.0,0,0,0.0,1,2,0.5,2,2,4,0,0,0,1,2,3,1,1,
22023,1626172,22300733,"FEB 08, 2024",GSW @ IND,W,5,1,1,1.0,0,0,0.0,0,0,0.0,1,0,1,0,0,0,1,2,2,-8,1,
22023,1626172,22300727,"FEB 07, 2024",GSW @ PHI,W,17,4,8,0.5,0,0,0.0,1,1,1.0,3,6,9,2,0,2,0,3,9,15,1,
22023,1626172,22300717,"FEB 05, 2024",GSW @ BKN,W,13,1,2,0.5,0,0,0.0,0,0,0.0,2,3,5,3,0,1,0,4,2,3,1,
22023,1626172,22300699,"FEB 03, 2024",GSW @ ATL,L,15,0,0,0.0,0,0,0.0,0,0,0.0,2,8,10,1,0,0,1,2,0,3,1,
22023,1626172,22300693,"FEB 02, 2024",GSW @ MEM,W,11,4,4,1.0,0,0,0.0,1,3,0.333,0,1,1,1,1,0,3,1,9,8,1,
22023,1626172,22300673,"JAN 30, 2024",GSW vs. PHI,W,8,0,1,0.0,0,0,0.0,0,0,0.0,0,3,3,1,0,1,0,0,0,-5,1,
22023,1626172,22300650,"JAN 27, 2024",GSW vs. LAL,L,5,0,2,0.0,0,1,0.0,0,0,0.0,0,1,1,1,0,0,2,2,0,-14,1,
22023,1626172,22300632,"JAN 25, 2024",GSW vs. SAC,L,16,2,2,1.0,0,0,0.0,0,0,0.0,0,3,3,2,0,1,1,2,4,-15,1,
22023,1626172,22300626,"JAN 24, 2024",GSW vs. ATL,W,10,1,2,0.5,0,0,0.0,0,0,0.0,2,5,7,1,1,1,1,1,2,-3,1,
22023,1626172,22300560,"JAN 15, 2024",GSW @ MEM,L,18,4,4,1.0,0,0,0.0,0,0,0.0,1,4,5,2,1,0,1,1,8,-1,1,
22023,1626172,22300545,"JAN 13, 2024",GSW @ MIL,L,18,3,6,0.5,0,0,0.0,0,0,0.0,4,2,6,3,0,1,0,2,6,7,1,
22023,1626172,22300536,"JAN 12, 2024",GSW @ CHI,W,27,4,4,1.0,0,0,0.0,1,2,0.5,3,2,5,1,0,1,0,2,9,-7,1,
22023,1626172,22300525,"JAN 10, 2024",GSW vs. NOP,L,19,3,3,1.0,0,0,0.0,1,2,0.5,2,5,7,0,0,1,0,4,7,-3,1,
22023,1626172,22300504,"JAN 07, 2024",GSW vs. TOR,L,17,4,6,0.667,0,0,0.0,2,2,1.0,7,0,7,2,0,0,1,2,10,-7,1,
22023,1626172,22300490,"JAN 05, 2024",GSW vs. DET,W,12,1,1,1.0,0,0,0.0,2,2,1.0,1,3,4,1,0,0,0,2,4,6,1,
22023,1626172,22300478,"JAN 04, 2024",GSW vs. DEN,L,22,3,4,0.75,0,0,0.0,1,1,1.0,2,2,4,3,0,0,0,5,7,-2,1,
22023,1626172,22300463,"JAN 02, 2024",GSW vs. ORL,W,17,1,2,0.5,0,0,0.0,3,4,0.75,1,4,5,2,0,0,0,4,5,10,1,
22023,1626172,22300444,"DEC 30, 2023",GSW vs. DAL,L,11,2,2,1.0,0,0,0.0,1,2,0.5,2,1,3,1,0,0,0,2,5,-7,1,
22023,1626172,22300426,"DEC 28, 2023",GSW vs. MIA,L,14,2,2,1.0,0,0,0.0,1,3,0.333,3,2,5,0,0,1,0,3,5,-9,1,
22023,1626172,22300402,"DEC 25, 2023",GSW @ DEN,L,22,2,3,0.667,0,0,0.0,0,0,0.0,0,3,3,2,0,0,1,3,4,-9,1,
22023,1626172,22300399,"DEC 23, 2023",GSW vs. POR,W,22,2,3,0.667,0,0,0.0,2,2,1.0,6,5,11,7,0,0,3,2,6,15,1,
22023,1626172,22300386,"DEC 22, 2023",GSW vs. WAS,W,11,2,3,0.667,0,0,0.0,1,1,1.0,2,3,5,0,0,0,0,2,5,1,1,
22023,1626172,22300362,"DEC 19, 2023",GSW vs. BOS,W,14,1,2,0.5,0,0,0.0,1,1,1.0,1,5,6,2,0,0,1,0,3,-19,1,
22023,1626172,22300348,"DEC 17, 2023",GSW @ POR,W,15,2,5,0.4,0,0,0.0,0,0,0.0,1,3,4,2,1,1,0,2,4,-2,1,
22023,1626172,22300339,"DEC 16, 2023",GSW vs. BKN,W,27,2,5,0.4,0,0,0.0,0,0,0.0,1,6,7,3,1,0,0,2,4,6,1,
22023,1626172,22300325,"DEC 14, 2023",GSW @ LAC,L,26,4,7,0.571,0,0,0.0,0,0,0.0,5,2,7,5,1,0,1,2,8,0,1,
22023,1626172,22300308,"DEC 12, 2023",GSW @ PHX,L,11,0,0,0.0,0,0,0.0,0,0,0.0,2,3,5,2,1,0,0,2,0,-13,1,
22023,1626172,22301222,"DEC 08, 2023",GSW @ OKC,L,16,2,2,1.0,0,0,0.0,1,3,0.333,1,3,4,2,0,0,2,1,5,3,1,
22023,1626172,22301214,"DEC 06, 2023",GSW vs. POR,W,16,2,6,0.333,0,0,0.0,2,2,1.0,2,6,8,0,1,0,0,2,6,-7,1,
22023,1626172,22300280,"DEC 02, 2023",GSW @ LAC,L,18,3,3,1.0,0,0,0.0,1,2,0.5,0,8,8,3,0,1,1,1,7,3,1,
22023,1626172,22300273,"NOV 30, 2023",GSW vs. LAC,W,13,0,4,0.0,0,0,0.0,2,2,1.0,2,3,5,2,0,0,0,2,2,-6,1,
22023,1626172,22300060,"NOV 28, 2023",GSW @ SAC,L,29,0,1,0.0,0,0,0.0,2,4,0.5,1,4,5,2,1,0,0,4,2,5,1,
22023,1626172,22300051,"NOV 24, 2023",GSW vs. SAS,W,24,2,3,0.667,0,0,0.0,2,3,0.667,1,7,8,4,2,0,2,3,6,-3,1,
22023,1626172,22300236,"NOV 22, 2023",GSW @ PHX,L,17,3,5,0.6,0,0,0.0,0,0,0.0,1,5,6,2,1,0,2,4,6,-5,1,
22023,1626172,22300224,"NOV 20, 2023",GSW vs. HOU,W,22,2,4,0.5,0,0,0.0,3,4,0.75,1,4,5,3,0,0,0,3,7,2,1,
22023,1626172,22300207,"NOV 18, 2023",GSW vs. OKC,L,35,3,6,0.5,0,0,0.0,0,0,0.0,7,9,16,5,0,1,1,0,6,-1,1,
22023,1626172,22300201,"NOV 16, 2023",GSW vs. OKC,L,19,6,9,0.667,0,0,0.0,1,2,0.5,7,4,11,1,1,0,1,3,13,-17,1,
22023,1626172,22300025,"NOV 14, 2023",GSW vs. MIN,L,32,1,4,0.25,0,0,0.0,0,0,0.0,6,6,12,3,1,0,0,2,2,2,1,
22023,1626172,22300186,"NOV 12, 2023",GSW vs. MIN,L,19,1,3,0.333,0,0,0.0,0,0,0.0,5,1,6,0,1,0,0,3,2,-12,1,
22023,1626172,22300176,"NOV 11, 2023",GSW vs. CLE,L,24,1,2,0.5,0,0,0.0,0,0,0.0,3,10,13,2,0,0,1,5,2,-3,1,
22023,1626172,22300169,"NOV 08, 2023",GSW @ DEN,L,30,4,4,1.0,0,0,0.0,2,3,0.667,2,6,8,4,1,0,2,5,10,-6,1,
22023,1626172,22300145,"NOV 06, 2023",GSW @ DET,W,25,5,6,0.833,0,0,0.0,0,0,0.0,2,4,6,1,0,2,2,4,10,5,1,
22023,1626172,22300142,"NOV 05, 2023",GSW @ CLE,L,15,1,2,0.5,0,0,0.0,0,0,0.0,5,6,11,5,0,0,0,1,2,-6,1,
22023,1626172,22300005,"NOV 03, 2023",GSW @ OKC,W,11,1,2,0.5,0,0,0.0,2,2,1.0,1,2,3,4,1,1,2,4,4,-5,1,
22023,1626172,22300126,"NOV 01, 2023",GSW vs. SAC,W,23,3,4,0.75,0,0,0.0,0,0,0.0,2,7,9,6,1,0,0,2,6,0,1,
22023,1626172,22300108,"OCT 30, 2023",GSW @ NOP,W,25,3,5,0.6,0,0,0.0,2,2,1.0,2,5,7,1,1,0,1,2,8,19,1,
22023,1626172,22300096,"OCT 29, 2023",GSW @ HOU,W,27,2,3,0.667,0,0,0.0,1,2,0.5,2,9,11,1,1,1,1,2,5,5,1,
22023,1626172,22300087,"OCT 27, 2023",GSW @ SAC,W,28,4,6,0.667,0,0,0.0,0,0,0.0,3,9,12,6,3,1,1,3,8,4,1,
22023,1626172,22300062,"OCT 24, 2023",GSW vs. PHX,L,28,3,6,0.5,0,0,0.0,1,1,1.0,5,6,11,1,0,0,2,2,7,-11,1,
22023,1626179,22300759,"FEB 11, 2024",MIA vs. BOS,L,24,6,16,0.375,0,4,0.0,1,1,1.0,2,2,4,6,0,0,0,0,13,-2,1,
22023,1626179,22300730,"FEB 07, 2024",MIA vs. SAS,W,28,5,15,0.333,2,7,0.286,1,1,1.0,1,1,2,5,0,0,1,3,13,16,1,
22023,1626179,22300721,"FEB 06, 2024",MIA vs. ORL,W,31,7,12,0.583,2,4,0.5,2,3,0.667,1,5,6,7,1,0,1,1,18,21,1,
22023,1626179,22300708,"FEB 04, 2024",MIA vs. LAC,L,38,7,17,0.412,0,5,0.0,3,3,1.0,1,6,7,5,2,0,2,4,17,-4,1,
22023,1626179,22300689,"FEB 02, 2024",MIA @ WAS,W,30,2,13,0.154,0,6,0.0,11,11,1.0,2,6,8,5,0,0,0,3,15,15,1,
22023,1626179,22300678,"JAN 31, 2024",MIA vs. SAC,W,30,1,8,0.125,1,4,0.25,0,0,0.0,1,4,5,10,2,1,1,1,3,1,1,
22023,1626179,22300661,"JAN 29, 2024",MIA vs. PHX,L,27,8,14,0.571,4,6,0.667,1,1,1.0,0,2,2,3,0,1,1,2,21,-21,1,
22023,1626179,22300643,"JAN 27, 2024",MIA @ NYK,L,32,4,12,0.333,0,2,0.0,2,2,1.0,0,5,5,7,0,0,2,1,10,-14,1,
22023,1626179,22300630,"JAN 25, 2024",MIA vs. BOS,L,29,3,10,0.3,1,4,0.25,0,0,0.0,0,2,2,3,1,0,0,2,7,-28,1,
22023,1626179,22300621,"JAN 24, 2024",MIA vs. MEM,L,29,3,11,0.273,1,5,0.2,2,2,1.0,2,2,4,5,2,0,3,2,9,-13,1,
22023,1626179,22300610,"JAN 22, 2024",CHA @ MIN,W,35,5,12,0.417,0,6,0.0,1,2,0.5,0,2,2,4,0,0,4,1,11,-13,1,
22023,1626179,22300593,"JAN 20, 2024",CHA vs. PHI,L,36,9,18,0.5,0,5,0.0,1,5,0.2,0,9,9,6,1,0,3,2,19,-10,1,
22023,1626179,22300584,"JAN 19, 2024",CHA vs. SAS,W,34,7,18,0.389,1,7,0.143,2,2,1.0,1,5,6,8,1,0,3,0,17,-2,1,
22023,1626179,22300575,"JAN 17, 2024",CHA @ NOP,L,32,9,15,0.6,7,11,0.636,0,0,0.0,1,1,2,4,1,1,1,1,25,-9,1,
22023,1626179,22300551,"JAN 14, 2024",CHA @ MIA,L,35,8,23,0.348,4,11,0.364,6,6,1.0,2,3,5,7,0,0,1,2,26,-18,1,
22023,1626179,22300541,"JAN 12, 2024",CHA @ SAS,L,28,6,14,0.429,3,9,0.333,1,2,0.5,0,2,2,2,2,1,1,2,16,-32,1,
22023,1626179,22300518,"JAN 10, 2024",CHA vs. SAC,L,32,6,14,0.429,3,6,0.5,7,8,0.875,0,4,4,2,1,1,0,1,22,-31,1,
22023,1626179,22300506,"JAN 08, 2024",CHA vs. CHI,L,44,10,18,0.556,7,13,0.538,12,12,1.0,0,3,3,8,0,0,0,2,39,-9,1,
22023,1626179,22300484,"JAN 05, 2024",CHA @ CHI,L,36,5,17,0.294,1,7,0.143,4,4,1.0,1,3,4,7,1,0,3,2,15,-10,1,
22023,1626179,22300464,"JAN 02, 2024",CHA @ SAC,W,36,13,24,0.542,3,11,0.273,5,6,0.833,0,3,3,6,1,2,2,3,34,-1,1,
22023,1626179,22300436,"DEC 29, 2023",CHA @ PHX,L,39,14,22,0.636,8,12,0.667,6,6,1.0,1,3,4,8,1,0,0,0,42,-1,1,
22023,1626179,22300428,"DEC 28, 2023",CHA @ LAL,L,32,5,14,0.357,1,3,0.333,7,9,0.778,0,6,6,8,1,0,4,0,18,-32,1,
22023,1626179,22300414,"DEC 26, 2023",CHA @ LAC,L,39,8,23,0.348,1,8,0.125,1,3,0.333,0,4,4,7,1,0,4,2,18,0,1,
22023,1626179,22300365,"DEC 20, 2023",CHA @ IND,L,35,10,26,0.385,2,10,0.2,3,3,1.0,2,7,9,7,1,0,1,0,25,-21,1,
22023,1626179,22300354,"DEC 18, 2023",CHA @ TOR,L,32,9,20,0.45,2,8,0.25,2,2,1.0,1,2,3,7,3,1,3,4,22,-3,1,
22023,1626179,22300335,"DEC 16, 2023",CHA vs. PHI,L,20,3,10,0.3,0,5,0.0,0,0,0.0,1,1,2,2,0,0,2,2,6,-38,1,
22023,1626179,22300326,"DEC 15, 2023",CHA vs. NOP,L,39,11,25,0.44,4,11,0.364,4,4,1.0,0,4,4,6,3,0,2,0,30,-10,1,
22023,1626179,22300312,"DEC 13, 2023",CHA @ MIA,L,37,10,14,0.714,5,6,0.833,3,3,1.0,0,3,3,7,4,1,1,2,28,-15,1,
22023,1626179,22300292,"DEC 11, 2023",CHA vs. MIA,L,39,10,17,0.588,8,13,0.615,6,7,0.857,1,1,2,13,0,0,3,4,34,4,1,
22023,1626179,22301216,"DEC 08, 2023",CHA vs. TOR,W,40,7,15,0.467,2,5,0.4,5,5,1.0,0,2,2,13,0,0,2,5,21,5,1,
22023,1626179,22301211,"DEC 06, 2023",CHA @ CHI,L,40,10,24,0.417,1,11,0.091,4,4,1.0,1,4,5,7,1,2,2,4,25,-11,1,
22023,1626179,22300281,"DEC 02, 2023",CHA vs. MIN,L,35,8,20,0.4,3,7,0.429,4,5,0.8,1,5,6,7,2,0,1,4,23,-6,1,
22023,1626179,22300266,"NOV 30, 2023",CHA @ BKN,W,40,13,25,0.52,7,9,0.778,4,4,1.0,0,4,4,13,2,0,3,1,37,2,1,
22023,1626179,22300057,"NOV 28, 2023",CHA @ NYK,L,33,5,16,0.313,0,3,0.0,1,1,1.0,0,2,2,5,1,0,3,0,11,-10,1,
22023,1626179,22300248,"NOV 26, 2023",CHA @ ORL,L,37,9,15,0.6,2,4,0.5,2,4,0.5,0,1,1,9,1,1,5,4,22,-10,1,
22023,1626179,22300133,"NOV 04, 2023",CHA @ IND,W,31,7,14,0.5,3,5,0.6,5,5,1.0,0,6,6,3,0,1,0,0,22,0,1,
22023,1626179,22300122,"NOV 01, 2023",CHA @ HOU,L,38,10,21,0.476,1,6,0.167,0,0,0.0,2,1,3,6,1,0,4,0,21,-1,1,
22023,1626179,22300101,"OCT 30, 2023",CHA vs. BKN,L,41,10,19,0.526,2,6,0.333,1,1,1.0,0,3,3,9,1,1,2,2,23,-13,1,
22023,1626179,22300077,"OCT 27, 2023",CHA vs. DET,L,35,8,20,0.4,0,7,0.0,4,4,1.0,1,2,3,1,1,0,2,0,20,-11,1,
22023,1626179,22300063,"OCT 25, 2023",CHA vs. ATL,W,34,7,16,0.438,2,7,0.286,8,12,0.667,1,4,5,6,0,0,3,2,24,14,1,
22023,1626181,22300789,"FEB 14, 2024",LAC @ GSW,W,31,8,13,0.615,5,7,0.714,0,0,0.0,0,2,2,0,0,0,1,2,21,9,2,
22023,1626181,22300770,"FEB 12, 2024",LAC vs. MIN,L,17,2,7,0.286,1,2,0.5,1,2,0.5,0,2,2,0,0,0,1,1,6,-22,1,
22023,1626181,22300749,"FEB 10, 2024",LAC vs. DET,W,23,1,3,0.333,0,0,0.0,0,0,0.0,0,3,3,0,1,1,0,2,2,10,1,
22023,1626181,22300731,"FEB 07, 2024",LAC vs. NOP,L,26,7,14,0.5,2,7,0.286,2,2,1.0,0,1,1,0,1,0,1,0,18,-12,1,
22023,1626181,22300716,"FEB 05, 2024",LAC @ ATL,W,18,4,8,0.5,3,5,0.6,2,3,0.667,0,0,0,0,0,0,1,2,13,-9,1,
22023,1626181,22300708,"FEB 04, 2024",LAC @ MIA,W,28,6,12,0.5,2,7,0.286,2,2,1.0,0,1,1,1,0,0,0,1,16,9,1,
22023,1626181,22300688,"FEB 02, 2024",LAC @ DET,W,25,6,11,0.545,3,6,0.5,0,0,0.0,1,4,5,2,0,0,0,5,15,19,1,
22023,1626181,22300676,"JAN 31, 2024",LAC @ WAS,W,27,5,10,0.5,3,5,0.6,1,2,0.5,1,6,7,3,0,0,2,1,14,14,1,
22023,1626181,22300658,"JAN 29, 2024",LAC @ CLE,L,28,6,13,0.462,4,7,0.571,2,4,0.5,0,3,3,2,0,0,0,2,18,-6,1,
22023,1626181,22300646,"JAN 27, 2024",LAC @ BOS,W,17,2,7,0.286,0,2,0.0,0,0,0.0,0,4,4,2,1,0,0,2,4,10,1,
22023,1626181,22300637,"JAN 26, 2024",LAC @ TOR,W,26,6,13,0.462,2,7,0.286,3,4,0.75,0,4,4,0,1,0,2,2,17,-2,1,
22023,1626181,22300618,"JAN 23, 2024",LAC vs. LAL,W,27,8,14,0.571,1,4,0.25,0,0,0.0,0,5,5,2,0,2,1,0,17,10,1,
22023,1626181,22300600,"JAN 21, 2024",LAC vs. BKN,W,24,4,7,0.571,2,3,0.667,2,3,0.667,0,5,5,0,0,0,0,2,12,16,1,
22023,1626181,22300568,"JAN 16, 2024",LAC vs. OKC,W,19,2,10,0.2,2,7,0.286,2,4,0.5,0,0,0,1,1,0,0,3,8,-5,1,
22023,1626181,22300553,"JAN 14, 2024",LAC @ MIN,L,30,9,12,0.75,6,9,0.667,0,0,0.0,0,1,1,0,0,2,1,1,24,11,1,
22023,1626181,22300537,"JAN 12, 2024",LAC @ MEM,W,24,5,8,0.625,0,2,0.0,1,1,1.0,0,5,5,0,0,0,1,2,11,11,1,
22023,1626181,22300526,"JAN 10, 2024",LAC vs. TOR,W,27,4,11,0.364,3,8,0.375,2,2,1.0,0,3,3,1,0,0,0,1,13,2,1,
22023,1626181,22300511,"JAN 08, 2024",LAC vs. PHX,W,25,4,6,0.667,2,3,0.667,4,4,1.0,1,4,5,1,0,0,1,1,14,20,1,
22023,1626181,22300505,"JAN 07, 2024",LAC @ LAL,L,25,3,12,0.25,2,5,0.4,6,6,1.0,0,0,0,0,2,0,0,1,14,-1,1,
22023,1626181,22300486,"JAN 05, 2024",LAC @ NOP,W,25,5,13,0.385,3,6,0.5,0,0,0.0,0,3,3,2,1,0,0,1,13,36,1,
22023,1626181,22300473,"JAN 03, 2024",LAC @ PHX,W,26,5,8,0.625,3,5,0.6,0,0,0.0,0,2,2,1,0,0,3,1,13,-6,1,
22023,1626181,22300458,"JAN 01, 2024",LAC vs. MIA,W,33,9,11,0.818,4,5,0.8,0,0,0.0,0,2,2,2,2,0,1,4,22,13,1,
22023,1626181,22300438,"DEC 29, 2023",LAC vs. MEM,W,25,5,12,0.417,1,4,0.25,2,2,1.0,0,6,6,1,0,0,1,2,13,-7,1,
22023,1626181,22300414,"DEC 26, 2023",LAC vs. CHA,W,28,2,7,0.286,1,5,0.2,2,2,1.0,0,3,3,0,0,0,0,1,7,5,1,
22023,1626181,22300389,"DEC 23, 2023",LAC vs. BOS,L,25,3,9,0.333,1,3,0.333,0,0,0.0,0,0,0,0,0,0,1,5,7,-10,1,
22023,1626181,22300379,"DEC 21, 2023",LAC @ OKC,L,23,6,11,0.545,4,8,0.5,0,0,0.0,1,3,4,1,0,1,1,0,16,-2,1,
22023,1626181,22300372,"DEC 20, 2023",LAC @ DAL,W,31,7,10,0.7,3,6,0.5,4,4,1.0,0,3,3,2,1,0,1,2,21,16,1,
22023,1626181,22300350,"DEC 18, 2023",LAC @ IND,W,30,6,11,0.545,4,6,0.667,3,3,1.0,0,3,3,0,0,0,0,1,19,23,1,
22023,1626181,22300343,"DEC 16, 2023",LAC vs. NYK,W,24,6,10,0.6,1,2,0.5,3,3,1.0,0,2,2,0,0,1,1,1,16,9,1,
22023,1626181,22300325,"DEC 14, 2023",LAC vs. GSW,W,36,9,13,0.692,1,4,0.25,2,2,1.0,0,5,5,2,1,0,1,3,21,20,1,
22023,1626181,22300309,"DEC 12, 2023",LAC vs. SAC,W,27,5,11,0.455,2,4,0.5,3,3,1.0,0,1,1,2,0,0,1,1,15,26,1,
22023,1626181,22300304,"DEC 11, 2023",LAC vs. POR,W,25,6,9,0.667,2,4,0.5,2,2,1.0,0,3,3,1,1,2,0,4,16,3,1,
22023,1626181,22301225,"DEC 08, 2023",LAC @ UTA,W,28,4,11,0.364,2,8,0.25,0,0,0.0,0,1,1,1,0,0,1,0,10,2,1,
22023,1626181,22301215,"DEC 06, 2023",LAC vs. DEN,W,32,5,12,0.417,1,3,0.333,6,6,1.0,0,5,5,2,1,0,1,0,17,24,1,
22023,1626181,22300280,"DEC 02, 2023",LAC vs. GSW,W,30,5,12,0.417,2,5,0.4,0,0,0.0,1,0,1,0,0,0,2,1,12,14,1,
22023,1626181,22300273,"NOV 30, 2023",LAC @ GSW,L,18,1,2,0.5,0,0,0.0,3,3,1.0,0,0,0,0,1,0,2,1,5,-13,1,
22023,1626181,22300264,"NOV 29, 2023",LAC @ SAC,W,13,1,6,0.167,1,2,0.5,0,0,0.0,0,1,1,0,0,0,0,1,3,0,1,
22023,1626181,22300257,"NOV 27, 2023",LAC vs. DEN,L,21,2,8,0.25,1,5,0.2,5,5,1.0,1,1,2,1,1,1,0,3,10,-10,1,
22023,1626181,22300244,"NOV 25, 2023",LAC vs. DAL,W,25,4,4,1.0,3,3,1.0,4,4,1.0,0,3,3,1,0,0,1,2,15,2,1,
22023,1626181,22300052,"NOV 24, 2023",LAC vs. NOP,L,28,8,14,0.571,3,5,0.6,1,1,1.0,0,1,1,0,3,0,0,1,20,-2,1,
22023,1626181,22300235,"NOV 22, 2023",LAC @ SAS,W,14,2,4,0.5,1,1,1.0,0,1,0.0,0,1,1,0,0,1,2,1,5,1,1,
22023,1626181,22300223,"NOV 20, 2023",LAC @ SAS,W,30,5,12,0.417,2,6,0.333,7,7,1.0,0,5,5,0,2,1,1,0,19,18,1,
22023,1626181,22300037,"NOV 17, 2023",LAC vs. HOU,W,30,3,11,0.273,2,5,0.4,2,2,1.0,1,2,3,3,1,1,0,2,10,-6,1,
22023,1626181,22300024,"NOV 14, 2023",LAC @ DEN,L,26,4,7,0.571,2,3,0.667,4,5,0.8,0,1,1,1,0,0,0,5,14,5,1,
22023,1626181,22300179,"NOV 12, 2023",LAC vs. MEM,L,31,7,13,0.538,4,7,0.571,2,6,0.333,0,2,2,3,0,0,0,5,20,8,1,
22023,1626181,22300014,"NOV 10, 2023",LAC @ DAL,L,11,0,1,0.0,0,0,0.0,0,0,0.0,0,0,0,0,0,0,2,1,0,-35,1,
22023,1626181,22300160,"NOV 08, 2023",LAC @ BKN,L,22,4,8,0.5,2,5,0.4,0,0,0.0,0,1,1,1,2,2,1,2,10,-6,1,
22023,1626181,22300151,"NOV 06, 2023",LAC @ NYK,L,22,5,7,0.714,4,6,0.667,0,0,0.0,0,1,1,0,0,1,3,1,14,-6,1,
22023,1626181,22300127,"NOV 01, 2023",LAC @ LAL,L,35,6,14,0.429,0,4,0.0,0,0,0.0,0,2,2,3,0,1,0,6,12,-14,1,
22023,1626181,22300114,"OCT 31, 2023",LAC vs. ORL,W,29,5,8,0.625,2,5,0.4,5,7,0.714,0,3,3,3,0,0,3,4,17,-2,1,
22023,1626181,22300099,"OCT 29, 2023",LAC vs. SAS,W,19,5,11,0.455,2,5,0.4,1,2,0.5,1,2,3,1,2,1,0,1,13,8,1,
22023,1626181,22300085,"OCT 27, 2023",LAC @ UTA,L,25,7,10,0.7,2,4,0.5,4,4,1.0,0,3,3,1,1,0,1,2,20,3,1,
22023,1626181,22300074,"OCT 25, 2023",LAC vs. POR,W,23,2,6,0.333,2,5,0.4,2,2,1.0,0,3,3,1,0,0,2,0,8,-4,1,
22023,1626192,22300790,"FEB 15, 2024",MIL @ MEM,L,24,1,3,0.333,0,1,0.0,0,0,0.0,2,3,5,0,2,1,2,1,2,2,1,
22023,1626192,22300773,"FEB 13, 2024",MIL vs. MIA,L,24,0,2,0.0,0,1,0.0,0,0,0.0,0,6,6,3,1,0,1,3,0,-18,1,
22023,1626192,22300767,"FEB 12, 2024",MIL vs. DEN,W,22,2,2,1.0,1,1,1.0,0,0,0.0,0,5,5,5,1,1,0,0,5,19,1,
22023,1626192,22300745,"FEB 09, 2024",MIL vs. CHA,W,16,2,3,0.667,1,2,0.5,0,0,0.0,2,4,6,1,0,0,1,0,5,9,1,
22023,1626192,22300738,"FEB 08, 2024",MIL vs. MIN,L,37,4,6,0.667,1,2,0.5,0,0,0.0,1,1,2,9,0,1,4,2,9,-12,1,
22023,1626192,22300725,"FEB 06, 2024",MIL @ PHX,L,32,4,6,0.667,3,5,0.6,1,2,0.5,0,6,6,6,0,0,0,4,12,-15,1,
22023,1626192,22300711,"FEB 04, 2024",MIL @ UTA,L,18,0,0,0.0,0,0,0.0,1,4,0.25,1,3,4,1,2,0,1,1,1,11,1,
22023,1626192,22300702,"FEB 03, 2024",MIL @ DAL,W,18,1,6,0.167,0,3,0.0,0,0,0.0,0,3,3,1,1,0,0,1,2,-10,1,
22023,1626192,22300683,"JAN 31, 2024",MIL @ POR,L,14,0,0,0.0,0,0,0.0,0,0,0.0,0,1,1,0,1,0,1,2,0,-10,1,
22023,1626192,22300667,"JAN 29, 2024",MIL @ DEN,L,16,1,2,0.5,1,2,0.5,4,4,1.0,0,1,1,3,0,1,1,0,7,-11,1,
22023,1626192,22300648,"JAN 27, 2024",MIL vs. NOP,W,20,2,4,0.5,1,3,0.333,0,0,0.0,2,1,3,4,1,0,1,1,5,10,1,
22023,1626192,22300639,"JAN 26, 2024",MIL vs. CLE,L,14,2,3,0.667,2,3,0.667,0,0,0.0,0,0,0,0,0,0,0,2,6,5,1,
22023,1626192,22300624,"JAN 24, 2024",MIL vs. CLE,W,17,2,4,0.5,2,3,0.667,0,0,0.0,0,1,1,0,2,0,0,1,6,-4,1,
22023,1626192,22300606,"JAN 22, 2024",MIL @ DET,W,9,1,2,0.5,0,1,0.0,0,0,0.0,0,1,1,0,0,0,0,2,2,-9,1,
22023,1626192,22300592,"JAN 20, 2024",MIL @ DET,W,14,4,5,0.8,2,3,0.667,0,0,0.0,0,4,4,1,0,0,1,1,10,-18,1,
22023,1626192,22300572,"JAN 17, 2024",MIL @ CLE,L,14,3,4,0.75,2,3,0.667,0,0,0.0,0,1,1,1,0,1,0,0,8,-3,1,
22023,1626192,22300552,"JAN 14, 2024",MIL vs. SAC,W,33,1,3,0.333,1,3,0.333,2,2,1.0,0,3,3,2,0,0,0,3,5,5,1,
22023,1626192,22300545,"JAN 13, 2024",MIL vs. GSW,W,22,1,4,0.25,1,3,0.333,0,0,0.0,0,2,2,2,1,1,0,1,3,7,1,
22023,1626192,22300528,"JAN 11, 2024",MIL vs. BOS,W,21,1,1,1.0,0,0,0.0,0,0,0.0,1,0,1,3,0,0,0,3,2,20,1,
22023,1626192,22300510,"JAN 08, 2024",MIL vs. UTA,L,22,2,3,0.667,2,3,0.667,0,0,0.0,0,2,2,1,0,0,0,3,6,-12,1,
22023,1626192,22300496,"JAN 06, 2024",MIL @ HOU,L,19,3,5,0.6,3,5,0.6,0,0,0.0,0,1,1,1,0,0,0,0,9,-13,1,
22023,1626192,22300477,"JAN 04, 2024",MIL @ SAS,W,28,2,4,0.5,2,4,0.5,1,2,0.5,1,5,6,0,1,0,3,0,7,3,1,
22023,1626192,22300466,"JAN 03, 2024",MIL @ IND,L,14,1,3,0.333,1,2,0.5,0,0,0.0,1,1,2,1,0,0,0,3,3,-4,1,
22023,1626192,22300454,"JAN 01, 2024",MIL vs. IND,L,24,1,3,0.333,1,3,0.333,0,0,0.0,0,2,2,2,1,1,0,1,3,-22,1,
22023,1626192,22300433,"DEC 29, 2023",MIL @ CLE,W,23,1,3,0.333,1,3,0.333,0,0,0.0,0,1,1,3,0,0,1,0,3,6,1,
22023,1626192,22300417,"DEC 27, 2023",MIL @ BKN,W,18,1,3,0.333,1,3,0.333,0,0,0.0,1,0,1,1,0,0,0,0,3,14,1,
22023,1626192,22300401,"DEC 25, 2023",MIL @ NYK,L,24,1,4,0.25,1,4,0.25,0,0,0.0,4,3,7,1,1,0,0,3,3,-13,1,
22023,1626192,22300388,"DEC 23, 2023",MIL @ NYK,W,22,3,6,0.5,2,5,0.4,0,0,0.0,0,8,8,0,0,0,0,0,8,7,1,
22023,1626192,22300378,"DEC 21, 2023",MIL vs. ORL,W,21,3,6,0.5,0,3,0.0,2,2,1.0,2,6,8,2,0,0,0,4,8,-6,1,
22023,1626192,22300361,"DEC 19, 2023",MIL vs. SAS,W,18,1,8,0.125,1,6,0.167,0,0,0.0,0,3,3,2,1,0,0,2,3,5,1,
22023,1626192,22300346,"DEC 17, 2023",MIL vs. HOU,W,17,2,4,0.5,1,3,0.333,0,0,0.0,1,1,2,4,1,0,1,0,5,12,1,
22023,1626192,22300334,"DEC 16, 2023",MIL vs. DET,W,12,2,2,1.0,1,1,1.0,1,1,1.0,1,3,4,2,0,1,0,1,6,28,1,
22023,1626192,22300056,"NOV 28, 2023",MIL @ MIA,W,15,3,5,0.6,1,3,0.333,0,0,0.0,0,1,1,1,0,0,0,0,7,-8,1,
22023,1626192,22300245,"NOV 26, 2023",MIL vs. POR,W,20,2,4,0.5,1,2,0.5,0,0,0.0,2,2,4,1,1,0,2,1,5,4,1,
22023,1626192,22300049,"NOV 24, 2023",MIL vs. WAS,W,27,1,5,0.2,0,3,0.0,0,2,0.0,0,4,4,1,1,0,1,1,2,2,1,
22023,1626192,22300228,"NOV 22, 2023",MIL @ BOS,L,20,1,2,0.5,1,2,0.5,0,0,0.0,0,3,3,0,0,1,1,0,3,-9,1,
22023,1626192,22300219,"NOV 20, 2023",MIL @ WAS,W,26,1,2,0.5,1,2,0.5,0,0,0.0,1,3,4,4,0,0,0,1,3,-4,1,
22023,1626192,22300205,"NOV 18, 2023",MIL vs. DAL,W,35,6,12,0.5,4,9,0.444,0,0,0.0,2,3,5,3,2,0,2,1,16,22,1,
22023,1626192,22300027,"NOV 17, 2023",MIL @ CHA,W,31,4,9,0.444,3,6,0.5,0,0,0.0,1,6,7,3,0,0,1,0,11,2,1,
22023,1626192,22300195,"NOV 15, 2023",MIL @ TOR,W,22,1,3,0.333,1,3,0.333,0,0,0.0,1,6,7,0,0,0,1,2,3,10,1,
22023,1626192,22300190,"NOV 13, 2023",MIL vs. CHI,W,29,1,3,0.333,1,3,0.333,3,3,1.0,1,7,8,5,1,0,0,4,6,9,1,
22023,1626192,22300173,"NOV 11, 2023",MIL @ ORL,L,16,1,3,0.333,0,1,0.0,1,2,0.5,0,3,3,1,0,0,0,2,3,-11,1,
22023,1626192,22300171,"NOV 09, 2023",MIL @ IND,L,25,3,6,0.5,1,3,0.333,1,1,1.0,0,2,2,4,1,0,0,0,8,17,1,
22023,1626192,22300165,"NOV 08, 2023",MIL vs. DET,W,19,1,3,0.333,0,1,0.0,0,0,0.0,0,0,0,1,0,0,1,0,2,-4,1,
22023,1626192,22300149,"NOV 06, 2023",MIL @ BKN,W,19,4,7,0.571,2,5,0.4,0,0,0.0,1,0,1,3,0,0,1,1,10,-1,1,
22023,1626192,22300002,"NOV 03, 2023",MIL vs. NYK,W,24,1,4,0.25,0,2,0.0,0,0,0.0,2,0,2,2,1,0,1,2,2,-4,1,
22023,1626192,22300116,"NOV 01, 2023",MIL @ TOR,L,23,1,2,0.5,0,1,0.0,1,2,0.5,0,2,2,1,0,0,1,1,3,-10,1,
22023,1626192,22300107,"OCT 30, 2023",MIL vs. MIA,W,23,3,5,0.6,2,3,0.667,0,0,0.0,0,5,5,2,0,1,1,2,8,5,1,
22023,1626192,22300097,"OCT 29, 2023",MIL vs. ATL,L,23,2,9,0.222,1,6,0.167,0,0,0.0,1,2,3,2,2,0,1,1,5,-15,1,
22023,1626192,22300075,"OCT 26, 2023",MIL vs. PHI,W,20,2,6,0.333,1,4,0.25,2,2,1.0,0,2,2,2,0,1,0,0,7,-5,1,
22023,1626196,22300759,"FEB 11, 2024",MIA vs. BOS,L,7,1,3,0.333,0,2,0.0,0,0,0.0,0,0,0,2,0,0,0,0,2,-6,1,
22023,1626196,22300730,"FEB 07, 2024",MIA vs. SAS,W,26,2,6,0.333,1,4,0.25,4,4,1.0,0,4,4,0,0,0,0,2,9,-3,1,
22023,1626196,22300721,"FEB 06, 2024",MIA vs. ORL,W,27,5,7,0.714,3,3,1.0,0,0,0.0,2,3,5,1,2,0,0,4,13,16,1,
22023,1626196,22300708,"FEB 04, 2024",MIA vs. LAC,L,33,6,13,0.462,2,8,0.25,0,0,0.0,0,3,3,4,0,0,0,2,14,-8,1,
22023,1626196,22300689,"FEB 02, 2024",MIA @ WAS,W,25,3,8,0.375,1,6,0.167,0,0,0.0,0,4,4,2,0,0,1,2,7,-6,1,
22023,1626196,22300678,"JAN 31, 2024",MIA vs. SAC,W,27,9,15,0.6,6,10,0.6,0,0,0.0,0,5,5,3,0,1,0,2,24,5,1,
22023,1626196,22300661,"JAN 29, 2024",MIA vs. PHX,L,24,4,8,0.5,2,4,0.5,2,2,1.0,1,3,4,2,2,0,1,1,12,7,1,
22023,1626196,22300630,"JAN 25, 2024",MIA vs. BOS,L,24,4,9,0.444,0,4,0.0,0,0,0.0,1,1,2,3,1,0,0,1,8,-8,1,
22023,1626196,22300621,"JAN 24, 2024",MIA vs. MEM,L,18,4,7,0.571,1,4,0.25,0,0,0.0,0,3,3,2,0,1,1,2,9,6,1,
22023,1626196,22300601,"JAN 21, 2024",MIA @ ORL,L,9,1,4,0.25,1,3,0.333,0,0,0.0,0,2,2,0,0,0,1,1,3,-2,1,
22023,1626196,22300587,"JAN 19, 2024",MIA vs. ATL,L,21,2,5,0.4,2,4,0.5,3,3,1.0,0,3,3,0,0,1,0,1,9,-9,1,
22023,1626196,22300574,"JAN 17, 2024",MIA @ TOR,L,23,2,7,0.286,1,4,0.25,0,0,0.0,0,1,1,0,1,2,1,3,5,-24,1,
22023,1626196,22300562,"JAN 15, 2024",MIA @ BKN,W,28,3,13,0.231,2,6,0.333,1,1,1.0,1,4,5,1,0,1,1,2,9,-11,1,
22023,1626196,22300551,"JAN 14, 2024",MIA vs. CHA,W,20,4,8,0.5,2,3,0.667,1,1,1.0,1,1,2,0,0,0,1,1,11,5,1,
22023,1626196,22300535,"JAN 12, 2024",MIA vs. ORL,W,25,4,6,0.667,0,1,0.0,1,1,1.0,0,1,1,2,1,0,2,2,9,-5,1,
22023,1626196,22300522,"JAN 10, 2024",MIA vs. OKC,L,21,3,7,0.429,2,5,0.4,0,0,0.0,0,1,1,2,1,0,2,2,8,-19,1,
22023,1626196,22300509,"JAN 08, 2024",MIA vs. HOU,W,29,4,6,0.667,2,3,0.667,2,2,1.0,0,2,2,2,0,1,0,2,12,1,1,
22023,1626196,22300489,"JAN 05, 2024",MIA @ PHX,L,29,2,9,0.222,1,6,0.167,5,5,1.0,1,7,8,7,2,0,0,3,10,-4,1,
22023,1626196,22300475,"JAN 03, 2024",MIA @ LAL,W,21,4,7,0.571,2,3,0.667,0,0,0.0,0,1,1,1,0,1,0,3,10,9,1,
22023,1626196,22300384,"DEC 22, 2023",MIA vs. ATL,W,29,1,5,0.2,0,4,0.0,1,1,1.0,0,3,3,1,1,0,1,0,3,0,1,
22023,1626196,22300366,"DEC 20, 2023",MIA @ ORL,W,34,4,12,0.333,4,8,0.5,0,0,0.0,0,2,2,4,1,1,0,1,12,7,1,
22023,1626196,22300353,"DEC 18, 2023",MIA vs. MIN,L,26,4,6,0.667,2,4,0.5,3,3,1.0,0,4,4,3,0,0,1,2,13,-7,1,
22023,1626196,22300337,"DEC 16, 2023",MIA vs. CHI,W,20,3,7,0.429,2,5,0.4,0,0,0.0,1,1,2,2,0,0,1,1,8,-12,1,
22023,1626196,22300292,"DEC 11, 2023",MIA @ CHA,W,25,0,7,0.0,0,4,0.0,2,2,1.0,0,4,4,4,1,0,0,0,2,-11,1,
22023,1626196,22301220,"DEC 08, 2023",MIA vs. CLE,L,31,6,11,0.545,5,7,0.714,0,0,0.0,0,1,1,2,1,0,1,3,17,7,1,
22023,1626196,22301207,"DEC 06, 2023",MIA @ TOR,W,30,2,6,0.333,1,4,0.25,2,2,1.0,1,3,4,2,0,0,1,3,7,-7,1,
22023,1626196,22300284,"DEC 02, 2023",MIA vs. IND,L,24,6,9,0.667,2,4,0.5,2,2,1.0,0,2,2,3,0,1,2,1,16,-11,1,
22023,1626196,22300267,"NOV 30, 2023",MIA vs. IND,W,32,8,11,0.727,0,2,0.0,3,4,0.75,1,3,4,3,0,0,2,3,19,22,1,
22023,1626196,22300056,"NOV 28, 2023",MIA vs. MIL,L,37,7,13,0.538,3,7,0.429,3,4,0.75,1,2,3,7,0,0,0,2,20,-10,1,
22023,1626196,22300240,"NOV 25, 2023",MIA @ BKN,L,37,4,11,0.364,0,5,0.0,3,3,1.0,2,3,5,5,0,1,2,1,11,-16,1,
22023,1626196,22300045,"NOV 24, 2023",MIA @ NYK,L,34,5,10,0.5,2,4,0.5,3,3,1.0,1,1,2,2,2,0,2,3,15,-7,1,
22023,1626196,22300229,"NOV 22, 2023",MIA @ CLE,W,27,5,9,0.556,2,4,0.5,2,2,1.0,1,0,1,5,2,0,0,0,14,13,1,
22023,1626196,22300220,"NOV 20, 2023",MIA @ CHI,W,30,4,12,0.333,2,6,0.333,0,0,0.0,2,2,4,1,0,1,3,2,10,11,1,
22023,1626196,22300204,"NOV 18, 2023",MIA @ CHI,L,26,3,6,0.5,1,4,0.25,0,0,0.0,0,1,1,2,1,0,0,0,7,-25,1,
22023,1626196,22300200,"NOV 16, 2023",MIA vs. BKN,W,26,3,7,0.429,1,5,0.2,1,1,1.0,0,2,2,3,2,0,0,2,8,5,1,
22023,1626196,22300017,"NOV 14, 2023",MIA @ CHA,W,33,2,10,0.2,0,6,0.0,2,2,1.0,1,4,5,6,1,1,1,2,6,11,1,
22023,1626196,22300184,"NOV 12, 2023",MIA @ SAS,W,26,4,7,0.571,2,4,0.5,2,2,1.0,0,3,3,4,1,0,0,2,12,1,1,
22023,1626196,22300175,"NOV 11, 2023",MIA @ ATL,W,23,6,7,0.857,3,4,0.75,1,1,1.0,0,2,2,0,0,0,1,0,16,15,1,
22023,1626196,22300164,"NOV 08, 2023",MIA @ MEM,W,17,1,9,0.111,0,5,0.0,0,0,0.0,0,0,0,2,0,1,4,1,2,-19,1,
22023,1626196,22300150,"NOV 06, 2023",MIA vs. LAL,W,21,1,2,0.5,1,2,0.5,0,0,0.0,0,2,2,0,0,0,1,4,3,-6,1,
22023,1626196,22300003,"NOV 03, 2023",MIA vs. WAS,W,26,4,6,0.667,1,2,0.5,1,1,1.0,0,3,3,5,0,0,2,2,10,-2,1,
22023,1626196,22300119,"NOV 01, 2023",MIA vs. BKN,L,30,1,9,0.111,1,5,0.2,1,2,0.5,0,3,3,3,1,0,0,2,4,-13,1,
22023,1626196,22300107,"OCT 30, 2023",MIA @ MIL,L,23,3,7,0.429,0,2,0.0,0,0,0.0,0,3,3,2,0,0,0,3,6,4,1,
22023,1626204,22300784,"FEB 14, 2024",NOP vs. WAS,W,19,1,2,0.5,1,2,0.5,1,2,0.5,3,3,6,3,3,1,2,1,4,-4,1,
22023,1626204,22300766,"FEB 12, 2024",NOP @ MEM,W,30,3,4,0.75,1,2,0.5,1,2,0.5,2,7,9,3,1,0,1,3,8,28,1,
22023,1626204,22300758,"FEB 10, 2024",NOP @ POR,W,19,1,2,0.5,0,0,0.0,0,0,0.0,0,2,2,1,0,0,0,0,2,2,1,
22023,1626204,22300747,"FEB 09, 2024",NOP @ LAL,L,19,2,4,0.5,0,1,0.0,0,2,0.0,2,4,6,6,0,0,2,2,4,-18,1,
22023,1626204,22300731,"FEB 07, 2024",NOP @ LAC,W,27,1,1,1.0,0,0,0.0,0,0,0.0,1,2,3,3,4,0,0,3,2,13,1,
22023,1626204,22300718,"FEB 05, 2024",NOP vs. TOR,W,20,2,4,0.5,0,0,0.0,0,0,0.0,1,5,6,1,0,0,0,4,4,27,1,
22023,1626204,22300679,"JAN 31, 2024",NOP @ HOU,W,15,0,3,0.0,0,2,0.0,0,0,0.0,1,4,5,3,1,0,0,3,0,-2,1,
22023,1626204,22300659,"JAN 29, 2024",NOP @ BOS,L,20,1,3,0.333,1,2,0.5,0,0,0.0,1,2,3,1,0,1,0,0,3,-12,1,
22023,1626204,22300648,"JAN 27, 2024",NOP @ MIL,L,18,3,6,0.5,2,3,0.667,2,2,1.0,2,3,5,0,0,0,0,2,10,-21,1,
22023,1626204,22300640,"JAN 26, 2024",NOP vs. OKC,L,22,2,3,0.667,0,0,0.0,0,0,0.0,1,4,5,3,1,1,0,1,4,-10,1,
22023,1626204,22300616,"JAN 23, 2024",NOP vs. UTA,W,20,5,6,0.833,1,2,0.5,1,1,1.0,0,8,8,3,1,1,1,2,12,6,1,
22023,1626204,22300588,"JAN 19, 2024",NOP vs. PHX,L,18,1,2,0.5,1,2,0.5,0,0,0.0,0,5,5,1,0,0,0,1,3,-4,1,
22023,1626204,22300575,"JAN 17, 2024",NOP vs. CHA,W,19,3,3,1.0,1,1,1.0,0,0,0.0,2,4,6,2,0,1,0,1,7,21,1,
22023,1626204,22300556,"JAN 15, 2024",NOP @ DAL,L,26,5,11,0.455,1,4,0.25,3,3,1.0,1,7,8,2,3,0,1,1,14,16,1,
22023,1626204,22300547,"JAN 13, 2024",NOP @ DAL,W,20,4,4,1.0,0,0,0.0,6,6,1.0,1,1,2,3,2,0,0,0,14,14,1,
22023,1626204,22300539,"JAN 12, 2024",NOP @ DEN,L,20,5,6,0.833,3,4,0.75,0,0,0.0,0,2,2,1,2,1,1,1,13,-9,1,
22023,1626204,22300525,"JAN 10, 2024",NOP @ GSW,W,19,1,1,1.0,1,1,1.0,3,4,0.75,1,4,5,1,2,1,1,0,6,17,1,
22023,1626204,22300500,"JAN 07, 2024",NOP @ SAC,W,14,1,4,0.25,0,0,0.0,0,0,0.0,2,5,7,4,0,1,2,1,2,23,1,
22023,1626204,22300486,"JAN 05, 2024",NOP vs. LAC,L,19,3,6,0.5,1,2,0.5,0,0,0.0,3,3,6,2,1,0,0,0,7,-21,1,
22023,1626204,22300471,"JAN 03, 2024",NOP @ MIN,W,22,4,6,0.667,0,0,0.0,0,0,0.0,3,6,9,2,1,1,0,1,8,-2,1,
22023,1626204,22300461,"JAN 02, 2024",NOP vs. BKN,W,20,2,4,0.5,1,2,0.5,1,2,0.5,2,6,8,0,2,0,1,2,6,10,1,
22023,1626204,22300446,"DEC 31, 2023",NOP vs. LAL,W,23,3,4,0.75,1,1,1.0,4,4,1.0,2,8,10,3,0,0,1,3,11,17,1,
22023,1626204,22300424,"DEC 28, 2023",NOP vs. UTA,W,25,4,6,0.667,1,2,0.5,0,0,0.0,1,6,7,0,5,1,2,0,9,16,1,
22023,1626204,22300256,"NOV 27, 2023",NOP @ UTA,L,9,1,1,1.0,0,0,0.0,1,2,0.5,2,2,4,2,0,0,1,1,3,-5,1,
22023,1626204,22300243,"NOV 25, 2023",NOP @ UTA,L,12,0,0,0.0,0,0,0.0,0,0,0.0,1,2,3,0,3,0,1,1,0,-2,1,
22023,1626204,22300052,"NOV 24, 2023",NOP @ LAC,W,20,2,4,0.5,0,1,0.0,0,0,0.0,1,2,3,0,0,3,1,1,4,-5,1,
22023,1626204,22300233,"NOV 22, 2023",NOP vs. SAC,W,12,2,4,0.5,0,1,0.0,0,0,0.0,1,3,4,0,1,0,1,2,4,-4,1,
22023,1626204,22300183,"NOV 12, 2023",NOP vs. DAL,L,7,0,2,0.0,0,1,0.0,0,0,0.0,1,2,3,0,0,0,1,1,0,-9,1,
22023,1626204,22300011,"NOV 10, 2023",NOP @ HOU,L,15,0,0,0.0,0,0,0.0,1,2,0.5,1,4,5,1,0,0,1,1,1,-8,1,
22023,1626204,22300166,"NOV 08, 2023",NOP @ MIN,L,18,3,7,0.429,0,1,0.0,0,0,0.0,2,1,3,0,2,0,1,1,6,-11,1,
22023,1626204,22300156,"NOV 06, 2023",NOP @ DEN,L,15,2,3,0.667,1,1,1.0,0,0,0.0,1,2,3,1,0,0,1,1,5,2,1,
22023,1626204,22300135,"NOV 04, 2023",NOP vs. ATL,L,15,2,5,0.4,0,2,0.0,2,2,1.0,1,2,3,1,0,0,0,1,6,6,1,
22023,1626204,22300129,"NOV 02, 2023",NOP vs. DET,W,15,2,6,0.333,0,2,0.0,0,0,0.0,1,0,1,1,0,0,0,2,4,-11,1,
22023,1626204,22300121,"NOV 01, 2023",NOP @ OKC,W,23,4,5,0.8,1,1,1.0,0,2,0.0,2,5,7,2,2,0,0,2,9,-1,1,
22023,1626204,22300108,"OCT 30, 2023",NOP vs. GSW,L,17,2,2,1.0,1,1,1.0,0,0,0.0,2,3,5,2,0,0,3,2,5,-6,1,
22023,1626204,22300090,"OCT 28, 2023",NOP vs. NYK,W,16,0,1,0.0,0,0,0.0,0,0,0.0,1,5,6,0,0,1,0,2,0,7,1,
22023,1626204,22300071,"OCT 25, 2023",NOP @ MEM,W,15,1,2,0.5,0,0,0.0,0,0,0.0,1,7,8,0,1,0,2,1,2,-4,1,
22023,1626220,22300787,"FEB 14, 2024",PHX vs. DET,W,24,3,6,0.5,3,6,0.5,0,0,0.0,0,7,7,3,2,0,1,1,9,37,1,
22023,1626220,22300774,"FEB 13, 2024",PHX vs. SAC,W,30,3,7,0.429,2,5,0.4,1,3,0.333,0,4,4,5,4,1,0,4,9,13,1,
22023,1626220,22300757,"FEB 10, 2024",PHX @ GSW,L,11,1,3,0.333,1,2,0.5,0,0,0.0,2,2,4,1,1,1,1,2,3,4,1,
22023,1626220,22300720,"FEB 06, 2024",BKN vs. DAL,L,32,6,16,0.375,4,11,0.364,2,2,1.0,1,5,6,2,0,0,2,1,18,-9,1,
22023,1626220,22300717,"FEB 05, 2024",BKN vs. GSW,L,27,5,12,0.417,5,12,0.417,0,0,0.0,1,2,3,1,1,0,1,4,15,-12,1,
22023,1626220,22300698,"FEB 03, 2024",BKN @ PHI,W,26,3,5,0.6,2,4,0.5,0,0,0.0,1,3,4,2,0,0,1,2,8,-5,1,
22023,1626220,22300677,"JAN 31, 2024",BKN vs. PHX,L,21,1,3,0.333,1,3,0.333,0,0,0.0,0,1,1,1,0,0,0,5,3,-13,1,
22023,1626220,22300660,"JAN 29, 2024",BKN vs. UTA,W,18,4,7,0.571,3,6,0.5,0,0,0.0,0,4,4,2,2,2,0,3,11,27,1,
22023,1626220,22300645,"JAN 27, 2024",BKN vs. HOU,W,23,2,3,0.667,2,3,0.667,0,0,0.0,0,6,6,0,0,1,2,2,6,-10,1,
22023,1626220,22300629,"JAN 25, 2024",BKN vs. MIN,L,18,1,4,0.25,1,4,0.25,0,0,0.0,1,3,4,2,0,1,1,2,3,-1,1,
22023,1626220,22300615,"JAN 23, 2024",BKN vs. NYK,L,20,3,4,0.75,2,3,0.667,0,0,0.0,2,2,4,3,1,1,1,3,8,-8,1,
22023,1626220,22300600,"JAN 21, 2024",BKN @ LAC,L,15,1,6,0.167,0,5,0.0,2,2,1.0,0,1,1,0,0,0,0,2,4,8,1,
22023,1626220,22300591,"JAN 19, 2024",BKN @ LAL,W,17,0,5,0.0,0,5,0.0,0,0,0.0,0,7,7,3,0,0,0,1,0,4,1,
22023,1626220,22300578,"JAN 17, 2024",BKN @ POR,L,20,1,4,0.25,0,3,0.0,0,0,0.0,0,3,3,3,0,0,2,1,2,-3,1,
22023,1626220,22300562,"JAN 15, 2024",BKN vs. MIA,L,30,5,10,0.5,5,10,0.5,0,0,0.0,1,8,9,5,0,1,0,4,15,9,1,
22023,1626220,22300527,"JAN 11, 2024",BKN @ CLE,L,17,0,2,0.0,0,2,0.0,0,0,0.0,0,2,2,1,0,0,1,2,0,-8,1,
22023,1626220,22300498,"JAN 07, 2024",BKN vs. POR,L,18,3,5,0.6,2,4,0.5,0,0,0.0,0,3,3,1,1,0,2,3,8,-8,1,
22023,1626220,22300481,"JAN 05, 2024",BKN vs. OKC,W,16,2,4,0.5,1,2,0.5,0,0,0.0,2,2,4,2,1,0,5,3,5,16,1,
22023,1626220,22300469,"JAN 03, 2024",BKN @ HOU,L,30,5,13,0.385,2,8,0.25,1,2,0.5,1,3,4,3,2,0,1,3,13,-7,1,
22023,1626220,22300461,"JAN 02, 2024",BKN @ NOP,L,28,0,6,0.0,0,5,0.0,0,0,0.0,4,4,8,5,1,0,3,3,0,-10,1,
22023,1626220,22300447,"DEC 31, 2023",BKN @ OKC,L,21,2,9,0.222,1,7,0.143,0,0,0.0,1,2,3,2,1,0,0,2,5,-11,1,
22023,1626220,22300430,"DEC 29, 2023",BKN @ WAS,L,18,3,4,0.75,1,2,0.5,0,0,0.0,1,2,3,2,0,0,2,0,7,-10,1,
22023,1626220,22300417,"DEC 27, 2023",BKN vs. MIL,L,10,1,4,0.25,1,3,0.333,0,0,0.0,0,1,1,2,0,0,0,1,3,1,1,
22023,1626220,22300406,"DEC 26, 2023",BKN @ DET,W,15,3,6,0.5,2,3,0.667,0,0,0.0,0,2,2,2,0,0,0,2,8,14,1,
22023,1626220,22300394,"DEC 23, 2023",BKN vs. DET,W,19,2,3,0.667,1,1,1.0,0,0,0.0,0,6,6,5,1,0,1,1,5,13,1,
22023,1626220,22300383,"DEC 22, 2023",BKN vs. DEN,L,22,4,7,0.571,2,5,0.4,3,4,0.75,2,4,6,3,0,2,1,1,13,5,1,
22023,1626220,22300368,"DEC 20, 2023",BKN vs. NYK,L,28,2,11,0.182,2,10,0.2,0,0,0.0,1,5,6,6,1,3,2,2,6,-10,1,
22023,1626220,22300357,"DEC 18, 2023",BKN @ UTA,L,23,2,6,0.333,2,6,0.333,0,0,0.0,0,1,1,1,1,0,1,2,6,-11,1,
22023,1626220,22300339,"DEC 16, 2023",BKN @ GSW,L,34,4,10,0.4,3,9,0.333,0,0,0.0,3,2,5,3,1,1,3,4,11,3,1,
22023,1626220,22300322,"DEC 14, 2023",BKN @ DEN,L,14,1,1,1.0,0,0,0.0,0,0,0.0,0,1,1,1,1,0,1,1,2,-19,1,
22023,1626220,22300317,"DEC 13, 2023",BKN @ PHX,W,19,3,5,0.6,2,4,0.5,0,0,0.0,0,1,1,4,0,0,0,1,8,19,1,
22023,1626220,22300303,"DEC 11, 2023",BKN @ SAC,L,19,1,3,0.333,1,1,1.0,2,2,1.0,1,3,4,1,0,0,0,0,5,-2,1,
22023,1626220,22301219,"DEC 08, 2023",BKN vs. WAS,W,26,4,10,0.4,3,9,0.333,2,2,1.0,2,6,8,5,1,1,0,1,13,11,1,
22023,1626220,22301209,"DEC 06, 2023",BKN @ ATL,W,21,2,6,0.333,1,4,0.25,1,2,0.5,0,3,3,2,1,0,0,2,6,10,1,
22023,1626220,22300282,"DEC 02, 2023",BKN vs. ORL,W,26,1,3,0.333,1,3,0.333,0,0,0.0,1,5,6,7,1,1,0,3,3,24,1,
22023,1626220,22300054,"NOV 28, 2023",BKN vs. TOR,W,31,6,12,0.5,6,12,0.5,0,0,0.0,2,5,7,4,2,2,1,5,18,15,1,
22023,1626220,22300250,"NOV 26, 2023",BKN vs. CHI,W,36,7,11,0.636,6,10,0.6,0,0,0.0,0,9,9,4,1,0,1,2,20,11,1,
22023,1626220,22300240,"NOV 25, 2023",BKN vs. MIA,W,29,2,6,0.333,2,5,0.4,0,0,0.0,1,1,2,4,2,1,1,4,6,9,1,
22023,1626220,22300227,"NOV 22, 2023",BKN @ ATL,L,21,0,3,0.0,0,2,0.0,0,2,0.0,0,3,3,1,1,1,1,3,0,-5,1,
22023,1626220,22300208,"NOV 19, 2023",BKN vs. PHI,L,25,0,2,0.0,0,0,0.0,0,0,0.0,1,3,4,3,1,2,1,1,0,-1,1,
22023,1626220,22300200,"NOV 16, 2023",BKN @ MIA,L,20,2,5,0.4,1,4,0.25,0,0,0.0,0,0,0,4,1,0,1,2,5,-22,1,
22023,1626220,22300020,"NOV 14, 2023",BKN vs. ORL,W,34,4,6,0.667,4,6,0.667,1,2,0.5,0,4,4,1,0,0,1,4,13,15,1,
22023,1626220,22300178,"NOV 12, 2023",BKN vs. WAS,W,31,3,8,0.375,3,7,0.429,1,2,0.5,1,5,6,4,2,0,2,4,10,-2,1,
22023,1626220,22300010,"NOV 10, 2023",BKN @ BOS,L,27,1,3,0.333,1,3,0.333,0,0,0.0,0,3,3,4,0,0,1,3,3,-13,1,
22023,1626220,22300160,"NOV 08, 2023",BKN vs. LAC,W,34,4,10,0.4,4,8,0.5,0,0,0.0,3,7,10,2,0,3,0,1,12,3,1,
22023,1626220,22300149,"NOV 06, 2023",BKN vs. MIL,L,25,4,8,0.5,4,7,0.571,0,0,0.0,1,8,9,3,0,1,1,4,12,-12,1,
22023,1626220,22300136,"NOV 04, 2023",BKN vs. BOS,L,37,2,15,0.133,2,13,0.154,0,0,0.0,1,3,4,3,1,1,0,4,6,-18,1,
22023,1626220,22300004,"NOV 03, 2023",BKN @ CHI,W,32,3,10,0.3,3,9,0.333,0,0,0.0,0,5,5,8,0,1,0,4,9,-3,1,
22023,1626220,22300119,"NOV 01, 2023",BKN @ MIA,W,39,2,6,0.333,2,5,0.4,0,0,0.0,0,7,7,5,2,1,3,5,6,-3,1,
22023,1626220,22300101,"OCT 30, 2023",BKN @ CHA,W,32,3,8,0.375,2,6,0.333,0,0,0.0,0,2,2,0,0,2,0,1,8,0,1,
22023,1626220,22300084,"OCT 27, 2023",BKN @ DAL,L,34,4,9,0.444,3,7,0.429,0,0,0.0,2,8,10,3,1,0,3,4,11,-11,1,
22023,1626220,22300067,"OCT 25, 2023",BKN vs. CLE,L,23,2,6,0.333,1,4,0.25,0,0,0.0,0,7,7,2,0,0,1,2,5,8,1,
22023,1626224,22300785,"FEB 14, 2024",SAS @ DAL,L,18,0,1,0.0,0,1,0.0,0,0,0.0,0,1,1,3,0,0,0,1,0,-3,1,
22023,1626224,22300764,"FEB 12, 2024",SAS @ TOR,W,15,2,4,0.5,1,3,0.333,0,0,0.0,0,3,3,2,2,0,2,2,5,11,1,
22023,1626224,22300750,"FEB 10, 2024",SAS @ BKN,L,12,2,5,0.4,2,3,0.667,2,2,1.0,1,4,5,0,0,0,1,0,8,-6,1,
22023,1626224,22300734,"FEB 08, 2024",SAS @ ORL,L,15,1,2,0.5,1,2,0.5,0,0,0.0,0,1,1,0,1,0,0,1,3,4,1,
22023,1626224,22300730,"FEB 07, 2024",SAS @ MIA,L,22,3,7,0.429,2,4,0.5,0,0,0.0,0,5,5,0,0,0,0,1,8,-2,1,
22023,1626224,22300703,"FEB 03, 2024",SAS vs. CLE,L,16,2,5,0.4,2,4,0.5,1,2,0.5,0,1,1,0,0,0,1,1,7,-12,1,
22023,1626224,22300696,"FEB 02, 2024",SAS vs. NOP,L,19,1,6,0.167,1,5,0.2,0,0,0.0,0,0,0,0,2,2,2,3,3,-6,1,
22023,1626224,22300681,"JAN 31, 2024",SAS vs. ORL,L,28,3,8,0.375,2,6,0.333,0,0,0.0,0,2,2,3,0,0,2,4,8,-2,1,
22023,1626224,22300665,"JAN 29, 2024",SAS vs. WAS,L,29,8,12,0.667,4,6,0.667,0,0,0.0,2,1,3,2,2,0,0,1,20,-5,1,
22023,1626224,22300649,"JAN 27, 2024",SAS vs. MIN,W,16,1,4,0.25,0,3,0.0,0,0,0.0,0,3,3,4,1,0,1,1,2,3,1,
22023,1626224,22300641,"JAN 26, 2024",SAS vs. POR,W,18,3,4,0.75,0,1,0.0,1,1,1.0,0,3,3,1,1,1,2,1,7,-6,1,
22023,1626224,22300622,"JAN 24, 2024",SAS vs. OKC,L,14,3,5,0.6,1,3,0.333,2,3,0.667,0,0,0,0,0,1,0,0,9,-15,1,
22023,1626224,22300608,"JAN 22, 2024",SAS @ PHI,L,11,1,1,1.0,0,0,0.0,0,0,0.0,0,3,3,1,0,0,0,2,2,-4,1,
22023,1626224,22300594,"JAN 20, 2024",SAS @ WAS,W,17,1,3,0.333,1,3,0.333,0,0,0.0,0,3,3,4,0,0,0,1,3,-18,1,
22023,1626224,22300584,"JAN 19, 2024",SAS @ CHA,L,13,2,4,0.5,1,1,1.0,0,0,0.0,0,3,3,1,0,0,0,1,5,15,1,
22023,1626224,22300571,"JAN 17, 2024",SAS @ BOS,L,12,1,2,0.5,0,0,0.0,0,0,0.0,2,3,5,1,0,0,0,2,2,-10,1,
22023,1626224,22300559,"JAN 15, 2024",SAS @ ATL,L,12,1,5,0.2,1,5,0.2,0,0,0.0,0,1,1,0,0,0,1,3,3,-11,1,
22023,1626224,22300548,"JAN 13, 2024",SAS vs. CHI,L,23,3,5,0.6,3,5,0.6,0,0,0.0,0,2,2,1,1,0,0,3,9,5,1,
22023,1626224,22300541,"JAN 12, 2024",SAS vs. CHA,W,14,4,4,1.0,2,2,1.0,1,2,0.5,1,3,4,1,1,0,3,2,11,3,1,
22023,1626224,22300519,"JAN 10, 2024",SAS @ DET,W,21,4,6,0.667,1,3,0.333,2,3,0.667,1,5,6,3,2,0,0,0,11,14,1,
22023,1626224,22300497,"JAN 07, 2024",SAS @ CLE,L,21,4,7,0.571,1,4,0.25,0,0,0.0,2,4,6,1,1,0,0,1,9,-19,1,
22023,1626224,22300477,"JAN 04, 2024",SAS vs. MIL,L,28,4,7,0.571,3,6,0.5,2,3,0.667,0,2,2,5,3,0,1,3,13,10,1,
22023,1626224,22300460,"JAN 02, 2024",SAS @ MEM,L,12,0,3,0.0,0,2,0.0,0,0,0.0,0,6,6,2,0,0,2,2,0,-9,1,
22023,1626224,22300448,"DEC 31, 2023",SAS vs. BOS,L,16,2,4,0.5,1,2,0.5,0,0,0.0,0,0,0,2,1,0,0,2,5,-14,1,
22023,1626224,22300437,"DEC 29, 2023",SAS @ POR,L,18,2,4,0.5,0,1,0.0,0,0,0.0,0,4,4,2,0,0,0,1,4,5,1,
22023,1626224,22300427,"DEC 28, 2023",SAS @ POR,W,16,2,3,0.667,0,0,0.0,0,0,0.0,0,2,2,2,0,0,0,0,4,-2,1,
22023,1626224,22300412,"DEC 26, 2023",SAS vs. UTA,L,13,0,2,0.0,0,1,0.0,1,4,0.25,0,2,2,3,0,0,0,0,1,-10,1,
22023,1626224,22300398,"DEC 23, 2023",SAS @ DAL,L,10,1,3,0.333,1,2,0.5,0,0,0.0,0,0,0,2,1,0,0,1,3,-14,1,
22023,1626224,22300376,"DEC 21, 2023",SAS @ CHI,L,11,0,4,0.0,0,3,0.0,2,2,1.0,0,1,1,3,0,0,2,1,2,-12,1,
22023,1626224,22300361,"DEC 19, 2023",SAS @ MIL,L,19,3,6,0.5,0,2,0.0,4,4,1.0,0,2,2,1,0,0,0,1,10,-9,1,
22023,1626224,22300345,"DEC 17, 2023",SAS vs. NOP,L,17,5,7,0.714,1,2,0.5,3,4,0.75,0,3,3,0,0,0,1,2,14,-11,1,
22023,1626224,22300331,"DEC 15, 2023",SAS vs. LAL,W,25,6,11,0.545,3,6,0.5,0,0,0.0,0,2,2,6,0,0,0,2,15,13,1,
22023,1626224,22300316,"DEC 13, 2023",SAS vs. LAL,L,17,2,4,0.5,1,2,0.5,0,0,0.0,0,7,7,2,0,0,0,0,5,9,1,
22023,1626224,22300298,"DEC 11, 2023",SAS @ HOU,L,13,4,7,0.571,0,2,0.0,2,4,0.5,0,2,2,1,0,0,2,1,10,-3,1,
22023,1626224,22301223,"DEC 08, 2023",SAS vs. CHI,L,10,3,7,0.429,1,4,0.25,0,0,0.0,0,1,1,1,0,1,0,1,7,1,1,
22023,1626224,22301210,"DEC 06, 2023",SAS @ MIN,L,32,3,8,0.375,0,3,0.0,0,2,0.0,2,6,8,6,2,0,1,2,6,-10,1,
22023,1626224,22300278,"DEC 01, 2023",SAS @ NOP,L,27,4,9,0.444,2,5,0.4,1,2,0.5,0,2,2,5,0,1,0,3,11,-17,1,
22023,1626224,22300272,"NOV 30, 2023",SAS vs. ATL,L,15,1,7,0.143,1,5,0.2,0,0,0.0,0,1,1,2,0,0,1,3,3,-3,1,
22023,1626224,22300252,"NOV 26, 2023",SAS @ DEN,L,16,1,5,0.2,1,3,0.333,4,4,1.0,1,2,3,3,0,0,3,2,7,-9,1,
22023,1626224,22300051,"NOV 24, 2023",SAS @ GSW,L,18,5,11,0.455,1,6,0.167,0,0,0.0,1,0,1,0,0,0,1,3,11,-3,1,
22023,1626224,22300235,"NOV 22, 2023",SAS vs. LAC,L,19,2,6,0.333,1,3,0.333,0,0,0.0,0,1,1,0,2,0,0,3,5,-18,1,
22023,1626224,22300223,"NOV 20, 2023",SAS vs. LAC,L,23,7,10,0.7,2,4,0.5,1,1,1.0,2,3,5,1,0,0,0,4,17,-11,1,
22023,1626224,22300206,"NOV 18, 2023",SAS vs. MEM,L,24,4,10,0.4,3,7,0.429,2,2,1.0,2,3,5,1,1,0,1,1,13,-21,1,
22023,1626224,22300032,"NOV 17, 2023",SAS vs. SAC,L,15,1,3,0.333,1,2,0.5,0,0,0.0,0,2,2,1,0,0,0,1,3,-7,1,
22023,1626224,22300021,"NOV 14, 2023",SAS @ OKC,L,15,2,5,0.4,2,5,0.4,0,0,0.0,0,0,0,0,0,0,0,0,6,-7,1,
22023,1626224,22300184,"NOV 12, 2023",SAS vs. MIA,L,20,1,3,0.333,1,1,1.0,0,0,0.0,1,0,1,0,0,1,0,2,3,-15,1,
22023,1626224,22300013,"NOV 10, 2023",SAS vs. MIN,L,16,1,2,0.5,0,1,0.0,0,0,0.0,0,0,0,2,1,0,0,1,2,-14,1,
22023,1626224,22300161,"NOV 08, 2023",SAS @ NYK,L,13,1,4,0.25,0,3,0.0,0,0,0.0,1,2,3,2,0,0,0,0,2,-5,1,
22023,1626224,22300146,"NOV 06, 2023",SAS @ IND,L,19,2,6,0.333,1,2,0.5,1,2,0.5,1,2,3,2,1,0,1,1,6,-22,1,
22023,1626224,22300141,"NOV 05, 2023",SAS vs. TOR,L,26,3,6,0.5,1,2,0.5,0,0,0.0,0,4,4,3,0,0,2,4,7,9,1,
22023,1626224,22300131,"NOV 02, 2023",SAS @ PHX,W,22,5,8,0.625,3,6,0.5,0,0,0.0,0,2,2,1,1,0,0,1,13,-16,1,
22023,1626224,22300113,"OCT 31, 2023",SAS @ PHX,W,19,4,7,0.571,1,2,0.5,0,1,0.0,0,2,2,1,1,0,0,0,9,6,1,
22023,1626224,22300099,"OCT 29, 2023",SAS @ LAC,L,17,4,7,0.571,2,4,0.5,2,2,1.0,0,1,1,1,1,1,0,1,12,-5,1,
22023,1626224,22300083,"OCT 27, 2023",SAS vs. HOU,W,23,5,7,0.714,4,6,0.667,0,0,0.0,0,2,2,1,0,0,3,1,14,9,1,
22023,1626224,22300073,"OCT 25, 2023",SAS vs. DAL,L,22,5,10,0.5,2,6,0.333,0,0,0.0,0,0,0,2,0,1,0,2,12,-11,1,
22023,1626246,22300692,"FEB 02, 2024",HOU vs. TOR,W,4,2,2,1.0,0,0,0.0,2,2,1.0,1,3,4,0,0,0,1,0,6,1,1,
22023,1626246,22300635,"JAN 26, 2024",HOU @ CHA,W,7,1,1,1.0,0,0,0.0,1,2,0.5,0,3,3,0,0,0,1,0,3,-3,1,
22023,1626246,22300623,"JAN 24, 2024",HOU vs. POR,L,0,0,0,0.0,0,0,0.0,0,0,0.0,0,0,0,0,0,0,0,0,0,-3,1,
22023,1626246,22300542,"JAN 13, 2024",HOU @ BOS,L,7,1,4,0.25,0,0,0.0,0,1,0.0,1,2,3,0,0,0,0,1,2,0,1,
22023,1626246,22300485,"JAN 05, 2024",HOU vs. MIN,L,4,1,3,0.333,0,0,0.0,0,0,0.0,2,1,3,0,0,0,0,0,2,-3,1,
22023,1626246,22300453,"JAN 01, 2024",HOU vs. DET,W,6,0,2,0.0,0,1,0.0,0,0,0.0,0,1,1,1,0,0,0,1,0,-10,1,
22023,1626246,22300163,"NOV 08, 2023",HOU vs. LAL,W,6,3,4,0.75,0,0,0.0,0,1,0.0,2,5,7,0,0,0,0,1,6,3,1,
22023,1626246,22300153,"NOV 06, 2023",HOU vs. SAC,W,7,0,3,0.0,0,1,0.0,0,0,0.0,0,1,1,2,0,1,0,0,0,-11,1,
22023,1626246,22300083,"OCT 27, 2023",HOU @ SAS,L,7,2,2,1.0,0,0,0.0,0,0,0.0,0,0,0,1,0,0,0,1,4,3,1,
22023,1627732,22300771,"FEB 13, 2024",BKN vs. BOS,L,24,1,5,0.2,0,0,0.0,3,6,0.5,1,5,6,8,0,0,1,4,5,-3,1,
22023,1627732,22300750,"FEB 10, 2024",BKN vs. SAS,W,22,6,7,0.857,0,0,0.0,1,2,0.5,0,3,3,5,3,2,4,2,13,10,1,
22023,1627732,22300735,"FEB 08, 2024",BKN vs. CLE,L,20,3,4,0.75,0,0,0.0,0,0,0.0,0,1,1,2,1,0,2,1,6,-26,1,
22023,1627732,22300720,"FEB 06, 2024",BKN vs. DAL,L,20,4,7,0.571,0,0,0.0,1,2,0.5,4,5,9,7,1,0,2,2,9,1,1,
22023,1627732,22300698,"FEB 03, 2024",BKN @ PHI,W,14,0,0,0.0,0,0,0.0,0,0,0.0,1,8,9,5,0,0,1,4,0,8,1,
22023,1627732,22300660,"JAN 29, 2024",BKN vs. UTA,W,18,5,5,1.0,0,0,0.0,0,0,0.0,5,3,8,11,1,1,0,3,10,27,1,
22023,1627732,22300149,"NOV 06, 2023",BKN vs. MIL,L,33,1,3,0.333,0,0,0.0,0,0,0.0,3,12,15,4,0,0,1,3,2,-12,1,
22023,1627732,22300004,"NOV 03, 2023",BKN @ CHI,W,33,4,8,0.5,0,0,0.0,0,0,0.0,3,6,9,6,1,0,4,3,8,-9,1,
22023,1627732,22300119,"NOV 01, 2023",BKN @ MIA,W,34,2,5,0.4,0,0,0.0,0,2,0.0,2,9,11,5,0,1,4,4,4,-9,1,
22023,1627732,22300101,"OCT 30, 2023",BKN @ CHA,W,35,5,6,0.833,0,0,0.0,1,2,0.5,3,7,10,8,0,1,2,1,11,3,1,
22023,1627732,22300084,"OCT 27, 2023",BKN @ DAL,L,32,5,8,0.625,0,0,0.0,0,0,0.0,4,6,10,8,2,2,2,3,10,0,1,
22023,1627732,22300067,"OCT 25, 2023",BKN vs. CLE,L,23,2,6,0.333,0,0,0.0,0,0,0.0,1,9,10,9,0,1,2,2,4,-6,1,
22023,1627734,22300786,"FEB 14, 2024",SAC @ DEN,W,38,9,16,0.563,0,0,0.0,2,3,0.667,2,11,13,7,3,0,5,3,20,7,1,
22023,1627734,22300774,"FEB 13, 2024",SAC @ PHX,L,39,14,22,0.636,0,2,0.0,7,8,0.875,9,9,18,12,1,3,1,4,35,5,1,
22023,1627734,22300760,"FEB 11, 2024",SAC @ OKC,L,42,9,14,0.643,1,2,0.5,2,3,0.667,4,7,11,14,1,0,5,3,21,-7,1,
22023,1627734,22300746,"FEB 09, 2024",SAC vs. DEN,W,31,7,9,0.778,1,1,1.0,2,2,1.0,1,16,17,10,1,0,3,3,17,18,1,
22023,1627734,22300732,"FEB 07, 2024",SAC vs. DET,L,41,11,17,0.647,1,3,0.333,7,10,0.7,2,10,12,7,1,0,0,3,30,-17,1,
22023,1627734,22300714,"FEB 05, 2024",SAC @ CLE,L,34,6,9,0.667,0,0,0.0,0,0,0.0,4,15,19,15,0,0,5,1,12,-25,1,
22023,1627734,22300700,"FEB 03, 2024",SAC @ CHI,W,39,6,8,0.75,0,1,0.0,1,1,1.0,0,14,14,10,1,0,6,1,13,10,1,
22023,1627734,22300691,"FEB 02, 2024",SAC @ IND,W,35,9,14,0.643,0,1,0.0,8,9,0.889,3,8,11,7,2,1,4,3,26,7,1,
22023,1627734,22300678,"JAN 31, 2024",SAC @ MIA,L,38,7,14,0.5,1,1,1.0,4,6,0.667,4,13,17,13,1,1,1,0,19,0,1,
22023,1627734,22300663,"JAN 29, 2024",SAC @ MEM,W,38,10,11,0.909,0,0,0.0,0,0,0.0,6,20,26,5,0,0,3,3,20,10,1,
22023,1627734,22300651,"JAN 27, 2024",SAC @ DAL,W,36,7,10,0.7,1,1,1.0,2,2,1.0,3,8,11,4,0,0,6,6,17,-2,1,
22023,1627734,22300632,"JAN 25, 2024",SAC @ GSW,W,35,8,11,0.727,2,2,1.0,0,0,0.0,1,7,8,13,0,1,3,5,18,8,1,
22023,1627734,22300613,"JAN 22, 2024",SAC vs. ATL,W,38,4,10,0.4,0,1,0.0,6,6,1.0,2,19,21,6,2,0,4,4,14,11,1,
22023,1627734,22300583,"JAN 18, 2024",SAC vs. IND,L,38,8,13,0.615,0,1,0.0,5,8,0.625,0,11,11,10,0,1,3,5,21,-4,1,
22023,1627734,22300567,"JAN 16, 2024",SAC @ PHX,L,39,9,11,0.818,1,1,1.0,2,4,0.5,2,10,12,11,0,1,2,2,21,-2,1,
22023,1627734,22300552,"JAN 14, 2024",SAC @ MIL,L,45,9,10,0.9,1,1,1.0,2,2,1.0,3,10,13,15,1,1,3,3,21,7,1,
22023,1627734,22300532,"JAN 12, 2024",SAC @ PHI,L,33,6,10,0.6,0,0,0.0,2,2,1.0,5,7,12,5,0,0,4,3,14,-20,1,
22023,1627734,22300518,"JAN 10, 2024",SAC @ CHA,W,28,9,13,0.692,1,2,0.5,5,6,0.833,1,9,10,7,0,1,2,2,24,-4,1,
22023,1627734,22300512,"JAN 09, 2024",SAC @ DET,W,38,16,21,0.762,1,1,1.0,4,4,1.0,5,5,10,13,3,0,5,3,37,28,1,
22023,1627734,22300500,"JAN 07, 2024",SAC vs. NOP,L,29,8,12,0.667,1,2,0.5,0,1,0.0,0,10,10,6,1,0,3,2,17,-32,1,
22023,1627734,22300492,"JAN 05, 2024",SAC vs. TOR,W,39,11,16,0.688,0,0,0.0,2,3,0.667,4,11,15,11,0,0,6,6,24,12,1,
22023,1627734,22300476,"JAN 03, 2024",SAC vs. ORL,W,45,8,14,0.571,0,0,0.0,6,9,0.667,6,17,23,12,2,1,6,2,22,10,1,
22023,1627734,22300464,"JAN 02, 2024",SAC vs. CHA,L,35,11,21,0.524,1,1,1.0,0,1,0.0,9,10,19,4,1,0,11,5,23,-3,1,
22023,1627734,22300449,"DEC 31, 2023",SAC @ MEM,W,32,5,11,0.455,0,1,0.0,3,5,0.6,2,19,21,12,1,0,3,4,13,17,1,
22023,1627734,22300431,"DEC 29, 2023",SAC @ ATL,W,35,12,17,0.706,0,0,0.0,1,4,0.25,2,8,10,7,0,0,1,2,25,-4,1,
22023,1627734,22300413,"DEC 26, 2023",SAC @ POR,L,36,14,19,0.737,0,0,0.0,6,7,0.857,3,9,12,5,0,0,2,4,34,-9,1,
22023,1627734,22300400,"DEC 23, 2023",SAC vs. MIN,L,39,7,12,0.583,0,1,0.0,3,5,0.6,1,9,10,10,1,0,3,3,17,-17,1,
22023,1627734,22300387,"DEC 22, 2023",SAC vs. PHX,W,35,12,15,0.8,0,2,0.0,4,5,0.8,1,10,11,12,0,0,3,3,28,27,1,
22023,1627734,22300373,"DEC 20, 2023",SAC vs. BOS,L,26,6,14,0.429,0,1,0.0,1,4,0.25,5,5,10,8,0,1,1,2,13,-25,1,
22023,1627734,22300358,"DEC 18, 2023",SAC vs. WAS,W,32,11,16,0.688,1,1,1.0,5,6,0.833,3,10,13,12,0,1,2,1,28,25,1,
22023,1627734,22300342,"DEC 16, 2023",SAC vs. UTA,W,35,9,10,0.9,0,1,0.0,2,4,0.5,2,8,10,8,2,0,6,1,20,34,1,
22023,1627734,22300324,"DEC 14, 2023",SAC vs. OKC,W,40,8,14,0.571,1,2,0.5,1,2,0.5,2,14,16,7,0,0,2,2,18,-1,1,
22023,1627734,22300309,"DEC 12, 2023",SAC @ LAC,L,26,5,11,0.455,0,2,0.0,5,8,0.625,5,5,10,3,2,0,2,3,15,-23,1,
22023,1627734,22300303,"DEC 11, 2023",SAC vs. BKN,W,34,6,14,0.429,1,1,1.0,2,4,0.5,4,12,16,9,2,0,4,2,15,11,1,
22023,1627734,22301228,"DEC 08, 2023",SAC @ PHX,W,38,6,11,0.545,0,0,0.0,3,4,0.75,4,13,17,5,0,0,4,4,15,3,1,
22023,1627734,22301204,"DEC 04, 2023",SAC vs. NOP,L,36,8,12,0.667,0,1,0.0,10,10,1.0,5,8,13,10,2,1,1,2,26,5,1,
22023,1627734,22300290,"DEC 02, 2023",SAC vs. DEN,W,36,7,18,0.389,1,3,0.333,2,3,0.667,2,13,15,7,1,0,2,5,17,-8,1,
22023,1627734,22300264,"NOV 29, 2023",SAC vs. LAC,L,31,3,12,0.25,2,3,0.667,3,4,0.75,1,4,5,3,0,0,1,3,11,-19,1,
22023,1627734,22300060,"NOV 28, 2023",SAC vs. GSW,W,37,2,7,0.286,0,1,0.0,5,6,0.833,2,6,8,10,1,0,1,3,9,-3,1,
22023,1627734,22300050,"NOV 24, 2023",SAC @ MIN,W,39,7,15,0.467,1,1,1.0,0,1,0.0,5,6,11,5,2,3,2,6,15,-7,1,
22023,1627734,22300233,"NOV 22, 2023",SAC @ NOP,L,36,8,11,0.727,0,0,0.0,7,10,0.7,2,7,9,6,0,1,3,3,23,12,1,
22023,1627734,22300222,"NOV 20, 2023",SAC @ NOP,L,31,4,8,0.5,0,0,0.0,2,3,0.667,5,5,10,8,0,0,5,4,10,-36,1,
22023,1627734,22300212,"NOV 19, 2023",SAC @ DAL,W,35,13,15,0.867,0,2,0.0,6,10,0.6,3,10,13,6,0,0,1,2,32,16,1,
22023,1627734,22300032,"NOV 17, 2023",SAC @ SAS,W,35,9,13,0.692,2,3,0.667,7,8,0.875,2,12,14,7,0,1,4,5,27,6,1,
22023,1627734,22300198,"NOV 15, 2023",SAC @ LAL,W,39,13,19,0.684,1,1,1.0,2,2,1.0,5,11,16,7,3,1,4,3,29,20,1,
22023,1627734,22300191,"NOV 13, 2023",SAC vs. CLE,W,35,8,10,0.8,1,2,0.5,6,11,0.545,0,9,9,10,0,2,3,4,23,6,1,
22023,1627734,22300016,"NOV 10, 2023",SAC vs. OKC,W,38,7,15,0.467,0,0,0.0,3,6,0.5,6,7,13,13,1,2,5,5,17,11,1,
22023,1627734,22300170,"NOV 08, 2023",SAC vs. POR,W,40,11,14,0.786,0,0,0.0,5,7,0.714,7,4,11,9,1,1,6,4,27,-5,1,
22023,1627734,22300153,"NOV 06, 2023",SAC @ HOU,L,30,3,4,0.75,0,0,0.0,2,3,0.667,3,5,8,5,0,0,4,4,8,-24,1,
22023,1627734,22300137,"NOV 04, 2023",SAC @ HOU,L,31,5,10,0.5,0,2,0.0,1,4,0.25,3,12,15,4,1,2,5,2,11,-26,1,
22023,1627734,22300126,"NOV 01, 2023",SAC @ GSW,L,37,8,16,0.5,0,1,0.0,7,12,0.583,3,8,11,8,0,0,2,2,23,-4,1,
22023,1627734,22300100,"OCT 29, 2023",SAC vs. LAL,W,34,5,8,0.625,1,1,1.0,1,3,0.333,1,14,15,5,1,0,3,6,12,5,1,
22023,1627734,22300087,"OCT 27, 2023",SAC vs. GSW,L,36,7,15,0.467,0,2,0.0,5,6,0.833,4,14,18,7,3,0,1,1,19,-9,1,
22023,1627734,22300072,"OCT 25, 2023",SAC @ UTA,W,32,8,14,0.571,1,2,0.5,5,7,0.714,6,6,12,5,1,2,3,3,22,5,1,
22023,1627736,22300790,"FEB 15, 2024",MIL @ MEM,L,30,3,10,0.3,3,10,0.3,0,0,0.0,0,2,2,0,2,0,0,4,9,4,1,
22023,1627736,22300773,"FEB 13, 2024",MIL vs. MIA,L,28,6,10,0.6,4,8,0.5,0,0,0.0,0,3,3,0,3,0,1,1,16,-23,1,
22023,1627736,22300767,"FEB 12, 2024",MIL vs. DEN,W,30,3,6,0.5,3,6,0.5,0,0,0.0,1,4,5,1,0,0,0,0,9,16,1,
22023,1627736,22300745,"FEB 09, 2024",MIL vs. CHA,W,24,7,9,0.778,7,9,0.778,0,1,0.0,1,1,2,2,1,0,0,2,21,31,1,
22023,1627736,22300738,"FEB 08, 2024",MIL vs. MIN,L,33,1,13,0.077,0,9,0.0,1,2,0.5,2,2,4,3,1,0,1,0,3,-13,1,
22023,1627736,22300725,"FEB 06, 2024",MIL @ PHX,L,36,7,17,0.412,6,14,0.429,2,2,1.0,2,2,4,2,0,0,3,1,22,0,1,
22023,1627736,22300711,"FEB 04, 2024",MIL @ UTA,L,30,6,8,0.75,4,6,0.667,0,0,0.0,1,2,3,2,1,0,0,4,16,-21,1,
22023,1627736,22300702,"FEB 03, 2024",MIL @ DAL,W,33,3,9,0.333,3,8,0.375,0,2,0.0,0,7,7,0,2,0,1,1,9,25,1,
22023,1627736,22300683,"JAN 31, 2024",MIL @ POR,L,29,3,8,0.375,1,6,0.167,0,0,0.0,0,6,6,1,1,0,0,3,7,6,1,
22023,1627736,22300667,"JAN 29, 2024",MIL @ DEN,L,31,2,9,0.222,1,7,0.143,0,0,0.0,0,1,1,2,0,1,0,1,5,6,1,
22023,1627736,22300648,"JAN 27, 2024",MIL vs. NOP,W,28,3,10,0.3,1,7,0.143,1,2,0.5,1,3,4,2,2,0,2,2,8,26,1,
22023,1627736,22300639,"JAN 26, 2024",MIL vs. CLE,L,27,1,2,0.5,1,2,0.5,0,0,0.0,1,2,3,1,0,0,2,4,3,-9,1,
22023,1627736,22300624,"JAN 24, 2024",MIL vs. CLE,W,28,3,5,0.6,3,5,0.6,0,0,0.0,0,1,1,1,1,0,1,3,9,10,1,
22023,1627736,22300606,"JAN 22, 2024",MIL @ DET,W,35,5,14,0.357,3,8,0.375,0,0,0.0,1,5,6,2,0,0,0,2,13,21,1,
22023,1627736,22300592,"JAN 20, 2024",MIL @ DET,W,34,5,9,0.556,1,4,0.25,0,0,0.0,0,2,2,1,0,0,2,4,11,22,1,
22023,1627736,22300572,"JAN 17, 2024",MIL @ CLE,L,22,1,6,0.167,0,3,0.0,0,0,0.0,1,4,5,1,0,0,0,3,2,-27,1,
22023,1627736,22300552,"JAN 14, 2024",MIL vs. SAC,W,45,7,12,0.583,5,9,0.556,4,4,1.0,0,4,4,5,1,0,1,5,23,-1,1,
22023,1627736,22300545,"JAN 13, 2024",MIL vs. GSW,W,29,4,8,0.5,3,6,0.5,0,0,0.0,2,2,4,1,2,0,1,1,11,14,1,
22023,1627736,22300528,"JAN 11, 2024",MIL vs. BOS,W,27,6,11,0.545,4,8,0.5,0,0,0.0,1,3,4,0,0,0,0,0,16,18,1,
22023,1627736,22300510,"JAN 08, 2024",MIL vs. UTA,L,24,6,12,0.5,5,8,0.625,0,0,0.0,1,3,4,2,1,1,0,1,17,-12,1,
22023,1627736,22300496,"JAN 06, 2024",MIL @ HOU,L,16,1,1,1.0,1,1,1.0,0,0,0.0,0,1,1,0,0,0,2,2,3,-10,1,
22023,1627736,22300477,"JAN 04, 2024",MIL @ SAS,W,27,4,6,0.667,2,4,0.5,0,0,0.0,0,2,2,0,0,0,2,0,10,4,1,
22023,1627736,22300466,"JAN 03, 2024",MIL @ IND,L,23,3,8,0.375,2,5,0.4,0,0,0.0,0,1,1,1,0,0,0,4,8,-17,1,
22023,1627736,22300454,"JAN 01, 2024",MIL vs. IND,L,37,4,8,0.5,4,8,0.5,0,0,0.0,0,4,4,0,0,0,0,5,12,5,1,
22023,1627736,22300433,"DEC 29, 2023",MIL @ CLE,W,35,5,9,0.556,5,8,0.625,0,0,0.0,0,5,5,0,0,0,3,1,15,12,1,
22023,1627736,22300417,"DEC 27, 2023",MIL @ BKN,W,22,6,9,0.667,5,8,0.625,0,0,0.0,1,0,1,1,1,0,0,0,17,-7,1,
22023,1627736,22300401,"DEC 25, 2023",MIL @ NYK,L,19,0,2,0.0,0,1,0.0,0,0,0.0,0,3,3,2,0,0,0,2,0,-10,1,
22023,1627736,22300388,"DEC 23, 2023",MIL @ NYK,W,31,7,13,0.538,5,9,0.556,0,0,0.0,1,5,6,1,0,0,0,3,19,19,1,
22023,1627736,22300378,"DEC 21, 2023",MIL vs. ORL,W,28,3,8,0.375,2,4,0.5,0,0,0.0,1,4,5,2,0,0,0,1,8,15,1,
22023,1627736,22300361,"DEC 19, 2023",MIL vs. SAS,W,28,3,7,0.429,1,5,0.2,0,0,0.0,1,3,4,2,1,0,0,1,7,14,1,
22023,1627736,22300315,"DEC 13, 2023",MIL vs. IND,W,36,3,7,0.429,1,4,0.25,0,0,0.0,4,2,6,2,2,1,0,3,7,20,1,
22023,1627736,22300300,"DEC 11, 2023",MIL vs. CHI,W,40,7,11,0.636,5,8,0.625,0,0,0.0,0,4,4,2,1,0,0,2,19,6,1,
22023,1627736,22301229,"DEC 07, 2023",MIL vs. IND,L,36,3,9,0.333,1,4,0.25,0,0,0.0,1,2,3,1,0,0,0,2,7,6,1,
22023,1627736,22301201,"DEC 05, 2023",MIL vs. NYK,W,33,6,11,0.545,6,10,0.6,0,0,0.0,0,3,3,0,0,0,0,4,18,16,1,
22023,1627736,22300286,"DEC 02, 2023",MIL vs. ATL,W,39,6,11,0.545,4,7,0.571,0,0,0.0,1,3,4,3,1,0,2,1,16,2,1,
22023,1627736,22300269,"NOV 30, 2023",MIL @ CHI,L,41,7,19,0.368,5,15,0.333,0,0,0.0,0,3,3,3,2,0,1,2,19,1,1,
22023,1627736,22300056,"NOV 28, 2023",MIL @ MIA,W,38,6,11,0.545,4,8,0.5,0,0,0.0,0,10,10,1,0,2,0,1,16,15,1,
22023,1627736,22300245,"NOV 26, 2023",MIL vs. POR,W,36,5,14,0.357,4,11,0.364,0,0,0.0,1,5,6,0,3,0,2,1,14,16,1,
22023,1627736,22300049,"NOV 24, 2023",MIL vs. WAS,W,27,4,8,0.5,1,4,0.25,0,0,0.0,4,7,11,1,0,1,2,3,9,4,1,
22023,1627736,22300228,"NOV 22, 2023",MIL @ BOS,L,23,2,3,0.667,2,3,0.667,0,0,0.0,0,3,3,3,2,0,1,1,6,3,1,
22023,1627736,22300219,"NOV 20, 2023",MIL @ WAS,W,33,5,9,0.556,3,5,0.6,3,3,1.0,1,4,5,2,0,0,0,0,16,20,1,
22023,1627736,22300205,"NOV 18, 2023",MIL vs. DAL,W,34,3,9,0.333,1,6,0.167,0,0,0.0,0,6,6,0,1,0,0,3,7,5,1,
22023,1627736,22300027,"NOV 17, 2023",MIL @ CHA,W,30,7,12,0.583,6,10,0.6,0,0,0.0,0,2,2,3,0,0,0,4,20,31,1,
22023,1627736,22300195,"NOV 15, 2023",MIL @ TOR,W,31,11,14,0.786,8,11,0.727,0,0,0.0,0,4,4,0,1,0,0,2,30,34,1,
22023,1627736,22300190,"NOV 13, 2023",MIL vs. CHI,W,21,3,6,0.5,3,6,0.5,0,0,0.0,1,1,2,0,0,0,0,3,9,-9,1,
22023,1627736,22300173,"NOV 11, 2023",MIL @ ORL,L,20,0,4,0.0,0,3,0.0,0,0,0.0,0,2,2,1,0,0,1,3,0,-6,1,
22023,1627736,22300171,"NOV 09, 2023",MIL @ IND,L,29,4,10,0.4,3,6,0.5,2,2,1.0,1,3,4,2,1,0,0,2,13,-10,1,
22023,1627736,22300165,"NOV 08, 2023",MIL vs. DET,W,25,4,6,0.667,1,2,0.5,1,1,1.0,2,4,6,2,1,0,0,0,10,24,1,
22023,1627736,22300149,"NOV 06, 2023",MIL @ BKN,W,14,1,5,0.2,1,5,0.2,0,0,0.0,0,6,6,0,0,0,1,2,3,-9,1,
22023,1627736,22300002,"NOV 03, 2023",MIL vs. NYK,W,22,0,2,0.0,0,1,0.0,0,0,0.0,0,3,3,3,0,0,0,2,0,6,1,
22023,1627736,22300116,"NOV 01, 2023",MIL @ TOR,L,25,7,10,0.7,6,9,0.667,0,0,0.0,0,2,2,0,2,0,0,2,20,-23,1,
22023,1627736,22300107,"OCT 30, 2023",MIL vs. MIA,W,32,2,8,0.25,1,6,0.167,0,2,0.0,0,3,3,2,2,0,2,3,5,-10,1,
22023,1627736,22300097,"OCT 29, 2023",MIL vs. ATL,L,32,6,12,0.5,4,10,0.4,2,4,0.5,1,3,4,1,2,0,2,3,18,-26,1,
22023,1627736,22300075,"OCT 26, 2023",MIL vs. PHI,W,31,2,4,0.5,1,1,1.0,0,0,0.0,0,4,4,3,2,0,2,1,5,-5,1,
22023,1627739,22300576,"FEB 15, 2024",UTA vs. GSW,L,21,2,3,0.667,2,3,0.667,2,2,1.0,1,4,5,1,2,0,3,2,8,-13,1,
22023,1627739,22300788,"FEB 14, 2024",UTA vs. LAL,L,17,5,6,0.833,1,2,0.5,1,1,1.0,1,0,1,3,1,0,0,3,12,-21,1,
22023,1627739,22300769,"FEB 12, 2024",UTA vs. GSW,L,19,1,6,0.167,0,3,0.0,0,0,0.0,1,1,2,3,3,0,1,2,2,7,1,
22023,1627739,22300739,"FEB 08, 2024",UTA @ PHX,L,24,3,7,0.429,2,3,0.667,1,2,0.5,1,3,4,3,3,0,1,2,9,-3,1,
22023,1627739,22300724,"FEB 06, 2024",UTA vs. OKC,W,27,3,8,0.375,2,5,0.4,0,0,0.0,1,2,3,5,4,3,1,1,8,18,1,
22023,1627739,22300711,"FEB 04, 2024",UTA vs. MIL,W,22,1,5,0.2,0,3,0.0,0,0,0.0,1,2,3,6,0,0,1,4,2,5,1,
22023,1627739,22300686,"FEB 01, 2024",UTA vs. PHI,L,16,1,4,0.25,1,1,1.0,0,0,0.0,0,3,3,4,0,2,1,0,3,3,1,
22023,1627739,22300671,"JAN 30, 2024",UTA @ NYK,L,17,3,5,0.6,0,0,0.0,0,0,0.0,2,1,3,6,1,0,3,2,6,-5,1,
22023,1627739,22300660,"JAN 29, 2024",UTA @ BKN,L,17,3,5,0.6,3,3,1.0,0,0,0.0,0,2,2,2,2,0,4,1,9,-7,1,
22023,1627739,22300647,"JAN 27, 2024",UTA @ CHA,W,17,3,4,0.75,1,1,1.0,0,0,0.0,2,2,4,6,1,1,1,1,7,5,1,
22023,1627739,22300628,"JAN 25, 2024",UTA @ WAS,W,17,2,4,0.5,0,1,0.0,0,0,0.0,0,1,1,3,1,0,0,1,4,2,1,
22023,1627739,22300616,"JAN 23, 2024",UTA @ NOP,L,17,4,7,0.571,2,4,0.5,0,0,0.0,2,1,3,4,0,0,1,3,10,2,1,
22023,1627739,22300598,"JAN 20, 2024",UTA @ HOU,L,27,4,6,0.667,1,2,0.5,1,2,0.5,2,6,8,7,1,0,0,2,10,17,1,
22023,1627739,22300581,"JAN 18, 2024",UTA vs. OKC,L,13,0,2,0.0,0,0,0.0,0,0,0.0,0,1,1,6,0,0,1,4,0,-2,1,
22023,1627739,22300564,"JAN 15, 2024",UTA vs. IND,W,21,2,3,0.667,0,0,0.0,0,0,0.0,1,1,2,6,2,1,1,3,4,21,1,
22023,1627739,22300549,"JAN 13, 2024",UTA vs. LAL,W,17,3,4,0.75,1,2,0.5,0,0,0.0,0,0,0,3,1,0,2,2,7,6,1,
22023,1627739,22300540,"JAN 12, 2024",UTA vs. TOR,W,17,3,4,0.75,0,1,0.0,0,0,0.0,2,3,5,5,1,2,2,3,6,15,1,
22023,1627739,22300524,"JAN 10, 2024",UTA vs. DEN,W,26,2,2,1.0,1,1,1.0,0,0,0.0,1,3,4,3,4,1,2,4,5,6,1,
22023,1627739,22300510,"JAN 08, 2024",UTA @ MIL,W,24,2,2,1.0,1,1,1.0,0,0,0.0,1,3,4,13,1,2,1,1,5,11,1,
22023,1627739,22300495,"JAN 06, 2024",UTA @ PHI,W,23,0,1,0.0,0,1,0.0,0,0,0.0,0,5,5,1,1,2,1,3,0,8,1,
22023,1627739,22300479,"JAN 05, 2024",UTA @ BOS,L,26,1,7,0.143,0,1,0.0,0,0,0.0,2,3,5,5,3,1,1,4,2,-9,1,
22023,1627739,22300474,"JAN 03, 2024",UTA vs. DET,W,16,2,6,0.333,0,1,0.0,0,0,0.0,0,1,1,4,3,1,0,0,4,-3,1,
22023,1627739,22300457,"JAN 01, 2024",UTA vs. DAL,W,21,3,4,0.75,1,1,1.0,0,0,0.0,0,3,3,7,0,0,2,2,7,-1,1,
22023,1627739,22300439,"DEC 30, 2023",UTA vs. MIA,W,18,1,5,0.2,0,1,0.0,0,0,0.0,0,1,1,6,2,1,1,3,2,0,1,
22023,1627739,22300424,"DEC 28, 2023",UTA @ NOP,L,19,3,5,0.6,1,3,0.333,0,0,0.0,0,0,0,3,0,1,0,2,7,2,1,
22023,1627739,22300412,"DEC 26, 2023",UTA @ SAS,W,19,0,2,0.0,0,1,0.0,2,2,1.0,2,5,7,6,0,0,1,0,2,5,1,
22023,1627739,22300395,"DEC 23, 2023",UTA @ TOR,W,34,3,11,0.273,2,6,0.333,0,0,0.0,0,8,8,13,1,1,2,1,8,10,1,
22023,1627739,22300374,"DEC 21, 2023",UTA @ DET,W,33,5,11,0.455,0,2,0.0,3,4,0.75,1,4,5,10,2,1,1,2,13,11,1,
22023,1627739,22300364,"DEC 20, 2023",UTA @ CLE,L,16,3,3,1.0,2,2,1.0,0,0,0.0,0,2,2,1,0,0,4,4,8,-10,1,
22023,1627739,22300357,"DEC 18, 2023",UTA vs. BKN,W,16,2,2,1.0,0,0,0.0,0,0,0.0,2,1,3,5,0,0,0,1,4,6,1,
22023,1627739,22300342,"DEC 16, 2023",UTA @ SAC,L,27,5,10,0.5,1,4,0.25,0,0,0.0,1,3,4,3,1,1,6,1,11,-13,1,
22023,1627739,22300323,"DEC 14, 2023",UTA @ POR,W,26,3,8,0.375,0,2,0.0,0,0,0.0,1,1,2,5,0,0,0,2,6,-17,1,
22023,1627739,22300318,"DEC 13, 2023",UTA vs. NYK,W,18,4,4,1.0,2,2,1.0,0,0,0.0,0,2,2,7,1,0,1,3,10,13,1,
22023,1627739,22300302,"DEC 11, 2023",UTA @ OKC,L,25,2,4,0.5,0,1,0.0,0,0,0.0,2,4,6,7,1,0,0,2,4,11,1,
22023,1627739,22301213,"DEC 06, 2023",UTA @ DAL,L,17,3,8,0.375,1,4,0.25,1,2,0.5,1,3,4,2,0,0,0,2,8,-3,1,
22023,1627739,22300243,"NOV 25, 2023",UTA vs. NOP,W,19,4,7,0.571,0,0,0.0,0,0,0.0,1,2,3,2,2,0,2,3,8,2,1,
22023,1627739,22300237,"NOV 22, 2023",UTA @ POR,L,5,0,1,0.0,0,0,0.0,1,2,0.5,0,2,2,1,0,1,0,0,1,2,1,
22023,1627739,22300042,"NOV 21, 2023",UTA @ LAL,L,8,2,4,0.5,1,1,1.0,0,0,0.0,0,0,0,2,0,0,2,1,5,1,1,
22023,1627739,22300035,"NOV 17, 2023",UTA vs. PHX,L,0,0,0,0.0,0,0,0.0,0,0,0.0,0,0,0,0,0,0,0,0,0,0,1,
22023,1627739,22300023,"NOV 14, 2023",UTA vs. POR,W,1,0,0,0.0,0,0,0.0,0,0,0.0,0,0,0,0,0,0,1,0,0,0,1,
22023,1627739,22300158,"NOV 08, 2023",UTA @ IND,L,12,3,5,0.6,1,1,1.0,0,0,0.0,1,3,4,2,0,0,0,0,7,-3,1,
22023,1627739,22300152,"NOV 06, 2023",UTA @ CHI,L,11,1,1,1.0,1,1,1.0,0,0,0.0,2,3,5,3,0,0,2,1,3,-3,1,
22023,1627739,22300130,"NOV 02, 2023",UTA vs. ORL,L,6,1,2,0.5,0,0,0.0,0,0,0.0,0,2,2,3,0,0,0,0,2,-1,1,
22023,1627739,22300125,"NOV 01, 2023",UTA vs. MEM,W,13,1,2,0.5,1,1,1.0,2,2,1.0,0,1,1,3,0,0,0,3,5,10,1,
22023,1627739,22300110,"OCT 30, 2023",UTA @ DEN,L,6,0,2,0.0,0,1,0.0,0,0,0.0,0,2,2,1,0,0,0,1,0,0,1,
22023,1627739,22300094,"OCT 28, 2023",UTA @ PHX,L,20,2,7,0.286,0,1,0.0,0,0,0.0,0,2,2,3,2,0,1,2,4,4,1,
22023,1627739,22300085,"OCT 27, 2023",UTA vs. LAC,W,19,2,7,0.286,0,2,0.0,0,0,0.0,0,1,1,3,1,0,3,6,4,8,1,
22023,1627739,22300072,"OCT 25, 2023",UTA vs. SAC,L,16,3,6,0.5,0,1,0.0,2,4,0.5,0,1,1,2,2,0,4,0,8,-16,1,
22023,1627741,22300779,"FEB 14, 2024",PHI vs. MIA,L,44,8,15,0.533,5,11,0.455,1,1,1.0,0,3,3,10,2,0,5,4,22,-8,1,
22023,1627741,22300762,"FEB 12, 2024",PHI @ CLE,W,36,9,13,0.692,5,8,0.625,1,1,1.0,0,4,4,8,1,0,3,6,24,-2,1,
22023,1627741,22300753,"FEB 10, 2024",PHI @ WAS,W,36,9,16,0.563,4,9,0.444,1,2,0.5,1,4,5,6,4,0,2,3,23,-2,1,
22023,1627741,22300742,"FEB 09, 2024",PHI vs. ATL,L,40,8,21,0.381,4,12,0.333,0,0,0.0,1,3,4,6,0,0,2,3,20,-1,1,
22023,1627741,22300719,"FEB 06, 2024",IND vs. HOU,W,24,5,7,0.714,2,4,0.5,0,0,0.0,0,3,3,6,0,0,1,2,12,11,1,
22023,1627741,22300707,"FEB 04, 2024",IND @ CHA,W,12,1,4,0.25,1,3,0.333,0,0,0.0,0,1,1,0,0,0,0,1,3,-6,1,
22023,1627741,22300691,"FEB 02, 2024",IND vs. SAC,L,28,7,13,0.538,3,8,0.375,0,0,0.0,0,4,4,4,2,0,0,3,17,-10,1,
22023,1627741,22300685,"FEB 01, 2024",IND @ NYK,L,28,1,8,0.125,1,7,0.143,0,0,0.0,1,1,2,0,1,2,0,2,3,-10,1,
22023,1627741,22300670,"JAN 30, 2024",IND @ BOS,L,36,5,9,0.556,2,5,0.4,0,0,0.0,2,4,6,4,3,0,1,2,12,7,1,
22023,1627741,22300652,"JAN 28, 2024",IND vs. MEM,W,19,1,8,0.125,1,4,0.25,0,0,0.0,0,3,3,3,0,1,1,1,3,0,1,
22023,1627741,22300636,"JAN 26, 2024",IND vs. PHX,W,14,1,3,0.333,0,2,0.0,0,0,0.0,1,1,2,4,0,0,1,2,2,-5,1,
22023,1627741,22300627,"JAN 25, 2024",IND vs. PHI,W,26,4,6,0.667,3,5,0.6,0,0,0.0,0,3,3,2,2,0,1,1,11,23,1,
22023,1627741,22300614,"JAN 23, 2024",IND vs. DEN,L,22,1,3,0.333,0,2,0.0,1,1,1.0,0,1,1,1,2,1,0,1,3,-15,1,
22023,1627741,22300604,"JAN 21, 2024",IND @ PHX,L,31,6,10,0.6,5,8,0.625,1,2,0.5,1,3,4,3,1,0,0,2,18,-20,1,
22023,1627741,22300590,"JAN 19, 2024",IND @ POR,L,36,6,13,0.462,6,11,0.545,0,0,0.0,1,5,6,7,1,1,1,4,18,11,1,
22023,1627741,22300583,"JAN 18, 2024",IND @ SAC,W,36,4,9,0.444,2,6,0.333,2,2,1.0,0,5,5,8,1,1,1,2,12,5,1,
22023,1627741,22300564,"JAN 15, 2024",IND @ UTA,L,23,5,8,0.625,3,5,0.6,1,1,1.0,1,1,2,1,0,0,1,1,14,-24,1,
22023,1627741,22300550,"JAN 14, 2024",IND @ DEN,L,28,6,13,0.462,2,9,0.222,2,2,1.0,0,2,2,1,2,0,1,2,16,1,1,
22023,1627741,22300533,"JAN 12, 2024",IND @ ATL,W,23,7,11,0.636,4,6,0.667,0,0,0.0,0,3,3,2,0,3,2,3,18,14,1,
22023,1627741,22300520,"JAN 10, 2024",IND vs. WAS,W,19,0,5,0.0,0,3,0.0,0,0,0.0,1,2,3,4,0,0,1,1,0,12,1,
22023,1627741,22300507,"JAN 08, 2024",IND vs. BOS,W,25,6,11,0.545,3,7,0.429,0,0,0.0,1,3,4,3,1,1,1,3,15,7,1,
22023,1627741,22300493,"JAN 06, 2024",IND vs. BOS,L,31,6,16,0.375,3,10,0.3,0,0,0.0,0,2,2,3,0,0,0,3,15,-5,1,
22023,1627741,22300480,"JAN 05, 2024",IND vs. ATL,W,17,4,9,0.444,3,8,0.375,0,0,0.0,0,3,3,1,0,0,1,4,11,9,1,
22023,1627741,22300466,"JAN 03, 2024",IND vs. MIL,W,13,3,8,0.375,2,4,0.5,2,3,0.667,0,0,0,0,1,0,0,1,10,1,1,
22023,1627741,22300454,"JAN 01, 2024",IND @ MIL,W,21,0,6,0.0,0,4,0.0,0,0,0.0,2,1,3,0,0,0,0,2,0,4,1,
22023,1627741,22300441,"DEC 30, 2023",IND vs. NYK,W,18,2,3,0.667,1,2,0.5,1,1,1.0,0,2,2,1,1,0,1,1,6,4,1,
22023,1627741,22300422,"DEC 28, 2023",IND @ CHI,W,33,7,13,0.538,5,10,0.5,0,0,0.0,0,6,6,2,1,1,3,3,19,22,1,
22023,1627741,22300409,"DEC 26, 2023",IND @ HOU,W,33,4,14,0.286,3,11,0.273,0,0,0.0,1,4,5,5,0,0,0,1,11,-10,1,
22023,1627741,22300391,"DEC 23, 2023",IND vs. ORL,L,38,7,15,0.467,5,11,0.455,1,1,1.0,1,6,7,1,1,1,2,4,20,11,1,
22023,1627741,22300377,"DEC 21, 2023",IND @ MEM,L,32,5,14,0.357,5,13,0.385,0,0,0.0,2,4,6,4,2,0,2,2,15,4,1,
22023,1627741,22300365,"DEC 20, 2023",IND vs. CHA,W,26,8,13,0.615,4,8,0.5,5,5,1.0,2,2,4,3,1,3,2,2,25,10,1,
22023,1627741,22300350,"DEC 18, 2023",IND vs. LAC,L,30,5,9,0.556,3,7,0.429,1,2,0.5,0,0,0,4,0,1,2,2,14,-12,1,
22023,1627741,22300338,"DEC 16, 2023",IND @ MIN,L,18,0,4,0.0,0,3,0.0,0,0,0.0,0,1,1,2,0,0,3,1,0,-11,1,
22023,1627741,22300328,"DEC 15, 2023",IND @ WAS,L,27,4,14,0.286,3,11,0.273,0,0,0.0,0,3,3,3,2,3,2,1,11,-15,1,
22023,1627741,22300315,"DEC 13, 2023",IND @ MIL,L,27,3,9,0.333,1,6,0.167,0,0,0.0,2,1,3,2,0,0,1,1,7,-10,1,
22023,1627741,22300293,"DEC 11, 2023",IND @ DET,W,31,6,9,0.667,4,7,0.571,0,0,0.0,0,3,3,2,1,0,0,1,16,2,1,
22023,1627741,22301229,"DEC 07, 2023",IND @ MIL,W,30,3,11,0.273,0,6,0.0,2,2,1.0,4,7,11,2,2,1,2,3,8,0,1,
22023,1627741,22301202,"DEC 04, 2023",IND vs. BOS,W,32,7,11,0.636,4,6,0.667,3,4,0.75,2,0,2,2,2,0,1,2,21,29,1,
22023,1627741,22300284,"DEC 02, 2023",IND @ MIA,W,24,3,7,0.429,1,4,0.25,0,0,0.0,0,1,1,2,2,0,1,3,7,20,1,
22023,1627741,22300267,"NOV 30, 2023",IND @ MIA,L,31,5,16,0.313,2,11,0.182,0,0,0.0,1,4,5,5,1,2,1,6,12,-13,1,
22023,1627741,22300254,"NOV 27, 2023",IND vs. POR,L,24,3,10,0.3,1,6,0.167,2,2,1.0,0,1,1,3,1,1,2,1,9,4,1,
22023,1627741,22300047,"NOV 24, 2023",IND vs. DET,W,28,6,11,0.545,3,6,0.5,3,3,1.0,0,4,4,0,0,0,0,2,18,-7,1,
22023,1627741,22300230,"NOV 22, 2023",IND vs. TOR,L,35,12,17,0.706,7,12,0.583,0,0,0.0,0,2,2,5,2,1,1,2,31,10,1,
22023,1627741,22300039,"NOV 21, 2023",IND @ ATL,W,31,9,11,0.818,6,6,1.0,0,0,0.0,1,1,2,1,0,0,1,3,24,20,1,
22023,1627741,22300209,"NOV 19, 2023",IND vs. ORL,L,15,1,4,0.25,1,4,0.25,0,0,0.0,0,1,1,2,0,0,1,4,3,-15,1,
22023,1627741,22300019,"NOV 14, 2023",IND @ PHI,W,29,1,5,0.2,0,3,0.0,0,0,0.0,0,2,2,1,1,0,5,2,2,10,1,
22023,1627741,22300180,"NOV 12, 2023",IND @ PHI,L,21,6,14,0.429,4,8,0.5,0,0,0.0,1,3,4,3,1,1,0,0,16,-1,1,
22023,1627741,22300171,"NOV 09, 2023",IND vs. MIL,W,22,4,14,0.286,2,11,0.182,1,1,1.0,0,2,2,2,1,0,2,3,11,-21,1,
22023,1627741,22300158,"NOV 08, 2023",IND vs. UTA,W,22,4,16,0.25,2,12,0.167,0,0,0.0,0,3,3,1,1,1,1,2,10,10,1,
22023,1627741,22300146,"NOV 06, 2023",IND vs. SAS,W,21,7,8,0.875,5,6,0.833,0,0,0.0,0,2,2,2,1,0,4,1,19,22,1,
22023,1627741,22300133,"NOV 04, 2023",IND vs. CHA,L,26,7,15,0.467,5,13,0.385,0,1,0.0,2,4,6,2,0,2,2,1,19,-1,1,
22023,1627741,22300001,"NOV 03, 2023",IND vs. CLE,W,30,5,9,0.556,4,7,0.571,0,0,0.0,0,5,5,2,0,1,1,2,14,16,1,
22023,1627741,22300118,"NOV 01, 2023",IND @ BOS,L,24,3,8,0.375,1,4,0.25,0,0,0.0,1,3,4,5,1,0,1,3,7,-16,1,
22023,1627741,22300102,"OCT 30, 2023",IND vs. CHI,L,19,4,12,0.333,3,8,0.375,0,0,0.0,3,2,5,4,0,0,2,0,11,-2,1,
22023,1627741,22300091,"OCT 28, 2023",IND @ CLE,W,19,4,12,0.333,2,7,0.286,0,0,0.0,0,1,1,4,0,1,1,1,10,6,1,
22023,1627741,22300064,"OCT 25, 2023",IND vs. WAS,W,25,5,9,0.556,4,7,0.571,0,0,0.0,0,2,2,5,1,1,1,0,14,15,1,
22023,1627742,22300784,"FEB 14, 2024",NOP vs. WAS,W,35,6,13,0.462,2,3,0.667,4,6,0.667,1,2,3,8,2,0,1,4,18,-15,1,
22023,1627742,22300766,"FEB 12, 2024",NOP @ MEM,W,36,7,14,0.5,2,6,0.333,0,1,0.0,0,2,2,6,1,1,6,4,16,5,1,
22023,1627742,22300758,"FEB 10, 2024",NOP @ POR,W,36,8,21,0.381,0,2,0.0,1,4,0.25,2,2,4,9,1,1,5,3,17,4,1,
22023,1627742,22300747,"FEB 09, 2024",NOP @ LAL,L,35,7,17,0.412,0,2,0.0,8,8,1.0,1,6,7,7,0,3,2,3,22,0,1,
22023,1627742,22300731,"FEB 07, 2024",NOP @ LAC,W,36,7,14,0.5,0,4,0.0,1,2,0.5,1,7,8,6,1,1,2,0,15,14,1,
22023,1627742,22300718,"FEB 05, 2024",NOP vs. TOR,W,30,16,21,0.762,8,11,0.727,1,1,1.0,1,5,6,9,0,1,0,1,41,37,1,
22023,1627742,22300696,"FEB 02, 2024",NOP @ SAS,W,36,7,15,0.467,1,2,0.5,4,4,1.0,2,2,4,6,2,1,2,4,19,-6,1,
22023,1627742,22300679,"JAN 31, 2024",NOP @ HOU,W,36,9,19,0.474,0,3,0.0,6,7,0.857,4,6,10,4,0,2,6,4,24,4,1,
22023,1627742,22300659,"JAN 29, 2024",NOP @ BOS,L,36,12,24,0.5,2,8,0.25,2,3,0.667,1,6,7,6,1,1,2,2,28,2,1,
22023,1627742,22300648,"JAN 27, 2024",NOP @ MIL,L,28,9,18,0.5,2,2,1.0,6,8,0.75,0,6,6,1,0,0,1,0,26,-22,1,
22023,1627742,22300640,"JAN 26, 2024",NOP vs. OKC,L,34,5,9,0.556,0,0,0.0,2,5,0.4,0,4,4,9,0,2,5,3,12,-15,1,
22023,1627742,22300616,"JAN 23, 2024",NOP vs. UTA,W,31,8,18,0.444,0,2,0.0,2,2,1.0,1,4,5,6,0,0,1,1,18,20,1,
22023,1627742,22300588,"JAN 19, 2024",NOP vs. PHX,L,33,5,11,0.455,1,5,0.2,6,9,0.667,0,7,7,11,0,0,2,2,17,-10,1,
22023,1627742,22300575,"JAN 17, 2024",NOP vs. CHA,W,34,8,19,0.421,7,11,0.636,5,5,1.0,1,9,10,10,3,0,2,3,28,20,1,
22023,1627742,22300556,"JAN 15, 2024",NOP @ DAL,L,32,3,14,0.214,0,4,0.0,6,8,0.75,0,5,5,5,1,0,1,3,12,-19,1,
22023,1627742,22300539,"JAN 12, 2024",NOP @ DEN,L,34,4,11,0.364,0,1,0.0,1,2,0.5,0,4,4,6,0,0,2,2,9,-14,1,
22023,1627742,22300525,"JAN 10, 2024",NOP @ GSW,W,23,5,12,0.417,1,3,0.333,2,2,1.0,1,4,5,1,1,0,2,4,13,7,1,
22023,1627742,22300500,"JAN 07, 2024",NOP @ SAC,W,30,6,12,0.5,1,3,0.333,2,2,1.0,0,4,4,8,1,1,1,0,15,34,1,
22023,1627742,22300486,"JAN 05, 2024",NOP vs. LAC,L,30,3,9,0.333,0,1,0.0,6,7,0.857,0,1,1,4,0,0,2,2,12,-12,1,
22023,1627742,22300471,"JAN 03, 2024",NOP @ MIN,W,32,7,11,0.636,1,3,0.333,4,5,0.8,0,4,4,7,2,0,3,3,19,13,1,
22023,1627742,22300461,"JAN 02, 2024",NOP vs. BKN,W,25,5,9,0.556,2,2,1.0,0,0,0.0,1,4,5,5,0,1,1,2,12,20,1,
22023,1627742,22300446,"DEC 31, 2023",NOP vs. LAL,W,38,10,18,0.556,4,7,0.571,2,5,0.4,1,4,5,8,3,2,3,3,26,17,1,
22023,1627742,22300424,"DEC 28, 2023",NOP vs. UTA,W,36,9,18,0.5,1,2,0.5,7,7,1.0,1,2,3,5,1,2,1,3,26,4,1,
22023,1627742,22300410,"DEC 26, 2023",NOP vs. MEM,L,42,9,20,0.45,2,4,0.5,4,4,1.0,2,4,6,7,3,4,3,3,24,-7,1,
22023,1627742,22300392,"DEC 23, 2023",NOP vs. HOU,L,36,6,12,0.5,0,2,0.0,7,9,0.778,1,2,3,5,0,2,0,2,19,2,1,
22023,1627742,22300375,"DEC 21, 2023",NOP @ CLE,W,28,6,12,0.5,1,3,0.333,4,4,1.0,1,6,7,6,0,0,3,2,17,12,1,
22023,1627742,22300360,"DEC 19, 2023",NOP vs. MEM,L,37,11,18,0.611,1,1,1.0,11,12,0.917,1,3,4,6,2,0,2,4,34,0,1,
22023,1627742,22300345,"DEC 17, 2023",NOP @ SAS,W,27,10,17,0.588,5,7,0.714,1,1,1.0,0,3,3,4,1,1,1,1,26,23,1,
22023,1627742,22300326,"DEC 15, 2023",NOP @ CHA,W,32,3,8,0.375,0,1,0.0,2,2,1.0,0,3,3,7,0,0,9,3,8,5,1,
22023,1627742,22300311,"DEC 13, 2023",NOP @ WAS,W,31,14,23,0.609,1,4,0.25,11,12,0.917,1,1,2,3,0,1,1,2,40,12,1,
22023,1627742,22300301,"DEC 11, 2023",NOP vs. MIN,W,29,5,13,0.385,2,5,0.4,8,9,0.889,0,3,3,5,0,0,4,2,20,13,1,
22023,1627742,22301230,"DEC 07, 2023",NOP @ LAL,L,31,4,13,0.308,0,3,0.0,1,2,0.5,1,2,3,7,0,0,3,3,9,-33,1,
22023,1627742,22301204,"DEC 04, 2023",NOP @ SAC,W,40,10,20,0.5,3,6,0.5,7,9,0.778,2,6,8,6,1,0,2,2,30,3,1,
22023,1627742,22300285,"DEC 02, 2023",NOP @ CHI,L,36,10,15,0.667,0,0,0.0,3,6,0.5,0,6,6,6,3,0,2,1,23,1,1,
22023,1627742,22300278,"DEC 01, 2023",NOP vs. SAS,W,34,3,14,0.214,0,4,0.0,8,8,1.0,0,5,5,7,1,0,4,3,14,10,1,
22023,1627742,22300262,"NOV 29, 2023",NOP vs. PHI,W,35,4,7,0.571,2,4,0.5,5,5,1.0,0,4,4,6,1,1,1,1,15,10,1,
22023,1627742,22300256,"NOV 27, 2023",NOP @ UTA,L,35,11,22,0.5,0,2,0.0,3,4,0.75,0,4,4,5,0,0,2,3,25,4,1,
22023,1627742,22300243,"NOV 25, 2023",NOP @ UTA,L,37,10,22,0.455,1,4,0.25,5,8,0.625,1,5,6,8,1,0,1,4,26,3,1,
22023,1627742,22300052,"NOV 24, 2023",NOP @ LAC,W,35,12,21,0.571,2,5,0.4,4,6,0.667,0,4,4,5,0,0,3,3,30,13,1,
22023,1627742,22300233,"NOV 22, 2023",NOP vs. SAC,W,30,9,18,0.5,1,4,0.25,4,4,1.0,0,4,4,3,1,0,2,5,23,0,1,
22023,1627742,22300222,"NOV 20, 2023",NOP vs. SAC,W,26,11,18,0.611,5,5,1.0,4,4,1.0,0,4,4,3,0,0,1,0,31,33,1,
22023,1627742,22300203,"NOV 18, 2023",NOP vs. MIN,L,34,11,24,0.458,1,6,0.167,7,9,0.778,2,5,7,4,1,0,4,0,30,3,1,
22023,1627742,22300034,"NOV 17, 2023",NOP vs. DEN,W,38,9,19,0.474,2,4,0.5,1,1,1.0,1,2,3,8,1,0,2,3,21,-5,1,
22023,1627742,22300022,"NOV 14, 2023",NOP vs. DAL,W,36,11,20,0.55,1,5,0.2,2,2,1.0,1,8,9,7,2,0,2,0,25,17,1,
22023,1627742,22300183,"NOV 12, 2023",NOP vs. DAL,L,31,9,17,0.529,1,3,0.333,1,4,0.25,0,5,5,5,0,0,1,2,20,-10,1,
22023,1627742,22300011,"NOV 10, 2023",NOP @ HOU,L,39,11,24,0.458,3,11,0.273,6,9,0.667,0,6,6,5,0,1,4,2,31,1,1,
22023,1627742,22300166,"NOV 08, 2023",NOP @ MIN,L,32,11,25,0.44,1,6,0.167,1,1,1.0,0,3,3,6,0,0,2,1,24,-24,1,
22023,1627742,22300156,"NOV 06, 2023",NOP @ DEN,L,36,10,22,0.455,0,4,0.0,2,2,1.0,1,1,2,5,0,0,5,1,22,-29,1,
22023,1627742,22300135,"NOV 04, 2023",NOP vs. ATL,L,32,6,10,0.6,1,3,0.333,3,3,1.0,1,6,7,3,0,1,1,1,16,-10,1,
22023,1627742,22300090,"OCT 28, 2023",NOP vs. NYK,W,32,11,17,0.647,1,3,0.333,3,4,0.75,2,5,7,3,1,0,5,4,26,5,1,
22023,1627742,22300071,"OCT 25, 2023",NOP @ MEM,W,36,7,18,0.389,0,3,0.0,5,6,0.833,0,7,7,6,2,0,5,3,19,-2,1,
22023,1627745,22300756,"FEB 10, 2024",CLE @ TOR,W,3,0,0,0.0,0,0,0.0,0,0,0.0,0,0,0,1,0,0,0,0,0,3,1,
22023,1627745,22300735,"FEB 08, 2024",CLE @ BKN,W,3,0,0,0.0,0,0,0.0,0,0,0.0,0,1,1,2,0,1,0,0,0,4,1,
22023,1627745,22300714,"FEB 05, 2024",CLE vs. SAC,W,3,0,0,0.0,0,0,0.0,0,0,0.0,0,1,1,1,0,1,1,1,0,0,1,
22023,1627745,22300703,"FEB 03, 2024",CLE @ SAS,W,2,0,0,0.0,0,0,0.0,0,0,0.0,0,0,0,0,0,0,0,0,0,-1,1,
22023,1627745,22300687,"FEB 01, 2024",CLE @ MEM,W,15,2,4,0.5,0,0,0.0,3,3,1.0,2,4,6,1,0,3,2,2,7,-5,1,
22023,1627745,22300639,"JAN 26, 2024",CLE @ MIL,W,12,1,3,0.333,0,1,0.0,2,2,1.0,3,4,7,1,0,2,1,2,4,0,1,
22023,1627745,22300624,"JAN 24, 2024",CLE @ MIL,L,10,2,2,1.0,0,0,0.0,1,1,1.0,0,0,0,2,0,0,0,0,5,3,1,
22023,1627745,22300607,"JAN 22, 2024",CLE @ ORL,W,9,2,3,0.667,1,2,0.5,2,2,1.0,0,1,1,0,1,0,0,1,7,-4,1,
22023,1627745,22300595,"JAN 20, 2024",CLE @ ATL,W,3,0,0,0.0,0,0,0.0,0,0,0.0,0,0,0,0,0,0,0,0,0,-1,1,
22023,1627745,22300572,"JAN 17, 2024",CLE vs. MIL,W,10,0,3,0.0,0,1,0.0,0,0,0.0,0,1,1,0,0,0,0,1,0,-5,1,
22023,1627745,22300482,"JAN 05, 2024",CLE vs. WAS,W,5,1,1,1.0,0,0,0.0,0,0,0.0,0,1,1,0,0,0,0,0,2,1,1,
22023,1627745,22300465,"JAN 03, 2024",CLE vs. WAS,W,6,2,3,0.667,0,1,0.0,0,0,0.0,0,1,1,0,0,1,0,0,4,-1,1,
22023,1627745,22300396,"DEC 23, 2023",CLE @ CHI,W,12,2,4,0.5,1,2,0.5,1,1,1.0,0,2,2,1,1,0,1,5,6,16,1,
22023,1627745,22300375,"DEC 21, 2023",CLE vs. NOP,L,4,1,1,1.0,0,0,0.0,0,0,0.0,0,1,1,0,0,0,0,0,2,2,1,
22023,1627745,22301220,"DEC 08, 2023",CLE @ MIA,W,3,0,0,0.0,0,0,0.0,0,0,0.0,0,1,1,0,0,0,1,1,0,-12,1,
22023,1627745,22300229,"NOV 22, 2023",CLE vs. MIA,L,12,1,5,0.2,0,0,0.0,0,0,0.0,2,1,3,1,1,1,1,0,2,-11,1,
22023,1627745,22300210,"NOV 19, 2023",CLE vs. DEN,W,3,0,0,0.0,0,0,0.0,0,0,0.0,0,0,0,0,0,0,0,0,0,-10,1,
22023,1627745,22300030,"NOV 17, 2023",CLE vs. DET,W,1,0,0,0.0,0,0,0.0,0,0,0.0,0,0,0,0,0,0,0,0,0,-2,1,
22023,1627745,22300199,"NOV 15, 2023",CLE @ POR,W,2,0,0,0.0,0,0,0.0,0,0,0.0,0,0,0,0,0,0,0,0,0,0,1,
22023,1627745,22300176,"NOV 11, 2023",CLE @ GSW,W,1,0,0,0.0,0,0,0.0,0,0,0.0,0,0,0,0,0,0,0,0,0,-6,1,
22023,1627745,22300142,"NOV 05, 2023",CLE vs. GSW,W,1,0,0,0.0,0,0,0.0,0,0,0.0,0,0,0,0,0,0,0,0,0,-2,1,
22023,1627745,22300112,"OCT 31, 2023",CLE vs. NYK,L,5,1,1,1.0,0,0,0.0,0,0,0.0,0,1,1,0,0,0,0,0,2,2,1,
22023,1627745,22300091,"OCT 28, 2023",CLE vs. IND,L,6,0,0,0.0,0,0,0.0,0,0,0.0,2,1,3,0,0,0,0,0,0,-1,1,
22023,1627745,22300081,"OCT 27, 2023",CLE vs. OKC,L,10,0,0,0.0,0,0,0.0,1,2,0.5,0,3,3,0,0,1,0,0,1,5,1,
22023,1627745,22300067,"OCT 25, 2023",CLE @ BKN,W,11,2,2,1.0,0,0,0.0,0,0,0.0,0,0,0,2,0,0,2,3,4,-7,1,
22023,1627747,22300781,"FEB 14, 2024",CLE vs. CHI,W,23,2,7,0.286,1,3,0.333,0,0,0.0,1,3,4,9,0,0,1,2,5,9,1,
22023,1627747,22300762,"FEB 12, 2024",CLE vs. PHI,L,27,5,14,0.357,1,6,0.167,0,0,0.0,2,2,4,6,0,1,1,4,11,-5,1,
22023,1627747,22300756,"FEB 10, 2024",CLE @ TOR,W,22,6,8,0.75,1,2,0.5,0,0,0.0,1,4,5,5,0,1,2,2,13,24,1,
22023,1627747,22300735,"FEB 08, 2024",CLE @ BKN,W,23,2,6,0.333,0,2,0.0,0,0,0.0,0,3,3,5,1,0,2,1,4,8,1,
22023,1627747,22300728,"FEB 07, 2024",CLE @ WAS,W,13,2,7,0.286,0,2,0.0,0,0,0.0,0,5,5,5,0,0,0,1,4,12,1,
22023,1627747,22300714,"FEB 05, 2024",CLE vs. SAC,W,24,6,12,0.5,3,4,0.75,2,4,0.5,1,5,6,7,1,0,1,3,17,18,1,
22023,1627747,22300703,"FEB 03, 2024",CLE @ SAS,W,25,4,10,0.4,2,5,0.4,0,0,0.0,1,4,5,6,1,0,1,2,10,20,1,
22023,1627747,22300687,"FEB 01, 2024",CLE @ MEM,W,29,6,10,0.6,1,4,0.25,3,4,0.75,0,1,1,3,2,0,2,1,16,-11,1,
22023,1627747,22300675,"JAN 31, 2024",CLE vs. DET,W,25,3,8,0.375,1,4,0.25,4,4,1.0,0,1,1,4,1,2,2,0,11,7,1,
22023,1627747,22300658,"JAN 29, 2024",CLE vs. LAC,W,23,6,12,0.5,1,4,0.25,0,0,0.0,1,1,2,3,1,0,1,1,13,8,1,
22023,1627747,22300639,"JAN 26, 2024",CLE @ MIL,W,24,3,10,0.3,1,4,0.25,5,6,0.833,1,3,4,5,1,0,1,5,12,4,1,
22023,1627747,22300624,"JAN 24, 2024",CLE @ MIL,L,28,4,10,0.4,1,4,0.25,0,0,0.0,0,4,4,4,2,1,2,2,9,-10,1,
22023,1627747,22300572,"JAN 17, 2024",CLE vs. MIL,W,22,1,7,0.143,0,2,0.0,2,3,0.667,1,2,3,4,0,0,2,1,4,2,1,
22023,1627747,22300561,"JAN 15, 2024",CLE vs. CHI,W,30,6,17,0.353,4,10,0.4,0,0,0.0,1,6,7,7,0,0,3,2,16,8,1,
22023,1627747,22300527,"JAN 11, 2024",CLE vs. BKN,W,35,5,14,0.357,3,9,0.333,8,12,0.667,0,3,3,1,1,2,1,2,21,0,1,
22023,1627747,22300497,"JAN 07, 2024",CLE vs. SAS,W,26,9,13,0.692,4,5,0.8,1,3,0.333,0,2,2,3,2,0,4,2,23,3,1,
22023,1627747,22300482,"JAN 05, 2024",CLE vs. WAS,W,27,3,7,0.429,1,2,0.5,4,4,1.0,0,4,4,11,2,0,2,0,11,13,1,
22023,1627747,22300465,"JAN 03, 2024",CLE vs. WAS,W,23,9,18,0.5,3,6,0.5,0,0,0.0,2,3,5,5,1,1,0,1,21,22,1,
22023,1627747,22300452,"JAN 01, 2024",CLE @ TOR,L,29,12,20,0.6,2,7,0.286,5,5,1.0,0,4,4,4,0,0,0,0,31,1,1,
22023,1627747,22300433,"DEC 29, 2023",CLE vs. MIL,L,28,3,14,0.214,0,6,0.0,0,0,0.0,0,1,1,4,1,0,2,2,6,-3,1,
22023,1627747,22300420,"DEC 27, 2023",CLE @ DAL,W,28,9,19,0.474,6,11,0.545,5,8,0.625,0,2,2,7,0,0,2,3,29,-16,1,
22023,1627747,22300375,"DEC 21, 2023",CLE vs. NOP,L,23,3,9,0.333,1,4,0.25,2,2,1.0,0,0,0,4,1,0,1,1,9,-24,1,
22023,1627747,22300364,"DEC 20, 2023",CLE vs. UTA,W,27,6,15,0.4,4,7,0.571,7,8,0.875,0,3,3,7,1,0,0,3,23,11,1,
22023,1627747,22300349,"DEC 18, 2023",CLE vs. HOU,W,27,5,13,0.385,1,6,0.167,1,2,0.5,1,6,7,5,2,0,3,0,12,-3,1,
22023,1627747,22300336,"DEC 16, 2023",CLE vs. ATL,W,25,6,15,0.4,1,4,0.25,1,2,0.5,2,3,5,1,1,1,3,1,14,-1,1,
22023,1627747,22300319,"DEC 14, 2023",CLE @ BOS,L,35,9,16,0.563,3,6,0.5,5,6,0.833,1,2,3,5,3,1,1,2,26,-1,1,
22023,1627747,22300305,"DEC 12, 2023",CLE @ BOS,L,23,5,11,0.455,1,4,0.25,0,0,0.0,0,2,2,3,0,1,2,1,11,-5,1,
22023,1627747,22300265,"NOV 30, 2023",CLE vs. POR,L,26,2,9,0.222,1,4,0.25,0,0,0.0,1,1,2,2,0,0,2,3,5,-17,1,
22023,1627747,22300055,"NOV 28, 2023",CLE vs. ATL,W,30,4,8,0.5,2,5,0.4,0,0,0.0,0,3,3,1,1,0,4,3,10,14,1,
22023,1627747,22300251,"NOV 26, 2023",CLE vs. TOR,W,22,3,10,0.3,1,4,0.25,0,0,0.0,0,3,3,1,0,0,0,1,7,6,1,
22023,1627747,22300242,"NOV 25, 2023",CLE vs. LAL,L,26,3,9,0.333,0,4,0.0,0,0,0.0,0,1,1,8,1,0,0,2,6,-2,1,
22023,1627747,22300229,"NOV 22, 2023",CLE vs. MIA,L,18,4,8,0.5,2,3,0.667,2,2,1.0,0,2,2,3,0,1,2,0,12,-17,1,
22023,1627747,22300030,"NOV 17, 2023",CLE vs. DET,W,33,4,14,0.286,1,6,0.167,1,2,0.5,0,1,1,1,2,0,0,0,10,11,1,
22023,1627747,22300199,"NOV 15, 2023",CLE @ POR,W,33,8,17,0.471,1,7,0.143,0,0,0.0,1,7,8,6,2,1,1,2,17,7,1,
22023,1627747,22300191,"NOV 13, 2023",CLE @ SAC,L,28,7,13,0.538,2,3,0.667,5,6,0.833,1,2,3,1,0,0,2,3,21,-7,1,
22023,1627747,22300176,"NOV 11, 2023",CLE @ GSW,W,36,8,18,0.444,2,7,0.286,4,5,0.8,2,3,5,3,4,1,0,1,22,23,1,
22023,1627747,22300167,"NOV 08, 2023",CLE @ OKC,L,34,7,14,0.5,2,6,0.333,13,16,0.813,0,5,5,5,0,0,3,5,29,-14,1,
22023,1627747,22300142,"NOV 05, 2023",CLE vs. GSW,W,32,3,6,0.5,0,3,0.0,2,2,1.0,0,5,5,2,2,0,1,0,8,6,1,
22023,1627747,22300001,"NOV 03, 2023",CLE @ IND,L,30,5,12,0.417,0,4,0.0,3,4,0.75,0,5,5,4,0,1,1,2,13,-1,1,
22023,1627747,22300120,"NOV 01, 2023",CLE @ NYK,W,31,6,14,0.429,3,4,0.75,4,4,1.0,0,6,6,5,1,0,3,3,19,10,1,
22023,1627747,22300091,"OCT 28, 2023",CLE vs. IND,L,44,12,28,0.429,4,10,0.4,3,9,0.333,2,3,5,8,1,0,2,2,31,-2,1,
22023,1627747,22300081,"OCT 27, 2023",CLE vs. OKC,L,31,7,16,0.438,3,9,0.333,0,0,0.0,0,2,2,2,1,1,1,1,17,-3,1,
22023,1627747,22300067,"OCT 25, 2023",CLE @ BKN,W,31,4,17,0.235,3,8,0.375,0,0,0.0,0,3,3,5,1,1,0,1,11,-6,1,
22023,1627749,22300777,"FEB 14, 2024",ATL @ CHA,L,32,5,15,0.333,1,7,0.143,2,3,0.667,2,5,7,4,1,2,3,2,13,-28,1,
22023,1627749,22300763,"FEB 12, 2024",ATL vs. CHI,L,34,7,17,0.412,2,8,0.25,1,2,0.5,1,4,5,9,2,0,6,4,17,-5,1,
22023,1627749,22300754,"FEB 10, 2024",ATL vs. HOU,W,40,9,19,0.474,4,9,0.444,12,15,0.8,0,6,6,7,2,1,1,0,34,8,1,
22023,1627749,22300716,"FEB 05, 2024",ATL vs. LAC,L,34,7,18,0.389,3,7,0.429,4,5,0.8,1,4,5,7,0,0,2,1,21,-7,1,
22023,1627749,22300699,"FEB 03, 2024",ATL vs. GSW,W,41,9,24,0.375,0,6,0.0,1,1,1.0,0,5,5,7,1,0,2,5,19,4,1,
22023,1627749,22300690,"FEB 02, 2024",ATL vs. PHX,W,39,7,17,0.412,1,8,0.125,7,8,0.875,0,8,8,5,1,0,1,2,22,10,1,
22023,1627749,22300669,"JAN 30, 2024",ATL vs. LAL,W,33,11,19,0.579,0,4,0.0,2,2,1.0,0,4,4,9,2,0,3,1,24,19,1,
22023,1627749,22300634,"JAN 26, 2024",ATL vs. DAL,L,37,9,18,0.5,3,7,0.429,1,2,0.5,1,4,5,7,0,0,3,3,22,-21,1,
22023,1627749,22300626,"JAN 24, 2024",ATL @ GSW,L,33,7,19,0.368,2,7,0.286,7,8,0.875,3,4,7,7,1,0,2,2,23,-13,1,
22023,1627749,22300613,"JAN 22, 2024",ATL @ SAC,L,40,11,23,0.478,6,10,0.6,7,8,0.875,0,10,10,6,0,1,4,1,35,-4,1,
22023,1627749,22300595,"JAN 20, 2024",ATL vs. CLE,L,35,10,19,0.526,2,7,0.286,2,2,1.0,0,9,9,5,1,0,2,2,24,-20,1,
22023,1627749,22300587,"JAN 19, 2024",ATL @ MIA,W,40,9,22,0.409,3,7,0.429,1,1,1.0,0,3,3,11,2,0,2,2,22,3,1,
22023,1627749,22300570,"JAN 17, 2024",ATL vs. ORL,W,36,11,18,0.611,1,4,0.25,3,3,1.0,1,4,5,5,2,0,5,1,26,-2,1,
22023,1627749,22300559,"JAN 15, 2024",ATL vs. SAS,W,33,6,15,0.4,1,6,0.167,0,0,0.0,0,13,13,0,0,1,2,3,13,0,1,
22023,1627749,22300543,"JAN 13, 2024",ATL vs. WAS,L,31,4,15,0.267,1,6,0.167,4,4,1.0,0,5,5,3,0,0,2,1,13,-22,1,
22023,1627749,22300533,"JAN 12, 2024",ATL vs. IND,L,32,13,18,0.722,3,6,0.5,0,0,0.0,0,4,4,4,3,0,3,2,29,-1,1,
22023,1627749,22300521,"JAN 10, 2024",ATL vs. PHI,W,38,8,18,0.444,5,7,0.714,4,4,1.0,0,5,5,5,1,0,1,2,25,1,1,
22023,1627749,22300499,"JAN 07, 2024",ATL @ ORL,L,40,9,20,0.45,0,2,0.0,6,10,0.6,0,6,6,2,0,0,3,2,24,-14,1,
22023,1627749,22300480,"JAN 05, 2024",ATL @ IND,L,34,13,19,0.684,2,3,0.667,2,2,1.0,0,1,1,2,0,0,1,0,30,-20,1,
22023,1627749,22300467,"JAN 03, 2024",ATL vs. OKC,W,35,8,18,0.444,2,5,0.4,4,4,1.0,2,4,6,6,0,0,3,2,22,4,1,
22023,1627749,22300445,"DEC 31, 2023",ATL @ WAS,W,34,13,21,0.619,3,6,0.5,3,5,0.6,1,5,6,3,0,0,1,1,32,0,1,
22023,1627749,22300431,"DEC 29, 2023",ATL vs. SAC,L,37,7,20,0.35,4,8,0.5,0,0,0.0,1,5,6,3,1,0,3,3,18,5,1,
22023,1627749,22300408,"DEC 26, 2023",ATL @ CHI,L,34,6,15,0.4,2,9,0.222,3,4,0.75,0,6,6,4,2,1,3,4,17,0,1,
22023,1627749,22300393,"DEC 23, 2023",ATL vs. MEM,L,35,10,15,0.667,4,6,0.667,2,2,1.0,1,3,4,4,2,0,3,4,26,-4,1,
22023,1627749,22300384,"DEC 22, 2023",ATL @ MIA,L,34,10,20,0.5,3,9,0.333,1,3,0.333,1,7,8,6,3,0,2,0,24,-3,1,
22023,1627749,22300371,"DEC 20, 2023",ATL @ HOU,W,35,7,15,0.467,3,8,0.375,4,5,0.8,2,1,3,5,0,1,3,2,21,-8,1,
22023,1627749,22300352,"DEC 18, 2023",ATL vs. DET,W,33,8,13,0.615,3,5,0.6,1,2,0.5,0,3,3,3,1,1,1,2,20,2,1,
22023,1627749,22300336,"DEC 16, 2023",ATL @ CLE,L,37,8,19,0.421,0,5,0.0,5,6,0.833,0,3,3,6,1,1,0,2,21,-3,1,
22023,1627749,22300330,"DEC 15, 2023",ATL @ TOR,W,33,8,18,0.444,1,6,0.167,0,0,0.0,1,6,7,9,1,0,1,3,17,18,1,
22023,1627749,22300313,"DEC 13, 2023",ATL @ TOR,L,34,8,17,0.471,4,9,0.444,0,1,0.0,0,3,3,5,0,2,0,2,20,-17,1,
22023,1627749,22300296,"DEC 11, 2023",ATL vs. DEN,L,38,8,22,0.364,3,8,0.375,2,2,1.0,4,2,6,3,1,0,2,2,21,-6,1,
22023,1627749,22301218,"DEC 08, 2023",ATL @ PHI,L,36,7,17,0.412,2,5,0.4,4,4,1.0,1,3,4,9,1,0,4,1,20,-7,1,
22023,1627749,22301209,"DEC 06, 2023",ATL vs. BKN,L,32,6,16,0.375,1,5,0.2,0,0,0.0,0,10,10,9,1,0,0,3,13,2,1,
22023,1627749,22300286,"DEC 02, 2023",ATL @ MIL,L,34,12,19,0.632,4,6,0.667,2,2,1.0,0,2,2,3,2,0,2,0,30,-7,1,
22023,1627749,22300272,"NOV 30, 2023",ATL @ SAS,W,35,10,21,0.476,2,4,0.5,2,2,1.0,0,3,3,2,5,0,0,1,24,-1,1,
22023,1627749,22300055,"NOV 28, 2023",ATL @ CLE,L,31,5,14,0.357,3,7,0.429,0,0,0.0,1,2,3,1,2,1,3,0,13,-21,1,
22023,1627749,22300246,"NOV 26, 2023",ATL @ BOS,L,34,2,13,0.154,0,6,0.0,2,2,1.0,2,2,4,3,0,0,3,1,6,-7,1,
22023,1627749,22300241,"NOV 25, 2023",ATL @ WAS,W,27,4,14,0.286,1,6,0.167,2,2,1.0,0,5,5,10,4,0,0,0,11,19,1,
22023,1627749,22300227,"NOV 22, 2023",ATL vs. BKN,W,39,6,21,0.286,3,8,0.375,5,5,1.0,3,3,6,8,2,0,1,4,20,0,1,
22023,1627749,22300039,"NOV 21, 2023",ATL vs. IND,L,34,11,19,0.579,4,6,0.667,2,2,1.0,1,2,3,5,2,0,5,3,28,-7,1,
22023,1627749,22300029,"NOV 17, 2023",ATL vs. PHI,L,35,5,16,0.313,3,7,0.429,0,0,0.0,0,1,1,3,1,0,3,2,13,-18,1,
22023,1627749,22300193,"NOV 15, 2023",ATL vs. NYK,L,32,6,12,0.5,0,3,0.0,1,3,0.333,0,5,5,2,1,0,1,1,13,-16,1,
22023,1627749,22300018,"NOV 14, 2023",ATL @ DET,W,37,11,21,0.524,1,4,0.25,9,9,1.0,0,5,5,10,3,0,2,2,32,9,1,
22023,1627749,22300175,"NOV 11, 2023",ATL vs. MIA,L,36,9,16,0.563,5,9,0.556,0,1,0.0,0,5,5,5,3,1,3,1,23,-9,1,
22023,1627749,22300172,"NOV 09, 2023",ATL @ ORL,W,33,6,15,0.4,3,7,0.429,1,2,0.5,0,3,3,2,2,0,4,2,16,5,1,
22023,1627749,22300155,"NOV 06, 2023",ATL @ OKC,L,33,7,16,0.438,6,9,0.667,9,10,0.9,2,2,4,6,1,0,3,4,29,-3,1,
22023,1627749,22300135,"NOV 04, 2023",ATL @ NOP,W,37,8,20,0.4,2,9,0.222,2,2,1.0,2,6,8,7,0,0,3,1,20,13,1,
22023,1627749,22300117,"NOV 01, 2023",ATL vs. WAS,W,34,10,15,0.667,3,5,0.6,1,2,0.5,0,4,4,8,1,1,4,2,24,15,1,
22023,1627749,22300104,"OCT 30, 2023",ATL vs. MIN,W,39,17,24,0.708,3,5,0.6,4,4,1.0,0,7,7,5,2,0,3,1,41,25,1,
22023,1627749,22300097,"OCT 29, 2023",ATL @ MIL,W,30,6,12,0.5,1,5,0.2,2,2,1.0,0,1,1,5,2,1,3,0,15,26,1,
22023,1627749,22300079,"OCT 27, 2023",ATL vs. NYK,L,35,8,17,0.471,0,3,0.0,2,3,0.667,2,5,7,6,1,1,1,1,18,-6,1,
22023,1627749,22300063,"OCT 25, 2023",ATL @ CHA,L,33,3,14,0.214,0,3,0.0,5,6,0.833,0,2,2,6,0,0,1,0,11,-15,1,
22023,1627750,22300767,"FEB 12, 2024",DEN @ MIL,L,18,1,5,0.2,1,3,0.333,0,0,0.0,0,2,2,0,0,0,2,0,3,-18,1,
22023,1627750,22300746,"FEB 09, 2024",DEN @ SAC,L,26,4,10,0.4,2,5,0.4,2,3,0.667,0,1,1,3,1,0,6,1,12,-21,1,
22023,1627750,22300740,"FEB 08, 2024",DEN @ LAL,W,36,12,25,0.48,5,9,0.556,0,0,0.0,0,7,7,11,2,0,3,2,29,17,1,
22023,1627750,22300712,"FEB 04, 2024",DEN vs. POR,W,34,8,16,0.5,4,6,0.667,1,2,0.5,2,3,5,10,1,2,1,2,21,16,1,
22023,1627750,22300697,"FEB 02, 2024",DEN vs. POR,W,33,5,21,0.238,3,15,0.2,0,0,0.0,4,5,9,10,0,2,2,1,13,9,1,
22023,1627750,22300682,"JAN 31, 2024",DEN @ OKC,L,39,6,14,0.429,2,3,0.667,2,2,1.0,1,2,3,4,0,2,0,3,16,1,1,
22023,1627750,22300667,"JAN 29, 2024",DEN vs. MIL,W,36,13,22,0.591,0,2,0.0,9,10,0.9,1,1,2,5,2,0,2,1,35,-3,1,
22023,1627750,22300644,"JAN 27, 2024",DEN vs. PHI,W,37,8,15,0.533,6,10,0.6,1,4,0.25,0,3,3,7,1,1,2,1,23,13,1,
22023,1627750,22300631,"JAN 25, 2024",DEN @ NYK,L,30,3,11,0.273,1,3,0.333,2,3,0.667,0,2,2,7,0,0,3,1,9,-29,1,
22023,1627750,22300614,"JAN 23, 2024",DEN @ IND,W,37,11,24,0.458,3,9,0.333,6,6,1.0,2,6,8,7,0,0,3,1,31,17,1,
22023,1627750,22300602,"JAN 21, 2024",DEN @ WAS,W,39,7,23,0.304,3,8,0.375,2,2,1.0,1,4,5,7,0,0,1,2,19,4,1,
22023,1627750,22300586,"JAN 19, 2024",DEN @ BOS,W,37,15,21,0.714,3,7,0.429,2,3,0.667,0,8,8,5,0,0,1,3,35,-7,1,
22023,1627750,22300566,"JAN 16, 2024",DEN @ PHI,L,38,7,16,0.438,1,3,0.333,2,2,1.0,1,2,3,10,0,1,2,0,17,-5,1,
22023,1627750,22300550,"JAN 14, 2024",DEN vs. IND,W,36,11,18,0.611,1,4,0.25,2,4,0.5,0,1,1,8,1,0,5,3,25,-5,1,
22023,1627750,22300539,"JAN 12, 2024",DEN vs. NOP,W,34,8,15,0.533,3,5,0.6,1,1,1.0,0,2,2,9,0,0,2,3,20,18,1,
22023,1627750,22300524,"JAN 10, 2024",DEN @ UTA,L,31,6,15,0.4,1,5,0.2,4,4,1.0,0,1,1,6,1,2,4,3,17,-27,1,
22023,1627750,22300502,"JAN 07, 2024",DEN vs. DET,W,30,14,24,0.583,3,8,0.375,6,7,0.857,2,3,5,4,1,1,1,4,37,11,1,
22023,1627750,22300488,"JAN 05, 2024",DEN vs. ORL,L,33,9,23,0.391,0,6,0.0,2,2,1.0,1,6,7,9,1,0,3,3,20,-5,1,
22023,1627750,22300478,"JAN 04, 2024",DEN @ GSW,W,32,8,16,0.5,1,6,0.167,8,9,0.889,0,2,2,6,2,0,0,4,25,9,1,
22023,1627750,22300455,"JAN 01, 2024",DEN vs. CHA,W,27,7,16,0.438,5,9,0.556,6,7,0.857,0,3,3,7,2,1,2,1,25,26,1,
22023,1627750,22300435,"DEC 29, 2023",DEN vs. OKC,L,36,4,15,0.267,1,6,0.167,0,1,0.0,0,3,3,11,1,1,2,1,9,-20,1,
22023,1627750,22300425,"DEC 28, 2023",DEN vs. MEM,W,26,9,12,0.75,4,6,0.667,1,1,1.0,2,1,3,9,2,0,1,0,23,19,1,
22023,1627750,22300402,"DEC 25, 2023",DEN vs. GSW,W,33,10,18,0.556,3,5,0.6,5,5,1.0,1,4,5,3,2,0,2,4,28,20,1,
22023,1627750,22300390,"DEC 23, 2023",DEN @ CHA,W,33,8,19,0.421,2,6,0.333,2,2,1.0,2,10,12,5,3,0,1,1,20,7,1,
22023,1627750,22300383,"DEC 22, 2023",DEN @ BKN,W,34,11,19,0.579,4,6,0.667,6,8,0.75,1,4,5,9,0,2,1,0,32,18,1,
22023,1627750,22300369,"DEC 20, 2023",DEN @ TOR,W,32,9,22,0.409,2,7,0.286,0,0,0.0,1,4,5,6,1,2,2,2,20,12,1,
22023,1627750,22300356,"DEC 18, 2023",DEN vs. DAL,W,25,8,14,0.571,4,4,1.0,2,2,1.0,0,4,4,2,1,1,2,1,22,18,1,
22023,1627750,22300340,"DEC 16, 2023",DEN vs. OKC,L,28,5,13,0.385,0,6,0.0,5,5,1.0,1,1,2,5,0,0,1,4,15,-3,1,
22023,1627750,22300322,"DEC 14, 2023",DEN vs. BKN,W,22,7,15,0.467,2,4,0.5,0,0,0.0,0,1,1,2,3,1,0,2,16,9,1,
22023,1627750,22300296,"DEC 11, 2023",DEN @ ATL,W,29,12,15,0.8,4,5,0.8,1,1,1.0,1,8,9,4,1,2,6,1,29,14,1,
22023,1627750,22301224,"DEC 08, 2023",DEN vs. HOU,L,32,6,17,0.353,4,8,0.5,5,5,1.0,0,5,5,3,0,0,1,2,21,4,1,
22023,1627750,22301215,"DEC 06, 2023",DEN @ LAC,L,29,10,18,0.556,2,7,0.286,1,1,1.0,0,0,0,6,1,1,1,4,23,2,1,
22023,1627750,22300263,"NOV 29, 2023",DEN vs. HOU,W,22,4,14,0.286,3,8,0.375,5,5,1.0,0,6,6,6,0,0,0,2,16,14,1,
22023,1627750,22300139,"NOV 04, 2023",DEN vs. CHI,W,10,1,3,0.333,0,0,0.0,0,0,0.0,0,2,2,0,0,0,0,0,2,-2,1,
22023,1627750,22300006,"NOV 03, 2023",DEN vs. DAL,W,39,5,15,0.333,2,6,0.333,6,6,1.0,0,2,2,13,1,0,2,4,18,2,1,
22023,1627750,22300123,"NOV 01, 2023",DEN @ MIN,L,32,5,16,0.313,1,4,0.25,3,5,0.6,2,4,6,6,1,1,3,3,14,-17,1,
22023,1627750,22300110,"OCT 30, 2023",DEN vs. UTA,W,37,7,19,0.368,3,7,0.429,1,2,0.5,0,3,3,14,0,2,3,0,18,-5,1,
22023,1627750,22300095,"OCT 29, 2023",DEN @ OKC,W,30,9,14,0.643,1,1,1.0,0,0,0.0,1,1,2,8,0,0,4,1,19,22,1,
22023,1627750,22300078,"OCT 27, 2023",DEN @ MEM,W,34,7,17,0.412,4,9,0.444,4,4,1.0,0,1,1,5,0,1,3,2,22,8,1,
22023,1627750,22300061,"OCT 24, 2023",DEN vs. LAL,W,34,8,13,0.615,3,5,0.6,2,2,1.0,0,2,2,6,0,1,1,3,21,3,1,
22023,1627751,22300782,"FEB 14, 2024",TOR vs. IND,L,30,8,15,0.533,0,0,0.0,3,4,0.75,7,4,11,3,1,2,2,3,19,-2,1,
22023,1627751,22300764,"FEB 12, 2024",TOR vs. SAS,L,20,5,10,0.5,0,0,0.0,2,2,1.0,3,3,6,1,0,0,0,2,12,-5,1,
22023,1627751,22300756,"FEB 10, 2024",TOR vs. CLE,L,21,3,7,0.429,0,0,0.0,0,2,0.0,3,4,7,1,0,1,0,2,6,-14,1,
22023,1627751,22300744,"FEB 09, 2024",TOR vs. HOU,W,37,7,11,0.636,0,0,0.0,2,2,1.0,5,8,13,3,3,6,4,4,16,14,1,
22023,1627751,22300726,"FEB 07, 2024",TOR @ CHA,W,33,5,7,0.714,0,0,0.0,2,2,1.0,4,8,12,2,0,1,1,2,12,6,1,
22023,1627751,22300718,"FEB 05, 2024",TOR @ NOP,L,28,7,8,0.875,0,0,0.0,0,2,0.0,1,8,9,1,1,2,3,2,14,-21,1,
22023,1627751,22300710,"FEB 04, 2024",TOR @ OKC,L,33,8,9,0.889,0,0,0.0,3,4,0.75,3,9,12,3,0,2,2,5,19,-6,1,
22023,1627751,22300692,"FEB 02, 2024",TOR @ HOU,L,20,3,5,0.6,0,0,0.0,0,0,0.0,0,5,5,1,0,2,3,6,6,-17,1,
22023,1627751,22300504,"JAN 07, 2024",TOR @ GSW,W,31,6,8,0.75,0,0,0.0,2,5,0.4,3,8,11,5,0,0,2,3,14,21,1,
22023,1627751,22300492,"JAN 05, 2024",TOR @ SAC,L,23,7,10,0.7,0,0,0.0,0,0,0.0,1,5,6,2,0,3,3,6,14,12,1,
22023,1627751,22300470,"JAN 03, 2024",TOR @ MEM,W,33,2,7,0.286,0,0,0.0,3,4,0.75,3,5,8,2,1,5,1,3,7,-9,1,
22023,1627751,22300452,"JAN 01, 2024",TOR vs. CLE,W,37,5,8,0.625,0,0,0.0,4,7,0.571,4,7,11,4,0,3,4,4,14,3,1,
22023,1627751,22300440,"DEC 30, 2023",TOR @ DET,L,35,2,4,0.5,0,0,0.0,0,0,0.0,2,12,14,5,1,3,0,4,4,8,1,
22023,1627751,22300432,"DEC 29, 2023",TOR @ BOS,L,22,5,8,0.625,0,0,0.0,2,2,1.0,4,6,10,3,0,2,0,3,12,-9,1,
22023,1627751,22300416,"DEC 27, 2023",TOR @ WAS,W,21,4,6,0.667,0,0,0.0,2,4,0.5,3,5,8,2,2,1,2,4,10,16,1,
22023,1627751,22300395,"DEC 23, 2023",TOR vs. UTA,L,21,1,4,0.25,0,0,0.0,0,0,0.0,2,2,4,3,0,2,0,2,2,3,1,
22023,1627751,22300382,"DEC 22, 2023",TOR @ PHI,L,29,9,15,0.6,0,0,0.0,1,2,0.5,2,6,8,2,1,0,1,3,19,-14,1,
22023,1627751,22300369,"DEC 20, 2023",TOR vs. DEN,L,19,2,5,0.4,0,0,0.0,0,0,0.0,2,3,5,3,0,2,1,2,4,-12,1,
22023,1627751,22300354,"DEC 18, 2023",TOR vs. CHA,W,15,2,2,1.0,0,0,0.0,0,0,0.0,0,1,1,2,0,0,4,3,4,-12,1,
22023,1627751,22300330,"DEC 15, 2023",TOR vs. ATL,L,25,7,7,1.0,0,0,0.0,1,2,0.5,2,6,8,0,2,1,3,4,15,-12,1,
22023,1627751,22300313,"DEC 13, 2023",TOR vs. ATL,W,32,5,8,0.625,0,0,0.0,5,8,0.625,4,9,13,6,0,3,1,4,15,12,1,
22023,1627751,22300297,"DEC 11, 2023",TOR @ NYK,L,24,3,6,0.5,0,0,0.0,5,8,0.625,6,2,8,2,0,0,1,2,11,-6,1,
22023,1627751,22301216,"DEC 08, 2023",TOR @ CHA,L,26,4,4,1.0,0,0,0.0,0,0,0.0,4,4,8,1,0,0,0,2,8,-8,1,
22023,1627751,22301207,"DEC 06, 2023",TOR vs. MIA,L,28,1,2,0.5,0,0,0.0,0,2,0.0,1,5,6,1,0,4,0,2,2,-12,1,
22023,1627751,22300276,"DEC 01, 2023",TOR vs. NYK,L,28,6,9,0.667,0,0,0.0,0,0,0.0,4,8,12,1,0,2,1,4,12,0,1,
22023,1627751,22300260,"NOV 29, 2023",TOR vs. PHX,W,30,8,9,0.889,0,0,0.0,1,2,0.5,2,2,4,1,0,1,2,4,17,1,1,
22023,1627751,22300054,"NOV 28, 2023",TOR @ BKN,L,25,3,5,0.6,0,0,0.0,0,0,0.0,3,6,9,4,1,2,1,2,6,0,1,
22023,1627751,22300251,"NOV 26, 2023",TOR @ CLE,L,35,8,9,0.889,0,0,0.0,2,2,1.0,4,9,13,2,2,0,1,3,18,9,1,
22023,1627751,22300046,"NOV 24, 2023",TOR vs. CHI,W,31,7,8,0.875,0,0,0.0,1,5,0.2,4,6,10,3,2,1,1,1,15,15,1,
22023,1627751,22300230,"NOV 22, 2023",TOR @ IND,W,29,3,4,0.75,0,0,0.0,0,0,0.0,1,3,4,6,0,1,3,0,6,-2,1,
22023,1627751,22300038,"NOV 21, 2023",TOR @ ORL,L,23,5,7,0.714,0,0,0.0,0,0,0.0,1,9,10,1,0,1,4,6,10,-13,1,
22023,1627751,22300211,"NOV 19, 2023",TOR vs. DET,W,25,6,6,1.0,0,0,0.0,4,5,0.8,2,8,10,4,1,3,1,3,16,21,1,
22023,1627751,22300031,"NOV 17, 2023",TOR vs. BOS,L,34,5,5,1.0,0,0,0.0,1,2,0.5,2,6,8,4,1,0,3,0,11,1,1,
22023,1627751,22300195,"NOV 15, 2023",TOR vs. MIL,L,27,6,10,0.6,0,0,0.0,1,2,0.5,7,4,11,1,4,2,0,4,13,-17,1,
22023,1627751,22300189,"NOV 13, 2023",TOR vs. WAS,W,24,6,8,0.75,0,0,0.0,1,3,0.333,3,3,6,5,0,0,1,1,13,-14,1,
22023,1627751,22300174,"NOV 11, 2023",TOR @ BOS,L,21,6,10,0.6,0,0,0.0,0,0,0.0,2,1,3,2,0,0,1,3,12,-9,1,
22023,1627751,22300168,"NOV 08, 2023",TOR @ DAL,W,21,2,5,0.4,0,0,0.0,0,1,0.0,3,3,6,3,2,0,1,4,4,0,1,
22023,1627751,22300141,"NOV 05, 2023",TOR @ SAS,W,28,8,10,0.8,0,0,0.0,0,2,0.0,3,7,10,0,3,1,1,2,16,-5,1,
22023,1627751,22300128,"NOV 02, 2023",TOR @ PHI,L,28,4,8,0.5,0,0,0.0,1,1,1.0,2,7,9,2,0,1,4,2,9,-9,1,
22023,1627751,22300116,"NOV 01, 2023",TOR vs. MIL,W,29,7,10,0.7,0,0,0.0,0,0,0.0,4,7,11,2,0,3,2,4,14,22,1,
22023,1627751,22300105,"OCT 30, 2023",TOR vs. POR,L,28,6,8,0.75,0,0,0.0,2,3,0.667,5,5,10,1,0,1,2,3,14,-5,1,
22023,1627751,22300092,"OCT 28, 2023",TOR vs. PHI,L,25,2,5,0.4,0,0,0.0,2,3,0.667,1,6,7,3,0,1,2,2,6,-19,1,
22023,1627751,22300082,"OCT 27, 2023",TOR @ CHI,L,19,4,5,0.8,0,0,0.0,0,0,0.0,0,6,6,0,0,0,3,6,8,20,1,
22023,1627751,22300069,"OCT 25, 2023",TOR vs. MIN,W,24,3,3,1.0,0,0,0.0,1,4,0.25,3,8,11,1,1,1,0,1,7,8,1,
22023,1627752,22300788,"FEB 14, 2024",LAL @ UTA,W,33,4,8,0.5,1,2,0.5,2,2,1.0,0,3,3,1,0,1,0,2,11,11,1,
22023,1627752,22300776,"FEB 13, 2024",LAL vs. DET,W,23,3,5,0.6,2,3,0.667,0,1,0.0,1,4,5,1,1,1,0,1,8,6,1,
22023,1627752,22300747,"FEB 09, 2024",LAL vs. NOP,W,21,0,2,0.0,0,2,0.0,3,4,0.75,0,2,2,1,0,0,1,3,3,10,1,
22023,1627752,22300740,"FEB 08, 2024",LAL vs. DEN,L,34,4,6,0.667,2,3,0.667,3,3,1.0,0,3,3,2,2,1,1,2,13,1,1,
22023,1627752,22300713,"FEB 05, 2024",LAL @ CHA,W,19,4,7,0.571,1,4,0.25,0,2,0.0,1,3,4,1,0,0,2,0,9,2,1,
22023,1627752,22300701,"FEB 03, 2024",LAL @ NYK,W,33,6,10,0.6,3,6,0.5,1,1,1.0,0,2,2,2,0,1,2,3,16,7,1,
22023,1627752,22300684,"FEB 01, 2024",LAL @ BOS,W,38,5,10,0.5,1,2,0.5,0,0,0.0,0,8,8,2,1,1,0,2,11,-9,1,
22023,1627752,22300669,"JAN 30, 2024",LAL @ ATL,L,25,3,7,0.429,1,4,0.25,0,0,0.0,0,2,2,0,1,0,1,1,7,-18,1,
22023,1627752,22300662,"JAN 29, 2024",LAL @ HOU,L,25,2,6,0.333,1,4,0.25,0,0,0.0,0,3,3,1,0,1,2,1,5,-18,1,
22023,1627752,22300650,"JAN 27, 2024",LAL @ GSW,W,24,0,2,0.0,0,1,0.0,0,0,0.0,0,3,3,1,1,0,1,4,0,-22,1,
22023,1627752,22300633,"JAN 25, 2024",LAL vs. CHI,W,30,5,8,0.625,4,7,0.571,0,0,0.0,0,4,4,2,2,0,0,3,14,-2,1,
22023,1627752,22300618,"JAN 23, 2024",LAL @ LAC,L,33,4,10,0.4,2,6,0.333,1,1,1.0,0,3,3,2,2,1,1,2,11,-5,1,
22023,1627752,22300591,"JAN 19, 2024",LAL vs. BKN,L,29,3,7,0.429,2,4,0.5,2,2,1.0,0,3,3,2,1,0,3,1,10,-12,1,
22023,1627752,22300577,"JAN 17, 2024",LAL vs. DAL,W,21,3,8,0.375,0,3,0.0,3,5,0.6,0,1,1,1,0,0,0,4,9,13,1,
22023,1627752,22300565,"JAN 15, 2024",LAL vs. OKC,W,31,1,6,0.167,1,5,0.2,0,0,0.0,0,2,2,3,0,1,0,2,3,-1,1,
22023,1627752,22300549,"JAN 13, 2024",LAL @ UTA,L,30,5,8,0.625,2,4,0.5,0,0,0.0,0,1,1,1,0,1,0,3,12,-19,1,
22023,1627752,22300531,"JAN 11, 2024",LAL vs. PHX,L,28,4,10,0.4,3,8,0.375,0,0,0.0,1,5,6,2,0,0,0,0,11,-30,1,
22023,1627752,22300516,"JAN 09, 2024",LAL vs. TOR,W,34,4,8,0.5,2,6,0.333,1,2,0.5,0,4,4,0,2,0,0,2,11,-7,1,
22023,1627752,22300505,"JAN 07, 2024",LAL vs. LAC,W,30,4,8,0.5,3,6,0.5,2,2,1.0,0,1,1,2,1,0,0,3,13,-2,1,
22023,1627752,22300491,"JAN 05, 2024",LAL vs. MEM,L,35,3,9,0.333,3,7,0.429,1,2,0.5,1,1,2,2,2,1,1,3,10,-19,1,
22023,1627752,22300475,"JAN 03, 2024",LAL vs. MIA,L,29,0,6,0.0,0,5,0.0,0,0,0.0,0,5,5,2,0,0,1,2,0,-14,1,
22023,1627752,22300446,"DEC 31, 2023",LAL @ NOP,L,34,5,9,0.556,4,7,0.571,1,1,1.0,0,1,1,4,2,2,2,2,15,-12,1,
22023,1627752,22300443,"DEC 30, 2023",LAL @ MIN,L,33,3,9,0.333,3,6,0.5,0,0,0.0,0,2,2,1,3,0,3,1,9,15,1,
22023,1627752,22300428,"DEC 28, 2023",LAL vs. CHA,W,23,1,7,0.143,1,4,0.25,0,0,0.0,0,3,3,3,3,0,1,2,3,2,1,
22023,1627752,22300403,"DEC 25, 2023",LAL vs. BOS,L,39,6,13,0.462,5,12,0.417,0,0,0.0,0,4,4,3,1,0,0,4,17,-12,1,
22023,1627752,22300397,"DEC 23, 2023",LAL @ OKC,W,28,3,7,0.429,2,5,0.4,2,2,1.0,1,5,6,1,1,2,0,5,10,9,1,
22023,1627752,22300380,"DEC 21, 2023",LAL @ MIN,L,37,5,6,0.833,4,5,0.8,0,0,0.0,0,5,5,1,0,0,3,4,14,6,1,
22023,1627752,22300370,"DEC 20, 2023",LAL @ CHI,L,34,5,10,0.5,4,8,0.5,2,2,1.0,0,4,4,4,1,1,1,3,16,-7,1,
22023,1627752,22300359,"DEC 18, 2023",LAL vs. NYK,L,39,3,13,0.231,3,13,0.231,0,0,0.0,1,1,2,3,0,1,1,1,9,-1,1,
22023,1627752,22300331,"DEC 15, 2023",LAL @ SAS,L,36,5,10,0.5,2,6,0.333,0,0,0.0,0,3,3,1,1,1,1,2,12,-19,1,
22023,1627752,22300316,"DEC 13, 2023",LAL @ SAS,W,32,6,12,0.5,4,10,0.4,1,2,0.5,1,4,5,5,2,1,3,1,17,3,1,
22023,1627752,22300306,"DEC 12, 2023",LAL @ DAL,L,37,5,6,0.833,5,6,0.833,0,0,0.0,0,4,4,4,0,0,1,0,15,5,1,
22023,1627752,22301230,"DEC 07, 2023",LAL vs. NOP,W,23,5,9,0.556,5,8,0.625,0,0,0.0,0,3,3,1,1,0,0,3,15,23,1,
22023,1627752,22301203,"DEC 05, 2023",LAL vs. PHX,W,27,2,6,0.333,0,2,0.0,1,2,0.5,0,3,3,0,3,0,3,1,5,-12,1,
22023,1627752,22300291,"DEC 02, 2023",LAL vs. HOU,W,29,4,7,0.571,3,5,0.6,0,0,0.0,0,6,6,1,2,0,1,0,11,6,1,
22023,1627752,22300271,"NOV 30, 2023",LAL @ OKC,L,32,2,7,0.286,2,5,0.4,0,0,0.0,0,1,1,2,0,0,1,5,6,-10,1,
22023,1627752,22300258,"NOV 29, 2023",LAL @ DET,W,23,3,4,0.75,3,4,0.75,0,0,0.0,0,1,1,1,1,0,1,0,9,26,1,
22023,1627752,22300255,"NOV 27, 2023",LAL @ PHI,L,29,4,8,0.5,3,6,0.5,0,0,0.0,0,4,4,1,0,0,1,3,11,-26,1,
22023,1627752,22300242,"NOV 25, 2023",LAL @ CLE,W,32,3,8,0.375,1,3,0.333,0,0,0.0,0,4,4,6,1,2,0,0,7,12,1,
22023,1627752,22300238,"NOV 22, 2023",LAL vs. DAL,L,37,6,10,0.6,2,5,0.4,0,0,0.0,1,5,6,2,0,0,1,3,14,15,1,
22023,1627752,22300042,"NOV 21, 2023",LAL vs. UTA,W,31,1,8,0.125,0,4,0.0,2,3,0.667,0,0,0,1,0,1,2,0,4,26,1,
22023,1627752,22300216,"NOV 19, 2023",LAL vs. HOU,W,24,1,11,0.091,0,4,0.0,0,1,0.0,3,1,4,2,0,0,2,0,2,-6,1,
22023,1627752,22300036,"NOV 17, 2023",LAL @ POR,W,35,3,7,0.429,1,5,0.2,3,3,1.0,1,0,1,3,2,0,0,5,10,11,1,
22023,1627752,22300198,"NOV 15, 2023",LAL vs. SAC,L,25,3,7,0.429,1,4,0.25,0,0,0.0,0,2,2,0,1,0,0,2,7,-24,1,
22023,1627752,22300026,"NOV 14, 2023",LAL vs. MEM,W,29,3,6,0.5,2,5,0.4,0,0,0.0,0,3,3,1,1,0,0,3,8,9,1,
22023,1627752,22300187,"NOV 12, 2023",LAL vs. POR,W,33,5,9,0.556,0,3,0.0,1,1,1.0,0,3,3,1,1,0,1,2,11,1,1,
22023,1627752,22300015,"NOV 10, 2023",LAL @ PHX,W,33,3,8,0.375,0,4,0.0,1,2,0.5,0,1,1,0,0,2,0,4,7,3,1,
22023,1627752,22300163,"NOV 08, 2023",LAL @ HOU,L,27,3,6,0.5,1,2,0.5,0,0,0.0,0,1,1,1,0,0,1,3,7,-16,1,
22023,1627752,22300150,"NOV 06, 2023",LAL @ MIA,L,34,4,9,0.444,1,4,0.25,0,0,0.0,0,3,3,2,2,0,0,4,9,13,1,
22023,1627752,22300111,"OCT 30, 2023",LAL vs. ORL,W,26,1,4,0.25,0,2,0.0,2,2,1.0,0,0,0,1,0,1,0,3,4,-5,1,
22023,1627752,22300100,"OCT 29, 2023",LAL @ SAC,L,41,7,17,0.412,5,13,0.385,1,2,0.5,0,3,3,2,0,1,1,3,20,-10,1,
22023,1627752,22300076,"OCT 26, 2023",LAL vs. PHX,W,18,0,5,0.0,0,1,0.0,0,0,0.0,0,0,0,0,1,0,0,3,0,-15,1,
22023,1627752,22300061,"OCT 24, 2023",LAL @ DEN,L,30,6,8,0.75,4,6,0.667,2,2,1.0,1,2,3,1,0,1,1,0,18,-14,1,
22023,1627759,22300771,"FEB 13, 2024",BOS @ BKN,W,37,7,19,0.368,1,6,0.167,4,6,0.667,1,0,1,4,1,0,4,5,19,9,1,
22023,1627759,22300759,"FEB 11, 2024",BOS @ MIA,W,37,8,16,0.5,3,8,0.375,1,4,0.25,3,6,9,2,0,0,6,1,20,3,1,
22023,1627759,22300743,"FEB 09, 2024",BOS vs. WAS,W,35,9,15,0.6,0,1,0.0,0,0,0.0,1,6,7,3,1,0,3,3,18,-15,1,
22023,1627759,22300729,"FEB 07, 2024",BOS vs. ATL,W,34,7,11,0.636,0,2,0.0,1,1,1.0,0,6,6,6,1,0,2,4,15,-3,1,
22023,1627759,22300684,"FEB 01, 2024",BOS vs. LAL,L,27,4,12,0.333,0,3,0.0,0,0,0.0,3,5,8,7,1,0,3,5,8,-20,1,
22023,1627759,22300670,"JAN 30, 2024",BOS vs. IND,W,36,9,15,0.6,0,3,0.0,7,8,0.875,2,4,6,2,2,0,0,0,25,-6,1,
22023,1627759,22300659,"JAN 29, 2024",BOS vs. NOP,W,37,8,15,0.533,1,5,0.2,5,7,0.714,2,9,11,7,0,1,0,3,22,6,1,
22023,1627759,22300646,"JAN 27, 2024",BOS vs. LAC,L,24,3,13,0.231,0,2,0.0,2,2,1.0,5,1,6,2,0,1,1,3,8,-18,1,
22023,1627759,22300630,"JAN 25, 2024",BOS @ MIA,W,27,7,11,0.636,4,8,0.5,0,0,0.0,1,3,4,5,3,0,3,1,18,22,1,
22023,1627759,22300611,"JAN 22, 2024",BOS @ DAL,W,37,13,22,0.591,2,7,0.286,6,9,0.667,1,2,3,4,0,2,0,5,34,-6,1,
22023,1627759,22300603,"JAN 21, 2024",BOS @ HOU,W,31,6,14,0.429,1,3,0.333,0,2,0.0,0,11,11,10,3,0,3,0,13,4,1,
22023,1627759,22300586,"JAN 19, 2024",BOS vs. DEN,L,36,6,19,0.316,1,9,0.111,0,2,0.0,0,2,2,1,2,0,0,3,13,-2,1,
22023,1627759,22300571,"JAN 17, 2024",BOS vs. SAS,W,31,8,16,0.5,3,6,0.5,2,2,1.0,1,6,7,5,1,1,3,2,21,12,1,
22023,1627759,22300542,"JAN 13, 2024",BOS vs. HOU,W,28,11,15,0.733,4,6,0.667,6,10,0.6,1,5,6,2,2,2,3,5,32,19,1,
22023,1627759,22300528,"JAN 11, 2024",BOS @ MIL,L,18,5,14,0.357,0,1,0.0,0,0,0.0,1,3,4,3,0,0,0,1,10,-17,1,
22023,1627759,22300517,"JAN 10, 2024",BOS vs. MIN,W,43,9,16,0.563,4,7,0.571,13,13,1.0,1,10,11,3,2,1,2,1,35,10,1,
22023,1627759,22300507,"JAN 08, 2024",BOS @ IND,L,38,17,26,0.654,3,4,0.75,3,5,0.6,1,4,5,2,0,0,5,2,40,-1,1,
22023,1627759,22300493,"JAN 06, 2024",BOS @ IND,W,36,13,20,0.65,1,4,0.25,4,8,0.5,1,3,4,1,0,1,3,0,31,7,1,
22023,1627759,22300479,"JAN 05, 2024",BOS vs. UTA,W,27,5,12,0.417,2,4,0.5,1,2,0.5,0,3,3,5,1,1,3,2,13,18,1,
22023,1627759,22300462,"JAN 02, 2024",BOS @ OKC,L,38,4,18,0.222,0,8,0.0,7,8,0.875,2,4,6,3,0,0,4,5,15,-1,1,
22023,1627759,22300448,"DEC 31, 2023",BOS @ SAS,W,26,9,13,0.692,2,2,1.0,4,6,0.667,1,5,6,3,2,0,2,0,24,26,1,
22023,1627759,22300432,"DEC 29, 2023",BOS vs. TOR,W,41,11,16,0.688,5,6,0.833,4,5,0.8,1,9,10,6,0,0,7,4,31,12,1,
22023,1627759,22300403,"DEC 25, 2023",BOS @ LAL,W,33,7,17,0.412,1,5,0.2,4,7,0.571,3,2,5,2,3,0,2,3,19,9,1,
22023,1627759,22300389,"DEC 23, 2023",BOS @ LAC,W,29,9,17,0.529,3,6,0.5,3,4,0.75,3,3,6,2,1,0,3,2,24,29,1,
22023,1627759,22300373,"DEC 20, 2023",BOS @ SAC,W,29,11,21,0.524,0,3,0.0,6,7,0.857,1,4,5,6,0,0,0,2,28,22,1,
22023,1627759,22300362,"DEC 19, 2023",BOS @ GSW,L,41,10,22,0.455,1,4,0.25,7,8,0.875,3,5,8,7,0,1,4,2,28,-3,1,
22023,1627759,22300344,"DEC 17, 2023",BOS vs. ORL,W,34,12,20,0.6,5,8,0.625,2,2,1.0,1,4,5,6,1,1,2,4,31,11,1,
22023,1627759,22300329,"DEC 15, 2023",BOS vs. ORL,W,30,8,15,0.533,0,5,0.0,2,3,0.667,0,3,3,4,0,1,2,0,18,20,1,
22023,1627759,22300319,"DEC 14, 2023",BOS vs. CLE,W,36,10,20,0.5,2,5,0.4,0,0,0.0,2,3,5,5,2,0,2,3,22,4,1,
22023,1627759,22300305,"DEC 12, 2023",BOS vs. CLE,W,35,10,17,0.588,1,5,0.2,4,4,1.0,1,1,2,4,1,1,3,1,25,-6,1,
22023,1627759,22301227,"DEC 08, 2023",BOS vs. NYK,W,27,7,13,0.538,2,5,0.4,1,1,1.0,0,0,0,4,1,1,2,5,17,17,1,
22023,1627759,22301202,"DEC 04, 2023",BOS @ IND,L,31,14,23,0.609,2,7,0.286,0,1,0.0,2,7,9,0,1,2,3,6,30,-10,1,
22023,1627759,22300275,"DEC 01, 2023",BOS vs. PHI,W,35,8,20,0.4,1,4,0.25,3,4,0.75,1,3,4,0,4,2,3,3,20,10,1,
22023,1627759,22300053,"NOV 28, 2023",BOS vs. CHI,W,35,12,23,0.522,3,8,0.375,3,5,0.6,2,6,8,6,0,1,3,1,30,22,1,
22023,1627759,22300246,"NOV 26, 2023",BOS vs. ATL,W,36,9,19,0.474,2,7,0.286,1,2,0.5,1,6,7,3,1,0,2,4,21,5,1,
22023,1627759,22300043,"NOV 24, 2023",BOS @ ORL,L,39,6,22,0.273,2,8,0.25,4,7,0.571,0,3,3,2,3,1,3,3,18,1,1,
22023,1627759,22300228,"NOV 22, 2023",BOS vs. MIL,W,35,10,16,0.625,3,5,0.6,3,3,1.0,0,2,2,8,1,0,1,1,26,-3,1,
22023,1627759,22300217,"NOV 20, 2023",BOS @ CHA,L,34,5,17,0.294,0,5,0.0,3,4,0.75,1,3,4,3,0,0,2,5,13,-23,1,
22023,1627759,22300213,"NOV 19, 2023",BOS @ MEM,W,34,5,16,0.313,1,7,0.143,1,2,0.5,0,6,6,3,2,2,2,4,12,1,1,
22023,1627759,22300031,"NOV 17, 2023",BOS @ TOR,W,36,9,14,0.643,3,5,0.6,2,3,0.667,0,3,3,4,1,1,3,2,23,4,1,
22023,1627759,22300188,"NOV 13, 2023",BOS vs. NYK,W,36,7,18,0.389,2,9,0.222,6,6,1.0,1,4,5,6,1,1,3,3,22,17,1,
22023,1627759,22300174,"NOV 11, 2023",BOS vs. TOR,W,32,12,20,0.6,3,8,0.375,2,3,0.667,1,4,5,2,0,0,2,1,29,9,1,
22023,1627759,22300010,"NOV 10, 2023",BOS vs. BKN,W,29,10,19,0.526,5,9,0.556,3,5,0.6,0,3,3,5,1,0,3,0,28,6,1,
22023,1627759,22300159,"NOV 08, 2023",BOS @ PHI,L,36,4,13,0.308,2,7,0.286,1,2,0.5,0,2,2,2,1,1,4,2,11,-3,1,
22023,1627759,22300154,"NOV 06, 2023",BOS @ MIN,L,39,10,21,0.476,3,8,0.375,3,4,0.75,0,7,7,4,1,0,3,5,26,-16,1,
22023,1627759,22300136,"NOV 04, 2023",BOS @ BKN,W,35,7,22,0.318,2,11,0.182,7,8,0.875,0,5,5,4,0,1,2,4,23,6,1,
22023,1627759,22300118,"NOV 01, 2023",BOS vs. IND,W,25,7,15,0.467,0,1,0.0,2,2,1.0,1,6,7,1,0,0,2,3,16,22,1,
22023,1627759,22300103,"OCT 30, 2023",BOS @ WAS,W,32,13,24,0.542,8,13,0.615,2,4,0.5,0,6,6,2,3,1,0,3,36,32,1,
22023,1627759,22300080,"OCT 27, 2023",BOS vs. MIA,W,34,11,22,0.5,3,7,0.429,2,4,0.5,2,4,6,1,2,0,4,1,27,3,1,
22023,1627759,22300065,"OCT 25, 2023",BOS @ NYK,W,38,4,11,0.364,0,4,0.0,3,4,0.75,0,6,6,5,1,0,2,5,11,8,1,
22023,1627763,22300697,"FEB 02, 2024",POR @ DEN,L,36,5,13,0.385,0,2,0.0,1,3,0.333,3,5,8,6,0,0,0,2,11,-10,1,
22023,1627763,22300683,"JAN 31, 2024",POR vs. MIL,W,36,5,12,0.417,2,6,0.333,2,2,1.0,1,5,6,6,1,0,3,3,14,9,1,
22023,1627763,22300668,"JAN 29, 2024",POR vs. PHI,W,32,10,14,0.714,3,5,0.6,1,1,1.0,0,5,5,9,1,1,3,2,24,14,1,
22023,1627763,22300656,"JAN 28, 2024",POR vs. CHI,L,38,4,13,0.308,1,6,0.167,7,7,1.0,2,4,6,6,2,0,2,2,16,-3,1,
22023,1627763,22300623,"JAN 24, 2024",POR @ HOU,W,41,8,19,0.421,3,7,0.429,0,0,0.0,1,1,2,6,0,0,2,2,19,2,1,
22023,1627763,22300617,"JAN 23, 2024",POR @ OKC,L,35,5,12,0.417,2,4,0.5,6,6,1.0,0,2,2,7,0,1,7,2,18,-8,1,
22023,1627763,22300605,"JAN 21, 2024",POR @ LAL,L,33,8,17,0.471,3,4,0.75,4,5,0.8,1,6,7,9,0,1,1,3,23,-14,1,
22023,1627763,22300590,"JAN 19, 2024",POR vs. IND,W,37,9,18,0.5,2,4,0.5,10,10,1.0,1,6,7,6,1,1,1,3,30,-7,1,
22023,1627763,22300578,"JAN 17, 2024",POR vs. BKN,W,30,6,12,0.5,2,6,0.333,2,2,1.0,0,5,5,6,1,0,0,2,16,-2,1,
22023,1627763,22300538,"JAN 12, 2024",POR @ MIN,L,26,2,7,0.286,2,5,0.4,3,4,0.75,0,2,2,3,0,0,1,1,9,-9,1,
22023,1627763,22300514,"JAN 09, 2024",POR @ NYK,L,13,1,5,0.2,0,0,0.0,0,0,0.0,0,1,1,0,0,0,1,2,2,-13,1,
22023,1627763,22300498,"JAN 07, 2024",POR @ BKN,W,22,5,8,0.625,4,6,0.667,4,4,1.0,1,2,3,2,0,0,0,0,18,17,1,
22023,1627763,22300487,"JAN 05, 2024",POR @ DAL,L,16,2,8,0.25,0,4,0.0,0,2,0.0,0,3,3,3,1,0,3,0,4,-16,1,
22023,1627763,22300472,"JAN 03, 2024",POR @ DAL,L,17,2,6,0.333,0,3,0.0,1,1,1.0,0,2,2,2,0,0,0,1,5,-12,1,
22023,1627763,22300456,"JAN 01, 2024",POR @ PHX,L,21,3,8,0.375,2,4,0.5,2,2,1.0,0,2,2,5,0,0,2,0,10,-5,1,
22023,1627763,22300437,"DEC 29, 2023",POR vs. SAS,W,37,9,18,0.5,5,7,0.714,4,4,1.0,0,1,1,7,1,0,1,2,27,16,1,
22023,1627763,22300427,"DEC 28, 2023",POR vs. SAS,L,37,10,19,0.526,6,8,0.75,3,5,0.6,1,5,6,6,1,0,1,1,29,-10,1,
22023,1627763,22300413,"DEC 26, 2023",POR vs. SAC,W,30,7,13,0.538,3,8,0.375,2,2,1.0,0,5,5,6,0,0,0,1,19,13,1,
22023,1627763,22300399,"DEC 23, 2023",POR @ GSW,L,37,8,14,0.571,1,4,0.25,0,0,0.0,2,4,6,12,3,1,2,2,17,-4,1,
22023,1627763,22300381,"DEC 21, 2023",POR vs. WAS,L,28,3,8,0.375,1,3,0.333,0,0,0.0,0,2,2,4,1,0,1,3,7,-16,1,
22023,1627763,22300363,"DEC 19, 2023",POR vs. PHX,W,32,5,10,0.5,4,9,0.444,0,0,0.0,0,4,4,4,0,0,1,0,14,9,1,
22023,1627763,22300348,"DEC 17, 2023",POR vs. GSW,L,27,3,8,0.375,2,5,0.4,0,0,0.0,0,1,1,5,0,0,0,1,8,-2,1,
22023,1627763,22300341,"DEC 16, 2023",POR vs. DAL,L,24,4,7,0.571,1,4,0.25,0,0,0.0,0,2,2,2,1,0,1,4,9,-23,1,
22023,1627763,22300323,"DEC 14, 2023",POR vs. UTA,L,14,3,6,0.5,3,6,0.5,0,2,0.0,0,0,0,1,0,0,0,0,9,-8,1,
22023,1627763,22301214,"DEC 06, 2023",POR @ GSW,L,13,0,3,0.0,0,1,0.0,0,0,0.0,0,1,1,2,0,0,1,1,0,5,1,
22023,1627763,22300289,"DEC 02, 2023",POR @ UTA,L,38,8,17,0.471,5,9,0.556,4,6,0.667,1,2,3,6,2,1,3,0,25,-2,1,
22023,1627763,22300265,"NOV 30, 2023",POR @ CLE,W,31,3,7,0.429,1,3,0.333,4,4,1.0,2,1,3,7,2,1,5,0,11,-9,1,
22023,1627763,22300254,"NOV 27, 2023",POR @ IND,W,36,9,20,0.45,1,3,0.333,5,6,0.833,0,2,2,7,0,0,1,1,24,-6,1,
22023,1627763,22300245,"NOV 26, 2023",POR @ MIL,L,34,7,23,0.304,2,6,0.333,2,3,0.667,2,6,8,12,2,1,2,4,18,-6,1,
22023,1627763,22300237,"NOV 22, 2023",POR vs. UTA,W,24,9,16,0.563,1,5,0.2,1,1,1.0,1,3,4,8,1,0,0,0,20,12,1,
22023,1627763,22300041,"NOV 21, 2023",POR @ PHX,L,25,6,14,0.429,4,5,0.8,3,4,0.75,1,0,1,5,0,0,2,2,19,-3,1,
22023,1627763,22300170,"NOV 08, 2023",POR @ SAC,L,5,2,3,0.667,1,2,0.5,0,0,0.0,0,1,1,1,0,0,0,1,5,1,1,
22023,1627763,22300144,"NOV 05, 2023",POR vs. MEM,L,39,6,20,0.3,2,8,0.25,4,4,1.0,3,4,7,11,1,0,1,2,18,-17,1,
22023,1627763,22300007,"NOV 03, 2023",POR vs. MEM,W,44,6,19,0.316,2,9,0.222,10,12,0.833,0,7,7,10,3,0,4,1,24,14,1,
22023,1627763,22300115,"NOV 01, 2023",POR @ DET,W,25,5,11,0.455,1,4,0.25,3,4,0.75,1,5,6,6,1,0,2,1,14,17,1,
22023,1627763,22300105,"OCT 30, 2023",POR @ TOR,W,29,9,21,0.429,3,7,0.429,0,1,0.0,1,2,3,5,0,0,1,2,21,9,1,
22023,1627763,22300098,"OCT 29, 2023",POR @ PHI,L,26,7,16,0.438,2,6,0.333,2,2,1.0,1,4,5,5,1,0,2,2,18,-6,1,
22023,1627763,22300086,"OCT 27, 2023",POR vs. ORL,L,31,6,15,0.4,2,6,0.333,4,6,0.667,2,5,7,1,0,0,2,2,18,-4,1,
22023,1627763,22300074,"OCT 25, 2023",POR @ LAC,L,23,8,16,0.5,3,5,0.6,1,1,1.0,0,2,2,5,0,0,1,0,20,-5,1,
22023,1627777,22300781,"FEB 14, 2024",CLE vs. CHI,W,24,5,9,0.556,1,5,0.2,0,2,0.0,0,2,2,0,0,0,3,6,11,6,1,
22023,1627777,22300762,"FEB 12, 2024",CLE vs. PHI,L,18,0,4,0.0,0,2,0.0,0,0,0.0,1,4,5,0,0,1,1,2,0,-7,1,
22023,1627777,22300756,"FEB 10, 2024",CLE @ TOR,W,18,5,8,0.625,3,5,0.6,0,0,0.0,0,1,1,0,0,1,0,4,13,4,1,
22023,1627777,22300735,"FEB 08, 2024",CLE @ BKN,W,23,5,9,0.556,3,6,0.5,0,0,0.0,1,2,3,1,1,0,0,1,13,1,1,
22023,1627777,22300728,"FEB 07, 2024",CLE @ WAS,W,17,3,4,0.75,1,1,1.0,0,0,0.0,0,3,3,0,0,0,1,2,7,2,1,
22023,1627777,22300714,"FEB 05, 2024",CLE vs. SAC,W,15,1,4,0.25,0,3,0.0,0,0,0.0,0,3,3,2,0,0,2,4,2,2,1,
22023,1627777,22300703,"FEB 03, 2024",CLE @ SAS,W,18,0,9,0.0,0,8,0.0,2,2,1.0,0,2,2,2,0,0,0,2,2,5,1,
22023,1627777,22300687,"FEB 01, 2024",CLE @ MEM,W,22,2,7,0.286,1,4,0.25,0,0,0.0,1,4,5,0,0,0,0,4,5,-7,1,
22023,1627777,22300675,"JAN 31, 2024",CLE vs. DET,W,17,2,4,0.5,0,0,0.0,0,0,0.0,0,2,2,5,0,0,0,0,4,0,1,
22023,1627777,22300658,"JAN 29, 2024",CLE vs. LAC,W,20,3,10,0.3,2,7,0.286,2,2,1.0,0,2,2,1,0,1,0,1,10,12,1,
22023,1627777,22300639,"JAN 26, 2024",CLE @ MIL,W,27,3,5,0.6,0,2,0.0,4,4,1.0,0,5,5,2,0,0,1,2,10,10,1,
22023,1627777,22300624,"JAN 24, 2024",CLE @ MIL,L,21,5,7,0.714,2,3,0.667,2,2,1.0,1,3,4,2,0,0,0,2,14,6,1,
22023,1627777,22300607,"JAN 22, 2024",CLE @ ORL,W,28,3,9,0.333,2,7,0.286,3,4,0.75,0,5,5,1,0,1,0,3,11,12,1,
22023,1627777,22300595,"JAN 20, 2024",CLE @ ATL,W,21,5,9,0.556,4,8,0.5,0,0,0.0,0,5,5,2,0,1,0,2,14,11,1,
22023,1627777,22300572,"JAN 17, 2024",CLE vs. MIL,W,27,13,14,0.929,5,6,0.833,2,3,0.667,0,5,5,2,0,0,1,2,33,0,1,
22023,1627777,22300561,"JAN 15, 2024",CLE vs. CHI,W,19,3,11,0.273,3,9,0.333,0,0,0.0,0,2,2,0,0,1,1,2,9,-7,1,
22023,1627777,22300527,"JAN 11, 2024",CLE vs. BKN,W,16,3,6,0.5,2,4,0.5,2,2,1.0,1,3,4,2,0,0,0,3,10,1,1,
22023,1627777,22300497,"JAN 07, 2024",CLE vs. SAS,W,27,4,7,0.571,3,6,0.5,0,0,0.0,0,4,4,1,0,1,1,2,11,27,1,
22023,1627777,22300482,"JAN 05, 2024",CLE vs. WAS,W,25,5,9,0.556,4,8,0.5,0,0,0.0,0,9,9,1,0,0,1,2,14,3,1,
22023,1627777,22300465,"JAN 03, 2024",CLE vs. WAS,W,28,5,11,0.455,3,7,0.429,2,2,1.0,1,7,8,1,0,0,0,2,15,24,1,
22023,1627777,22300452,"JAN 01, 2024",CLE @ TOR,L,16,4,5,0.8,0,1,0.0,0,0,0.0,0,4,4,2,0,0,1,5,8,-3,1,
22023,1627777,22300433,"DEC 29, 2023",CLE vs. MIL,L,14,1,7,0.143,0,6,0.0,0,0,0.0,0,0,0,0,1,1,0,2,2,-8,1,
22023,1627777,22300420,"DEC 27, 2023",CLE @ DAL,W,24,6,11,0.545,4,8,0.5,0,2,0.0,0,2,2,3,1,1,2,0,16,-15,1,
22023,1627777,22300396,"DEC 23, 2023",CLE @ CHI,W,21,3,12,0.25,1,5,0.2,0,0,0.0,1,4,5,0,0,0,2,4,7,-4,1,
22023,1627777,22300375,"DEC 21, 2023",CLE vs. NOP,L,19,4,8,0.5,3,7,0.429,0,0,0.0,0,2,2,1,0,1,3,1,11,-13,1,
22023,1627777,22300364,"DEC 20, 2023",CLE vs. UTA,W,23,6,13,0.462,3,10,0.3,0,0,0.0,0,1,1,1,0,0,1,4,15,11,1,
22023,1627777,22300349,"DEC 18, 2023",CLE vs. HOU,W,25,4,10,0.4,2,6,0.333,0,0,0.0,1,1,2,0,2,0,3,5,10,10,1,
22023,1627777,22300336,"DEC 16, 2023",CLE vs. ATL,W,15,0,4,0.0,0,3,0.0,0,0,0.0,1,2,3,2,0,0,0,2,0,-1,1,
22023,1627777,22300319,"DEC 14, 2023",CLE @ BOS,L,22,1,4,0.25,0,2,0.0,2,2,1.0,0,2,2,0,0,0,1,2,4,-7,1,
22023,1627777,22300305,"DEC 12, 2023",CLE @ BOS,L,23,1,1,1.0,1,1,1.0,0,0,0.0,0,2,2,1,0,0,1,1,3,-14,1,
22023,1627777,22300294,"DEC 11, 2023",CLE @ ORL,L,22,0,10,0.0,0,5,0.0,0,0,0.0,1,3,4,0,0,0,0,3,0,1,1,
22023,1627777,22301220,"DEC 08, 2023",CLE @ MIA,W,20,5,9,0.556,3,4,0.75,0,0,0.0,1,2,3,2,0,0,2,1,13,-10,1,
22023,1627777,22301205,"DEC 06, 2023",CLE vs. ORL,W,28,4,7,0.571,2,5,0.4,0,0,0.0,1,4,5,3,0,0,2,4,10,14,1,
22023,1627777,22300283,"DEC 02, 2023",CLE @ DET,W,22,5,8,0.625,1,4,0.25,1,2,0.5,0,3,3,2,0,0,0,1,12,15,1,
22023,1627777,22300265,"NOV 30, 2023",CLE vs. POR,L,19,3,6,0.5,1,3,0.333,1,1,1.0,1,0,1,2,2,0,0,0,8,-4,1,
22023,1627777,22300055,"NOV 28, 2023",CLE vs. ATL,W,19,4,9,0.444,2,6,0.333,2,2,1.0,0,7,7,1,0,0,1,3,12,-10,1,
22023,1627777,22300251,"NOV 26, 2023",CLE vs. TOR,W,23,3,9,0.333,2,5,0.4,0,0,0.0,0,6,6,3,1,0,0,4,8,13,1,
22023,1627777,22300242,"NOV 25, 2023",CLE vs. LAL,L,23,5,13,0.385,3,9,0.333,0,0,0.0,0,2,2,1,2,0,1,2,13,7,1,
22023,1627777,22300229,"NOV 22, 2023",CLE vs. MIA,L,20,4,9,0.444,3,5,0.6,0,0,0.0,1,2,3,1,0,0,0,5,11,-17,1,
22023,1627777,22300040,"NOV 21, 2023",CLE @ PHI,W,26,5,9,0.556,2,4,0.5,0,0,0.0,0,7,7,0,0,0,1,2,12,12,1,
22023,1627777,22300210,"NOV 19, 2023",CLE vs. DEN,W,23,4,9,0.444,2,3,0.667,2,2,1.0,0,3,3,2,0,0,1,1,12,11,1,
22023,1627777,22300030,"NOV 17, 2023",CLE vs. DET,W,27,3,4,0.75,1,1,1.0,2,2,1.0,0,7,7,2,1,0,0,1,9,21,1,
22023,1627777,22300199,"NOV 15, 2023",CLE @ POR,W,22,3,6,0.5,2,4,0.5,0,0,0.0,0,2,2,0,0,1,2,1,8,-8,1,
22023,1627777,22300191,"NOV 13, 2023",CLE @ SAC,L,22,5,7,0.714,2,4,0.5,0,0,0.0,0,1,1,1,0,0,0,1,12,-12,1,
22023,1627777,22300176,"NOV 11, 2023",CLE @ GSW,W,19,0,4,0.0,0,4,0.0,0,0,0.0,1,1,2,1,0,0,1,1,0,-10,1,
22023,1627777,22300167,"NOV 08, 2023",CLE @ OKC,L,18,3,5,0.6,1,3,0.333,0,0,0.0,0,2,2,0,0,0,1,3,7,-11,1,
22023,1627777,22300142,"NOV 05, 2023",CLE vs. GSW,W,25,2,6,0.333,2,4,0.5,0,0,0.0,0,6,6,1,0,0,0,4,6,1,1,
22023,1627777,22300001,"NOV 03, 2023",CLE @ IND,L,27,4,9,0.444,2,6,0.333,2,2,1.0,0,5,5,1,0,0,0,2,12,9,1,
22023,1627777,22300120,"NOV 01, 2023",CLE @ NYK,W,28,1,6,0.167,1,3,0.333,2,2,1.0,0,10,10,2,1,0,0,4,5,7,1,
22023,1627777,22300112,"OCT 31, 2023",CLE vs. NYK,L,24,4,12,0.333,3,9,0.333,0,0,0.0,0,3,3,1,0,0,2,3,11,-12,1,
22023,1627777,22300091,"OCT 28, 2023",CLE vs. IND,L,19,3,10,0.3,1,4,0.25,0,0,0.0,1,2,3,2,0,1,1,3,7,-16,1,
22023,1627777,22300081,"OCT 27, 2023",CLE vs. OKC,L,21,1,6,0.167,0,5,0.0,0,0,0.0,0,2,2,1,0,0,0,2,2,0,1,
22023,1627777,22300067,"OCT 25, 2023",CLE @ BKN,W,20,0,3,0.0,0,3,0.0,0,0,0.0,2,2,4,0,0,0,0,3,0,-9,1,
22023,1627780,22300576,"FEB 15, 2024",GSW @ UTA,W,15,2,3,0.667,0,0,0.0,0,0,0.0,2,1,3,0,2,1,1,2,4,7,1,
22023,1627780,22300789,"FEB 14, 2024",GSW vs. LAC,L,14,1,2,0.5,0,1,0.0,0,0,0.0,0,2,2,3,0,0,0,2,2,3,2,
22023,1627780,22300769,"FEB 12, 2024",GSW @ UTA,W,15,4,4,1.0,1,1,1.0,2,2,1.0,1,1,2,2,0,0,1,1,11,9,1,
22023,1627780,22300757,"FEB 10, 2024",GSW vs. PHX,W,14,5,5,1.0,1,1,1.0,0,0,0.0,2,2,4,2,1,1,0,2,11,-2,1,
22023,1627780,22300463,"JAN 02, 2024",GSW vs. ORL,W,11,1,5,0.2,0,3,0.0,0,0,0.0,1,3,4,0,0,0,1,0,2,10,1,
22023,1627780,22300444,"DEC 30, 2023",GSW vs. DAL,L,9,1,3,0.333,0,1,0.0,0,0,0.0,0,0,0,0,0,1,0,3,2,-1,1,
22023,1627780,22300060,"NOV 28, 2023",GSW @ SAC,L,17,3,4,0.75,0,1,0.0,1,1,1.0,1,4,5,1,2,1,1,3,7,-9,1,
22023,1627780,22300051,"NOV 24, 2023",GSW vs. SAS,W,19,2,3,0.667,0,1,0.0,0,0,0.0,0,3,3,0,1,1,2,4,4,0,1,
22023,1627780,22300201,"NOV 16, 2023",GSW vs. OKC,L,8,0,4,0.0,0,1,0.0,1,2,0.5,1,0,1,0,1,0,0,1,1,-12,1,
22023,1627780,22300025,"NOV 14, 2023",GSW vs. MIN,L,16,3,5,0.6,1,3,0.333,0,0,0.0,1,2,3,2,0,0,0,1,7,-3,1,
22023,1627780,22300186,"NOV 12, 2023",GSW vs. MIN,L,14,2,2,1.0,0,0,0.0,0,0,0.0,2,2,4,2,0,0,1,2,4,-2,1,
22023,1627780,22300176,"NOV 11, 2023",GSW vs. CLE,L,11,1,4,0.25,0,1,0.0,1,2,0.5,2,3,5,0,0,0,1,0,3,-12,1,
22023,1627780,22300145,"NOV 06, 2023",GSW @ DET,W,24,3,5,0.6,0,0,0.0,0,0,0.0,4,2,6,0,2,0,0,2,6,11,1,
22023,1627780,22300142,"NOV 05, 2023",GSW @ CLE,L,12,2,7,0.286,1,3,0.333,0,0,0.0,2,0,2,1,0,0,0,2,5,-10,1,
22023,1627780,22300005,"NOV 03, 2023",GSW @ OKC,W,22,4,6,0.667,1,3,0.333,0,0,0.0,0,3,3,1,2,0,1,2,9,9,1,
22023,1627780,22300126,"NOV 01, 2023",GSW vs. SAC,W,22,2,4,0.5,0,0,0.0,0,0,0.0,0,2,2,1,1,0,1,0,4,5,1,
22023,1627780,22300108,"OCT 30, 2023",GSW @ NOP,W,20,4,10,0.4,2,6,0.333,0,0,0.0,2,2,4,1,1,1,0,4,10,17,1,
22023,1627780,22300096,"OCT 29, 2023",GSW @ HOU,W,19,6,8,0.75,3,4,0.75,0,0,0.0,0,4,4,1,3,1,0,1,15,13,1,
22023,1627780,22300087,"OCT 27, 2023",GSW @ SAC,W,18,2,4,0.5,1,3,0.333,2,2,1.0,0,0,0,1,1,0,2,3,7,-3,1,
22023,1627780,22300062,"OCT 24, 2023",GSW vs. PHX,L,22,0,5,0.0,0,2,0.0,1,2,0.5,0,2,2,2,3,0,0,1,1,15,1,
22023,1627783,22300782,"FEB 14, 2024",IND @ TOR,W,36,8,17,0.471,1,3,0.333,6,9,0.667,2,3,5,7,1,1,0,5,23,-1,1,
22023,1627783,22300761,"FEB 12, 2024",IND @ CHA,L,35,8,12,0.667,1,3,0.333,1,2,0.5,0,5,5,4,2,0,0,1,18,-5,1,
22023,1627783,22300755,"FEB 10, 2024",IND @ NYK,W,31,8,13,0.615,2,6,0.333,1,4,0.25,0,6,6,3,1,0,1,0,19,7,1,
22023,1627783,22300733,"FEB 08, 2024",IND vs. GSW,L,30,6,11,0.545,2,4,0.5,2,4,0.5,2,6,8,2,1,1,2,2,16,-16,1,
22023,1627783,22300719,"FEB 06, 2024",IND vs. HOU,W,35,11,16,0.688,4,6,0.667,3,4,0.75,1,3,4,4,1,0,2,1,29,1,1,
22023,1627783,22300707,"FEB 04, 2024",IND @ CHA,W,35,11,20,0.55,1,4,0.25,2,3,0.667,3,5,8,9,1,1,0,3,25,30,1,
22023,1627783,22300691,"FEB 02, 2024",IND vs. SAC,L,35,10,15,0.667,1,3,0.333,1,3,0.333,3,3,6,2,2,0,5,3,22,-5,1,
22023,1627783,22300685,"FEB 01, 2024",IND @ NYK,L,35,8,19,0.421,1,3,0.333,1,2,0.5,4,3,7,5,0,1,5,5,18,-10,1,
22023,1627783,22300670,"JAN 30, 2024",IND @ BOS,L,32,9,16,0.563,1,1,1.0,4,4,1.0,4,2,6,2,0,0,0,4,23,9,1,
22023,1627783,22300652,"JAN 28, 2024",IND vs. MEM,W,35,8,13,0.615,0,2,0.0,3,3,1.0,0,6,6,6,2,0,1,3,19,8,1,
22023,1627783,22300636,"JAN 26, 2024",IND vs. PHX,W,33,14,22,0.636,2,3,0.667,1,3,0.333,4,3,7,4,2,0,2,1,31,9,1,
22023,1627783,22300627,"JAN 25, 2024",IND vs. PHI,W,30,9,13,0.692,1,2,0.5,7,10,0.7,3,10,13,10,0,0,2,3,26,30,1,
22023,1627783,22300614,"JAN 23, 2024",IND vs. DEN,L,33,7,16,0.438,0,0,0.0,2,2,1.0,2,8,10,4,0,0,1,1,16,-5,1,
22023,1627783,22300604,"JAN 21, 2024",IND @ PHX,L,30,6,14,0.429,1,3,0.333,2,2,1.0,2,2,4,7,0,0,3,6,15,-9,1,
22023,1627783,22300590,"JAN 19, 2024",IND @ POR,L,34,9,14,0.643,1,3,0.333,2,6,0.333,0,6,6,3,1,0,1,5,21,17,1,
22023,1627783,22300563,"JAN 15, 2024",TOR vs. BOS,L,37,5,15,0.333,0,6,0.0,7,8,0.875,2,3,5,4,1,0,0,1,17,-5,1,
22023,1627783,22300540,"JAN 12, 2024",TOR @ UTA,L,30,8,14,0.571,5,6,0.833,6,8,0.75,0,4,4,2,0,0,2,1,27,-23,1,
22023,1627783,22300516,"JAN 09, 2024",TOR @ LAL,L,32,10,17,0.588,3,5,0.6,2,3,0.667,0,4,4,3,0,1,1,2,25,-4,1,
22023,1627783,22300504,"JAN 07, 2024",TOR @ GSW,W,30,7,11,0.636,2,3,0.667,0,0,0.0,1,5,6,6,0,2,1,0,16,5,1,
22023,1627783,22300492,"JAN 05, 2024",TOR @ SAC,L,37,6,11,0.545,0,0,0.0,6,7,0.857,1,3,4,9,2,1,2,3,18,5,1,
22023,1627783,22300470,"JAN 03, 2024",TOR @ MEM,W,30,9,14,0.643,1,2,0.5,5,6,0.833,1,6,7,0,1,0,3,5,24,-1,1,
22023,1627783,22300452,"JAN 01, 2024",TOR vs. CLE,W,40,13,20,0.65,5,8,0.625,5,6,0.833,0,5,5,2,1,0,1,3,36,1,1,
22023,1627783,22300440,"DEC 30, 2023",TOR @ DET,L,40,14,24,0.583,2,2,1.0,5,8,0.625,1,4,5,4,0,0,2,5,35,-5,1,
22023,1627783,22300432,"DEC 29, 2023",TOR @ BOS,L,41,10,18,0.556,2,5,0.4,5,8,0.625,0,5,5,5,2,0,1,1,27,8,1,
22023,1627783,22300416,"DEC 27, 2023",TOR @ WAS,W,32,9,15,0.6,0,2,0.0,4,5,0.8,1,5,6,11,1,0,4,3,22,16,1,
22023,1627783,22300395,"DEC 23, 2023",TOR vs. UTA,L,36,7,20,0.35,0,2,0.0,5,6,0.833,3,6,9,6,1,0,1,4,19,0,1,
22023,1627783,22300382,"DEC 22, 2023",TOR @ PHI,L,36,10,16,0.625,0,4,0.0,11,12,0.917,1,4,5,5,0,1,2,1,31,-4,1,
22023,1627783,22300369,"DEC 20, 2023",TOR vs. DEN,L,36,7,16,0.438,1,5,0.2,3,5,0.6,1,4,5,1,0,0,1,2,18,-17,1,
22023,1627783,22300354,"DEC 18, 2023",TOR vs. CHA,W,36,11,16,0.688,0,1,0.0,5,6,0.833,4,4,8,8,1,0,2,1,27,2,1,
22023,1627783,22300330,"DEC 15, 2023",TOR vs. ATL,L,34,5,11,0.455,2,3,0.667,3,4,0.75,0,5,5,4,2,0,1,1,15,-9,1,
22023,1627783,22300313,"DEC 13, 2023",TOR vs. ATL,W,36,12,19,0.632,5,6,0.833,4,7,0.571,1,6,7,7,0,0,2,0,33,15,1,
22023,1627783,22300297,"DEC 11, 2023",TOR @ NYK,L,37,8,15,0.533,1,2,0.5,3,7,0.429,2,2,4,4,4,0,1,5,20,6,1,
22023,1627783,22301216,"DEC 08, 2023",TOR @ CHA,L,33,11,15,0.733,0,1,0.0,3,4,0.75,1,4,5,4,1,0,1,2,25,-9,1,
22023,1627783,22301207,"DEC 06, 2023",TOR vs. MIA,L,36,9,13,0.692,1,1,1.0,11,11,1.0,1,3,4,6,0,1,2,1,30,-9,1,
22023,1627783,22300276,"DEC 01, 2023",TOR vs. NYK,L,34,7,16,0.438,0,4,0.0,7,8,0.875,3,5,8,3,0,0,3,3,21,-14,1,
22023,1627783,22300260,"NOV 29, 2023",TOR vs. PHX,W,36,9,21,0.429,1,5,0.2,3,3,1.0,3,6,9,3,1,0,3,4,22,9,1,
22023,1627783,22300054,"NOV 28, 2023",TOR @ BKN,L,35,6,18,0.333,0,4,0.0,5,7,0.714,2,8,10,2,1,0,2,2,17,-14,1,
22023,1627783,22300251,"NOV 26, 2023",TOR @ CLE,L,38,7,17,0.412,0,4,0.0,4,6,0.667,4,4,8,6,1,1,4,0,18,6,1,
22023,1627783,22300046,"NOV 24, 2023",TOR vs. CHI,W,37,6,12,0.5,1,6,0.167,5,6,0.833,0,3,3,8,1,0,3,2,18,14,1,
22023,1627783,22300230,"NOV 22, 2023",TOR @ IND,W,38,13,24,0.542,1,3,0.333,9,11,0.818,3,7,10,5,0,1,2,2,36,-5,1,
22023,1627783,22300038,"NOV 21, 2023",TOR @ ORL,L,30,5,10,0.5,0,2,0.0,6,8,0.75,0,2,2,8,1,0,2,1,16,-7,1,
22023,1627783,22300211,"NOV 19, 2023",TOR vs. DET,W,29,10,18,0.556,1,2,0.5,2,3,0.667,3,4,7,6,1,0,0,1,23,23,1,
22023,1627783,22300031,"NOV 17, 2023",TOR vs. BOS,L,29,11,16,0.688,0,1,0.0,1,1,1.0,1,5,6,5,0,0,3,5,23,17,1,
22023,1627783,22300195,"NOV 15, 2023",TOR vs. MIL,L,29,4,9,0.444,0,2,0.0,3,5,0.6,2,5,7,5,0,1,4,1,11,-21,1,
22023,1627783,22300189,"NOV 13, 2023",TOR vs. WAS,W,38,15,23,0.652,0,3,0.0,9,14,0.643,2,9,11,7,3,0,6,1,39,18,1,
22023,1627783,22300174,"NOV 11, 2023",TOR @ BOS,L,28,6,17,0.353,0,4,0.0,5,6,0.833,2,5,7,3,3,0,3,0,17,-9,1,
22023,1627783,22300168,"NOV 08, 2023",TOR @ DAL,W,37,15,25,0.6,0,5,0.0,1,4,0.25,4,8,12,5,0,0,3,2,31,7,1,
22023,1627783,22300141,"NOV 05, 2023",TOR @ SAS,W,36,2,12,0.167,1,4,0.25,3,3,1.0,0,6,6,5,1,0,3,3,8,7,1,
22023,1627783,22300128,"NOV 02, 2023",TOR @ PHI,L,33,5,11,0.455,0,3,0.0,0,0,0.0,1,2,3,6,0,0,2,5,10,-14,1,
22023,1627783,22300116,"NOV 01, 2023",TOR vs. MIL,W,33,9,13,0.692,5,8,0.625,3,3,1.0,0,6,6,7,0,0,3,3,26,22,1,
22023,1627783,22300105,"OCT 30, 2023",TOR vs. POR,L,35,9,21,0.429,0,6,0.0,2,3,0.667,1,5,6,3,1,0,0,1,20,-2,1,
22023,1627783,22300092,"OCT 28, 2023",TOR vs. PHI,L,36,3,8,0.375,2,5,0.4,3,4,0.75,1,6,7,4,0,1,2,4,11,-5,1,
22023,1627783,22300082,"OCT 27, 2023",TOR @ CHI,L,41,7,15,0.467,1,5,0.2,3,5,0.6,1,7,8,2,0,0,3,4,18,-2,1,
22023,1627783,22300069,"OCT 25, 2023",TOR vs. MIN,W,34,5,17,0.294,3,5,0.6,2,2,1.0,0,7,7,6,1,0,2,2,15,7,1,
22023,1627788,22300727,"FEB 07, 2024",PHI vs. GSW,L,16,0,3,0.0,0,2,0.0,0,0,0.0,3,1,4,0,0,2,1,0,0,-5,1,
22023,1627788,22300715,"FEB 05, 2024",PHI vs. DAL,L,6,0,0,0.0,0,0,0.0,0,0,0.0,0,1,1,0,0,0,0,1,0,4,1,
22023,1627788,22300698,"FEB 03, 2024",PHI vs. BKN,L,27,3,4,0.75,1,1,1.0,3,4,0.75,0,4,4,1,1,0,0,1,10,-8,1,
22023,1627788,22300686,"FEB 01, 2024",PHI @ UTA,W,13,2,7,0.286,1,4,0.25,0,0,0.0,0,2,2,2,0,0,0,1,5,8,1,
22023,1627788,22300673,"JAN 30, 2024",PHI @ GSW,L,22,6,8,0.75,5,6,0.833,2,3,0.667,0,2,2,3,0,0,0,1,19,5,1,
22023,1627788,22300668,"JAN 29, 2024",PHI @ POR,L,10,0,3,0.0,0,2,0.0,2,2,1.0,0,0,0,1,0,0,1,2,2,-2,1,
22023,1627788,22300644,"JAN 27, 2024",PHI @ DEN,L,9,1,2,0.5,1,2,0.5,0,0,0.0,0,1,1,3,1,0,0,0,3,8,1,
22023,1627788,22300627,"JAN 25, 2024",PHI @ IND,L,13,1,2,0.5,0,1,0.0,0,1,0.0,0,1,1,2,1,0,0,0,2,12,1,
22023,1627788,22300608,"JAN 22, 2024",PHI vs. SAS,W,13,0,3,0.0,0,1,0.0,0,0,0.0,0,1,1,1,0,1,0,1,0,13,1,
22023,1627788,22300593,"JAN 20, 2024",PHI @ CHA,W,16,1,2,0.5,0,0,0.0,0,0,0.0,0,4,4,1,0,0,1,1,2,-4,1,
22023,1627788,22300585,"JAN 19, 2024",PHI @ ORL,W,2,0,0,0.0,0,0,0.0,0,0,0.0,0,0,0,1,0,0,0,0,0,2,1,
22023,1627788,22300566,"JAN 16, 2024",PHI vs. DEN,W,4,0,0,0.0,0,0,0.0,0,0,0.0,0,0,0,0,0,0,0,0,0,-7,1,
22023,1627788,22300555,"JAN 15, 2024",PHI vs. HOU,W,6,1,2,0.5,0,0,0.0,0,1,0.0,0,0,0,0,0,0,0,0,2,-10,1,
22023,1627788,22300532,"JAN 12, 2024",PHI vs. SAC,W,3,1,3,0.333,1,2,0.5,0,0,0.0,0,0,0,0,1,0,0,0,3,1,1,
22023,1627788,22300442,"DEC 30, 2023",PHI @ CHI,L,2,1,1,1.0,0,0,0.0,0,0,0.0,0,0,0,0,0,0,0,0,2,5,1,
22023,1627788,22300382,"DEC 22, 2023",PHI vs. TOR,W,7,1,1,1.0,0,0,0.0,0,0,0.0,0,1,1,0,0,0,0,0,2,-7,1,
22023,1627788,22300367,"DEC 20, 2023",PHI vs. MIN,W,2,0,1,0.0,0,0,0.0,0,0,0.0,0,0,0,0,0,0,0,0,0,2,1,
22023,1627788,22300335,"DEC 16, 2023",PHI @ CHA,W,4,0,0,0.0,0,0,0.0,0,0,0.0,0,0,0,1,0,0,0,0,0,6,1,
22023,1627788,22300327,"DEC 15, 2023",PHI vs. DET,W,7,1,3,0.333,1,3,0.333,0,0,0.0,0,1,1,1,0,0,0,1,3,-6,1,
22023,1627788,22300310,"DEC 13, 2023",PHI @ DET,W,5,0,1,0.0,0,1,0.0,0,0,0.0,0,0,0,0,0,0,0,0,0,-6,1,
22023,1627788,22300295,"DEC 11, 2023",PHI vs. WAS,W,9,0,0,0.0,0,0,0.0,2,2,1.0,0,0,0,2,1,0,1,1,2,4,1,
22023,1627788,22300275,"DEC 01, 2023",PHI @ BOS,L,15,0,4,0.0,0,3,0.0,0,0,0.0,0,1,1,0,1,0,0,3,0,4,1,
22023,1627788,22300262,"NOV 29, 2023",PHI @ NOP,L,2,0,0,0.0,0,0,0.0,0,0,0.0,0,0,0,0,0,0,0,0,0,6,1,
22023,1627788,22300255,"NOV 27, 2023",PHI vs. LAL,W,5,2,4,0.5,0,1,0.0,1,1,1.0,0,0,0,3,2,0,0,0,5,13,1,
22023,1627788,22300232,"NOV 22, 2023",PHI @ MIN,L,6,1,2,0.5,1,2,0.5,0,0,0.0,0,1,1,0,1,0,0,0,3,8,1,
22023,1627788,22300208,"NOV 19, 2023",PHI @ BKN,W,4,1,3,0.333,0,2,0.0,1,1,1.0,0,0,0,0,0,0,0,1,3,-1,1,
22023,1627788,22300194,"NOV 15, 2023",PHI vs. BOS,L,3,0,1,0.0,0,1,0.0,0,0,0.0,0,0,0,0,0,0,0,0,0,-8,1,
22023,1627788,22300019,"NOV 14, 2023",PHI vs. IND,L,2,0,0,0.0,0,0,0.0,0,0,0.0,0,0,0,0,0,0,1,0,0,2,1,
22023,1627788,22300180,"NOV 12, 2023",PHI vs. IND,W,5,0,1,0.0,0,0,0.0,0,0,0.0,0,0,0,0,1,0,1,0,0,-2,1,
22023,1627788,22300008,"NOV 10, 2023",PHI @ DET,W,2,0,1,0.0,0,0,0.0,0,0,0.0,0,0,0,0,0,0,0,0,0,-9,1,
22023,1627788,22300159,"NOV 08, 2023",PHI vs. BOS,W,3,0,2,0.0,0,0,0.0,0,0,0.0,0,0,0,0,0,0,1,0,0,-4,1,
22023,1627788,22300148,"NOV 06, 2023",PHI vs. WAS,W,14,0,2,0.0,0,2,0.0,1,2,0.5,1,2,3,2,0,0,1,1,1,6,1,
22023,1627788,22300132,"NOV 04, 2023",PHI vs. PHX,W,18,2,2,1.0,1,1,1.0,0,0,0.0,0,2,2,1,1,0,1,2,5,-3,1,
22023,1627788,22300128,"NOV 02, 2023",PHI vs. TOR,W,22,4,7,0.571,1,2,0.5,1,1,1.0,0,1,1,0,3,0,1,0,10,16,1,
22023,1627788,22300098,"OCT 29, 2023",PHI vs. POR,W,3,1,1,1.0,1,1,1.0,1,2,0.5,0,0,0,0,0,0,0,0,4,3,1,
22023,1627827,22300780,"FEB 14, 2024",BKN @ BOS,L,14,1,4,0.25,0,2,0.0,2,2,1.0,0,1,1,0,0,0,0,1,4,-15,1,
22023,1627827,22300771,"FEB 13, 2024",BKN vs. BOS,L,19,1,2,0.5,0,1,0.0,1,2,0.5,0,2,2,1,1,1,0,1,3,-15,1,
22023,1627827,22300750,"FEB 10, 2024",BKN vs. SAS,W,20,1,4,0.25,1,4,0.25,0,2,0.0,1,2,3,3,1,1,0,6,3,4,1,
22023,1627827,22300645,"JAN 27, 2024",BKN vs. HOU,W,31,7,12,0.583,4,8,0.5,1,4,0.25,0,7,7,3,2,2,3,2,19,20,1,
22023,1627827,22300629,"JAN 25, 2024",BKN vs. MIN,L,36,3,6,0.5,2,5,0.4,0,0,0.0,0,2,2,2,0,0,0,2,8,1,1,
22023,1627827,22300615,"JAN 23, 2024",BKN vs. NYK,L,37,2,10,0.2,1,7,0.143,0,0,0.0,2,0,2,7,1,1,2,3,5,4,1,
22023,1627827,22300600,"JAN 21, 2024",BKN @ LAC,L,27,0,5,0.0,0,3,0.0,0,0,0.0,0,9,9,0,0,1,1,2,0,-10,1,
22023,1627827,22300591,"JAN 19, 2024",BKN @ LAL,W,28,1,8,0.125,0,5,0.0,1,2,0.5,1,3,4,1,1,2,0,4,3,19,1,
22023,1627827,22300578,"JAN 17, 2024",BKN @ POR,L,32,2,5,0.4,1,4,0.25,2,2,1.0,1,4,5,1,2,0,1,1,7,-7,1,
22023,1627827,22300562,"JAN 15, 2024",BKN vs. MIA,L,28,1,6,0.167,1,5,0.2,2,2,1.0,2,5,7,2,0,2,0,0,5,-5,1,
22023,1627827,22300527,"JAN 11, 2024",BKN @ CLE,L,14,0,1,0.0,0,1,0.0,0,0,0.0,0,0,0,0,0,1,1,3,0,-17,1,
22023,1627827,22300498,"JAN 07, 2024",BKN vs. POR,L,36,3,8,0.375,3,7,0.429,0,0,0.0,2,3,5,2,1,0,1,3,9,5,1,
22023,1627827,22300481,"JAN 05, 2024",BKN vs. OKC,W,22,3,6,0.5,3,5,0.6,0,0,0.0,1,2,3,2,1,1,0,4,9,6,1,
22023,1627827,22300469,"JAN 03, 2024",BKN @ HOU,L,20,4,16,0.25,1,11,0.091,0,0,0.0,1,1,2,2,0,1,2,2,9,4,1,
22023,1627827,22300461,"JAN 02, 2024",BKN @ NOP,L,20,1,6,0.167,1,4,0.25,0,0,0.0,1,3,4,1,2,0,0,1,3,-17,1,
22023,1627827,22300447,"DEC 31, 2023",BKN @ OKC,L,24,3,13,0.231,2,8,0.25,0,0,0.0,3,3,6,2,1,0,0,2,8,-11,1,
22023,1627827,22300430,"DEC 29, 2023",BKN @ WAS,L,33,2,8,0.25,0,3,0.0,0,0,0.0,5,2,7,1,1,0,0,2,4,-11,1,
22023,1627827,22300406,"DEC 26, 2023",BKN @ DET,W,33,3,8,0.375,3,7,0.429,2,2,1.0,1,3,4,1,1,0,0,4,11,16,1,
22023,1627827,22300394,"DEC 23, 2023",BKN vs. DET,W,27,4,6,0.667,2,4,0.5,0,0,0.0,0,6,6,1,2,0,0,1,10,22,1,
22023,1627827,22300383,"DEC 22, 2023",BKN vs. DEN,L,30,5,9,0.556,4,5,0.8,0,0,0.0,2,2,4,1,0,0,1,2,14,11,1,
22023,1627827,22300368,"DEC 20, 2023",BKN vs. NYK,L,24,3,8,0.375,2,6,0.333,2,2,1.0,0,3,3,0,0,0,1,2,10,-9,1,
22023,1627827,22300357,"DEC 18, 2023",BKN @ UTA,L,21,2,7,0.286,2,5,0.4,0,0,0.0,2,0,2,3,1,0,0,4,6,-7,1,
22023,1627827,22300322,"DEC 14, 2023",BKN @ DEN,L,16,0,3,0.0,0,1,0.0,0,0,0.0,4,0,4,0,1,0,1,2,0,-9,1,
22023,1627827,22300317,"DEC 13, 2023",BKN @ PHX,W,25,4,9,0.444,0,4,0.0,0,0,0.0,3,3,6,1,2,0,2,3,8,15,1,
22023,1627827,22300303,"DEC 11, 2023",BKN @ SAC,L,25,5,6,0.833,3,4,0.75,0,0,0.0,0,3,3,1,1,2,0,0,13,-10,1,
22023,1627827,22301219,"DEC 08, 2023",BKN vs. WAS,W,26,2,5,0.4,1,4,0.25,3,3,1.0,2,1,3,0,1,0,0,0,8,12,1,
22023,1627827,22301209,"DEC 06, 2023",BKN @ ATL,W,30,6,10,0.6,3,6,0.5,0,0,0.0,2,3,5,0,1,1,1,3,15,6,1,
22023,1627827,22300266,"NOV 30, 2023",BKN vs. CHA,L,39,5,7,0.714,4,6,0.667,0,0,0.0,3,3,6,1,2,1,1,0,14,2,1,
22023,1627827,22300054,"NOV 28, 2023",BKN vs. TOR,W,26,2,10,0.2,1,4,0.25,0,0,0.0,5,4,9,2,1,1,0,4,5,10,1,
22023,1627827,22300250,"NOV 26, 2023",BKN vs. CHI,W,34,3,10,0.3,3,7,0.429,0,0,0.0,0,4,4,1,2,1,1,3,9,-17,1,
22023,1627827,22300240,"NOV 25, 2023",BKN vs. MIA,W,34,7,9,0.778,2,4,0.5,0,0,0.0,2,3,5,3,0,1,0,0,16,23,1,
22023,1627827,22300227,"NOV 22, 2023",BKN @ ATL,L,38,3,7,0.429,2,5,0.4,0,0,0.0,3,5,8,1,0,0,1,3,8,-5,1,
22023,1627827,22300208,"NOV 19, 2023",BKN vs. PHI,L,27,2,7,0.286,1,3,0.333,0,0,0.0,1,2,3,2,0,0,1,2,5,-19,1,
22023,1627827,22300200,"NOV 16, 2023",BKN @ MIA,L,32,4,6,0.667,3,4,0.75,0,0,0.0,1,5,6,1,1,0,3,3,11,-9,1,
22023,1627827,22300020,"NOV 14, 2023",BKN vs. ORL,W,24,2,5,0.4,1,4,0.25,0,0,0.0,2,2,4,0,1,0,0,1,5,-6,1,
22023,1627827,22300178,"NOV 12, 2023",BKN vs. WAS,W,20,2,7,0.286,2,6,0.333,0,0,0.0,2,1,3,0,0,0,2,5,6,7,1,
22023,1627827,22300010,"NOV 10, 2023",BKN @ BOS,L,27,3,6,0.5,3,5,0.6,0,0,0.0,2,1,3,2,0,1,0,4,9,-24,1,
22023,1627827,22300160,"NOV 08, 2023",BKN vs. LAC,W,35,4,11,0.364,4,8,0.5,0,0,0.0,3,6,9,2,1,3,0,2,12,4,1,
22023,1627827,22300149,"NOV 06, 2023",BKN vs. MIL,L,37,3,12,0.25,1,7,0.143,0,0,0.0,4,2,6,2,0,1,1,2,7,7,1,
22023,1627827,22300136,"NOV 04, 2023",BKN vs. BOS,L,37,5,10,0.5,4,9,0.444,0,0,0.0,4,4,8,1,0,0,0,3,14,-19,1,
22023,1627827,22300004,"NOV 03, 2023",BKN @ CHI,W,33,8,14,0.571,5,9,0.556,0,0,0.0,2,1,3,0,0,1,0,1,21,-8,1,
22023,1627827,22300119,"NOV 01, 2023",BKN @ MIA,W,30,6,10,0.6,3,5,0.6,0,0,0.0,0,3,3,2,0,0,1,3,15,-20,1,
22023,1627827,22300101,"OCT 30, 2023",BKN @ CHA,W,31,7,12,0.583,4,9,0.444,1,2,0.5,1,6,7,1,1,2,1,0,19,5,1,
22023,1627827,22300084,"OCT 27, 2023",BKN @ DAL,L,32,4,8,0.5,4,7,0.571,0,0,0.0,1,6,7,3,0,0,2,5,12,-15,1,
22023,1627827,22300067,"OCT 25, 2023",BKN vs. CLE,L,28,4,8,0.5,2,6,0.333,0,1,0.0,1,4,5,2,0,0,3,1,10,7,1,
22023,1627832,22300709,"FEB 04, 2024",HOU @ MIN,L,32,4,11,0.364,2,6,0.333,1,1,1.0,0,3,3,1,2,4,2,1,11,-27,1,
22023,1627832,22300692,"FEB 02, 2024",HOU vs. TOR,W,25,4,7,0.571,2,4,0.5,0,0,0.0,0,2,2,6,0,1,1,3,10,13,1,
22023,1627832,22300679,"JAN 31, 2024",HOU vs. NOP,L,37,6,12,0.5,2,6,0.333,2,2,1.0,0,3,3,5,2,0,0,1,16,-5,1,
22023,1627832,22300662,"JAN 29, 2024",HOU vs. LAL,W,37,0,4,0.0,0,4,0.0,3,4,0.75,1,3,4,14,2,0,2,3,3,17,1,
22023,1627832,22300645,"JAN 27, 2024",HOU @ BKN,L,39,4,12,0.333,1,9,0.111,4,6,0.667,0,4,4,8,1,0,4,5,13,8,1,
22023,1627832,22300635,"JAN 26, 2024",HOU @ CHA,W,30,5,9,0.556,3,5,0.6,1,1,1.0,0,3,3,3,1,6,0,3,14,26,1,
22023,1627832,22300623,"JAN 24, 2024",HOU vs. POR,L,46,8,17,0.471,2,10,0.2,0,0,0.0,0,6,6,7,3,3,2,1,18,-6,1,
22023,1627832,22300598,"JAN 20, 2024",HOU vs. UTA,W,34,8,19,0.421,2,10,0.2,0,0,0.0,2,3,5,7,1,3,2,6,18,-3,1,
22023,1627832,22300573,"JAN 17, 2024",HOU @ NYK,L,41,8,19,0.421,5,12,0.417,3,3,1.0,0,3,3,12,1,0,1,3,24,-7,1,
22023,1627832,22300555,"JAN 15, 2024",HOU @ PHI,L,33,2,5,0.4,2,4,0.5,2,4,0.5,0,1,1,5,0,2,1,4,8,-12,1,
22023,1627832,22300542,"JAN 13, 2024",HOU @ BOS,L,23,2,6,0.333,1,3,0.333,0,0,0.0,1,0,1,7,0,1,0,2,5,-15,1,
22023,1627832,22300534,"JAN 12, 2024",HOU @ DET,W,43,7,15,0.467,3,9,0.333,3,3,1.0,1,3,4,12,2,2,0,5,20,12,1,
22023,1627832,22300523,"JAN 10, 2024",HOU @ CHI,L,42,7,19,0.368,3,14,0.214,3,4,0.75,0,6,6,10,1,3,2,3,20,-10,1,
22023,1627832,22300509,"JAN 08, 2024",HOU @ MIA,L,39,10,22,0.455,7,14,0.5,5,5,1.0,2,3,5,7,0,2,1,2,32,-3,1,
22023,1627832,22300496,"JAN 06, 2024",HOU vs. MIL,W,37,4,13,0.308,3,10,0.3,3,3,1.0,1,1,2,7,2,0,1,3,14,-4,1,
22023,1627832,22300485,"JAN 05, 2024",HOU vs. MIN,L,31,2,9,0.222,2,5,0.4,1,1,1.0,0,1,1,8,1,1,1,0,7,-13,1,
22023,1627832,22300469,"JAN 03, 2024",HOU vs. BKN,W,36,7,9,0.778,6,8,0.75,1,2,0.5,0,6,6,10,0,2,4,2,21,24,1,
22023,1627832,22300453,"JAN 01, 2024",HOU vs. DET,W,26,6,11,0.545,3,6,0.5,0,0,0.0,0,1,1,7,1,0,1,1,15,20,1,
22023,1627832,22300434,"DEC 29, 2023",HOU vs. PHI,L,43,9,16,0.563,8,12,0.667,7,8,0.875,0,3,3,10,1,1,5,3,33,-3,1,
22023,1627832,22300418,"DEC 27, 2023",HOU vs. PHX,L,29,4,11,0.364,1,3,0.333,1,2,0.5,1,1,2,6,0,0,1,2,10,-14,1,
22023,1627832,22300409,"DEC 26, 2023",HOU vs. IND,L,40,7,18,0.389,1,7,0.143,3,3,1.0,0,4,4,9,2,1,3,2,18,-11,1,
22023,1627832,22300392,"DEC 23, 2023",HOU @ NOP,W,36,3,11,0.273,2,7,0.286,2,3,0.667,0,0,0,3,1,0,1,1,10,1,1,
22023,1627832,22300385,"DEC 22, 2023",HOU vs. DAL,W,26,3,8,0.375,1,5,0.2,3,3,1.0,0,2,2,4,1,0,0,2,10,29,1,
22023,1627832,22300371,"DEC 20, 2023",HOU vs. ATL,L,44,10,20,0.5,3,7,0.429,9,9,1.0,0,4,4,15,1,0,2,3,32,-2,1,
22023,1627832,22300349,"DEC 18, 2023",HOU @ CLE,L,45,9,19,0.474,4,8,0.5,5,5,1.0,0,8,8,17,2,1,2,4,27,2,1,
22023,1627832,22300346,"DEC 17, 2023",HOU @ MIL,L,39,8,16,0.5,4,8,0.5,2,2,1.0,1,1,2,6,1,2,1,2,22,-6,1,
22023,1627832,22300332,"DEC 15, 2023",HOU @ MEM,W,36,5,12,0.417,2,4,0.5,4,5,0.8,1,5,6,8,4,2,0,2,16,2,1,
22023,1627832,22300314,"DEC 13, 2023",HOU vs. MEM,W,39,2,8,0.25,0,3,0.0,7,9,0.778,0,5,5,9,3,0,3,4,11,18,1,
22023,1627832,22300298,"DEC 11, 2023",HOU vs. SAS,W,39,6,17,0.353,4,11,0.364,0,0,0.0,0,6,6,5,2,0,3,0,16,9,1,
22023,1627832,22301224,"DEC 08, 2023",HOU @ DEN,W,40,6,17,0.353,4,10,0.4,10,13,0.769,1,3,4,3,0,1,1,3,26,16,1,
22023,1627832,22301212,"DEC 06, 2023",HOU vs. OKC,W,38,4,14,0.286,3,7,0.429,0,0,0.0,0,3,3,9,3,1,3,0,11,11,1,
22023,1627832,22300291,"DEC 02, 2023",HOU @ LAL,L,40,7,15,0.467,4,7,0.571,4,4,1.0,1,4,5,7,0,0,3,1,22,-22,1,
22023,1627832,22300059,"NOV 28, 2023",HOU @ DAL,L,41,3,9,0.333,1,7,0.143,3,3,1.0,0,4,4,12,1,1,0,3,10,-12,1,
22023,1627832,22300048,"NOV 24, 2023",HOU vs. DEN,W,39,6,12,0.5,3,5,0.6,2,2,1.0,0,6,6,11,1,2,1,3,17,30,1,
22023,1627832,22300231,"NOV 22, 2023",HOU vs. MEM,W,39,5,12,0.417,4,8,0.5,2,3,0.667,1,6,7,4,2,0,1,0,16,22,1,
22023,1627832,22300224,"NOV 20, 2023",HOU @ GSW,L,41,3,13,0.231,1,8,0.125,3,3,1.0,0,5,5,14,0,0,0,2,10,-3,1,
22023,1627832,22300216,"NOV 19, 2023",HOU @ LAL,L,40,5,14,0.357,3,10,0.3,2,2,1.0,0,1,1,16,1,0,3,1,15,4,1,
22023,1627832,22300037,"NOV 17, 2023",HOU @ LAC,L,41,7,14,0.5,5,9,0.556,0,0,0.0,1,7,8,10,1,1,2,0,19,-14,1,
22023,1627832,22300182,"NOV 12, 2023",HOU vs. DEN,W,41,9,21,0.429,3,9,0.333,5,7,0.714,0,2,2,4,0,0,2,2,26,-4,1,
22023,1627832,22300011,"NOV 10, 2023",HOU vs. NOP,W,40,7,15,0.467,4,9,0.444,2,2,1.0,1,2,3,8,1,1,1,2,20,-8,1,
22023,1627832,22300163,"NOV 08, 2023",HOU vs. LAL,W,29,2,9,0.222,1,6,0.167,4,4,1.0,1,3,4,10,1,0,1,2,9,28,1,
22023,1627832,22300153,"NOV 06, 2023",HOU vs. SAC,W,27,3,8,0.375,3,5,0.6,2,2,1.0,0,4,4,5,0,0,1,1,11,34,1,
22023,1627832,22300137,"NOV 04, 2023",HOU vs. SAC,W,36,7,22,0.318,4,14,0.286,3,3,1.0,0,6,6,12,0,2,2,4,21,13,1,
22023,1627832,22300122,"NOV 01, 2023",HOU vs. CHA,W,39,8,17,0.471,5,10,0.5,1,1,1.0,0,3,3,11,0,0,2,1,22,14,1,
22023,1627832,22300096,"OCT 29, 2023",HOU vs. GSW,L,32,2,13,0.154,2,7,0.286,2,2,1.0,0,0,0,4,2,0,0,2,8,-13,1,
22023,1627832,22300083,"OCT 27, 2023",HOU @ SAS,L,45,10,20,0.5,2,10,0.2,2,3,0.667,0,8,8,12,0,0,3,5,24,-9,1,
22023,1627832,22300066,"OCT 25, 2023",HOU @ ORL,L,34,5,13,0.385,4,6,0.667,0,0,0.0,0,1,1,5,1,0,3,0,14,-3,1,
22023,1627853,22300671,"JAN 30, 2024",NYK vs. UTA,W,0,0,0,0.0,0,0,0.0,0,0,0.0,0,0,0,0,0,0,1,0,0,0,1,
22023,1627853,22300657,"JAN 29, 2024",NYK @ CHA,W,2,0,0,0.0,0,0,0.0,0,0,0.0,0,1,1,0,0,0,0,0,0,3,1,
22023,1627853,22300643,"JAN 27, 2024",NYK vs. MIA,W,1,0,0,0.0,0,0,0.0,0,0,0.0,0,0,0,0,0,0,1,0,0,-4,1,
22023,1627853,22300631,"JAN 25, 2024",NYK vs. DEN,W,5,0,1,0.0,0,1,0.0,0,0,0.0,0,0,0,0,1,0,0,1,0,3,1,
22023,1627853,22300596,"JAN 20, 2024",NYK vs. TOR,W,3,0,0,0.0,0,0,0.0,0,0,0.0,0,1,1,1,0,0,0,0,0,3,1,
22023,1627853,22300573,"JAN 17, 2024",NYK vs. HOU,W,1,0,0,0.0,0,0,0.0,0,0,0.0,0,0,0,0,0,0,0,0,0,-5,1,
22023,1627853,22300514,"JAN 09, 2024",NYK vs. POR,W,6,0,1,0.0,0,1,0.0,0,0,0.0,0,0,0,0,0,0,0,2,0,1,1,
22023,1627853,22300483,"JAN 05, 2024",NYK @ PHI,W,4,0,1,0.0,0,1,0.0,0,0,0.0,0,1,1,0,0,0,0,1,0,2,1,
22023,1627853,22300468,"JAN 03, 2024",NYK vs. CHI,W,1,0,0,0.0,0,0,0.0,0,0,0.0,0,0,0,0,0,0,0,0,0,0,1,
22023,1627853,22300441,"DEC 30, 2023",NYK @ IND,L,1,0,0,0.0,0,0,0.0,0,0,0.0,0,0,0,0,0,0,0,0,0,3,1,
22023,1627853,22300388,"DEC 23, 2023",NYK vs. MIL,L,1,0,0,0.0,0,0,0.0,0,0,0.0,0,0,0,0,0,0,0,1,0,-3,1,
22023,1627853,22300368,"DEC 20, 2023",NYK @ BKN,W,2,0,1,0.0,0,1,0.0,0,0,0.0,0,1,1,1,0,0,0,0,0,-2,1,
22023,1627853,22300343,"DEC 16, 2023",NYK @ LAC,L,3,0,1,0.0,0,1,0.0,0,0,0.0,0,0,0,0,0,0,0,0,0,10,1,
22023,1627853,22300333,"DEC 15, 2023",NYK @ PHX,W,1,0,0,0.0,0,0,0.0,0,0,0.0,0,1,1,1,0,0,0,0,0,-1,1,
22023,1627853,22301201,"DEC 05, 2023",NYK @ MIL,L,2,0,0,0.0,0,0,0.0,0,0,0.0,0,1,1,1,1,0,0,0,0,-4,1,
22023,1627853,22300221,"NOV 20, 2023",NYK @ MIN,L,3,0,0,0.0,0,0,0.0,0,0,0.0,0,1,1,0,0,0,0,0,0,0,1,
22023,1627853,22300028,"NOV 17, 2023",NYK @ WAS,W,1,0,0,0.0,0,0,0.0,0,0,0.0,0,0,0,0,0,0,0,0,0,1,1,
22023,1627853,22300177,"NOV 12, 2023",NYK vs. CHA,W,3,0,1,0.0,0,1,0.0,0,0,0.0,0,0,0,0,0,0,0,0,0,-4,1,
22023,1627853,22300161,"NOV 08, 2023",NYK vs. SAS,W,2,0,0,0.0,0,0,0.0,0,0,0.0,0,0,0,0,0,0,0,0,0,-2,1,
22023,1627853,22300112,"OCT 31, 2023",NYK @ CLE,W,2,0,0,0.0,0,0,0.0,0,0,0.0,0,1,1,0,0,0,0,0,0,1,1,
22023,1627863,22300715,"FEB 05, 2024",PHI vs. DAL,L,12,1,4,0.25,0,2,0.0,2,2,1.0,2,3,5,0,0,0,1,3,4,-3,1,
22023,1627863,22300698,"FEB 03, 2024",PHI vs. BKN,L,20,4,6,0.667,0,1,0.0,0,0,0.0,0,3,3,1,0,0,0,2,8,-6,1,
22023,1627863,22300686,"FEB 01, 2024",PHI @ UTA,W,19,1,2,0.5,0,1,0.0,3,3,1.0,1,1,2,3,1,1,0,2,5,10,1,
22023,1627863,22300673,"JAN 30, 2024",PHI @ GSW,L,29,1,4,0.25,1,3,0.333,4,4,1.0,1,0,1,0,2,0,0,2,7,-21,1,
22023,1627863,22300668,"JAN 29, 2024",PHI @ POR,L,16,0,1,0.0,0,1,0.0,2,2,1.0,0,1,1,2,0,0,0,1,2,-5,1,
22023,1627863,22300644,"JAN 27, 2024",PHI @ DEN,L,28,3,7,0.429,0,3,0.0,0,1,0.0,1,2,3,0,2,1,0,4,6,6,1,
22023,1627863,22300627,"JAN 25, 2024",PHI @ IND,L,19,4,6,0.667,0,0,0.0,2,3,0.667,1,1,2,1,2,1,2,2,10,-7,1,
22023,1627863,22300608,"JAN 22, 2024",PHI vs. SAS,W,23,2,4,0.5,1,3,0.333,3,6,0.5,0,2,2,1,0,0,0,0,8,2,1,
22023,1627863,22300593,"JAN 20, 2024",PHI @ CHA,W,27,3,4,0.75,1,1,1.0,2,3,0.667,0,3,3,0,1,1,2,3,9,7,1,
22023,1627863,22300585,"JAN 19, 2024",PHI @ ORL,W,11,0,1,0.0,0,1,0.0,0,0,0.0,0,0,0,1,0,0,0,1,0,4,1,
22023,1627863,22300555,"JAN 15, 2024",PHI vs. HOU,W,18,2,4,0.5,1,1,1.0,1,1,1.0,2,3,5,1,0,0,0,4,6,9,1,
22023,1627863,22300532,"JAN 12, 2024",PHI vs. SAC,W,14,1,2,0.5,0,1,0.0,2,2,1.0,0,2,2,1,0,0,0,3,4,12,1,
22023,1627863,22300483,"JAN 05, 2024",PHI vs. NYK,L,22,1,3,0.333,0,1,0.0,0,0,0.0,0,4,4,1,1,0,0,1,2,-27,1,
22023,1627863,22300459,"JAN 02, 2024",PHI vs. CHI,W,15,2,5,0.4,0,2,0.0,1,1,1.0,0,0,0,1,0,0,1,1,5,-2,1,
22023,1627863,22300434,"DEC 29, 2023",PHI @ HOU,W,12,0,0,0.0,0,0,0.0,0,0,0.0,0,2,2,0,0,0,0,1,0,5,1,
22023,1627863,22300415,"DEC 27, 2023",PHI @ ORL,W,7,0,0,0.0,0,0,0.0,0,0,0.0,1,0,1,0,0,0,1,0,0,1,1,
22023,1627863,22300404,"DEC 25, 2023",PHI @ MIA,L,6,0,3,0.0,0,2,0.0,1,2,0.5,0,0,0,0,1,0,1,0,1,-12,1,
22023,1627863,22300382,"DEC 22, 2023",PHI vs. TOR,W,23,1,1,1.0,0,0,0.0,1,2,0.5,0,1,1,1,0,0,2,2,3,17,1,
22023,1627863,22300367,"DEC 20, 2023",PHI vs. MIN,W,17,0,1,0.0,0,0,0.0,0,0,0.0,0,1,1,0,0,0,0,1,0,10,1,
22023,1627863,22300351,"DEC 18, 2023",PHI vs. CHI,L,7,1,1,1.0,1,1,1.0,0,0,0.0,0,0,0,0,0,0,0,0,3,-3,1,
22023,1627863,22300335,"DEC 16, 2023",PHI @ CHA,W,7,3,3,1.0,2,2,1.0,2,2,1.0,0,1,1,2,0,0,0,0,10,6,1,
22023,1627863,22300327,"DEC 15, 2023",PHI vs. DET,W,12,1,5,0.2,1,3,0.333,0,0,0.0,3,1,4,2,0,0,0,2,3,0,1,
22023,1627863,22300310,"DEC 13, 2023",PHI @ DET,W,7,0,3,0.0,0,1,0.0,0,0,0.0,0,0,0,1,0,0,0,0,0,-12,1,
22023,1627863,22300295,"DEC 11, 2023",PHI vs. WAS,W,9,3,4,0.75,3,4,0.75,1,2,0.5,0,1,1,1,0,0,0,0,10,4,1,
22023,1627863,22300232,"NOV 22, 2023",PHI @ MIN,L,17,1,5,0.2,0,3,0.0,1,2,0.5,0,2,2,2,3,0,1,2,3,-2,1,
22023,1627863,22300040,"NOV 21, 2023",PHI vs. CLE,L,12,2,5,0.4,1,2,0.5,2,2,1.0,0,0,0,0,0,0,1,0,7,3,1,
22023,1627863,22300208,"NOV 19, 2023",PHI @ BKN,W,14,1,4,0.25,1,2,0.5,0,0,0.0,2,1,3,3,1,0,0,3,3,2,1,
22023,1627863,22300029,"NOV 17, 2023",PHI @ ATL,W,18,5,8,0.625,1,4,0.25,3,3,1.0,1,2,3,1,0,0,1,1,14,10,1,
22023,1627863,22300194,"NOV 15, 2023",PHI vs. BOS,L,3,0,1,0.0,0,1,0.0,0,0,0.0,0,0,0,0,0,0,0,0,0,-8,1,
22023,1627863,22300019,"NOV 14, 2023",PHI vs. IND,L,18,0,0,0.0,0,0,0.0,0,0,0.0,0,1,1,0,0,0,2,3,0,12,1,
22023,1627863,22300180,"NOV 12, 2023",PHI vs. IND,W,16,1,1,1.0,1,1,1.0,1,2,0.5,0,1,1,0,0,0,1,0,4,15,1,
22023,1627863,22300148,"NOV 06, 2023",PHI vs. WAS,W,7,1,2,0.5,0,1,0.0,1,1,1.0,0,0,0,0,0,0,2,0,3,-9,1,
22023,1627863,22300098,"OCT 29, 2023",PHI vs. POR,W,10,1,2,0.5,0,1,0.0,0,0,0.0,1,1,2,2,1,0,1,0,2,-3,1,
22023,1627863,22300092,"OCT 28, 2023",PHI @ TOR,W,12,1,3,0.333,0,1,0.0,0,0,0.0,0,2,2,0,0,1,0,1,2,7,1,
22023,1627884,22300785,"FEB 14, 2024",DAL vs. SAS,W,19,0,2,0.0,0,1,0.0,0,0,0.0,1,2,3,0,0,0,1,0,0,7,1,
22023,1627884,22300768,"FEB 12, 2024",DAL vs. WAS,W,12,1,2,0.5,0,0,0.0,0,0,0.0,1,1,2,0,1,0,1,1,2,-6,1,
22023,1627884,22300748,"FEB 10, 2024",DAL vs. OKC,W,23,3,4,0.75,1,2,0.5,1,2,0.5,0,4,4,1,1,0,3,3,8,23,1,
22023,1627884,22300736,"FEB 08, 2024",DAL @ NYK,W,30,5,7,0.714,1,3,0.333,7,7,1.0,1,4,5,3,0,0,0,1,18,15,1,
22023,1627884,22300720,"FEB 06, 2024",DAL @ BKN,W,22,1,3,0.333,0,0,0.0,0,0,0.0,1,6,7,1,1,0,0,0,2,8,1,
22023,1627884,22300715,"FEB 05, 2024",DAL @ PHI,W,15,2,7,0.286,0,4,0.0,1,2,0.5,0,2,2,1,0,0,0,1,5,4,1,
22023,1627884,22300702,"FEB 03, 2024",DAL vs. MIL,L,35,3,6,0.5,0,0,0.0,2,3,0.667,1,3,4,1,2,0,1,1,8,-12,1,
22023,1627884,22300634,"JAN 26, 2024",DAL @ ATL,W,18,1,1,1.0,0,0,0.0,0,0,0.0,0,1,1,1,0,0,1,3,2,-2,1,
22023,1627884,22300625,"JAN 24, 2024",DAL vs. PHX,L,24,3,8,0.375,0,3,0.0,0,1,0.0,1,1,2,1,0,0,3,3,6,-35,1,
22023,1627884,22300611,"JAN 22, 2024",DAL vs. BOS,L,25,2,7,0.286,1,3,0.333,0,0,0.0,0,2,2,3,0,0,1,1,5,-6,1,
22023,1627884,22300577,"JAN 17, 2024",DAL @ LAL,L,27,3,3,1.0,2,2,1.0,0,0,0.0,1,0,1,0,0,1,0,2,8,-25,1,
22023,1627884,22300547,"JAN 13, 2024",DAL vs. NOP,L,28,8,10,0.8,3,5,0.6,5,5,1.0,0,4,4,1,0,0,1,4,24,-20,1,
22023,1627884,22300530,"JAN 11, 2024",DAL vs. NYK,W,35,4,10,0.4,1,5,0.2,0,2,0.0,1,3,4,1,0,1,1,2,9,-6,1,
22023,1627884,22300515,"JAN 09, 2024",DAL vs. MEM,L,36,5,9,0.556,0,1,0.0,1,1,1.0,0,4,4,2,0,1,0,1,11,-10,1,
22023,1627884,22300501,"JAN 07, 2024",DAL vs. MIN,W,35,5,12,0.417,1,6,0.167,1,2,0.5,5,5,10,1,1,3,1,2,12,2,1,
22023,1627884,22300487,"JAN 05, 2024",DAL vs. POR,W,20,5,6,0.833,2,3,0.667,0,0,0.0,0,3,3,0,3,0,3,4,12,18,1,
22023,1627884,22300472,"JAN 03, 2024",DAL vs. POR,W,23,2,3,0.667,0,0,0.0,1,2,0.5,0,0,0,1,2,2,1,2,5,23,1,
22023,1627884,22300457,"JAN 01, 2024",DAL @ UTA,L,24,2,4,0.5,1,3,0.333,1,2,0.5,1,2,3,0,1,1,2,1,6,-18,1,
22023,1627884,22300444,"DEC 30, 2023",DAL @ GSW,W,24,3,7,0.429,0,3,0.0,1,2,0.5,2,3,5,1,2,1,1,1,7,-5,1,
22023,1627884,22300423,"DEC 28, 2023",DAL @ MIN,L,30,3,9,0.333,1,3,0.333,8,8,1.0,3,6,9,0,3,1,1,5,15,3,1,
22023,1627884,22300420,"DEC 27, 2023",DAL vs. CLE,L,36,5,13,0.385,0,4,0.0,2,2,1.0,2,3,5,1,1,3,2,3,12,-8,1,
22023,1627884,22300405,"DEC 25, 2023",DAL @ PHX,W,35,9,18,0.5,3,8,0.375,2,4,0.5,2,1,3,1,1,0,0,3,23,15,1,
22023,1627884,22300398,"DEC 23, 2023",DAL vs. SAS,W,24,4,7,0.571,3,5,0.6,0,0,0.0,2,2,4,1,0,0,0,2,11,5,1,
22023,1627884,22300385,"DEC 22, 2023",DAL @ HOU,L,22,1,4,0.25,0,1,0.0,1,2,0.5,2,2,4,1,0,0,1,3,3,-21,1,
22023,1627884,22300372,"DEC 20, 2023",DAL vs. LAC,L,39,6,11,0.545,2,4,0.5,5,5,1.0,3,0,3,2,1,2,0,2,19,1,1,
22023,1627884,22300356,"DEC 18, 2023",DAL @ DEN,L,24,3,9,0.333,0,5,0.0,0,0,0.0,0,1,1,1,2,0,1,0,6,-11,1,
22023,1627884,22300341,"DEC 16, 2023",DAL @ POR,W,33,6,11,0.545,2,6,0.333,4,5,0.8,1,0,1,4,2,0,1,1,18,-3,1,
22023,1627884,22300321,"DEC 14, 2023",DAL vs. MIN,L,30,1,8,0.125,1,6,0.167,0,0,0.0,0,4,4,0,2,0,0,3,3,-25,1,
22023,1627884,22300299,"DEC 11, 2023",DAL @ MEM,W,6,2,4,0.5,0,2,0.0,1,1,1.0,0,2,2,0,0,3,0,0,5,6,1,
22023,1627884,22301226,"DEC 08, 2023",DAL @ POR,W,39,6,12,0.5,1,7,0.143,1,2,0.5,4,4,8,1,2,2,1,2,14,21,1,
22023,1627884,22301213,"DEC 06, 2023",DAL vs. UTA,W,25,4,5,0.8,1,2,0.5,3,5,0.6,1,3,4,1,1,2,0,3,12,28,1,
22023,1627884,22300287,"DEC 02, 2023",DAL vs. OKC,L,33,8,15,0.533,6,12,0.5,2,2,1.0,1,3,4,1,1,1,3,3,24,-1,1,
22023,1627884,22300277,"DEC 01, 2023",DAL vs. MEM,L,31,6,14,0.429,4,7,0.571,0,0,0.0,3,1,4,1,1,0,1,1,16,-23,1,
22023,1627884,22300059,"NOV 28, 2023",DAL vs. HOU,W,34,5,7,0.714,2,3,0.667,3,3,1.0,3,3,6,1,1,0,0,4,15,11,1,
22023,1627884,22300244,"NOV 25, 2023",DAL @ LAC,L,20,1,5,0.2,1,3,0.333,1,2,0.5,0,1,1,1,1,1,0,1,4,-26,1,
22023,1627884,22300238,"NOV 22, 2023",DAL @ LAL,W,19,2,4,0.5,2,4,0.5,0,0,0.0,1,1,2,0,0,2,0,4,6,-10,1,
22023,1627884,22300212,"NOV 19, 2023",DAL vs. SAC,L,19,2,4,0.5,1,2,0.5,1,1,1.0,0,2,2,0,0,0,1,0,6,-20,1,
22023,1627884,22300205,"NOV 18, 2023",DAL @ MIL,L,19,0,7,0.0,0,2,0.0,0,0,0.0,2,6,8,1,0,0,2,1,0,0,1,
22023,1627884,22300192,"NOV 15, 2023",DAL @ WAS,W,26,8,11,0.727,2,5,0.4,2,3,0.667,1,6,7,1,1,2,2,4,20,5,1,
22023,1627884,22300022,"NOV 14, 2023",DAL @ NOP,L,18,2,4,0.5,1,3,0.333,2,2,1.0,2,1,3,2,0,1,1,1,7,-10,1,
22023,1627884,22300183,"NOV 12, 2023",DAL @ NOP,W,22,2,6,0.333,2,6,0.333,1,2,0.5,0,1,1,2,0,0,1,0,7,8,1,
22023,1627884,22300014,"NOV 10, 2023",DAL vs. LAC,W,29,4,10,0.4,1,4,0.25,2,2,1.0,4,6,10,3,3,0,0,1,11,36,1,
22023,1627884,22300168,"NOV 08, 2023",DAL vs. TOR,L,29,6,8,0.75,3,5,0.6,0,0,0.0,1,4,5,1,0,3,3,3,15,11,1,
22023,1627884,22300147,"NOV 06, 2023",DAL @ ORL,W,28,2,5,0.4,1,3,0.333,0,0,0.0,1,3,4,1,0,2,1,3,5,2,1,
22023,1627884,22300143,"NOV 05, 2023",DAL vs. CHA,W,17,0,2,0.0,0,1,0.0,0,0,0.0,0,0,0,1,1,1,1,1,0,3,1,
22023,1627884,22300006,"NOV 03, 2023",DAL @ DEN,L,17,3,5,0.6,1,3,0.333,0,0,0.0,1,0,1,1,2,0,0,0,7,-16,1,
22023,1627884,22300124,"NOV 01, 2023",DAL vs. CHI,W,31,7,13,0.538,3,9,0.333,0,0,0.0,1,4,5,1,0,0,0,2,17,11,1,
22023,1627884,22300106,"OCT 30, 2023",DAL @ MEM,W,27,7,10,0.7,4,6,0.667,4,6,0.667,0,4,4,0,0,0,1,0,22,12,1,
22023,1627884,22300084,"OCT 27, 2023",DAL vs. BKN,W,14,2,5,0.4,0,2,0.0,0,0,0.0,0,1,1,1,0,0,1,1,4,1,1,
22023,1627884,22300073,"OCT 25, 2023",DAL @ SAS,W,12,0,3,0.0,0,2,0.0,1,2,0.5,0,1,1,0,0,0,1,0,1,-1,1,
22023,1627936,22300781,"FEB 14, 2024",CHI @ CLE,L,26,3,6,0.5,2,4,0.5,2,2,1.0,0,2,2,3,2,1,1,2,10,-7,1,
22023,1627936,22300752,"FEB 10, 2024",CHI @ ORL,L,36,4,6,0.667,1,2,0.5,0,0,0.0,3,5,8,1,1,4,2,3,9,-2,1,
22023,1627936,22300737,"FEB 08, 2024",CHI @ MEM,W,29,1,4,0.25,0,3,0.0,5,5,1.0,0,4,4,4,2,0,0,5,7,1,1,
22023,1627936,22300723,"FEB 06, 2024",CHI vs. MIN,W,35,1,5,0.2,1,3,0.333,0,0,0.0,1,8,9,6,2,4,4,1,3,19,1,
22023,1627936,22300700,"FEB 03, 2024",CHI vs. SAC,L,37,3,7,0.429,1,4,0.25,0,0,0.0,2,3,5,6,3,2,4,5,7,1,1,
22023,1627936,22300674,"JAN 31, 2024",CHI @ CHA,W,34,4,7,0.571,2,4,0.5,0,0,0.0,2,3,5,3,0,3,0,2,10,11,1,
22023,1627936,22300672,"JAN 30, 2024",CHI vs. TOR,L,33,3,9,0.333,1,6,0.167,4,6,0.667,0,3,3,2,1,2,3,2,11,7,1,
22023,1627936,22300656,"JAN 28, 2024",CHI @ POR,W,32,3,7,0.429,2,5,0.4,1,2,0.5,0,5,5,3,1,1,0,5,9,5,1,
22023,1627936,22300633,"JAN 25, 2024",CHI @ LAL,L,35,6,12,0.5,3,9,0.333,2,2,1.0,1,3,4,6,2,2,2,4,17,-6,1,
22023,1627936,22300612,"JAN 22, 2024",CHI @ PHX,L,33,5,12,0.417,5,11,0.455,0,0,0.0,1,3,4,3,0,3,2,5,15,14,1,
22023,1627936,22300597,"JAN 20, 2024",CHI vs. MEM,W,25,3,6,0.5,2,5,0.4,0,0,0.0,0,3,3,1,2,1,0,3,8,18,1,
22023,1627936,22300580,"JAN 18, 2024",CHI @ TOR,W,28,4,6,0.667,2,4,0.5,0,0,0.0,0,3,3,4,2,2,1,4,10,3,1,
22023,1627936,22300561,"JAN 15, 2024",CHI @ CLE,L,31,4,9,0.444,2,5,0.4,0,0,0.0,0,3,3,3,3,1,2,1,10,-6,1,
22023,1627936,22300548,"JAN 13, 2024",CHI @ SAS,W,33,3,5,0.6,3,4,0.75,2,2,1.0,0,6,6,6,2,3,1,1,11,17,1,
22023,1627936,22300536,"JAN 12, 2024",CHI vs. GSW,L,29,2,6,0.333,2,6,0.333,0,0,0.0,1,1,2,2,0,1,0,0,6,-12,1,
22023,1627936,22300523,"JAN 10, 2024",CHI vs. HOU,W,32,3,10,0.3,2,9,0.222,4,6,0.667,2,4,6,3,1,1,0,3,12,-9,1,
22023,1627936,22300506,"JAN 08, 2024",CHI @ CHA,W,34,2,7,0.286,1,3,0.333,0,0,0.0,0,2,2,3,2,1,0,4,5,17,1,
22023,1627936,22300468,"JAN 03, 2024",CHI @ NYK,L,33,5,13,0.385,2,8,0.25,1,1,1.0,0,4,4,3,4,1,1,4,13,-11,1,
22023,1627936,22300459,"JAN 02, 2024",CHI @ PHI,L,21,3,10,0.3,1,6,0.167,1,2,0.5,1,1,2,2,0,1,2,0,8,-12,1,
22023,1627936,22300442,"DEC 30, 2023",CHI vs. PHI,W,28,4,7,0.571,3,5,0.6,3,5,0.6,0,2,2,5,1,1,3,2,14,19,1,
22023,1627936,22300422,"DEC 28, 2023",CHI vs. IND,L,32,6,11,0.545,3,7,0.429,0,0,0.0,2,5,7,2,1,0,1,1,15,-15,1,
22023,1627936,22300408,"DEC 26, 2023",CHI vs. ATL,W,29,2,10,0.2,1,5,0.2,6,6,1.0,2,3,5,5,2,0,1,2,11,3,1,
22023,1627936,22300396,"DEC 23, 2023",CHI vs. CLE,L,32,4,9,0.444,2,5,0.4,0,0,0.0,1,3,4,1,0,1,0,3,10,-10,1,
22023,1627936,22300376,"DEC 21, 2023",CHI vs. SAS,W,22,4,6,0.667,0,0,0.0,0,0,0.0,0,3,3,3,3,0,2,5,8,10,1,
22023,1627936,22300370,"DEC 20, 2023",CHI vs. LAL,W,28,5,7,0.714,3,4,0.75,2,2,1.0,2,4,6,2,0,1,4,2,15,15,1,
22023,1627936,22300351,"DEC 18, 2023",CHI @ PHI,W,31,5,8,0.625,0,3,0.0,0,1,0.0,0,4,4,4,1,2,2,5,10,18,1,
22023,1627936,22300320,"DEC 14, 2023",CHI @ MIA,W,5,2,4,0.5,2,3,0.667,0,0,0.0,0,0,0,1,0,0,0,0,6,11,1,
22023,1627936,22301223,"DEC 08, 2023",CHI @ SAS,W,18,2,5,0.4,0,2,0.0,0,0,0.0,1,2,3,2,1,0,2,2,4,-3,1,
22023,1627936,22301211,"DEC 06, 2023",CHI vs. CHA,W,30,4,7,0.571,1,2,0.5,3,4,0.75,4,2,6,2,0,2,1,2,12,-4,1,
22023,1627936,22300285,"DEC 02, 2023",CHI vs. NOP,W,13,3,5,0.6,2,4,0.5,0,0,0.0,0,2,2,2,0,1,1,2,8,-3,1,
22023,1627936,22300269,"NOV 30, 2023",CHI vs. MIL,W,29,4,9,0.444,3,5,0.6,0,0,0.0,0,1,1,5,2,1,7,1,11,-9,1,
22023,1627936,22300053,"NOV 28, 2023",CHI @ BOS,L,19,3,9,0.333,2,6,0.333,0,0,0.0,1,1,2,2,3,0,1,2,8,-16,1,
22023,1627936,22300046,"NOV 24, 2023",CHI @ TOR,L,18,2,3,0.667,1,2,0.5,2,2,1.0,1,1,2,1,0,0,0,0,7,-13,1,
22023,1627936,22300234,"NOV 22, 2023",CHI @ OKC,L,27,5,12,0.417,2,6,0.333,0,0,0.0,1,5,6,1,1,0,0,1,12,-5,1,
22023,1627936,22300220,"NOV 20, 2023",CHI vs. MIA,L,27,4,10,0.4,2,4,0.5,3,4,0.75,2,2,4,3,1,1,2,1,13,-21,1,
22023,1627936,22300204,"NOV 18, 2023",CHI vs. MIA,W,29,4,8,0.5,2,4,0.5,1,2,0.5,1,0,1,3,1,1,1,2,11,-16,1,
22023,1627936,22300033,"NOV 17, 2023",CHI vs. ORL,L,23,5,6,0.833,4,5,0.8,4,4,1.0,0,1,1,0,3,2,1,4,18,7,1,
22023,1627936,22300196,"NOV 15, 2023",CHI vs. ORL,L,24,5,7,0.714,2,4,0.5,4,4,1.0,1,4,5,3,0,1,2,5,16,7,1,
22023,1627936,22300162,"NOV 08, 2023",CHI vs. PHX,L,31,7,9,0.778,4,5,0.8,1,2,0.5,1,3,4,2,3,2,1,3,19,24,1,
22023,1627936,22300152,"NOV 06, 2023",CHI vs. UTA,W,20,3,3,1.0,2,2,1.0,2,2,1.0,1,0,1,3,1,0,0,1,10,16,1,
22023,1627936,22300139,"NOV 04, 2023",CHI @ DEN,L,14,1,3,0.333,0,2,0.0,1,1,1.0,0,0,0,2,1,0,2,3,3,-8,1,
22023,1627936,22300004,"NOV 03, 2023",CHI vs. BKN,L,26,1,2,0.5,1,2,0.5,0,0,0.0,0,2,2,2,0,1,0,2,3,-9,1,
22023,1627936,22300124,"NOV 01, 2023",CHI @ DAL,L,22,3,6,0.5,0,3,0.0,0,0,0.0,2,2,4,1,1,1,2,4,6,-5,1,
22023,1627936,22300102,"OCT 30, 2023",CHI @ IND,W,26,3,5,0.6,1,2,0.5,1,2,0.5,1,3,4,3,0,1,3,1,8,6,1,
22023,1627936,22300088,"OCT 28, 2023",CHI @ DET,L,21,1,2,0.5,0,0,0.0,0,0,0.0,2,3,5,4,4,1,0,3,2,-16,1,
22023,1627936,22300082,"OCT 27, 2023",CHI vs. TOR,W,32,5,9,0.556,2,5,0.4,1,2,0.5,6,7,13,2,2,1,0,5,13,29,1,
22023,1627936,22300070,"OCT 25, 2023",CHI vs. OKC,L,20,2,5,0.4,1,4,0.25,1,2,0.5,0,2,2,3,2,0,1,1,6,-19,1,
22023,1628365,22300772,"FEB 13, 2024",ORL vs. OKC,L,18,2,5,0.4,0,0,0.0,0,0,0.0,4,3,7,4,1,0,1,0,4,5,1,
22023,1628365,22300752,"FEB 10, 2024",ORL vs. CHI,W,17,2,7,0.286,0,2,0.0,1,1,1.0,0,6,6,3,1,0,1,1,5,-13,1,
22023,1628365,22300734,"FEB 08, 2024",ORL vs. SAS,W,25,1,4,0.25,0,0,0.0,0,0,0.0,3,2,5,4,2,0,1,2,2,22,1,
22023,1628365,22300721,"FEB 06, 2024",ORL @ MIA,L,28,5,10,0.5,1,2,0.5,2,2,1.0,1,0,1,4,1,1,2,3,13,-9,1,
22023,1628365,22300704,"FEB 04, 2024",ORL @ DET,W,23,4,9,0.444,0,0,0.0,0,0,0.0,1,3,4,2,0,0,1,3,8,3,1,
22023,1628365,22300694,"FEB 02, 2024",ORL @ MIN,W,23,5,9,0.556,0,0,0.0,0,0,0.0,0,3,3,5,2,1,1,1,10,4,1,
22023,1628365,22300681,"JAN 31, 2024",ORL @ SAS,W,31,5,11,0.455,0,0,0.0,1,2,0.5,3,4,7,4,2,0,0,0,11,3,1,
22023,1628365,22300655,"JAN 28, 2024",ORL vs. PHX,W,27,7,10,0.7,0,0,0.0,0,0,0.0,1,1,2,4,5,0,0,3,14,1,1,
22023,1628365,22300638,"JAN 26, 2024",ORL @ MEM,L,21,5,7,0.714,0,0,0.0,0,0,0.0,1,2,3,3,0,0,1,1,10,-2,1,
22023,1628365,22300601,"JAN 21, 2024",ORL vs. MIA,W,29,6,8,0.75,0,0,0.0,0,0,0.0,1,0,1,4,2,2,2,3,12,21,1,
22023,1628365,22300585,"JAN 19, 2024",ORL vs. PHI,L,22,3,6,0.5,0,0,0.0,1,1,1.0,1,0,1,3,0,0,1,3,7,-9,1,
22023,1628365,22300570,"JAN 17, 2024",ORL @ ATL,L,30,5,8,0.625,0,0,0.0,0,0,0.0,1,3,4,1,3,0,4,5,10,-8,1,
22023,1628365,22300557,"JAN 15, 2024",ORL @ NYK,W,23,3,8,0.375,0,0,0.0,0,0,0.0,1,4,5,7,0,0,0,2,6,11,1,
22023,1628365,22300535,"JAN 12, 2024",ORL @ MIA,L,17,1,2,0.5,0,0,0.0,1,2,0.5,2,1,3,3,2,1,2,2,3,-6,1,
22023,1628365,22300513,"JAN 09, 2024",ORL vs. MIN,L,13,2,7,0.286,0,0,0.0,0,0,0.0,1,2,3,2,0,0,0,0,4,-3,1,
22023,1628365,22300499,"JAN 07, 2024",ORL vs. ATL,W,15,0,2,0.0,0,0,0.0,0,4,0.0,0,2,2,4,1,0,1,0,0,-6,1,
22023,1628365,22300172,"NOV 09, 2023",ORL vs. ATL,L,29,5,12,0.417,0,0,0.0,3,3,1.0,2,0,2,3,1,0,1,1,13,-2,1,
22023,1628365,22300114,"OCT 31, 2023",ORL @ LAC,L,32,6,11,0.545,0,0,0.0,0,1,0.0,1,4,5,1,1,0,2,3,12,-16,1,
22023,1628365,22300111,"OCT 30, 2023",ORL @ LAL,L,33,7,16,0.438,0,1,0.0,0,0,0.0,1,3,4,8,1,2,1,2,14,0,1,
22023,1628365,22300086,"OCT 27, 2023",ORL @ POR,W,25,4,8,0.5,0,2,0.0,0,0,0.0,1,1,2,6,0,0,1,0,8,11,1,
22023,1628365,22300066,"OCT 25, 2023",ORL vs. HOU,W,25,5,9,0.556,0,0,0.0,0,0,0.0,3,1,4,2,3,0,1,0,10,12,1,
22023,1628368,22300786,"FEB 14, 2024",SAC @ DEN,W,43,12,26,0.462,2,7,0.286,4,6,0.667,3,5,8,8,2,0,1,2,30,12,1,
22023,1628368,22300774,"FEB 13, 2024",SAC @ PHX,L,40,14,31,0.452,5,12,0.417,7,10,0.7,4,5,9,6,3,0,6,4,40,-9,1,
22023,1628368,22300760,"FEB 11, 2024",SAC @ OKC,L,33,6,17,0.353,2,8,0.25,1,3,0.333,0,1,1,5,0,0,3,3,15,-27,1,
22023,1628368,22300746,"FEB 09, 2024",SAC vs. DEN,W,28,7,15,0.467,1,2,0.5,0,0,0.0,0,2,2,10,5,0,3,3,15,26,1,
22023,1628368,22300732,"FEB 07, 2024",SAC vs. DET,L,35,5,14,0.357,2,5,0.4,0,4,0.0,1,2,3,7,3,1,2,4,12,-17,1,
22023,1628368,22300714,"FEB 05, 2024",SAC @ CLE,L,35,8,20,0.4,3,9,0.333,0,0,0.0,1,3,4,1,2,1,3,4,19,-12,1,
22023,1628368,22300700,"FEB 03, 2024",SAC @ CHI,W,35,13,24,0.542,5,11,0.455,10,12,0.833,0,4,4,4,5,0,3,5,41,5,1,
22023,1628368,22300691,"FEB 02, 2024",SAC @ IND,W,35,11,21,0.524,1,5,0.2,2,6,0.333,0,3,3,3,6,1,3,1,25,7,1,
22023,1628368,22300678,"JAN 31, 2024",SAC @ MIA,L,37,4,16,0.25,1,8,0.125,4,6,0.667,0,5,5,3,2,0,2,3,13,-4,1,
22023,1628368,22300663,"JAN 29, 2024",SAC @ MEM,W,34,8,14,0.571,1,4,0.25,6,10,0.6,1,4,5,4,2,0,3,1,23,8,1,
22023,1628368,22300651,"JAN 27, 2024",SAC @ DAL,W,37,13,24,0.542,1,5,0.2,7,8,0.875,1,2,3,5,2,2,2,3,34,18,1,
22023,1628368,22300632,"JAN 25, 2024",SAC @ GSW,W,36,9,16,0.563,3,7,0.429,8,8,1.0,0,1,1,5,1,1,1,3,29,-12,1,
22023,1628368,22300613,"JAN 22, 2024",SAC vs. ATL,W,35,5,16,0.313,0,5,0.0,2,3,0.667,0,3,3,1,1,0,1,1,12,7,1,
22023,1628368,22300583,"JAN 18, 2024",SAC vs. IND,L,40,8,20,0.4,3,7,0.429,5,9,0.556,1,5,6,6,1,0,1,2,24,3,1,
22023,1628368,22300567,"JAN 16, 2024",SAC @ PHX,L,37,12,24,0.5,6,10,0.6,3,5,0.6,1,1,2,6,2,0,1,2,33,6,1,
22023,1628368,22300552,"JAN 14, 2024",SAC @ MIL,L,43,12,26,0.462,2,6,0.333,6,7,0.857,1,1,2,5,3,0,4,4,32,-3,1,
22023,1628368,22300532,"JAN 12, 2024",SAC @ PHI,L,38,5,15,0.333,2,7,0.286,9,11,0.818,1,4,5,4,1,0,2,2,21,-25,1,
22023,1628368,22300518,"JAN 10, 2024",SAC @ CHA,W,28,8,14,0.571,3,7,0.429,0,2,0.0,0,1,1,3,1,1,1,0,19,25,1,
22023,1628368,22300512,"JAN 09, 2024",SAC @ DET,W,33,10,19,0.526,4,7,0.571,2,2,1.0,0,3,3,4,2,0,5,2,26,2,1,
22023,1628368,22300500,"JAN 07, 2024",SAC vs. NOP,L,26,1,10,0.1,1,4,0.25,0,0,0.0,0,2,2,4,0,0,4,3,3,-30,1,
22023,1628368,22300492,"JAN 05, 2024",SAC vs. TOR,W,37,10,20,0.5,1,3,0.333,3,3,1.0,1,1,2,4,2,1,2,4,24,-1,1,
22023,1628368,22300476,"JAN 03, 2024",SAC vs. ORL,W,44,6,22,0.273,0,5,0.0,3,4,0.75,3,1,4,7,1,0,3,1,15,-1,1,
22023,1628368,22300464,"JAN 02, 2024",SAC vs. CHA,L,38,11,25,0.44,3,10,0.3,5,8,0.625,0,5,5,6,1,1,3,2,30,4,1,
22023,1628368,22300449,"DEC 31, 2023",SAC @ MEM,W,34,9,23,0.391,3,8,0.375,3,5,0.6,1,3,4,4,0,1,1,3,24,20,1,
22023,1628368,22300431,"DEC 29, 2023",SAC @ ATL,W,41,10,20,0.5,8,16,0.5,3,7,0.429,1,4,5,8,5,0,3,3,31,9,1,
22023,1628368,22300413,"DEC 26, 2023",SAC @ POR,L,38,16,26,0.615,7,15,0.467,4,6,0.667,2,6,8,4,1,1,5,2,43,-2,1,
22023,1628368,22300400,"DEC 23, 2023",SAC vs. MIN,L,39,10,23,0.435,3,11,0.273,4,4,1.0,2,2,4,6,2,0,3,1,27,-4,1,
22023,1628368,22300387,"DEC 22, 2023",SAC vs. PHX,W,32,9,17,0.529,2,6,0.333,3,4,0.75,0,6,6,7,3,2,2,2,23,21,1,
22023,1628368,22300373,"DEC 20, 2023",SAC vs. BOS,L,26,9,16,0.563,6,8,0.75,5,6,0.833,2,1,3,3,3,0,3,4,29,-19,1,
22023,1628368,22300358,"DEC 18, 2023",SAC vs. WAS,W,33,10,19,0.526,2,7,0.286,8,12,0.667,0,5,5,6,3,1,1,2,30,20,1,
22023,1628368,22300324,"DEC 14, 2023",SAC vs. OKC,W,34,14,25,0.56,5,11,0.455,8,11,0.727,0,3,3,7,2,0,5,3,41,3,1,
22023,1628368,22300309,"DEC 12, 2023",SAC @ LAC,L,25,5,16,0.313,3,7,0.429,1,1,1.0,0,3,3,3,0,0,4,3,14,-14,1,
22023,1628368,22300303,"DEC 11, 2023",SAC vs. BKN,W,33,10,22,0.455,5,10,0.5,4,6,0.667,0,3,3,8,0,0,3,4,29,31,1,
22023,1628368,22301228,"DEC 08, 2023",SAC @ PHX,W,35,11,24,0.458,4,7,0.571,8,10,0.8,2,2,4,7,1,0,2,0,34,3,1,
22023,1628368,22301204,"DEC 04, 2023",SAC vs. NOP,L,40,10,25,0.4,1,7,0.143,9,13,0.692,1,4,5,4,1,0,6,3,30,-9,1,
22023,1628368,22300290,"DEC 02, 2023",SAC vs. DEN,W,38,10,22,0.455,3,6,0.5,3,4,0.75,1,3,4,16,3,1,1,1,26,22,1,
22023,1628368,22300264,"NOV 29, 2023",SAC vs. LAC,L,38,14,23,0.609,3,8,0.375,9,10,0.9,1,4,5,3,0,1,4,3,40,-17,1,
22023,1628368,22300060,"NOV 28, 2023",SAC vs. GSW,W,40,9,20,0.45,2,8,0.25,9,17,0.529,1,8,9,7,2,0,2,4,29,9,1,
22023,1628368,22300050,"NOV 24, 2023",SAC @ MIN,W,37,14,32,0.438,3,7,0.429,5,6,0.833,2,5,7,12,1,0,2,3,36,19,1,
22023,1628368,22300233,"NOV 22, 2023",SAC @ NOP,L,38,9,17,0.529,2,7,0.286,6,7,0.857,0,2,2,5,1,0,2,5,26,-14,1,
22023,1628368,22300222,"NOV 20, 2023",SAC @ NOP,L,29,5,18,0.278,2,12,0.167,2,4,0.5,0,2,2,0,1,0,2,1,14,-32,1,
22023,1628368,22300212,"NOV 19, 2023",SAC @ DAL,W,31,10,20,0.5,6,10,0.6,4,5,0.8,1,3,4,7,3,0,0,1,30,2,1,
22023,1628368,22300032,"NOV 17, 2023",SAC @ SAS,W,41,14,24,0.583,5,11,0.455,10,13,0.769,0,8,8,7,1,1,1,2,43,3,1,
22023,1628368,22300198,"NOV 15, 2023",SAC @ LAL,W,38,10,22,0.455,3,9,0.333,5,7,0.714,3,2,5,5,4,0,3,3,28,15,1,
22023,1628368,22300191,"NOV 13, 2023",SAC vs. CLE,W,36,11,20,0.55,2,6,0.333,4,7,0.571,1,1,2,6,1,0,1,2,28,17,1,
22023,1628368,22300100,"OCT 29, 2023",SAC vs. LAL,W,34,14,24,0.583,3,8,0.375,6,8,0.75,1,3,4,8,1,1,3,5,37,15,1,
22023,1628368,22300087,"OCT 27, 2023",SAC vs. GSW,L,39,14,28,0.5,5,9,0.556,6,7,0.857,0,4,4,4,2,0,2,3,39,1,1,
22023,1628368,22300072,"OCT 25, 2023",SAC @ UTA,W,33,6,18,0.333,1,7,0.143,5,6,0.833,2,3,5,6,1,1,3,4,18,14,1,
22023,1628369,22300780,"FEB 14, 2024",BOS vs. BKN,W,28,7,16,0.438,2,7,0.286,4,5,0.8,1,6,7,9,0,0,1,0,20,27,1,
22023,1628369,22300771,"FEB 13, 2024",BOS @ BKN,W,39,14,26,0.538,5,11,0.455,8,8,1.0,0,14,14,5,2,1,2,3,41,21,1,
22023,1628369,22300759,"FEB 11, 2024",BOS @ MIA,W,39,11,20,0.55,2,6,0.333,2,2,1.0,1,9,10,9,0,2,1,1,26,5,1,
22023,1628369,22300743,"FEB 09, 2024",BOS vs. WAS,W,38,12,22,0.545,3,10,0.3,8,9,0.889,1,9,10,8,1,2,2,1,35,9,1,
22023,1628369,22300729,"FEB 07, 2024",BOS vs. ATL,W,36,8,21,0.381,2,13,0.154,2,2,1.0,0,9,9,7,1,0,3,3,20,3,1,
22023,1628369,22300706,"FEB 04, 2024",BOS vs. MEM,W,31,12,22,0.545,6,12,0.5,4,4,1.0,1,7,8,7,1,0,2,1,34,27,1,
22023,1628369,22300684,"FEB 01, 2024",BOS vs. LAL,L,37,8,21,0.381,5,10,0.5,2,2,1.0,2,5,7,3,1,1,2,3,23,-12,1,
22023,1628369,22300670,"JAN 30, 2024",BOS vs. IND,W,39,12,19,0.632,4,9,0.444,2,3,0.667,0,7,7,7,1,2,2,2,30,-4,1,
22023,1628369,22300659,"JAN 29, 2024",BOS vs. NOP,W,38,10,18,0.556,2,8,0.25,6,7,0.857,0,10,10,8,3,1,7,1,28,9,1,
22023,1628369,22300646,"JAN 27, 2024",BOS vs. LAC,L,30,8,18,0.444,2,4,0.5,3,3,1.0,3,8,11,1,0,1,3,2,21,-32,1,
22023,1628369,22300630,"JAN 25, 2024",BOS @ MIA,W,32,7,15,0.467,3,7,0.429,9,10,0.9,1,7,8,4,0,0,1,1,26,22,1,
22023,1628369,22300611,"JAN 22, 2024",BOS @ DAL,W,41,11,21,0.524,2,8,0.25,15,19,0.789,0,11,11,5,3,2,0,4,39,27,1,
22023,1628369,22300603,"JAN 21, 2024",BOS @ HOU,W,35,4,17,0.235,1,6,0.167,9,12,0.75,1,6,7,3,1,0,2,0,18,-4,1,
22023,1628369,22300586,"JAN 19, 2024",BOS vs. DEN,L,39,9,24,0.375,1,8,0.125,3,3,1.0,2,6,8,5,1,0,0,1,22,6,1,
22023,1628369,22300571,"JAN 17, 2024",BOS vs. SAS,W,32,9,21,0.429,3,8,0.375,3,5,0.6,0,5,5,2,0,0,2,2,24,11,1,
22023,1628369,22300563,"JAN 15, 2024",BOS @ TOR,W,37,7,19,0.368,1,6,0.167,4,4,1.0,0,14,14,6,1,1,1,2,19,8,1,
22023,1628369,22300542,"JAN 13, 2024",BOS vs. HOU,W,30,9,17,0.529,4,7,0.571,5,7,0.714,1,7,8,5,1,1,2,2,27,9,1,
22023,1628369,22300528,"JAN 11, 2024",BOS @ MIL,L,16,2,6,0.333,0,1,0.0,3,4,0.75,0,1,1,3,0,0,1,2,7,-31,1,
22023,1628369,22300517,"JAN 10, 2024",BOS vs. MIN,W,42,13,26,0.5,6,11,0.545,13,14,0.929,0,4,4,2,1,0,1,3,45,3,1,
22023,1628369,22300493,"JAN 06, 2024",BOS @ IND,W,38,14,23,0.609,8,13,0.615,2,4,0.5,1,12,13,6,1,0,4,4,38,19,1,
22023,1628369,22300479,"JAN 05, 2024",BOS vs. UTA,W,25,6,12,0.5,5,8,0.625,13,14,0.929,0,9,9,5,1,1,1,1,30,34,1,
22023,1628369,22300462,"JAN 02, 2024",BOS @ OKC,L,38,10,21,0.476,2,5,0.4,8,10,0.8,5,8,13,8,1,0,4,3,30,0,1,
22023,1628369,22300448,"DEC 31, 2023",BOS @ SAS,W,31,10,17,0.588,5,10,0.5,0,0,0.0,1,5,6,2,0,2,3,1,25,32,1,
22023,1628369,22300421,"DEC 28, 2023",BOS vs. DET,W,43,11,31,0.355,2,11,0.182,7,8,0.875,2,5,7,10,5,0,3,4,31,10,1,
22023,1628369,22300403,"DEC 25, 2023",BOS @ LAL,W,41,6,15,0.4,1,6,0.167,12,13,0.923,0,8,8,7,0,1,1,0,25,10,1,
22023,1628369,22300389,"DEC 23, 2023",BOS @ LAC,W,30,9,16,0.563,5,10,0.5,7,9,0.778,0,4,4,2,1,0,2,0,30,19,1,
22023,1628369,22300362,"DEC 19, 2023",BOS @ GSW,L,41,5,17,0.294,2,9,0.222,3,3,1.0,3,5,8,7,2,0,0,0,15,-9,1,
22023,1628369,22300344,"DEC 17, 2023",BOS vs. ORL,W,31,8,21,0.381,4,6,0.667,3,4,0.75,3,5,8,3,0,1,1,3,23,9,1,
22023,1628369,22300329,"DEC 15, 2023",BOS vs. ORL,W,39,11,22,0.5,2,9,0.222,6,9,0.667,0,6,6,4,0,0,2,3,30,14,1,
22023,1628369,22300319,"DEC 14, 2023",BOS vs. CLE,W,36,9,22,0.409,3,10,0.3,6,8,0.75,3,8,11,3,0,3,3,1,27,2,1,
22023,1628369,22300305,"DEC 12, 2023",BOS vs. CLE,W,41,7,19,0.368,2,9,0.222,9,9,1.0,0,10,10,5,0,2,4,3,25,9,1,
22023,1628369,22301227,"DEC 08, 2023",BOS vs. NYK,W,39,8,18,0.444,3,9,0.333,6,8,0.75,0,6,6,5,1,0,0,3,25,17,1,
22023,1628369,22301202,"DEC 04, 2023",BOS @ IND,L,37,13,26,0.5,2,8,0.25,4,7,0.571,1,11,12,6,1,0,2,2,32,-14,1,
22023,1628369,22300275,"DEC 01, 2023",BOS vs. PHI,W,27,6,9,0.667,2,5,0.4,7,9,0.778,0,7,7,4,1,1,7,1,21,-7,1,
22023,1628369,22300053,"NOV 28, 2023",BOS vs. CHI,W,36,8,16,0.5,2,8,0.25,3,3,1.0,1,6,7,4,0,0,4,2,21,18,1,
22023,1628369,22300246,"NOV 26, 2023",BOS vs. ATL,W,39,11,25,0.44,5,13,0.385,7,10,0.7,1,8,9,4,2,0,6,2,34,3,1,
22023,1628369,22300043,"NOV 24, 2023",BOS @ ORL,L,39,7,16,0.438,0,3,0.0,12,13,0.923,0,5,5,3,2,0,2,3,26,-21,1,
22023,1628369,22300228,"NOV 22, 2023",BOS vs. MIL,W,36,7,17,0.412,2,9,0.222,7,9,0.778,0,11,11,4,0,1,2,2,23,-2,1,
22023,1628369,22300217,"NOV 20, 2023",BOS @ CHA,L,44,15,28,0.536,7,15,0.467,8,10,0.8,0,13,13,6,0,2,3,1,45,-5,1,
22023,1628369,22300213,"NOV 19, 2023",BOS @ MEM,W,35,7,13,0.538,1,1,1.0,5,6,0.833,2,7,9,5,1,1,8,4,20,-1,1,
22023,1628369,22300031,"NOV 17, 2023",BOS @ TOR,W,37,8,22,0.364,1,11,0.091,0,0,0.0,1,6,7,2,1,0,3,3,17,-4,1,
22023,1628369,22300194,"NOV 15, 2023",BOS @ PHI,W,39,10,23,0.435,4,10,0.4,5,6,0.833,2,6,8,6,2,0,3,1,29,2,1,
22023,1628369,22300188,"NOV 13, 2023",BOS vs. NYK,W,39,13,23,0.565,5,12,0.417,4,5,0.8,1,5,6,7,1,0,3,5,35,12,1,
22023,1628369,22300174,"NOV 11, 2023",BOS vs. TOR,W,34,10,18,0.556,3,9,0.333,4,6,0.667,0,5,5,4,0,1,1,2,27,42,1,
22023,1628369,22300010,"NOV 10, 2023",BOS vs. BKN,W,33,6,17,0.353,4,11,0.364,7,9,0.778,1,9,10,3,0,0,2,1,23,28,1,
22023,1628369,22300159,"NOV 08, 2023",BOS @ PHI,L,37,6,14,0.429,2,6,0.333,2,3,0.667,1,14,15,6,3,0,2,2,16,-1,1,
22023,1628369,22300154,"NOV 06, 2023",BOS @ MIN,L,43,12,22,0.545,2,8,0.25,6,8,0.75,0,5,5,2,5,0,6,2,32,3,1,
22023,1628369,22300136,"NOV 04, 2023",BOS @ BKN,W,41,10,20,0.5,6,10,0.6,6,6,1.0,1,10,11,1,0,0,3,1,32,18,1,
22023,1628369,22300118,"NOV 01, 2023",BOS vs. IND,W,27,9,15,0.6,3,5,0.6,9,10,0.9,2,10,12,4,0,0,2,1,30,36,1,
22023,1628369,22300103,"OCT 30, 2023",BOS @ WAS,W,28,14,21,0.667,4,9,0.444,1,1,1.0,0,6,6,3,0,0,2,2,33,27,1,
22023,1628369,22300080,"OCT 27, 2023",BOS vs. MIA,W,41,9,22,0.409,3,10,0.3,1,3,0.333,0,8,8,5,1,0,2,4,22,13,1,
22023,1628369,22300065,"OCT 25, 2023",BOS @ NYK,W,39,13,22,0.591,3,8,0.375,5,6,0.833,0,11,11,4,2,1,4,3,34,0,1,
22023,1628370,22300786,"FEB 14, 2024",SAC @ DEN,W,30,2,11,0.182,0,3,0.0,2,2,1.0,0,3,3,3,0,0,3,4,6,3,1,
22023,1628370,22300774,"FEB 13, 2024",SAC @ PHX,L,33,9,16,0.563,0,5,0.0,4,4,1.0,0,4,4,6,1,1,5,2,22,-1,1,
22023,1628370,22300760,"FEB 11, 2024",SAC @ OKC,L,29,10,20,0.5,6,10,0.6,0,0,0.0,1,3,4,5,0,1,4,3,26,-4,1,
22023,1628370,22300746,"FEB 09, 2024",SAC vs. DEN,W,20,9,13,0.692,3,7,0.429,2,2,1.0,0,1,1,2,1,1,2,1,23,14,1,
22023,1628370,22300732,"FEB 07, 2024",SAC vs. DET,L,34,10,21,0.476,2,8,0.25,1,1,1.0,0,5,5,10,0,2,1,2,23,-8,1,
22023,1628370,22300714,"FEB 05, 2024",SAC @ CLE,L,24,7,12,0.583,2,4,0.5,2,4,0.5,1,3,4,1,0,0,2,5,18,-19,1,
22023,1628370,22300700,"FEB 03, 2024",SAC @ CHI,W,34,7,14,0.5,2,4,0.5,6,7,0.857,0,5,5,7,0,1,1,3,22,6,1,
22023,1628370,22300691,"FEB 02, 2024",SAC @ IND,W,27,9,14,0.643,1,3,0.333,4,6,0.667,1,4,5,6,1,0,1,4,23,6,1,
22023,1628370,22300678,"JAN 31, 2024",SAC @ MIA,L,14,3,8,0.375,0,4,0.0,0,0,0.0,0,0,0,0,0,0,3,2,6,-16,1,
22023,1628370,22300663,"JAN 29, 2024",SAC @ MEM,W,20,1,6,0.167,1,4,0.25,0,0,0.0,0,3,3,5,1,0,3,1,3,-7,1,
22023,1628370,22300651,"JAN 27, 2024",SAC @ DAL,W,20,2,5,0.4,0,2,0.0,5,7,0.714,0,3,3,6,0,0,3,0,9,6,1,
22023,1628370,22300632,"JAN 25, 2024",SAC @ GSW,W,19,2,5,0.4,0,2,0.0,0,0,0.0,1,1,2,3,0,0,3,3,4,-11,1,
22023,1628370,22300613,"JAN 22, 2024",SAC vs. ATL,W,25,4,6,0.667,0,1,0.0,5,5,1.0,0,1,1,8,1,0,1,3,13,14,1,
22023,1628370,22300583,"JAN 18, 2024",SAC vs. IND,L,26,3,9,0.333,2,6,0.333,1,6,0.167,1,2,3,4,1,2,1,3,9,-7,1,
22023,1628370,22300567,"JAN 16, 2024",SAC @ PHX,L,29,5,16,0.313,2,7,0.286,1,1,1.0,0,3,3,8,0,1,5,2,13,-12,1,
22023,1628370,22300552,"JAN 14, 2024",SAC @ MIL,L,36,9,21,0.429,4,9,0.444,6,10,0.6,1,6,7,7,0,0,1,1,28,-11,1,
22023,1628370,22300532,"JAN 12, 2024",SAC @ PHI,L,27,5,17,0.294,0,7,0.0,5,6,0.833,0,1,1,4,2,1,2,1,15,-9,1,
22023,1628370,22300518,"JAN 10, 2024",SAC @ CHA,W,30,6,13,0.462,1,5,0.2,7,7,1.0,0,4,4,4,0,2,1,0,20,17,1,
22023,1628370,22300512,"JAN 09, 2024",SAC @ DET,W,28,9,15,0.6,2,6,0.333,0,0,0.0,0,2,2,9,1,2,3,5,20,18,1,
22023,1628370,22300500,"JAN 07, 2024",SAC vs. NOP,L,21,2,9,0.222,2,6,0.333,0,0,0.0,0,1,1,5,1,1,1,1,6,-26,1,
22023,1628370,22300492,"JAN 05, 2024",SAC vs. TOR,W,32,6,16,0.375,3,9,0.333,0,1,0.0,0,1,1,9,1,0,1,4,15,10,1,
22023,1628370,22300476,"JAN 03, 2024",SAC vs. ORL,W,46,12,20,0.6,7,13,0.538,6,8,0.75,0,3,3,9,2,1,3,5,37,14,1,
22023,1628370,22300464,"JAN 02, 2024",SAC vs. CHA,L,20,2,7,0.286,2,5,0.4,0,0,0.0,1,2,3,2,0,1,1,2,6,-21,1,
22023,1628370,22300449,"DEC 31, 2023",SAC @ MEM,W,21,10,13,0.769,4,5,0.8,3,3,1.0,0,4,4,5,0,0,0,1,27,16,1,
22023,1628370,22300431,"DEC 29, 2023",SAC @ ATL,W,31,6,10,0.6,2,5,0.4,1,1,1.0,0,4,4,8,1,1,5,3,15,18,1,
22023,1628370,22300413,"DEC 26, 2023",SAC @ POR,L,19,3,11,0.273,1,7,0.143,0,0,0.0,0,1,1,4,0,1,0,2,7,-21,1,
22023,1628370,22300387,"DEC 22, 2023",SAC vs. PHX,W,20,3,8,0.375,0,3,0.0,1,2,0.5,0,2,2,5,0,3,2,4,7,-3,1,
22023,1628370,22300373,"DEC 20, 2023",SAC vs. BOS,L,25,3,10,0.3,0,4,0.0,4,4,1.0,0,2,2,5,0,0,1,1,10,-7,1,
22023,1628370,22300358,"DEC 18, 2023",SAC vs. WAS,W,22,3,7,0.429,3,6,0.5,1,2,0.5,0,1,1,6,0,1,1,3,10,3,1,
22023,1628370,22300342,"DEC 16, 2023",SAC vs. UTA,W,26,6,16,0.375,4,12,0.333,2,2,1.0,0,4,4,8,0,1,1,0,18,-3,1,
22023,1628370,22300324,"DEC 14, 2023",SAC vs. OKC,W,33,7,15,0.467,4,8,0.5,0,0,0.0,0,1,1,9,0,1,4,2,18,12,1,
22023,1628370,22300309,"DEC 12, 2023",SAC @ LAC,L,22,3,8,0.375,2,5,0.4,0,0,0.0,0,0,0,5,0,0,4,4,8,-20,1,
22023,1628370,22300303,"DEC 11, 2023",SAC vs. BKN,W,28,8,13,0.615,4,7,0.571,1,1,1.0,1,1,2,9,1,0,2,0,21,12,1,
22023,1628370,22301228,"DEC 08, 2023",SAC @ PHX,W,28,5,10,0.5,3,7,0.429,0,0,0.0,0,2,2,6,0,0,2,2,13,18,1,
22023,1628370,22301204,"DEC 04, 2023",SAC vs. NOP,L,32,7,14,0.5,5,9,0.556,2,2,1.0,1,2,3,5,2,0,3,0,21,-17,1,
22023,1628370,22300290,"DEC 02, 2023",SAC vs. DEN,W,28,9,14,0.643,4,7,0.571,4,4,1.0,0,3,3,4,2,0,3,1,26,12,1,
22023,1628370,22300264,"NOV 29, 2023",SAC vs. LAC,L,28,3,8,0.375,2,5,0.4,7,7,1.0,0,4,4,2,0,0,2,1,15,-8,1,
22023,1628370,22300060,"NOV 28, 2023",SAC vs. GSW,W,26,8,15,0.533,3,7,0.429,2,2,1.0,1,2,3,1,1,1,3,2,21,12,1,
22023,1628370,22300050,"NOV 24, 2023",SAC @ MIN,W,30,6,14,0.429,3,6,0.5,2,2,1.0,0,2,2,0,1,0,3,2,17,11,1,
22023,1628370,22300233,"NOV 22, 2023",SAC @ NOP,L,26,2,8,0.25,1,6,0.167,5,5,1.0,0,4,4,5,2,0,2,2,10,-2,1,
22023,1628370,22300222,"NOV 20, 2023",SAC @ NOP,L,24,3,11,0.273,2,6,0.333,0,0,0.0,0,0,0,5,0,0,1,2,8,-16,1,
22023,1628370,22300212,"NOV 19, 2023",SAC @ DAL,W,18,4,9,0.444,4,6,0.667,0,0,0.0,0,2,2,3,1,1,2,2,12,8,1,
22023,1628370,22300032,"NOV 17, 2023",SAC @ SAS,W,26,7,11,0.636,6,9,0.667,0,0,0.0,1,3,4,8,1,0,1,3,20,13,1,
22023,1628370,22300198,"NOV 15, 2023",SAC @ LAL,W,21,1,8,0.125,1,5,0.2,0,0,0.0,0,5,5,5,1,0,3,1,3,-6,1,
22023,1628370,22300191,"NOV 13, 2023",SAC vs. CLE,W,26,4,8,0.5,3,5,0.6,2,2,1.0,1,4,5,4,1,1,2,2,13,10,1,
22023,1628370,22300016,"NOV 10, 2023",SAC vs. OKC,W,29,5,12,0.417,2,5,0.4,0,0,0.0,0,2,2,8,1,0,2,3,12,7,1,
22023,1628370,22300170,"NOV 08, 2023",SAC vs. POR,W,30,4,16,0.25,0,7,0.0,15,19,0.789,2,4,6,10,1,0,5,0,23,8,1,
22023,1628370,22300153,"NOV 06, 2023",SAC @ HOU,L,15,2,6,0.333,1,3,0.333,0,0,0.0,0,1,1,2,1,0,1,3,5,-16,1,
22023,1628370,22300137,"NOV 04, 2023",SAC @ HOU,L,26,6,13,0.462,3,7,0.429,3,4,0.75,0,3,3,7,0,1,1,1,18,-9,1,
22023,1628370,22300126,"NOV 01, 2023",SAC @ GSW,L,25,5,9,0.556,3,5,0.6,3,3,1.0,3,0,3,2,0,2,3,1,16,1,1,
22023,1628370,22300100,"OCT 29, 2023",SAC vs. LAL,W,25,7,17,0.412,4,9,0.444,4,5,0.8,1,2,3,3,0,0,2,1,22,0,1,
22023,1628370,22300087,"OCT 27, 2023",SAC vs. GSW,L,18,2,4,0.5,1,2,0.5,4,4,1.0,0,0,0,6,0,1,2,2,9,-6,1,
22023,1628370,22300072,"OCT 25, 2023",SAC @ UTA,W,23,4,12,0.333,2,9,0.222,0,0,0.0,1,1,2,7,0,2,2,2,10,12,1,
22023,1628371,22300778,"FEB 14, 2024",ORL vs. NYK,W,15,4,5,0.8,0,0,0.0,0,0,0.0,3,2,5,2,0,1,2,1,8,16,1,
22023,1628371,22300772,"FEB 13, 2024",ORL vs. OKC,L,15,1,6,0.167,0,3,0.0,1,2,0.5,0,1,1,1,2,0,1,1,3,-24,1,
22023,1628371,22300752,"FEB 10, 2024",ORL vs. CHI,W,25,3,8,0.375,1,2,0.5,0,0,0.0,6,6,12,0,1,3,0,4,7,10,1,
22023,1628371,22300734,"FEB 08, 2024",ORL vs. SAS,W,19,4,4,1.0,0,0,0.0,1,2,0.5,0,6,6,1,0,1,1,1,9,2,1,
22023,1628371,22300721,"FEB 06, 2024",ORL @ MIA,L,10,1,2,0.5,1,2,0.5,0,0,0.0,0,3,3,1,0,1,2,0,3,-18,1,
22023,1628371,22300704,"FEB 04, 2024",ORL @ DET,W,21,1,2,0.5,0,0,0.0,3,4,0.75,1,5,6,0,1,1,0,1,5,9,1,
22023,1628371,22300694,"FEB 02, 2024",ORL @ MIN,W,20,1,4,0.25,0,0,0.0,1,2,0.5,2,6,8,0,2,1,0,1,3,5,1,
22023,1628371,22300681,"JAN 31, 2024",ORL @ SAS,W,18,4,7,0.571,0,0,0.0,0,0,0.0,2,2,4,0,0,4,1,1,8,1,1,
22023,1628371,22300666,"JAN 29, 2024",ORL @ DAL,L,8,1,2,0.5,0,1,0.0,0,0,0.0,0,0,0,0,0,0,0,1,2,15,1,
22023,1628371,22300655,"JAN 28, 2024",ORL vs. PHX,W,23,3,7,0.429,1,2,0.5,2,4,0.5,1,2,3,1,1,2,1,2,9,17,1,
22023,1628371,22300638,"JAN 26, 2024",ORL @ MEM,L,22,4,5,0.8,0,1,0.0,2,2,1.0,2,3,5,0,0,0,0,0,10,7,1,
22023,1628371,22300601,"JAN 21, 2024",ORL vs. MIA,W,14,2,3,0.667,0,1,0.0,2,2,1.0,0,1,1,0,0,1,0,0,6,5,1,
22023,1628371,22300585,"JAN 19, 2024",ORL vs. PHI,L,13,3,7,0.429,1,3,0.333,0,0,0.0,1,2,3,1,0,1,0,0,7,-3,1,
22023,1628371,22300570,"JAN 17, 2024",ORL @ ATL,L,10,1,2,0.5,0,0,0.0,0,0,0.0,0,0,0,2,2,0,0,0,2,8,1,
22023,1628371,22300557,"JAN 15, 2024",ORL @ NYK,W,16,2,4,0.5,1,2,0.5,0,0,0.0,1,6,7,0,0,1,0,1,5,15,1,
22023,1628371,22300546,"JAN 13, 2024",ORL @ OKC,L,15,0,1,0.0,0,0,0.0,6,8,0.75,2,3,5,1,0,0,0,3,6,-7,1,
22023,1628371,22300391,"DEC 23, 2023",ORL @ IND,W,12,2,3,0.667,0,1,0.0,0,0,0.0,0,1,1,1,0,3,0,0,4,9,1,
22023,1628371,22300378,"DEC 21, 2023",ORL @ MIL,L,14,2,7,0.286,0,0,0.0,0,1,0.0,3,1,4,0,1,3,1,2,4,6,1,
22023,1628371,22300366,"DEC 20, 2023",ORL vs. MIA,L,12,4,7,0.571,1,2,0.5,0,0,0.0,1,3,4,1,1,0,1,3,9,-10,1,
22023,1628371,22300344,"DEC 17, 2023",ORL @ BOS,L,17,2,5,0.4,2,4,0.5,2,2,1.0,0,2,2,0,1,1,0,0,8,-17,1,
22023,1628371,22300329,"DEC 15, 2023",ORL @ BOS,L,16,3,5,0.6,1,2,0.5,0,0,0.0,1,3,4,0,0,0,0,1,7,-13,1,
22023,1628371,22300294,"DEC 11, 2023",ORL vs. CLE,W,13,3,6,0.5,1,3,0.333,0,0,0.0,1,3,4,0,2,0,0,0,7,8,1,
22023,1628371,22300274,"DEC 01, 2023",ORL vs. WAS,W,7,1,2,0.5,0,1,0.0,1,1,1.0,1,4,5,0,0,1,0,1,3,10,1,
22023,1628371,22300043,"NOV 24, 2023",ORL vs. BOS,W,16,1,2,0.5,0,1,0.0,3,4,0.75,3,4,7,0,0,0,0,3,5,17,1,
22023,1628371,22300226,"NOV 22, 2023",ORL vs. DEN,W,14,4,6,0.667,0,2,0.0,1,1,1.0,2,4,6,1,1,1,1,1,9,6,1,
22023,1628371,22300038,"NOV 21, 2023",ORL vs. TOR,W,12,4,6,0.667,0,2,0.0,1,2,0.5,1,2,3,0,1,2,2,0,9,9,1,
22023,1628371,22300209,"NOV 19, 2023",ORL @ IND,W,14,2,5,0.4,0,0,0.0,1,2,0.5,1,2,3,0,1,1,0,1,5,-1,1,
22023,1628371,22300033,"NOV 17, 2023",ORL @ CHI,W,20,6,8,0.75,2,4,0.5,4,4,1.0,3,6,9,1,1,1,1,2,18,10,1,
22023,1628371,22300196,"NOV 15, 2023",ORL @ CHI,W,17,1,4,0.25,0,1,0.0,2,2,1.0,1,6,7,0,2,2,1,0,4,4,1,
22023,1628371,22300020,"NOV 14, 2023",ORL @ BKN,L,12,1,4,0.25,1,4,0.25,0,0,0.0,0,3,3,1,2,1,2,1,3,2,1,
22023,1628371,22300173,"NOV 11, 2023",ORL vs. MIL,W,17,3,10,0.3,2,4,0.5,2,2,1.0,3,2,5,0,2,2,0,4,10,9,1,
22023,1628371,22300172,"NOV 09, 2023",ORL vs. ATL,L,16,3,8,0.375,1,4,0.25,5,7,0.714,1,6,7,0,0,2,0,1,12,-2,1,
22023,1628371,22300134,"NOV 04, 2023",ORL vs. LAL,W,11,0,3,0.0,0,2,0.0,0,0,0.0,0,0,0,0,0,1,1,2,0,-7,1,
22023,1628371,22300130,"NOV 02, 2023",ORL @ UTA,W,12,1,4,0.25,0,3,0.0,1,1,1.0,1,2,3,1,1,3,0,1,3,8,1,
22023,1628371,22300111,"OCT 30, 2023",ORL @ LAL,L,11,1,3,0.333,1,3,0.333,0,0,0.0,0,3,3,0,1,0,0,1,3,-1,1,
22023,1628371,22300086,"OCT 27, 2023",ORL @ POR,W,8,0,2,0.0,0,1,0.0,0,0,0.0,0,2,2,1,1,0,0,1,0,-3,1,
22023,1628371,22300066,"OCT 25, 2023",ORL vs. HOU,W,14,4,6,0.667,1,3,0.333,2,3,0.667,1,3,4,0,0,2,2,2,11,12,1,
22023,1628372,22300780,"FEB 14, 2024",BKN @ BOS,L,18,3,7,0.429,1,4,0.25,0,0,0.0,0,0,0,5,1,0,1,2,7,-19,1,
22023,1628372,22300771,"FEB 13, 2024",BKN vs. BOS,L,15,0,2,0.0,0,2,0.0,0,0,0.0,0,1,1,2,0,0,2,0,0,3,1,
22023,1628372,22300750,"FEB 10, 2024",BKN vs. SAS,W,24,6,9,0.667,2,3,0.667,0,0,0.0,1,5,6,2,0,1,0,1,14,18,1,
22023,1628372,22300735,"FEB 08, 2024",BKN vs. CLE,L,26,3,8,0.375,0,0,0.0,0,0,0.0,2,2,4,7,5,0,0,2,6,6,1,
22023,1628372,22300720,"FEB 06, 2024",BKN vs. DAL,L,18,3,5,0.6,0,1,0.0,0,0,0.0,0,2,2,3,0,0,1,3,6,-7,1,
22023,1628372,22300717,"FEB 05, 2024",BKN vs. GSW,L,31,4,9,0.444,1,3,0.333,3,5,0.6,4,4,8,5,2,2,4,4,12,1,1,
22023,1628372,22300677,"JAN 31, 2024",BKN vs. PHX,L,19,2,5,0.4,0,1,0.0,0,0,0.0,3,2,5,2,1,0,0,2,4,-15,1,
22023,1628372,22300660,"JAN 29, 2024",BKN vs. UTA,W,15,5,8,0.625,0,2,0.0,2,2,1.0,1,1,2,5,2,0,1,2,12,6,1,
22023,1628372,22300645,"JAN 27, 2024",BKN vs. HOU,W,18,2,4,0.5,0,1,0.0,1,2,0.5,1,2,3,4,2,0,1,2,5,0,1,
22023,1628372,22300629,"JAN 25, 2024",BKN vs. MIN,L,16,0,4,0.0,0,0,0.0,0,0,0.0,2,0,2,2,0,0,1,1,0,-3,1,
22023,1628372,22300615,"JAN 23, 2024",BKN vs. NYK,L,29,4,9,0.444,0,1,0.0,0,0,0.0,0,5,5,5,2,1,5,5,8,-11,1,
22023,1628372,22300600,"JAN 21, 2024",BKN @ LAC,L,18,6,8,0.75,1,2,0.5,0,0,0.0,1,2,3,1,0,0,2,2,13,-2,1,
22023,1628372,22300591,"JAN 19, 2024",BKN @ LAL,W,17,4,7,0.571,2,4,0.5,1,1,1.0,1,1,2,5,3,0,2,2,11,2,1,
22023,1628372,22300578,"JAN 17, 2024",BKN @ POR,L,14,1,4,0.25,0,1,0.0,0,0,0.0,2,1,3,2,2,0,1,1,2,-14,1,
22023,1628372,22300562,"JAN 15, 2024",BKN vs. MIA,L,32,3,8,0.375,1,4,0.25,1,2,0.5,1,4,5,5,4,1,2,2,8,10,1,
22023,1628372,22300527,"JAN 11, 2024",BKN @ CLE,L,23,1,2,0.5,0,0,0.0,0,0,0.0,1,3,4,5,0,1,1,1,2,6,1,
22023,1628372,22300498,"JAN 07, 2024",BKN vs. POR,L,29,3,8,0.375,0,1,0.0,4,4,1.0,0,2,2,10,2,1,1,6,10,-19,1,
22023,1628372,22300481,"JAN 05, 2024",BKN vs. OKC,W,25,6,11,0.545,1,4,0.25,0,0,0.0,6,6,12,7,2,0,0,4,13,14,1,
22023,1628372,22300461,"JAN 02, 2024",BKN @ NOP,L,20,3,7,0.429,2,4,0.5,1,2,0.5,0,1,1,4,1,0,1,1,9,-5,1,
22023,1628372,22300447,"DEC 31, 2023",BKN @ OKC,L,15,2,3,0.667,0,1,0.0,3,3,1.0,1,2,3,4,1,0,3,4,7,-7,1,
22023,1628372,22300430,"DEC 29, 2023",BKN @ WAS,L,20,2,6,0.333,0,1,0.0,1,2,0.5,0,2,2,3,2,0,0,3,5,-21,1,
22023,1628372,22300417,"DEC 27, 2023",BKN vs. MIL,L,30,7,17,0.412,0,4,0.0,0,0,0.0,1,6,7,8,1,0,2,0,14,-11,1,
22023,1628372,22300406,"DEC 26, 2023",BKN @ DET,W,21,3,8,0.375,0,1,0.0,0,0,0.0,0,2,2,3,1,0,3,3,6,3,1,
22023,1628372,22300394,"DEC 23, 2023",BKN vs. DET,W,19,2,6,0.333,1,2,0.5,1,2,0.5,0,0,0,3,0,0,1,3,6,0,1,
22023,1628372,22300383,"DEC 22, 2023",BKN vs. DEN,L,19,2,7,0.286,1,4,0.25,2,2,1.0,1,3,4,5,1,0,0,5,7,9,1,
22023,1628372,22301209,"DEC 06, 2023",BKN @ ATL,W,22,4,7,0.571,0,0,0.0,5,5,1.0,2,1,3,4,2,0,0,3,13,5,1,
22023,1628372,22300282,"DEC 02, 2023",BKN vs. ORL,W,21,5,10,0.5,0,3,0.0,0,1,0.0,1,10,11,6,2,1,1,0,10,18,1,
22023,1628372,22300200,"NOV 16, 2023",BKN @ MIA,L,16,2,6,0.333,1,2,0.5,0,0,0.0,0,2,2,5,0,0,0,2,5,-9,1,
22023,1628372,22300020,"NOV 14, 2023",BKN vs. ORL,W,19,3,7,0.429,0,1,0.0,0,0,0.0,1,2,3,5,2,0,1,3,6,9,1,
22023,1628372,22300178,"NOV 12, 2023",BKN vs. WAS,W,19,2,4,0.5,2,2,1.0,2,2,1.0,1,3,4,6,0,0,4,1,8,-10,1,
22023,1628372,22300010,"NOV 10, 2023",BKN @ BOS,L,27,5,10,0.5,0,1,0.0,4,4,1.0,1,3,4,7,0,0,0,4,14,1,1,
22023,1628372,22300160,"NOV 08, 2023",BKN vs. LAC,W,25,2,7,0.286,0,3,0.0,0,0,0.0,1,0,1,5,2,0,1,4,4,5,1,
22023,1628372,22300149,"NOV 06, 2023",BKN vs. MIL,L,11,1,3,0.333,0,0,0.0,0,0,0.0,0,0,0,1,0,0,0,1,2,-14,1,
22023,1628372,22300136,"NOV 04, 2023",BKN vs. BOS,L,15,2,5,0.4,1,4,0.25,0,0,0.0,0,1,1,1,1,2,1,3,5,-5,1,
22023,1628372,22300004,"NOV 03, 2023",BKN @ CHI,W,16,3,9,0.333,1,2,0.5,0,0,0.0,1,0,1,1,1,0,1,0,7,8,1,
22023,1628372,22300101,"OCT 30, 2023",BKN @ CHA,W,14,1,4,0.25,0,1,0.0,1,2,0.5,1,3,4,2,1,0,1,2,3,7,1,
22023,1628372,22300084,"OCT 27, 2023",BKN @ DAL,L,8,0,3,0.0,0,0,0.0,0,0,0.0,0,1,1,1,0,0,1,4,0,-7,1,
22023,1628372,22300067,"OCT 25, 2023",BKN vs. CLE,L,16,4,5,0.8,2,3,0.667,0,0,0.0,2,2,4,1,0,0,1,1,10,5,1,
22023,1628373,22300674,"JAN 31, 2024",CHA vs. CHI,L,10,0,4,0.0,0,4,0.0,0,0,0.0,0,3,3,3,0,0,0,0,0,9,1,
22023,1628373,22300657,"JAN 29, 2024",CHA vs. NYK,L,11,0,1,0.0,0,0,0.0,0,0,0.0,1,1,2,0,0,0,0,3,0,-11,1,
22023,1628373,22300635,"JAN 26, 2024",CHA vs. HOU,L,9,1,2,0.5,1,2,0.5,2,2,1.0,0,0,0,0,0,0,0,0,5,-6,1,
22023,1628373,22300619,"JAN 24, 2024",CHA @ DET,L,9,0,1,0.0,0,1,0.0,0,0,0.0,0,0,0,0,0,0,0,1,0,8,1,
22023,1628373,22300575,"JAN 17, 2024",CHA @ NOP,L,4,0,1,0.0,0,1,0.0,0,0,0.0,0,1,1,1,0,0,1,0,0,-1,1,
22023,1628374,22300576,"FEB 15, 2024",UTA vs. GSW,L,34,6,23,0.261,4,11,0.364,4,4,1.0,5,9,14,3,0,0,1,1,20,8,1,
22023,1628374,22300788,"FEB 14, 2024",UTA vs. LAL,L,34,6,15,0.4,2,7,0.286,2,2,1.0,2,6,8,1,0,1,2,1,16,-16,1,
22023,1628374,22300769,"FEB 12, 2024",UTA vs. GSW,L,34,8,17,0.471,3,7,0.429,0,0,0.0,0,5,5,0,1,0,1,1,19,-26,1,
22023,1628374,22300739,"FEB 08, 2024",UTA @ PHX,L,34,8,15,0.533,2,6,0.333,4,4,1.0,0,5,5,1,0,0,4,1,22,-8,1,
22023,1628374,22300724,"FEB 06, 2024",UTA vs. OKC,W,36,12,18,0.667,5,7,0.714,4,4,1.0,3,8,11,2,1,0,2,3,33,15,1,
22023,1628374,22300711,"FEB 04, 2024",UTA vs. MIL,W,36,8,15,0.533,5,10,0.5,0,0,0.0,1,2,3,2,1,0,2,4,21,20,1,
22023,1628374,22300686,"FEB 01, 2024",UTA vs. PHI,L,33,10,15,0.667,4,9,0.444,4,4,1.0,2,8,10,3,1,0,0,2,28,1,1,
22023,1628374,22300671,"JAN 30, 2024",UTA @ NYK,L,34,5,14,0.357,2,8,0.25,2,2,1.0,2,3,5,1,1,0,0,1,14,-10,1,
22023,1628374,22300660,"JAN 29, 2024",UTA @ BKN,L,27,4,12,0.333,1,4,0.25,4,4,1.0,4,5,9,2,0,0,3,2,13,-19,1,
22023,1628374,22300647,"JAN 27, 2024",UTA @ CHA,W,36,12,18,0.667,7,12,0.583,2,2,1.0,3,9,12,3,1,0,2,5,33,19,1,
22023,1628374,22300628,"JAN 25, 2024",UTA @ WAS,W,33,11,20,0.55,6,12,0.5,1,2,0.5,1,6,7,5,3,0,3,3,29,11,1,
22023,1628374,22300616,"JAN 23, 2024",UTA @ NOP,L,27,4,15,0.267,1,5,0.2,2,2,1.0,2,2,4,1,0,0,1,0,11,-14,1,
22023,1628374,22300598,"JAN 20, 2024",UTA @ HOU,L,39,8,18,0.444,3,11,0.273,3,4,0.75,3,6,9,1,0,0,3,2,22,8,1,
22023,1628374,22300581,"JAN 18, 2024",UTA vs. OKC,L,36,7,13,0.538,2,4,0.5,10,11,0.909,1,9,10,4,1,0,1,0,26,0,1,
22023,1628374,22300564,"JAN 15, 2024",UTA vs. IND,W,28,10,15,0.667,2,4,0.5,10,10,1.0,2,8,10,3,0,0,1,1,32,25,1,
22023,1628374,22300549,"JAN 13, 2024",UTA vs. LAL,W,33,8,16,0.5,3,6,0.5,10,11,0.909,2,7,9,5,2,1,0,0,29,16,1,
22023,1628374,22300540,"JAN 12, 2024",UTA vs. TOR,W,29,7,11,0.636,4,6,0.667,4,5,0.8,3,6,9,2,1,0,3,2,22,19,1,
22023,1628374,22300524,"JAN 10, 2024",UTA vs. DEN,W,32,6,13,0.462,2,5,0.4,12,12,1.0,2,10,12,2,0,1,0,2,26,17,1,
22023,1628374,22300510,"JAN 08, 2024",UTA @ MIL,W,32,5,15,0.333,4,10,0.4,7,8,0.875,4,10,14,2,1,2,0,1,21,8,1,
22023,1628374,22300495,"JAN 06, 2024",UTA @ PHI,W,35,12,19,0.632,5,9,0.556,4,5,0.8,4,9,13,1,0,1,1,2,33,8,1,
22023,1628374,22300479,"JAN 05, 2024",UTA @ BOS,L,23,7,16,0.438,2,7,0.286,1,2,0.5,4,1,5,5,0,0,0,1,17,-14,1,
22023,1628374,22300474,"JAN 03, 2024",UTA vs. DET,W,38,10,18,0.556,4,8,0.5,7,8,0.875,2,5,7,0,0,1,1,1,31,12,1,
22023,1628374,22300457,"JAN 01, 2024",UTA vs. DAL,W,25,6,12,0.5,4,8,0.5,1,1,1.0,2,2,4,1,1,1,1,0,17,8,1,
22023,1628374,22300439,"DEC 30, 2023",UTA vs. MIA,W,26,4,13,0.308,1,8,0.125,3,4,0.75,2,3,5,1,2,0,0,4,12,1,1,
22023,1628374,22300424,"DEC 28, 2023",UTA @ NOP,L,35,7,19,0.368,3,12,0.25,7,7,1.0,6,4,10,5,1,0,2,0,24,2,1,
22023,1628374,22300412,"DEC 26, 2023",UTA @ SAS,W,31,12,17,0.706,5,9,0.556,2,2,1.0,3,9,12,2,1,0,1,3,31,20,1,
22023,1628374,22300395,"DEC 23, 2023",UTA @ TOR,W,39,12,21,0.571,4,10,0.4,2,2,1.0,2,7,9,5,3,0,1,2,30,9,1,
22023,1628374,22300364,"DEC 20, 2023",UTA @ CLE,L,36,8,18,0.444,3,9,0.333,7,8,0.875,2,8,10,1,0,0,0,3,26,-7,1,
22023,1628374,22300357,"DEC 18, 2023",UTA vs. BKN,W,29,6,14,0.429,1,5,0.2,7,7,1.0,1,9,10,4,0,1,2,1,20,15,1,
22023,1628374,22300342,"DEC 16, 2023",UTA @ SAC,L,28,7,13,0.538,2,5,0.4,2,2,1.0,1,5,6,3,0,0,2,2,18,-2,1,
22023,1628374,22300318,"DEC 13, 2023",UTA vs. NYK,W,25,7,13,0.538,4,8,0.5,5,7,0.714,0,7,7,0,0,0,0,2,23,-14,1,
22023,1628374,22300237,"NOV 22, 2023",UTA @ POR,L,34,9,18,0.5,1,6,0.167,5,6,0.833,3,5,8,0,3,0,2,2,24,-1,1,
22023,1628374,22300042,"NOV 21, 2023",UTA @ LAL,L,23,4,10,0.4,2,7,0.286,0,0,0.0,1,7,8,0,1,0,0,2,10,-9,1,
22023,1628374,22300214,"NOV 19, 2023",UTA vs. PHX,L,50,15,27,0.556,2,10,0.2,6,9,0.667,7,10,17,0,2,2,1,3,38,2,1,
22023,1628374,22300035,"NOV 17, 2023",UTA vs. PHX,L,40,5,12,0.417,1,4,0.25,10,12,0.833,0,2,2,0,1,2,0,1,21,1,1,
22023,1628374,22300023,"NOV 14, 2023",UTA vs. POR,W,31,8,18,0.444,2,9,0.222,3,4,0.75,1,8,9,0,1,1,0,1,21,9,1,
22023,1628374,22300012,"NOV 10, 2023",UTA @ MEM,W,37,8,13,0.615,4,9,0.444,6,6,1.0,0,7,7,1,2,2,3,3,26,-1,1,
22023,1628374,22300158,"NOV 08, 2023",UTA @ IND,L,35,8,16,0.5,3,5,0.6,5,6,0.833,5,4,9,0,1,1,1,1,24,-12,1,
22023,1628374,22300152,"NOV 06, 2023",UTA @ CHI,L,34,8,15,0.533,5,12,0.417,8,8,1.0,1,4,5,3,0,1,1,2,29,-12,1,
22023,1628374,22300138,"NOV 04, 2023",UTA @ MIN,L,35,7,20,0.35,4,11,0.364,4,5,0.8,4,4,8,1,0,1,2,4,22,-16,1,
22023,1628374,22300130,"NOV 02, 2023",UTA vs. ORL,L,33,9,17,0.529,4,10,0.4,0,2,0.0,1,6,7,1,2,0,3,4,22,2,1,
22023,1628374,22300125,"NOV 01, 2023",UTA vs. MEM,W,28,6,11,0.545,4,6,0.667,3,3,1.0,1,10,11,1,1,0,0,5,19,10,1,
22023,1628374,22300110,"OCT 30, 2023",UTA @ DEN,L,38,10,24,0.417,5,13,0.385,2,2,1.0,5,9,14,5,0,1,2,2,27,3,1,
22023,1628374,22300094,"OCT 28, 2023",UTA @ PHX,L,28,7,13,0.538,5,7,0.714,0,0,0.0,0,3,3,0,1,2,1,1,19,-21,1,
22023,1628374,22300085,"OCT 27, 2023",UTA vs. LAC,W,35,12,23,0.522,5,13,0.385,6,6,1.0,5,7,12,3,0,0,3,2,35,11,1,
22023,1628374,22300072,"OCT 25, 2023",UTA vs. SAC,L,32,6,15,0.4,2,6,0.333,5,6,0.833,2,8,10,1,2,0,1,1,19,-7,1,
22023,1628378,22300781,"FEB 14, 2024",CLE vs. CHI,W,39,8,21,0.381,2,8,0.25,12,13,0.923,0,6,6,7,2,0,0,1,30,4,1,
22023,1628378,22300762,"FEB 12, 2024",CLE vs. PHI,L,37,9,20,0.45,4,9,0.444,14,17,0.824,1,3,4,6,3,0,3,2,36,10,1,
22023,1628378,22300756,"FEB 10, 2024",CLE @ TOR,W,31,5,11,0.455,3,6,0.5,2,2,1.0,1,3,4,6,2,1,3,2,15,6,1,
22023,1628378,22300735,"FEB 08, 2024",CLE @ BKN,W,30,10,18,0.556,4,10,0.4,3,3,1.0,0,5,5,4,3,3,4,1,27,17,1,
22023,1628378,22300728,"FEB 07, 2024",CLE @ WAS,W,38,14,25,0.56,5,10,0.5,7,7,1.0,0,8,8,5,1,0,5,1,40,0,1,
22023,1628378,22300714,"FEB 05, 2024",CLE vs. SAC,W,33,11,20,0.55,5,11,0.455,2,2,1.0,0,2,2,5,2,0,0,1,29,28,1,
22023,1628378,22300703,"FEB 03, 2024",CLE @ SAS,W,35,12,20,0.6,4,9,0.444,3,3,1.0,3,5,8,7,2,2,2,2,31,22,1,
22023,1628378,22300687,"FEB 01, 2024",CLE @ MEM,W,33,10,19,0.526,3,9,0.333,2,4,0.5,0,4,4,7,0,0,4,3,25,16,1,
22023,1628378,22300675,"JAN 31, 2024",CLE vs. DET,W,35,14,25,0.56,6,13,0.462,11,12,0.917,2,4,6,8,2,1,2,2,45,22,1,
22023,1628378,22300658,"JAN 29, 2024",CLE vs. LAC,W,39,11,21,0.524,2,10,0.2,4,6,0.667,1,3,4,12,2,1,2,3,28,11,1,
22023,1628378,22300639,"JAN 26, 2024",CLE @ MIL,W,37,12,27,0.444,6,12,0.5,2,4,0.5,1,7,8,6,1,1,5,2,32,15,1,
22023,1628378,22300624,"JAN 24, 2024",CLE @ MIL,L,39,10,24,0.417,2,11,0.182,1,4,0.25,0,7,7,8,1,0,6,5,23,-11,1,
22023,1628378,22300607,"JAN 22, 2024",CLE @ ORL,W,30,9,19,0.474,3,8,0.375,4,4,1.0,0,3,3,13,4,0,3,3,25,34,1,
22023,1628378,22300595,"JAN 20, 2024",CLE @ ATL,W,36,6,17,0.353,0,6,0.0,6,6,1.0,0,6,6,8,0,1,1,3,18,17,1,
22023,1628378,22300572,"JAN 17, 2024",CLE vs. MIL,W,26,12,19,0.632,4,8,0.5,3,4,0.75,1,4,5,7,3,0,1,1,31,37,1,
22023,1628378,22300561,"JAN 15, 2024",CLE vs. CHI,W,37,11,21,0.524,4,10,0.4,8,8,1.0,2,1,3,7,2,0,2,0,34,19,1,
22023,1628378,22300527,"JAN 11, 2024",CLE vs. BKN,W,41,15,30,0.5,4,12,0.333,11,13,0.846,2,10,12,6,4,0,7,1,45,11,1,
22023,1628378,22300497,"JAN 07, 2024",CLE vs. SAS,W,37,7,18,0.389,1,10,0.1,2,4,0.5,0,2,2,9,1,0,4,1,17,-6,1,
22023,1628378,22300482,"JAN 05, 2024",CLE vs. WAS,W,26,8,15,0.533,5,8,0.625,5,8,0.625,1,1,2,4,1,0,3,2,26,22,1,
22023,1628378,22300465,"JAN 03, 2024",CLE vs. WAS,W,24,6,16,0.375,4,9,0.444,6,6,1.0,1,2,3,4,2,2,2,0,22,18,1,
22023,1628378,22300452,"JAN 01, 2024",CLE @ TOR,L,38,8,21,0.381,4,9,0.444,6,6,1.0,1,6,7,7,4,0,3,4,26,7,1,
22023,1628378,22300433,"DEC 29, 2023",CLE vs. MIL,L,36,14,23,0.609,2,10,0.2,4,4,1.0,1,5,6,9,2,1,2,3,34,3,1,
22023,1628378,22300349,"DEC 18, 2023",CLE vs. HOU,W,45,14,27,0.519,4,11,0.364,5,5,1.0,0,1,1,6,0,2,2,5,37,4,1,
22023,1628378,22300336,"DEC 16, 2023",CLE vs. ATL,W,41,7,21,0.333,4,9,0.444,4,4,1.0,3,2,5,13,2,0,1,4,22,7,1,
22023,1628378,22300319,"DEC 14, 2023",CLE @ BOS,L,40,12,24,0.5,2,8,0.25,5,5,1.0,1,7,8,6,1,0,3,2,31,-11,1,
22023,1628378,22300305,"DEC 12, 2023",CLE @ BOS,L,35,11,22,0.5,5,13,0.385,2,2,1.0,0,6,6,3,1,0,3,3,29,6,1,
22023,1628378,22300294,"DEC 11, 2023",CLE @ ORL,L,37,6,18,0.333,2,10,0.2,8,9,0.889,1,2,3,3,3,1,2,3,22,-11,1,
22023,1628378,22301220,"DEC 08, 2023",CLE @ MIA,W,36,9,17,0.529,3,8,0.375,6,8,0.75,1,12,13,6,1,0,5,1,27,15,1,
22023,1628378,22301205,"DEC 06, 2023",CLE vs. ORL,W,37,12,24,0.5,5,10,0.5,6,9,0.667,2,5,7,6,1,0,4,3,35,0,1,
22023,1628378,22300283,"DEC 02, 2023",CLE @ DET,W,33,7,19,0.368,2,5,0.4,4,5,0.8,1,2,3,4,2,0,4,2,20,-13,1,
22023,1628378,22300265,"NOV 30, 2023",CLE vs. POR,L,34,7,20,0.35,1,9,0.111,8,8,1.0,3,4,7,6,4,0,1,1,23,1,1,
22023,1628378,22300055,"NOV 28, 2023",CLE vs. ATL,W,35,14,25,0.56,3,11,0.273,9,9,1.0,2,9,11,5,3,1,6,3,40,29,1,
22023,1628378,22300251,"NOV 26, 2023",CLE vs. TOR,W,34,4,17,0.235,0,5,0.0,2,3,0.667,1,4,5,4,1,0,0,0,10,1,1,
22023,1628378,22300242,"NOV 25, 2023",CLE vs. LAL,L,35,4,18,0.222,2,6,0.333,12,13,0.923,0,5,5,6,1,0,1,0,22,-2,1,
22023,1628378,22300199,"NOV 15, 2023",CLE @ POR,W,36,13,20,0.65,5,8,0.625,3,4,0.75,0,6,6,4,1,0,3,4,34,22,1,
22023,1628378,22300191,"NOV 13, 2023",CLE @ SAC,L,38,7,21,0.333,4,9,0.444,4,4,1.0,0,2,2,5,1,1,2,0,22,-1,1,
22023,1628378,22300176,"NOV 11, 2023",CLE @ GSW,W,36,7,22,0.318,2,6,0.333,5,6,0.833,1,6,7,5,2,1,2,4,21,15,1,
22023,1628378,22300167,"NOV 08, 2023",CLE @ OKC,L,37,8,23,0.348,1,9,0.111,3,3,1.0,0,5,5,5,2,0,0,2,20,2,1,
22023,1628378,22300142,"NOV 05, 2023",CLE vs. GSW,W,34,11,19,0.579,5,11,0.455,4,4,1.0,1,1,2,7,2,0,4,3,31,6,1,
22023,1628378,22300001,"NOV 03, 2023",CLE @ IND,L,37,13,21,0.619,4,7,0.571,8,10,0.8,1,4,5,9,1,0,3,1,38,0,1,
22023,1628378,22300120,"NOV 01, 2023",CLE @ NYK,W,37,9,22,0.409,6,15,0.4,6,6,1.0,1,5,6,4,1,1,5,5,30,3,1,
22023,1628378,22300112,"OCT 31, 2023",CLE vs. NYK,L,29,11,20,0.55,0,3,0.0,4,4,1.0,2,1,3,3,3,0,2,2,26,-11,1,
22023,1628378,22300081,"OCT 27, 2023",CLE vs. OKC,L,42,15,27,0.556,4,11,0.364,9,11,0.818,1,7,8,5,3,2,5,1,43,7,1,
22023,1628378,22300067,"OCT 25, 2023",CLE @ BKN,W,36,11,21,0.524,4,10,0.4,1,1,1.0,2,3,5,6,4,1,0,1,27,7,1,
22023,1628379,22300783,"FEB 14, 2024",MEM vs. HOU,W,30,5,7,0.714,4,6,0.667,5,7,0.714,0,2,2,2,1,0,2,2,19,-4,1,
22023,1628379,22300766,"FEB 12, 2024",MEM vs. NOP,L,29,4,10,0.4,4,9,0.444,0,0,0.0,0,3,3,1,0,0,2,1,12,-2,1,
22023,1628379,22300751,"FEB 10, 2024",MEM @ CHA,L,24,3,7,0.429,2,5,0.4,3,3,1.0,0,0,0,4,0,0,1,1,11,-6,1,
22023,1628379,22300722,"FEB 06, 2024",MEM @ NYK,L,24,4,8,0.5,3,5,0.6,1,2,0.5,0,3,3,4,1,0,0,1,12,-1,1,
22023,1628379,22300706,"FEB 04, 2024",MEM @ BOS,L,25,4,8,0.5,3,5,0.6,0,0,0.0,0,2,2,2,0,0,3,3,11,-22,1,
22023,1628379,22300693,"FEB 02, 2024",MEM vs. GSW,L,18,2,5,0.4,2,3,0.667,0,0,0.0,1,1,2,2,0,0,1,1,6,-12,1,
22023,1628379,22300638,"JAN 26, 2024",MEM vs. ORL,W,30,5,11,0.455,5,10,0.5,0,0,0.0,0,5,5,6,1,0,3,1,15,-8,1,
22023,1628379,22300609,"JAN 22, 2024",MEM @ TOR,W,35,7,18,0.389,5,13,0.385,0,1,0.0,0,3,3,7,0,0,3,1,19,10,1,
22023,1628379,22300597,"JAN 20, 2024",MEM @ CHI,L,30,5,9,0.556,4,7,0.571,0,1,0.0,0,2,2,6,0,0,3,0,14,-15,1,
22023,1628379,22300582,"JAN 18, 2024",MEM @ MIN,L,31,6,9,0.667,5,7,0.714,1,1,1.0,0,2,2,2,1,0,1,1,18,4,1,
22023,1628379,22300560,"JAN 15, 2024",MEM vs. GSW,W,32,2,9,0.222,2,7,0.286,5,5,1.0,1,1,2,5,1,0,1,1,11,15,1,
22023,1628379,22300544,"JAN 13, 2024",MEM vs. NYK,L,33,6,13,0.462,2,8,0.25,0,0,0.0,0,3,3,2,0,0,0,2,14,-1,1,
22023,1628379,22300537,"JAN 12, 2024",MEM vs. LAC,L,29,4,7,0.571,3,5,0.6,0,0,0.0,1,6,7,6,0,0,1,2,11,-13,1,
22023,1628379,22300515,"JAN 09, 2024",MEM @ DAL,W,23,5,7,0.714,3,4,0.75,1,1,1.0,1,4,5,4,1,0,2,2,14,-3,1,
22023,1628379,22300503,"JAN 07, 2024",MEM @ PHX,W,22,3,5,0.6,3,3,1.0,0,0,0.0,0,3,3,3,0,0,0,2,9,2,1,
22023,1628379,22300491,"JAN 05, 2024",MEM @ LAL,W,20,0,4,0.0,0,3,0.0,0,0,0.0,1,2,3,4,1,0,0,0,0,0,1,
22023,1628379,22300470,"JAN 03, 2024",MEM vs. TOR,L,19,1,5,0.2,0,4,0.0,0,0,0.0,0,1,1,0,0,0,0,1,2,-17,1,
22023,1628379,22300460,"JAN 02, 2024",MEM vs. SAS,W,21,3,7,0.429,3,7,0.429,3,3,1.0,1,4,5,3,0,0,0,2,12,16,1,
22023,1628379,22300449,"DEC 31, 2023",MEM vs. SAC,L,20,6,9,0.667,5,8,0.625,0,0,0.0,0,3,3,2,0,0,1,2,17,-7,1,
22023,1628379,22300026,"NOV 14, 2023",MEM @ LAL,L,6,0,5,0.0,0,3,0.0,0,0,0.0,1,2,3,0,0,0,0,0,0,-6,1,
22023,1628379,22300179,"NOV 12, 2023",MEM @ LAC,W,24,4,5,0.8,4,5,0.8,1,1,1.0,0,1,1,2,1,0,0,1,13,-1,1,
22023,1628379,22300012,"NOV 10, 2023",MEM vs. UTA,L,21,5,11,0.455,4,9,0.444,0,0,0.0,0,1,1,1,0,1,0,1,14,-13,1,
22023,1628379,22300164,"NOV 08, 2023",MEM vs. MIA,L,27,4,7,0.571,3,6,0.5,2,2,1.0,0,2,2,3,1,0,3,1,13,7,1,
22023,1628379,22300144,"NOV 05, 2023",MEM @ POR,W,32,5,9,0.556,4,6,0.667,1,1,1.0,0,5,5,2,1,0,1,0,15,30,1,
22023,1628379,22300007,"NOV 03, 2023",MEM @ POR,L,27,2,7,0.286,1,4,0.25,0,0,0.0,1,7,8,3,0,0,0,1,5,-10,1,
22023,1628379,22300125,"NOV 01, 2023",MEM @ UTA,L,21,1,9,0.111,1,8,0.125,0,0,0.0,0,1,1,3,2,0,0,0,3,-19,1,
22023,1628379,22300071,"OCT 25, 2023",MEM vs. NOP,L,15,0,5,0.0,0,5,0.0,3,3,1.0,1,1,2,2,0,0,1,0,3,-14,1,
22023,1628380,22300785,"FEB 14, 2024",SAS @ DAL,L,21,3,9,0.333,0,4,0.0,0,0,0.0,5,7,12,4,0,3,1,2,6,-14,1,
22023,1628380,22300764,"FEB 12, 2024",SAS @ TOR,W,19,2,5,0.4,0,1,0.0,2,2,1.0,1,1,2,3,1,0,0,2,6,3,1,
22023,1628380,22300750,"FEB 10, 2024",SAS @ BKN,L,7,0,2,0.0,0,1,0.0,2,2,1.0,0,1,1,1,0,0,2,3,2,-1,1,
22023,1628380,22300734,"FEB 08, 2024",SAS @ ORL,L,25,5,6,0.833,0,1,0.0,2,2,1.0,0,3,3,3,0,2,1,4,12,-5,1,
22023,1628380,22300730,"FEB 07, 2024",SAS @ MIA,L,17,3,6,0.5,0,1,0.0,2,2,1.0,0,4,4,3,0,0,1,5,8,-4,1,
22023,1628380,22300703,"FEB 03, 2024",SAS vs. CLE,L,20,5,12,0.417,0,3,0.0,0,0,0.0,3,6,9,1,1,0,2,3,10,-28,1,
22023,1628380,22300696,"FEB 02, 2024",SAS vs. NOP,L,20,4,9,0.444,0,0,0.0,1,2,0.5,1,1,2,3,0,0,1,3,9,8,1,
22023,1628380,22300641,"JAN 26, 2024",SAS vs. POR,W,18,1,6,0.167,0,4,0.0,2,2,1.0,2,1,3,0,0,0,1,4,4,-8,1,
22023,1628380,22300622,"JAN 24, 2024",SAS vs. OKC,L,17,3,8,0.375,1,2,0.5,3,4,0.75,2,1,3,2,1,2,2,1,10,-18,1,
22023,1628380,22300608,"JAN 22, 2024",SAS @ PHI,L,20,0,7,0.0,0,5,0.0,1,2,0.5,2,4,6,4,0,0,1,2,1,-10,1,
22023,1628380,22300594,"JAN 20, 2024",SAS @ WAS,W,20,4,9,0.444,0,1,0.0,0,0,0.0,1,2,3,3,0,0,1,2,8,0,1,
22023,1628380,22300584,"JAN 19, 2024",SAS @ CHA,L,26,6,10,0.6,1,3,0.333,3,6,0.5,2,2,4,4,1,0,4,5,16,3,1,
22023,1628380,22300437,"DEC 29, 2023",SAS @ POR,L,18,8,10,0.8,0,1,0.0,1,3,0.333,1,2,3,2,0,1,1,3,17,-13,1,
22023,1628380,22300427,"DEC 28, 2023",SAS @ POR,W,17,4,9,0.444,0,2,0.0,3,4,0.75,1,6,7,2,0,0,1,6,11,7,1,
22023,1628380,22300412,"DEC 26, 2023",SAS vs. UTA,L,18,3,6,0.5,0,0,0.0,0,0,0.0,1,3,4,4,0,2,1,4,6,-9,1,
22023,1628380,22300398,"DEC 23, 2023",SAS @ DAL,L,28,6,10,0.6,2,4,0.5,0,0,0.0,1,4,5,4,2,2,2,3,14,-27,1,
22023,1628380,22300376,"DEC 21, 2023",SAS @ CHI,L,28,5,10,0.5,2,4,0.5,2,2,1.0,3,6,9,2,0,3,1,2,14,-20,1,
22023,1628380,22300361,"DEC 19, 2023",SAS @ MIL,L,29,9,16,0.563,4,7,0.571,0,0,0.0,2,6,8,2,1,2,4,3,22,-9,1,
22023,1628380,22300345,"DEC 17, 2023",SAS vs. NOP,L,16,1,3,0.333,0,1,0.0,0,0,0.0,1,4,5,2,0,0,0,2,2,-18,1,
22023,1628380,22300331,"DEC 15, 2023",SAS vs. LAL,W,19,5,9,0.556,1,2,0.5,5,6,0.833,4,2,6,1,0,0,1,4,16,-1,1,
22023,1628380,22300316,"DEC 13, 2023",SAS vs. LAL,L,19,3,8,0.375,2,3,0.667,2,2,1.0,1,1,2,0,0,0,1,3,10,-2,1,
22023,1628380,22300298,"DEC 11, 2023",SAS @ HOU,L,14,1,4,0.25,0,0,0.0,0,0,0.0,0,4,4,0,0,0,2,3,2,3,1,
22023,1628380,22301223,"DEC 08, 2023",SAS vs. CHI,L,23,4,5,0.8,2,2,1.0,2,3,0.667,3,7,10,5,1,0,1,1,12,13,1,
22023,1628380,22301210,"DEC 06, 2023",SAS @ MIN,L,28,6,20,0.3,0,6,0.0,0,0,0.0,4,4,8,4,0,0,3,3,12,-13,1,
22023,1628380,22300278,"DEC 01, 2023",SAS @ NOP,L,24,3,11,0.273,1,5,0.2,5,6,0.833,3,2,5,3,2,1,3,2,12,-18,1,
22023,1628380,22300272,"NOV 30, 2023",SAS vs. ATL,L,34,3,5,0.6,1,2,0.5,4,4,1.0,0,2,2,7,0,0,3,3,11,0,1,
22023,1628380,22300252,"NOV 26, 2023",SAS @ DEN,L,21,4,9,0.444,1,4,0.25,0,0,0.0,2,2,4,3,1,0,4,4,9,-14,1,
22023,1628380,22300051,"NOV 24, 2023",SAS @ GSW,L,31,2,12,0.167,0,7,0.0,2,2,1.0,3,5,8,6,0,0,3,3,6,-7,1,
22023,1628380,22300235,"NOV 22, 2023",SAS vs. LAC,L,28,6,13,0.462,2,5,0.4,2,2,1.0,2,7,9,3,0,1,1,6,16,5,1,
22023,1628380,22300223,"NOV 20, 2023",SAS vs. LAC,L,28,4,11,0.364,1,5,0.2,3,4,0.75,0,3,3,0,2,0,3,1,12,-25,1,
22023,1628380,22300206,"NOV 18, 2023",SAS vs. MEM,L,26,4,8,0.5,1,3,0.333,7,8,0.875,4,3,7,6,0,0,3,6,16,1,1,
22023,1628380,22300032,"NOV 17, 2023",SAS vs. SAC,L,34,10,14,0.714,3,5,0.6,5,6,0.833,2,6,8,5,3,1,3,5,28,19,1,
22023,1628380,22300021,"NOV 14, 2023",SAS @ OKC,L,31,6,11,0.545,1,4,0.25,0,0,0.0,5,3,8,1,0,0,4,3,13,-33,1,
22023,1628380,22300184,"NOV 12, 2023",SAS vs. MIA,L,33,6,14,0.429,1,4,0.25,5,6,0.833,2,3,5,2,0,1,3,4,18,5,1,
22023,1628380,22300013,"NOV 10, 2023",SAS vs. MIN,L,24,5,6,0.833,1,2,0.5,0,0,0.0,1,1,2,5,0,1,1,5,11,-2,1,
22023,1628380,22300161,"NOV 08, 2023",SAS @ NYK,L,25,4,6,0.667,1,2,0.5,2,2,1.0,2,5,7,3,0,3,2,4,11,-12,1,
22023,1628380,22300146,"NOV 06, 2023",SAS @ IND,L,20,6,8,0.75,1,2,0.5,1,3,0.333,2,3,5,2,0,0,2,2,14,-12,1,
22023,1628380,22300141,"NOV 05, 2023",SAS vs. TOR,L,38,8,17,0.471,1,6,0.167,4,6,0.667,2,9,11,5,0,1,1,3,21,-6,1,
22023,1628380,22300131,"NOV 02, 2023",SAS @ PHX,W,35,7,10,0.7,3,3,1.0,2,2,1.0,4,4,8,4,0,0,3,2,19,8,1,
22023,1628380,22300113,"OCT 31, 2023",SAS @ PHX,W,27,6,11,0.545,1,3,0.333,1,1,1.0,1,4,5,4,1,3,2,3,14,8,1,
22023,1628380,22300099,"OCT 29, 2023",SAS @ LAC,L,25,4,11,0.364,1,4,0.25,0,0,0.0,1,5,6,4,0,0,5,2,9,-36,1,
22023,1628380,22300083,"OCT 27, 2023",SAS vs. HOU,W,39,4,12,0.333,0,7,0.0,1,3,0.333,0,6,6,8,4,0,4,5,9,-4,1,
22023,1628380,22300073,"OCT 25, 2023",SAS vs. DAL,L,32,6,10,0.6,0,4,0.0,2,2,1.0,1,4,5,3,1,2,3,4,14,-4,1,
22023,1628381,22300576,"FEB 15, 2024",UTA vs. GSW,L,31,8,14,0.571,1,3,0.333,1,1,1.0,4,9,13,2,1,1,1,4,18,0,1,
22023,1628381,22300788,"FEB 14, 2024",UTA vs. LAL,L,28,5,10,0.5,0,3,0.0,1,3,0.333,3,7,10,2,1,1,2,4,11,-6,1,
22023,1628381,22300769,"FEB 12, 2024",UTA vs. GSW,L,28,3,6,0.5,0,1,0.0,5,5,1.0,2,5,7,5,0,1,3,0,11,-27,1,
22023,1628381,22300739,"FEB 08, 2024",UTA @ PHX,L,31,9,15,0.6,1,2,0.5,2,2,1.0,4,10,14,1,1,0,0,5,21,-20,1,
22023,1628381,22300724,"FEB 06, 2024",UTA vs. OKC,W,29,9,15,0.6,1,4,0.25,3,3,1.0,3,6,9,0,0,1,1,3,22,-2,1,
22023,1628381,22300711,"FEB 04, 2024",UTA vs. MIL,W,24,7,11,0.636,1,4,0.25,0,1,0.0,3,7,10,2,1,0,3,2,15,-9,1,
22023,1628381,22300686,"FEB 01, 2024",UTA vs. PHI,L,34,6,10,0.6,1,3,0.333,2,3,0.667,3,6,9,2,1,2,0,2,15,-7,1,
22023,1628381,22300671,"JAN 30, 2024",UTA @ NYK,L,28,5,12,0.417,1,4,0.25,0,1,0.0,3,8,11,3,0,0,1,4,11,-12,1,
22023,1628381,22300660,"JAN 29, 2024",UTA @ BKN,L,21,7,10,0.7,0,0,0.0,1,2,0.5,3,4,7,0,1,2,0,2,15,-7,1,
22023,1628381,22300647,"JAN 27, 2024",UTA @ CHA,W,32,9,13,0.692,1,4,0.25,1,2,0.5,3,7,10,0,0,2,0,4,20,10,1,
22023,1628381,22300628,"JAN 25, 2024",UTA @ WAS,W,33,11,15,0.733,0,2,0.0,0,0,0.0,7,9,16,1,1,0,1,2,22,22,1,
22023,1628381,22300616,"JAN 23, 2024",UTA @ NOP,L,24,5,12,0.417,0,3,0.0,4,4,1.0,1,8,9,2,0,3,1,5,14,-6,1,
22023,1628381,22300598,"JAN 20, 2024",UTA @ HOU,L,20,3,9,0.333,0,4,0.0,1,1,1.0,1,5,6,2,0,0,0,2,7,6,1,
22023,1628381,22300581,"JAN 18, 2024",UTA vs. OKC,L,24,7,11,0.636,1,5,0.2,6,6,1.0,0,4,4,1,0,1,2,5,21,-19,1,
22023,1628381,22300564,"JAN 15, 2024",UTA vs. IND,W,20,3,8,0.375,0,2,0.0,4,4,1.0,4,2,6,1,0,0,1,0,10,13,1,
22023,1628381,22300549,"JAN 13, 2024",UTA vs. LAL,W,34,7,9,0.778,3,4,0.75,2,2,1.0,2,11,13,2,3,1,1,5,19,18,1,
22023,1628381,22300540,"JAN 12, 2024",UTA vs. TOR,W,14,2,3,0.667,0,1,0.0,0,0,0.0,1,6,7,1,0,0,1,4,4,2,1,
22023,1628381,22300524,"JAN 10, 2024",UTA vs. DEN,W,24,6,10,0.6,2,4,0.5,1,2,0.5,0,6,6,3,1,0,1,2,15,12,1,
22023,1628381,22300510,"JAN 08, 2024",UTA @ MIL,W,27,8,15,0.533,3,7,0.429,0,0,0.0,0,3,3,1,1,0,3,3,19,6,1,
22023,1628381,22300495,"JAN 06, 2024",UTA @ PHI,W,28,9,10,0.9,0,0,0.0,1,2,0.5,1,4,5,2,0,1,1,1,19,7,1,
22023,1628381,22300479,"JAN 05, 2024",UTA @ BOS,L,22,5,8,0.625,0,1,0.0,2,3,0.667,0,11,11,2,0,1,2,5,12,-28,1,
22023,1628381,22300474,"JAN 03, 2024",UTA vs. DET,W,24,7,13,0.538,2,6,0.333,1,2,0.5,4,0,4,3,0,0,2,3,17,-12,1,
22023,1628381,22300457,"JAN 01, 2024",UTA vs. DAL,W,18,7,13,0.538,0,5,0.0,1,1,1.0,0,5,5,1,1,0,0,1,15,-1,1,
22023,1628381,22300439,"DEC 30, 2023",UTA vs. MIA,W,21,4,11,0.364,2,6,0.333,0,0,0.0,0,6,6,0,0,0,1,3,10,-6,1,
22023,1628381,22300424,"DEC 28, 2023",UTA @ NOP,L,26,3,7,0.429,1,3,0.333,1,2,0.5,3,9,12,0,0,1,1,2,8,-3,1,
22023,1628381,22300412,"DEC 26, 2023",UTA @ SAS,W,18,2,7,0.286,1,4,0.25,2,2,1.0,0,4,4,0,0,1,3,1,7,6,1,
22023,1628381,22300395,"DEC 23, 2023",UTA @ TOR,W,27,4,7,0.571,2,2,1.0,0,0,0.0,1,4,5,0,0,0,0,2,10,-8,1,
22023,1628381,22300374,"DEC 21, 2023",UTA @ DET,W,32,4,12,0.333,0,3,0.0,5,5,1.0,2,7,9,1,2,1,3,4,13,3,1,
22023,1628381,22300364,"DEC 20, 2023",UTA @ CLE,L,23,5,8,0.625,2,4,0.5,4,4,1.0,0,5,5,0,1,1,2,1,16,-16,1,
22023,1628381,22300357,"DEC 18, 2023",UTA vs. BKN,W,20,4,9,0.444,3,4,0.75,0,0,0.0,1,2,3,0,0,1,4,2,11,5,1,
22023,1628381,22301225,"DEC 08, 2023",UTA vs. LAC,L,35,7,12,0.583,1,5,0.2,5,5,1.0,3,10,13,2,2,4,2,1,20,-18,1,
22023,1628381,22301213,"DEC 06, 2023",UTA @ DAL,L,23,5,11,0.455,0,2,0.0,0,0,0.0,2,6,8,0,0,0,2,2,10,-40,1,
22023,1628381,22300289,"DEC 02, 2023",UTA vs. POR,W,35,6,14,0.429,1,4,0.25,4,4,1.0,2,7,9,3,1,3,2,2,17,4,1,
22023,1628381,22300270,"NOV 30, 2023",UTA @ MIN,L,28,3,12,0.25,1,4,0.25,2,2,1.0,3,9,12,0,0,0,4,4,9,-17,1,
22023,1628381,22300261,"NOV 29, 2023",UTA @ MEM,L,29,7,14,0.5,3,5,0.6,0,2,0.0,1,3,4,1,1,0,1,2,17,-8,1,
22023,1628381,22300256,"NOV 27, 2023",UTA vs. NOP,W,29,4,10,0.4,2,6,0.333,2,3,0.667,1,2,3,0,0,0,1,1,12,-2,1,
22023,1628381,22300243,"NOV 25, 2023",UTA vs. NOP,W,23,5,11,0.455,0,2,0.0,2,2,1.0,2,7,9,0,0,0,3,1,12,-6,1,
22023,1628381,22300237,"NOV 22, 2023",UTA @ POR,L,32,6,12,0.5,0,1,0.0,0,0,0.0,6,5,11,1,0,0,0,0,12,-8,1,
22023,1628381,22300042,"NOV 21, 2023",UTA @ LAL,L,25,6,12,0.5,2,5,0.4,1,2,0.5,2,2,4,1,1,1,1,3,15,-29,1,
22023,1628381,22300214,"NOV 19, 2023",UTA vs. PHX,L,43,5,14,0.357,3,5,0.6,2,2,1.0,4,8,12,0,2,1,1,2,15,-4,1,
22023,1628381,22300035,"NOV 17, 2023",UTA vs. PHX,L,35,5,10,0.5,1,2,0.5,4,6,0.667,4,10,14,1,0,2,0,6,15,-7,1,
22023,1628381,22300023,"NOV 14, 2023",UTA vs. POR,W,32,6,16,0.375,2,5,0.4,0,0,0.0,4,6,10,2,1,3,1,3,14,6,1,
22023,1628381,22300012,"NOV 10, 2023",UTA @ MEM,W,38,5,6,0.833,3,3,1.0,5,7,0.714,0,3,3,0,0,4,3,2,18,8,1,
22023,1628381,22300158,"NOV 08, 2023",UTA @ IND,L,27,6,9,0.667,1,2,0.5,1,1,1.0,1,8,9,1,0,0,2,3,14,-7,1,
22023,1628381,22300152,"NOV 06, 2023",UTA @ CHI,L,29,6,9,0.667,1,2,0.5,1,1,1.0,1,5,6,0,1,0,2,5,14,-13,1,
22023,1628381,22300138,"NOV 04, 2023",UTA @ MIN,L,29,5,10,0.5,1,5,0.2,3,4,0.75,2,4,6,0,1,1,2,5,14,-21,1,
22023,1628381,22300130,"NOV 02, 2023",UTA vs. ORL,L,33,7,10,0.7,3,4,0.75,3,4,0.75,3,7,10,0,0,1,2,5,20,0,1,
22023,1628381,22300125,"NOV 01, 2023",UTA vs. MEM,W,27,5,12,0.417,2,5,0.4,4,6,0.667,2,2,4,2,2,0,1,2,16,21,1,
22023,1628381,22300110,"OCT 30, 2023",UTA @ DEN,L,34,7,16,0.438,1,3,0.333,0,3,0.0,3,6,9,1,1,0,0,3,15,-5,1,
22023,1628381,22300094,"OCT 28, 2023",UTA @ PHX,L,28,5,9,0.556,1,3,0.333,0,0,0.0,5,5,10,3,0,0,1,3,11,-28,1,
22023,1628381,22300085,"OCT 27, 2023",UTA vs. LAC,W,34,4,11,0.364,1,5,0.2,4,4,1.0,5,7,12,0,0,1,0,4,13,-4,1,
22023,1628381,22300072,"OCT 25, 2023",UTA vs. SAC,L,31,6,11,0.545,1,3,0.333,2,2,1.0,3,8,11,2,1,0,0,3,15,-9,1,
22023,1628384,22300643,"JAN 27, 2024",NYK vs. MIA,W,34,8,14,0.571,2,5,0.4,1,3,0.333,0,1,1,4,2,0,1,2,19,13,1,
22023,1628384,22300631,"JAN 25, 2024",NYK vs. DEN,W,29,10,18,0.556,3,9,0.333,3,5,0.6,0,2,2,1,6,0,1,2,26,38,1,
22023,1628384,22300615,"JAN 23, 2024",NYK @ BKN,W,33,3,8,0.375,0,1,0.0,4,4,1.0,1,4,5,1,4,2,3,2,10,11,1,
22023,1628384,22300596,"JAN 20, 2024",NYK vs. TOR,W,37,5,11,0.455,0,3,0.0,4,4,1.0,0,7,7,1,1,3,1,2,14,20,1,
22023,1628384,22300579,"JAN 18, 2024",NYK vs. WAS,W,43,6,9,0.667,3,5,0.6,4,4,1.0,0,7,7,1,0,2,1,3,19,12,1,
22023,1628384,22300573,"JAN 17, 2024",NYK vs. HOU,W,43,5,10,0.5,2,5,0.4,3,3,1.0,0,5,5,0,4,1,1,2,15,24,1,
22023,1628384,22300557,"JAN 15, 2024",NYK vs. ORL,L,44,5,11,0.455,3,4,0.75,4,4,1.0,1,1,2,4,0,0,2,2,17,2,1,
22023,1628384,22300544,"JAN 13, 2024",NYK @ MEM,W,32,7,15,0.467,1,4,0.25,3,4,0.75,2,3,5,2,1,4,4,1,18,7,1,
22023,1628384,22300530,"JAN 11, 2024",NYK @ DAL,L,39,4,10,0.4,1,6,0.167,1,1,1.0,1,5,6,2,0,2,1,1,10,14,1,
22023,1628384,22300514,"JAN 09, 2024",NYK vs. POR,W,29,9,12,0.75,4,6,0.667,1,2,0.5,2,2,4,0,1,1,1,3,23,26,1,
22023,1628384,22300494,"JAN 06, 2024",NYK @ WAS,W,31,4,7,0.571,1,3,0.333,0,0,0.0,2,3,5,2,1,0,1,3,9,11,1,
22023,1628384,22300483,"JAN 05, 2024",NYK @ PHI,W,37,3,11,0.273,1,3,0.333,4,4,1.0,1,1,2,0,1,0,0,3,11,20,1,
22023,1628384,22300468,"JAN 03, 2024",NYK vs. CHI,W,34,5,9,0.556,1,4,0.25,0,0,0.0,2,6,8,2,2,0,1,2,11,35,1,
22023,1628384,22300451,"JAN 01, 2024",NYK vs. MIN,W,35,7,12,0.583,3,6,0.5,0,0,0.0,3,3,6,1,2,0,1,6,17,19,1,
22023,1628384,22300432,"DEC 29, 2023",TOR @ BOS,L,37,5,8,0.625,2,4,0.5,0,0,0.0,0,2,2,2,2,0,1,1,12,4,1,
22023,1628384,22300416,"DEC 27, 2023",TOR @ WAS,W,29,11,16,0.688,3,7,0.429,1,2,0.5,2,4,6,2,0,0,1,1,26,24,1,
22023,1628384,22300395,"DEC 23, 2023",TOR vs. UTA,L,36,8,13,0.615,2,3,0.667,1,1,1.0,1,1,2,4,2,0,0,1,19,-4,1,
22023,1628384,22300382,"DEC 22, 2023",TOR @ PHI,L,35,4,9,0.444,0,4,0.0,4,4,1.0,0,4,4,6,1,0,2,4,12,-11,1,
22023,1628384,22300369,"DEC 20, 2023",TOR vs. DEN,L,40,4,9,0.444,1,4,0.25,0,0,0.0,0,1,1,3,0,0,1,2,9,-5,1,
22023,1628384,22300354,"DEC 18, 2023",TOR vs. CHA,W,32,2,10,0.2,0,5,0.0,1,1,1.0,0,2,2,2,1,0,2,3,5,3,1,
22023,1628384,22300330,"DEC 15, 2023",TOR vs. ATL,L,33,3,8,0.375,1,4,0.25,0,0,0.0,0,2,2,4,0,0,2,0,7,-19,1,
22023,1628384,22300313,"DEC 13, 2023",TOR vs. ATL,W,37,10,13,0.769,2,5,0.4,0,0,0.0,2,3,5,3,1,0,2,4,22,17,1,
22023,1628384,22300297,"DEC 11, 2023",TOR @ NYK,L,37,11,20,0.55,5,11,0.455,2,2,1.0,1,4,5,2,1,0,2,3,29,-6,1,
22023,1628384,22301216,"DEC 08, 2023",TOR @ CHA,L,36,3,12,0.25,0,6,0.0,5,5,1.0,0,3,3,4,1,0,0,3,11,0,1,
22023,1628384,22301207,"DEC 06, 2023",TOR vs. MIA,L,39,8,13,0.615,5,10,0.5,2,2,1.0,1,7,8,6,1,1,2,2,23,-9,1,
22023,1628384,22300276,"DEC 01, 2023",TOR vs. NYK,L,27,4,13,0.308,1,6,0.167,0,0,0.0,1,4,5,3,1,2,3,5,9,-4,1,
22023,1628384,22300260,"NOV 29, 2023",TOR vs. PHX,W,34,5,10,0.5,3,5,0.6,0,1,0.0,0,3,3,1,3,1,0,3,13,1,1,
22023,1628384,22300054,"NOV 28, 2023",TOR @ BKN,L,37,4,12,0.333,2,6,0.333,0,0,0.0,2,1,3,2,0,0,2,3,10,-14,1,
22023,1628384,22300251,"NOV 26, 2023",TOR @ CLE,L,34,4,12,0.333,2,5,0.4,1,3,0.333,5,2,7,1,0,1,1,1,11,11,1,
22023,1628384,22300046,"NOV 24, 2023",TOR vs. CHI,W,34,10,14,0.714,5,7,0.714,1,2,0.5,1,5,6,3,1,0,2,2,26,9,1,
22023,1628384,22300230,"NOV 22, 2023",TOR @ IND,W,36,5,12,0.417,1,4,0.25,2,2,1.0,2,2,4,3,1,0,2,3,13,-6,1,
22023,1628384,22300038,"NOV 21, 2023",TOR @ ORL,L,30,4,8,0.5,3,5,0.6,0,0,0.0,0,1,1,4,0,3,4,0,11,-15,1,
22023,1628384,22300211,"NOV 19, 2023",TOR vs. DET,W,27,2,11,0.182,1,6,0.167,4,6,0.667,1,4,5,3,2,0,1,3,9,15,1,
22023,1628384,22300174,"NOV 11, 2023",TOR @ BOS,L,28,3,13,0.231,2,8,0.25,0,0,0.0,1,2,3,2,1,0,0,0,8,-26,1,
22023,1628384,22300168,"NOV 08, 2023",TOR @ DAL,W,36,9,17,0.529,3,8,0.375,5,6,0.833,1,4,5,2,0,0,2,4,26,9,1,
22023,1628384,22300141,"NOV 05, 2023",TOR @ SAS,W,38,8,16,0.5,7,13,0.538,1,4,0.25,2,4,6,4,2,0,1,3,24,8,1,
22023,1628384,22300128,"NOV 02, 2023",TOR @ PHI,L,33,7,12,0.583,2,4,0.5,0,0,0.0,1,3,4,1,0,1,3,2,16,5,1,
22023,1628384,22300116,"NOV 01, 2023",TOR vs. MIL,W,25,7,7,1.0,1,1,1.0,1,2,0.5,0,2,2,3,1,0,2,5,16,16,1,
22023,1628384,22300105,"OCT 30, 2023",TOR vs. POR,L,30,4,12,0.333,2,9,0.222,0,0,0.0,0,3,3,1,2,1,2,0,10,0,1,
22023,1628384,22300082,"OCT 27, 2023",TOR @ CHI,L,28,5,8,0.625,1,4,0.25,0,1,0.0,0,3,3,0,2,0,1,2,11,28,1,
22023,1628384,22300069,"OCT 25, 2023",TOR vs. MIN,W,34,7,13,0.538,4,9,0.444,2,2,1.0,0,6,6,1,2,3,2,2,20,6,1,
22023,1628385,22300698,"FEB 03, 2024",BKN @ PHI,W,8,3,6,0.5,1,1,1.0,1,2,0.5,2,2,4,2,0,0,0,3,8,-12,1,
22023,1628385,22300677,"JAN 31, 2024",BKN vs. PHX,L,2,0,0,0.0,0,0,0.0,0,0,0.0,0,0,0,0,0,0,1,1,0,-2,1,
22023,1628385,22300660,"JAN 29, 2024",BKN vs. UTA,W,3,1,2,0.5,1,2,0.5,0,0,0.0,1,2,3,1,0,0,1,2,3,4,1,
22023,1628385,22300645,"JAN 27, 2024",BKN vs. HOU,W,0,0,0,0.0,0,0,0.0,0,0,0.0,0,0,0,0,0,0,0,0,0,0,1,
22023,1628385,22300591,"JAN 19, 2024",BKN @ LAL,W,5,0,1,0.0,0,1,0.0,0,0,0.0,0,1,1,0,0,0,1,0,0,-1,1,
22023,1628385,22300527,"JAN 11, 2024",BKN @ CLE,L,3,1,2,0.5,0,0,0.0,0,0,0.0,1,0,1,1,0,0,1,0,2,-4,1,
22023,1628385,22300461,"JAN 02, 2024",BKN @ NOP,L,8,3,6,0.5,0,2,0.0,0,2,0.0,1,2,3,1,0,1,0,2,6,0,1,
22023,1628385,22300417,"DEC 27, 2023",BKN vs. MIL,L,7,0,3,0.0,0,0,0.0,1,2,0.5,2,2,4,0,0,0,0,2,1,-6,1,
22023,1628385,22300394,"DEC 23, 2023",BKN vs. DET,W,1,0,0,0.0,0,0,0.0,0,0,0.0,0,0,0,0,0,0,0,0,0,-6,1,
22023,1628385,22300368,"DEC 20, 2023",BKN vs. NYK,L,4,0,1,0.0,0,0,0.0,0,0,0.0,0,0,0,0,0,1,1,1,0,6,1,
22023,1628385,22300357,"DEC 18, 2023",BKN @ UTA,L,3,0,0,0.0,0,0,0.0,0,0,0.0,0,0,0,0,0,0,0,0,0,0,1,
22023,1628385,22300322,"DEC 14, 2023",BKN @ DEN,L,15,4,9,0.444,0,1,0.0,3,3,1.0,3,3,6,1,1,0,0,1,11,1,1,
22023,1628385,22300303,"DEC 11, 2023",BKN @ SAC,L,4,1,2,0.5,0,1,0.0,1,1,1.0,0,0,0,0,0,0,0,1,3,4,1,
22023,1628385,22301219,"DEC 08, 2023",BKN vs. WAS,W,5,4,6,0.667,0,1,0.0,0,2,0.0,2,0,2,0,0,1,0,0,8,2,1,
22023,1628385,22300208,"NOV 19, 2023",BKN vs. PHI,L,6,2,3,0.667,0,1,0.0,1,1,1.0,0,1,1,0,0,0,0,1,5,0,1,
22023,1628385,22300010,"NOV 10, 2023",BKN @ BOS,L,6,3,3,1.0,1,1,1.0,0,0,0.0,0,1,1,0,0,0,1,1,7,6,1,
22023,1628386,22300781,"FEB 14, 2024",CLE vs. CHI,W,35,6,9,0.667,0,1,0.0,1,2,0.5,1,9,10,3,1,1,0,1,13,9,1,
22023,1628386,22300762,"FEB 12, 2024",CLE vs. PHI,L,37,9,13,0.692,0,0,0.0,3,4,0.75,4,6,10,3,0,1,3,2,21,10,1,
22023,1628386,22300756,"FEB 10, 2024",CLE @ TOR,W,30,9,12,0.75,0,1,0.0,0,2,0.0,6,9,15,2,0,1,1,2,18,4,1,
22023,1628386,22300735,"FEB 08, 2024",CLE @ BKN,W,30,3,6,0.5,0,1,0.0,8,8,1.0,2,8,10,2,0,2,2,2,14,17,1,
22023,1628386,22300728,"FEB 07, 2024",CLE @ WAS,W,37,5,12,0.417,0,1,0.0,2,4,0.5,3,6,9,2,0,2,3,1,12,-4,1,
22023,1628386,22300714,"FEB 05, 2024",CLE vs. SAC,W,30,8,10,0.8,0,0,0.0,3,4,0.75,1,6,7,3,0,2,0,1,19,22,1,
22023,1628386,22300703,"FEB 03, 2024",CLE @ SAS,W,31,12,18,0.667,0,0,0.0,2,2,1.0,4,12,16,0,0,0,1,1,26,26,1,
22023,1628386,22300687,"FEB 01, 2024",CLE @ MEM,W,21,6,13,0.462,0,0,0.0,2,4,0.5,2,7,9,2,0,3,2,1,14,6,1,
22023,1628386,22300675,"JAN 31, 2024",CLE vs. DET,W,30,7,10,0.7,0,0,0.0,0,0,0.0,5,6,11,0,1,1,1,2,14,19,1,
22023,1628386,22300658,"JAN 29, 2024",CLE vs. LAC,W,36,6,9,0.667,0,0,0.0,8,11,0.727,4,13,17,3,1,1,3,3,20,11,1,
22023,1628386,22300639,"JAN 26, 2024",CLE @ MIL,W,36,9,20,0.45,0,0,0.0,6,7,0.857,8,6,14,1,1,2,4,4,24,12,1,
22023,1628386,22300624,"JAN 24, 2024",CLE @ MIL,L,32,10,19,0.526,0,0,0.0,1,2,0.5,4,8,12,5,0,0,1,0,21,-17,1,
22023,1628386,22300607,"JAN 22, 2024",CLE @ ORL,W,27,6,8,0.75,0,0,0.0,2,4,0.5,5,6,11,4,0,2,2,2,14,21,1,
22023,1628386,22300595,"JAN 20, 2024",CLE @ ATL,W,33,6,8,0.75,0,0,0.0,2,2,1.0,1,10,11,2,3,3,4,2,14,7,1,
22023,1628386,22300572,"JAN 17, 2024",CLE vs. MIL,W,26,9,15,0.6,0,0,0.0,3,3,1.0,3,10,13,3,0,1,1,0,21,37,1,
22023,1628386,22300561,"JAN 15, 2024",CLE vs. CHI,W,34,4,5,0.8,0,0,0.0,2,2,1.0,5,9,14,3,2,1,2,1,10,32,1,
22023,1628386,22300527,"JAN 11, 2024",CLE vs. BKN,W,38,3,5,0.6,0,0,0.0,6,6,1.0,3,9,12,4,2,4,1,5,12,6,1,
22023,1628386,22300497,"JAN 07, 2024",CLE vs. SAS,W,31,11,19,0.579,0,0,0.0,7,7,1.0,5,11,16,2,1,1,1,3,29,-10,1,
22023,1628386,22300482,"JAN 05, 2024",CLE vs. WAS,W,29,5,7,0.714,0,0,0.0,2,2,1.0,6,6,12,3,2,1,4,2,12,16,1,
22023,1628386,22300465,"JAN 03, 2024",CLE vs. WAS,W,29,7,10,0.7,0,0,0.0,3,4,0.75,7,12,19,7,0,2,1,0,17,27,1,
22023,1628386,22300452,"JAN 01, 2024",CLE @ TOR,L,34,5,11,0.455,0,0,0.0,6,8,0.75,3,8,11,4,1,0,0,4,16,-3,1,
22023,1628386,22300433,"DEC 29, 2023",CLE vs. MIL,L,40,15,17,0.882,0,0,0.0,0,0,0.0,3,9,12,6,0,2,0,2,30,-12,1,
22023,1628386,22300420,"DEC 27, 2023",CLE @ DAL,W,35,9,17,0.529,0,0,0.0,6,6,1.0,9,14,23,6,2,0,4,1,24,14,1,
22023,1628386,22300396,"DEC 23, 2023",CLE @ CHI,W,35,6,9,0.667,0,1,0.0,7,10,0.7,8,9,17,7,1,1,0,0,19,6,1,
22023,1628386,22300375,"DEC 21, 2023",CLE vs. NOP,L,27,7,8,0.875,0,0,0.0,0,0,0.0,1,6,7,3,1,0,1,0,14,-6,1,
22023,1628386,22300364,"DEC 20, 2023",CLE vs. UTA,W,30,8,13,0.615,0,0,0.0,1,2,0.5,3,5,8,3,2,0,2,1,17,-4,1,
22023,1628386,22300349,"DEC 18, 2023",CLE vs. HOU,W,29,3,7,0.429,0,0,0.0,4,7,0.571,2,4,6,2,0,2,1,5,10,-4,1,
22023,1628386,22300336,"DEC 16, 2023",CLE vs. ATL,W,35,12,14,0.857,0,0,0.0,1,1,1.0,4,10,14,1,2,1,4,1,25,5,1,
22023,1628386,22300319,"DEC 14, 2023",CLE @ BOS,L,39,4,7,0.571,0,0,0.0,0,0,0.0,1,9,10,3,0,0,3,1,8,-1,1,
22023,1628386,22300305,"DEC 12, 2023",CLE @ BOS,L,37,6,9,0.667,0,0,0.0,2,5,0.4,2,3,5,5,3,2,2,4,14,4,1,
22023,1628386,22300294,"DEC 11, 2023",CLE @ ORL,L,15,2,3,0.667,0,0,0.0,0,0,0.0,2,5,7,1,1,0,1,6,4,-15,1,
22023,1628386,22301220,"DEC 08, 2023",CLE @ MIA,W,25,3,9,0.333,0,0,0.0,0,2,0.0,2,7,9,1,1,0,0,2,6,-2,1,
22023,1628386,22301205,"DEC 06, 2023",CLE vs. ORL,W,19,4,5,0.8,0,0,0.0,0,0,0.0,2,9,11,2,1,0,4,5,8,2,1,
22023,1628386,22300283,"DEC 02, 2023",CLE @ DET,W,34,8,9,0.889,0,0,0.0,3,5,0.6,5,6,11,3,1,0,2,2,19,4,1,
22023,1628386,22300265,"NOV 30, 2023",CLE vs. POR,L,38,6,9,0.667,0,0,0.0,0,0,0.0,6,4,10,2,0,2,1,3,12,-3,1,
22023,1628386,22300055,"NOV 28, 2023",CLE vs. ATL,W,30,5,6,0.833,0,0,0.0,1,1,1.0,1,7,8,2,0,0,0,4,11,16,1,
22023,1628386,22300251,"NOV 26, 2023",CLE vs. TOR,W,27,9,10,0.9,0,0,0.0,0,0,0.0,3,1,4,3,0,2,2,4,18,-13,1,
22023,1628386,22300242,"NOV 25, 2023",CLE vs. LAL,L,37,9,12,0.75,0,0,0.0,3,4,0.75,5,9,14,3,3,2,2,3,21,-3,1,
22023,1628386,22300229,"NOV 22, 2023",CLE vs. MIA,L,23,1,2,0.5,0,0,0.0,2,2,1.0,0,4,4,2,0,0,3,2,4,-24,1,
22023,1628386,22300040,"NOV 21, 2023",CLE @ PHI,W,35,12,20,0.6,0,0,0.0,2,2,1.0,6,7,13,3,0,0,2,4,26,-6,1,
22023,1628386,22300210,"NOV 19, 2023",CLE vs. DEN,W,29,6,10,0.6,0,0,0.0,3,6,0.5,2,3,5,5,1,0,2,3,15,42,1,
22023,1628386,22300030,"NOV 17, 2023",CLE vs. DET,W,32,4,8,0.5,0,0,0.0,2,3,0.667,1,6,7,2,0,5,2,1,10,5,1,
22023,1628386,22300199,"NOV 15, 2023",CLE @ POR,W,29,3,3,1.0,0,0,0.0,5,6,0.833,1,8,9,1,0,3,3,3,11,0,1,
22023,1628386,22300191,"NOV 13, 2023",CLE @ SAC,L,22,5,6,0.833,0,0,0.0,2,3,0.667,4,5,9,1,0,0,2,2,12,-25,1,
22023,1628386,22300176,"NOV 11, 2023",CLE @ GSW,W,28,2,6,0.333,0,0,0.0,8,9,0.889,3,2,5,4,0,0,1,4,12,13,1,
22023,1628386,22300167,"NOV 08, 2023",CLE @ OKC,L,26,4,6,0.667,0,0,0.0,6,9,0.667,4,2,6,1,2,1,1,0,14,-4,1,
22023,1628386,22300142,"NOV 05, 2023",CLE vs. GSW,W,28,5,7,0.714,0,0,0.0,2,2,1.0,5,4,9,3,0,0,2,1,12,9,1,
22023,1628386,22300001,"NOV 03, 2023",CLE @ IND,L,21,4,6,0.667,0,0,0.0,2,3,0.667,2,5,7,0,1,2,1,4,10,-1,1,
22023,1628389,22300779,"FEB 14, 2024",MIA @ PHI,W,39,9,14,0.643,0,0,0.0,5,5,1.0,3,10,13,4,2,0,2,2,23,1,1,
22023,1628389,22300773,"FEB 13, 2024",MIA @ MIL,W,31,8,14,0.571,0,0,0.0,0,0,0.0,5,7,12,11,2,0,3,2,16,30,1,
22023,1628389,22300759,"FEB 11, 2024",MIA vs. BOS,L,34,7,18,0.389,0,0,0.0,8,8,1.0,3,10,13,4,2,2,2,2,22,3,1,
22023,1628389,22300730,"FEB 07, 2024",MIA vs. SAS,W,29,10,14,0.714,0,0,0.0,0,2,0.0,0,5,5,2,1,0,1,4,20,17,1,
22023,1628389,22300721,"FEB 06, 2024",MIA vs. ORL,W,30,7,9,0.778,0,0,0.0,0,0,0.0,2,6,8,3,0,1,3,3,14,32,1,
22023,1628389,22300708,"FEB 04, 2024",MIA vs. LAC,L,35,5,13,0.385,0,0,0.0,4,4,1.0,4,9,13,3,3,0,2,1,14,-8,1,
22023,1628389,22300689,"FEB 02, 2024",MIA @ WAS,W,33,8,14,0.571,0,0,0.0,4,7,0.571,2,12,14,1,0,1,4,3,20,-8,1,
22023,1628389,22300678,"JAN 31, 2024",MIA vs. SAC,W,32,8,14,0.571,0,0,0.0,0,0,0.0,2,9,11,4,0,0,0,4,16,2,1,
22023,1628389,22300661,"JAN 29, 2024",MIA vs. PHX,L,35,3,9,0.333,0,0,0.0,2,2,1.0,0,11,11,5,1,3,4,2,8,3,1,
22023,1628389,22300643,"JAN 27, 2024",MIA @ NYK,L,33,6,10,0.6,0,0,0.0,0,0,0.0,3,10,13,1,0,0,2,1,12,-20,1,
22023,1628389,22300630,"JAN 25, 2024",MIA vs. BOS,L,29,8,14,0.571,0,0,0.0,3,4,0.75,1,4,5,2,1,1,0,0,19,-28,1,
22023,1628389,22300621,"JAN 24, 2024",MIA vs. MEM,L,40,4,13,0.308,0,1,0.0,7,11,0.636,3,12,15,6,1,6,0,3,15,3,1,
22023,1628389,22300601,"JAN 21, 2024",MIA @ ORL,L,34,8,17,0.471,0,1,0.0,6,6,1.0,6,5,11,7,2,0,5,3,22,-15,1,
22023,1628389,22300587,"JAN 19, 2024",MIA vs. ATL,L,39,7,15,0.467,0,0,0.0,7,8,0.875,2,7,9,6,1,0,3,4,21,8,1,
22023,1628389,22300574,"JAN 17, 2024",MIA @ TOR,L,36,7,13,0.538,0,0,0.0,2,3,0.667,1,4,5,4,1,0,2,3,16,-23,1,
22023,1628389,22300562,"JAN 15, 2024",MIA @ BKN,W,44,5,17,0.294,0,1,0.0,1,2,0.5,2,18,20,4,1,1,2,2,11,-3,1,
22023,1628389,22300551,"JAN 14, 2024",MIA vs. CHA,W,35,9,17,0.529,0,1,0.0,6,8,0.75,0,10,10,7,0,1,2,3,24,5,1,
22023,1628389,22300535,"JAN 12, 2024",MIA vs. ORL,W,39,8,17,0.471,0,0,0.0,5,6,0.833,4,7,11,7,0,1,4,3,21,17,1,
22023,1628389,22300522,"JAN 10, 2024",MIA vs. OKC,L,37,9,16,0.563,0,0,0.0,7,7,1.0,5,6,11,6,0,2,1,1,25,-6,1,
22023,1628389,22300509,"JAN 08, 2024",MIA vs. HOU,W,32,9,12,0.75,0,0,0.0,4,7,0.571,1,11,12,3,1,0,3,4,22,12,1,
22023,1628389,22300489,"JAN 05, 2024",MIA @ PHX,L,36,11,19,0.579,0,0,0.0,6,7,0.857,2,8,10,1,0,1,1,2,28,-16,1,
22023,1628389,22300475,"JAN 03, 2024",MIA @ LAL,W,38,5,14,0.357,0,1,0.0,5,6,0.833,3,4,7,5,3,0,2,4,15,12,1,
22023,1628389,22300458,"JAN 01, 2024",MIA @ LAC,L,36,6,17,0.353,0,2,0.0,9,13,0.692,3,12,15,4,0,0,3,3,21,-12,1,
22023,1628389,22300439,"DEC 30, 2023",MIA @ UTA,L,37,7,13,0.538,0,0,0.0,14,20,0.7,3,13,16,3,3,3,4,1,28,-3,1,
22023,1628389,22300426,"DEC 28, 2023",MIA @ GSW,W,36,7,13,0.538,0,0,0.0,3,4,0.75,2,9,11,4,0,0,0,2,17,8,1,
22023,1628389,22300404,"DEC 25, 2023",MIA vs. PHI,W,36,9,15,0.6,0,0,0.0,8,12,0.667,3,12,15,5,0,3,4,1,26,0,1,
22023,1628389,22300384,"DEC 22, 2023",MIA vs. ATL,W,38,5,14,0.357,0,1,0.0,8,10,0.8,2,9,11,6,2,0,6,2,18,10,1,
22023,1628389,22300366,"DEC 20, 2023",MIA @ ORL,W,30,7,15,0.467,0,0,0.0,4,5,0.8,0,7,7,2,1,0,1,4,18,-6,1,
22023,1628389,22300353,"DEC 18, 2023",MIA vs. MIN,L,36,10,22,0.455,0,0,0.0,2,3,0.667,3,3,6,6,1,1,4,3,22,-3,1,
22023,1628389,22300267,"NOV 30, 2023",MIA vs. IND,W,12,3,9,0.333,0,0,0.0,1,2,0.5,0,4,4,2,0,0,0,1,7,-2,1,
22023,1628389,22300056,"NOV 28, 2023",MIA vs. MIL,L,42,13,27,0.481,0,0,0.0,5,7,0.714,2,8,10,5,0,2,2,3,31,-16,1,
22023,1628389,22300045,"NOV 24, 2023",MIA @ NYK,L,35,8,16,0.5,0,1,0.0,5,6,0.833,2,10,12,2,2,0,2,4,21,0,1,
22023,1628389,22300220,"NOV 20, 2023",MIA @ CHI,W,30,8,14,0.571,0,0,0.0,7,9,0.778,3,8,11,6,1,0,1,3,23,7,1,
22023,1628389,22300204,"NOV 18, 2023",MIA @ CHI,L,36,8,12,0.667,0,0,0.0,8,8,1.0,1,9,10,5,0,0,3,3,24,-1,1,
22023,1628389,22300200,"NOV 16, 2023",MIA vs. BKN,W,34,8,15,0.533,0,0,0.0,4,4,1.0,2,5,7,4,2,0,2,2,20,-6,1,
22023,1628389,22300017,"NOV 14, 2023",MIA @ CHA,W,36,8,16,0.5,0,0,0.0,5,6,0.833,0,11,11,4,3,1,1,3,21,1,1,
22023,1628389,22300184,"NOV 12, 2023",MIA @ SAS,W,34,10,20,0.5,0,0,0.0,4,5,0.8,4,7,11,6,3,0,0,0,24,-10,1,
22023,1628389,22300175,"NOV 11, 2023",MIA @ ATL,W,39,9,12,0.75,0,0,0.0,8,8,1.0,4,13,17,4,2,2,3,2,26,-5,1,
22023,1628389,22300164,"NOV 08, 2023",MIA @ MEM,W,36,8,15,0.533,0,0,0.0,14,16,0.875,0,11,11,1,1,3,4,5,30,15,1,
22023,1628389,22300150,"NOV 06, 2023",MIA vs. LAL,W,38,9,20,0.45,1,1,1.0,3,5,0.6,5,14,19,10,2,2,4,2,22,5,1,
22023,1628389,22300003,"NOV 03, 2023",MIA vs. WAS,W,30,8,15,0.533,0,0,0.0,2,2,1.0,0,4,4,3,0,0,4,3,18,6,1,
22023,1628389,22300119,"NOV 01, 2023",MIA vs. BKN,L,33,8,12,0.667,0,0,0.0,5,5,1.0,4,10,14,3,2,2,4,0,21,5,1,
22023,1628389,22300093,"OCT 28, 2023",MIA @ MIN,L,33,7,14,0.5,0,1,0.0,5,10,0.5,1,2,3,2,0,0,4,4,19,-10,1,
22023,1628389,22300080,"OCT 27, 2023",MIA @ BOS,L,35,10,23,0.435,0,0,0.0,7,9,0.778,3,4,7,2,1,2,3,1,27,0,1,
22023,1628389,22300068,"OCT 25, 2023",MIA vs. DET,W,32,7,13,0.538,0,0,0.0,8,10,0.8,2,6,8,3,0,2,2,3,22,-4,1,
22023,1628392,22300736,"FEB 08, 2024",NYK vs. DAL,L,15,4,5,0.8,0,0,0.0,2,2,1.0,2,2,4,2,2,0,2,2,10,-10,1,
22023,1628392,22300722,"FEB 06, 2024",NYK vs. MEM,W,35,7,8,0.875,0,0,0.0,3,4,0.75,4,5,9,3,1,3,3,3,17,12,1,
22023,1628392,22300701,"FEB 03, 2024",NYK vs. LAL,L,33,2,9,0.222,0,0,0.0,2,2,1.0,6,9,15,2,0,2,0,5,6,-3,1,
22023,1628392,22300685,"FEB 01, 2024",NYK vs. IND,W,36,6,8,0.75,0,0,0.0,0,1,0.0,8,11,19,6,0,1,1,2,12,9,1,
22023,1628392,22300671,"JAN 30, 2024",NYK vs. UTA,W,29,6,10,0.6,0,0,0.0,2,2,1.0,7,5,12,2,2,1,1,4,14,1,1,
22023,1628392,22300657,"JAN 29, 2024",NYK @ CHA,W,16,4,4,1.0,0,0,0.0,2,3,0.667,1,3,4,1,3,0,1,2,10,10,1,
22023,1628392,22300643,"JAN 27, 2024",NYK vs. MIA,W,16,2,2,1.0,0,0,0.0,0,0,0.0,2,4,6,1,0,0,0,2,4,1,1,
22023,1628392,22300596,"JAN 20, 2024",NYK vs. TOR,W,23,0,1,0.0,0,0,0.0,1,2,0.5,0,4,4,1,0,0,0,2,1,13,1,
22023,1628392,22300579,"JAN 18, 2024",NYK vs. WAS,W,39,3,5,0.6,0,0,0.0,0,0,0.0,5,12,17,3,2,1,2,2,6,8,1,
22023,1628392,22300573,"JAN 17, 2024",NYK vs. HOU,W,41,3,5,0.6,0,0,0.0,1,1,1.0,2,9,11,5,2,2,2,4,7,13,1,
22023,1628392,22300557,"JAN 15, 2024",NYK vs. ORL,L,28,3,6,0.5,0,0,0.0,1,1,1.0,5,7,12,3,0,0,2,5,7,0,1,
22023,1628392,22300544,"JAN 13, 2024",NYK @ MEM,W,42,5,6,0.833,0,0,0.0,2,4,0.5,7,13,20,2,2,4,3,1,12,7,1,
22023,1628392,22300530,"JAN 11, 2024",NYK @ DAL,L,32,2,3,0.667,0,0,0.0,4,4,1.0,5,10,15,3,1,0,0,4,8,-7,1,
22023,1628392,22300514,"JAN 09, 2024",NYK vs. POR,W,28,1,1,1.0,0,0,0.0,3,4,0.75,5,9,14,3,3,1,2,3,5,31,1,
22023,1628392,22300494,"JAN 06, 2024",NYK @ WAS,W,39,4,8,0.5,0,0,0.0,0,0,0.0,2,17,19,2,4,2,5,3,8,29,1,
22023,1628392,22300483,"JAN 05, 2024",NYK @ PHI,W,35,8,9,0.889,0,0,0.0,1,2,0.5,1,5,6,5,2,2,1,4,17,26,1,
22023,1628392,22300468,"JAN 03, 2024",NYK vs. CHI,W,37,4,6,0.667,0,0,0.0,2,3,0.667,7,13,20,1,0,5,2,2,10,32,1,
22023,1628392,22300451,"JAN 01, 2024",NYK vs. MIN,W,39,2,3,0.667,0,0,0.0,3,4,0.75,4,5,9,3,3,3,1,3,7,10,1,
22023,1628392,22300441,"DEC 30, 2023",NYK @ IND,L,33,1,3,0.333,0,0,0.0,0,0,0.0,2,7,9,6,4,0,1,3,2,-4,1,
22023,1628392,22300429,"DEC 29, 2023",NYK @ ORL,L,25,2,4,0.5,0,0,0.0,3,3,1.0,1,2,3,3,3,0,2,4,7,-18,1,
22023,1628392,22300419,"DEC 27, 2023",NYK @ OKC,L,37,2,6,0.333,0,0,0.0,0,0,0.0,3,6,9,2,0,1,2,3,4,4,1,
22023,1628392,22300401,"DEC 25, 2023",NYK vs. MIL,W,33,5,7,0.714,0,0,0.0,1,2,0.5,4,4,8,4,0,1,0,4,11,3,1,
22023,1628392,22300388,"DEC 23, 2023",NYK vs. MIL,L,33,4,5,0.8,0,0,0.0,4,4,1.0,7,6,13,1,1,0,1,4,12,-14,1,
22023,1628392,22300368,"DEC 20, 2023",NYK @ BKN,W,30,1,3,0.333,0,0,0.0,0,0,0.0,5,5,10,3,0,2,0,1,2,21,1,
22023,1628392,22300359,"DEC 18, 2023",NYK @ LAL,W,39,3,4,0.75,0,0,0.0,3,6,0.5,7,10,17,2,2,2,1,3,9,15,1,
22023,1628392,22300343,"DEC 16, 2023",NYK @ LAC,L,30,5,7,0.714,0,0,0.0,2,4,0.5,6,4,10,2,0,3,3,3,12,-9,1,
22023,1628392,22300333,"DEC 15, 2023",NYK @ PHX,W,31,2,2,1.0,0,0,0.0,3,4,0.75,1,7,8,2,1,3,2,3,7,29,1,
22023,1628392,22300318,"DEC 13, 2023",NYK @ UTA,L,29,3,4,0.75,0,0,0.0,1,1,1.0,3,3,6,0,0,2,0,3,7,5,1,
22023,1628392,22300297,"DEC 11, 2023",NYK vs. TOR,W,27,4,7,0.571,0,0,0.0,3,4,0.75,5,3,8,2,2,1,2,4,11,0,1,
22023,1628392,22301227,"DEC 08, 2023",NYK @ BOS,L,29,2,4,0.5,0,0,0.0,1,2,0.5,4,12,16,4,0,2,1,4,5,9,1,
22023,1628392,22301201,"DEC 05, 2023",NYK @ MIL,L,18,2,3,0.667,0,0,0.0,0,0,0.0,4,3,7,5,0,2,1,2,4,-12,1,
22023,1628392,22300276,"DEC 01, 2023",NYK @ TOR,W,16,1,3,0.333,0,0,0.0,2,3,0.667,2,6,8,0,0,1,0,1,4,7,1,
22023,1628392,22300268,"NOV 30, 2023",NYK vs. DET,W,17,1,1,1.0,0,0,0.0,0,0,0.0,2,1,3,0,2,0,2,3,2,-2,1,
22023,1628392,22300057,"NOV 28, 2023",NYK vs. CHA,W,14,2,3,0.667,0,0,0.0,0,0,0.0,3,3,6,2,0,0,0,2,4,7,1,
22023,1628392,22300247,"NOV 26, 2023",NYK vs. PHX,L,14,2,3,0.667,0,0,0.0,3,4,0.75,4,1,5,1,0,1,0,3,7,-2,1,
22023,1628392,22300045,"NOV 24, 2023",NYK vs. MIA,W,28,1,3,0.333,0,0,0.0,0,0,0.0,1,4,5,1,2,1,1,3,2,18,1,
22023,1628392,22300221,"NOV 20, 2023",NYK @ MIN,L,14,1,3,0.333,0,0,0.0,0,0,0.0,2,2,4,0,0,1,1,3,2,-6,1,
22023,1628392,22300202,"NOV 18, 2023",NYK @ CHA,W,15,1,2,0.5,0,0,0.0,2,2,1.0,2,5,7,0,0,0,1,1,4,5,1,
22023,1628392,22300028,"NOV 17, 2023",NYK @ WAS,W,20,1,3,0.333,0,0,0.0,1,2,0.5,3,5,8,2,1,1,1,4,3,4,1,
22023,1628392,22300193,"NOV 15, 2023",NYK @ ATL,W,17,5,9,0.556,0,0,0.0,1,1,1.0,3,1,4,0,1,0,0,2,11,-5,1,
22023,1628392,22300188,"NOV 13, 2023",NYK @ BOS,L,15,1,2,0.5,1,1,1.0,0,0,0.0,3,0,3,1,1,0,0,0,3,-2,1,
22023,1628392,22300177,"NOV 12, 2023",NYK vs. CHA,W,18,2,3,0.667,0,0,0.0,2,4,0.5,2,4,6,1,1,2,2,6,6,24,1,
22023,1628392,22300161,"NOV 08, 2023",NYK vs. SAS,W,15,6,9,0.667,0,0,0.0,1,1,1.0,3,0,3,0,2,0,0,4,13,-7,1,
22023,1628392,22300151,"NOV 06, 2023",NYK vs. LAC,W,13,3,5,0.6,0,0,0.0,0,0,0.0,2,1,3,2,2,0,0,2,6,10,1,
22023,1628392,22300002,"NOV 03, 2023",NYK @ MIL,L,18,2,3,0.667,0,0,0.0,0,0,0.0,1,2,3,0,0,0,2,3,4,-1,1,
22023,1628392,22300120,"NOV 01, 2023",NYK vs. CLE,L,16,0,2,0.0,0,0,0.0,0,0,0.0,2,4,6,2,3,0,2,2,0,-5,1,
22023,1628392,22300112,"OCT 31, 2023",NYK @ CLE,W,23,5,10,0.5,0,2,0.0,3,3,1.0,4,3,7,1,2,1,1,3,13,12,1,
22023,1628392,22300090,"OCT 28, 2023",NYK @ NOP,L,15,1,1,1.0,0,0,0.0,2,4,0.5,1,2,3,1,0,0,0,0,4,-8,1,
22023,1628392,22300079,"OCT 27, 2023",NYK @ ATL,W,10,3,4,0.75,0,0,0.0,2,4,0.5,1,1,2,1,1,1,1,4,8,-5,1,
22023,1628392,22300065,"OCT 25, 2023",NYK vs. BOS,L,26,3,4,0.75,0,0,0.0,1,2,0.5,5,3,8,2,0,0,1,5,7,-5,1,
22023,1628398,22300768,"FEB 12, 2024",WAS @ DAL,L,32,9,19,0.474,1,7,0.143,4,5,0.8,0,8,8,0,1,0,4,4,23,-14,1,
22023,1628398,22300753,"FEB 10, 2024",WAS vs. PHI,L,37,9,17,0.529,2,6,0.333,1,2,0.5,0,3,3,5,0,4,4,5,21,-7,1,
22023,1628398,22300743,"FEB 09, 2024",WAS @ BOS,L,37,6,14,0.429,3,8,0.375,2,2,1.0,1,3,4,5,0,0,0,5,17,4,1,
22023,1628398,22300728,"FEB 07, 2024",WAS vs. CLE,L,32,11,24,0.458,5,13,0.385,1,1,1.0,0,4,4,2,2,1,3,2,28,1,1,
22023,1628398,22300689,"FEB 02, 2024",WAS vs. MIA,L,36,5,16,0.313,1,5,0.2,2,2,1.0,0,4,4,1,0,0,0,5,13,-7,1,
22023,1628398,22300676,"JAN 31, 2024",WAS vs. LAC,L,29,11,22,0.5,2,4,0.5,3,3,1.0,0,2,2,0,0,1,2,2,27,-11,1,
22023,1628398,22300665,"JAN 29, 2024",WAS @ SAS,W,32,7,18,0.389,0,4,0.0,4,4,1.0,2,9,11,5,0,2,2,2,18,3,1,
22023,1628398,22300642,"JAN 27, 2024",WAS @ DET,W,32,13,27,0.481,3,13,0.231,1,2,0.5,0,6,6,4,1,1,1,1,30,4,1,
22023,1628398,22300628,"JAN 25, 2024",WAS vs. UTA,L,34,12,24,0.5,1,8,0.125,1,1,1.0,2,4,6,5,0,0,5,0,26,-8,1,
22023,1628398,22300620,"JAN 24, 2024",WAS vs. MIN,L,35,5,11,0.455,3,8,0.375,4,4,1.0,0,14,14,8,0,1,5,4,17,-13,1,
22023,1628398,22300602,"JAN 21, 2024",WAS vs. DEN,L,33,7,13,0.538,2,4,0.5,1,2,0.5,0,6,6,7,0,2,3,5,17,-11,1,
22023,1628398,22300594,"JAN 20, 2024",WAS vs. SAS,L,29,5,14,0.357,0,4,0.0,1,1,1.0,3,9,12,6,1,0,2,0,11,-22,1,
22023,1628398,22300579,"JAN 18, 2024",WAS @ NYK,L,38,7,16,0.438,1,5,0.2,0,0,0.0,0,6,6,5,2,1,3,2,15,-2,1,
22023,1628398,22300558,"JAN 15, 2024",WAS vs. DET,L,33,7,21,0.333,3,9,0.333,4,4,1.0,0,8,8,4,3,2,0,2,21,-17,1,
22023,1628398,22300543,"JAN 13, 2024",WAS @ ATL,W,27,10,20,0.5,3,5,0.6,6,7,0.857,3,3,6,4,0,1,2,0,29,21,1,
22023,1628398,22300520,"JAN 10, 2024",WAS @ IND,L,34,4,15,0.267,0,4,0.0,3,3,1.0,3,8,11,5,2,0,4,0,11,-8,1,
22023,1628398,22300508,"JAN 08, 2024",WAS vs. OKC,L,37,10,24,0.417,0,5,0.0,2,2,1.0,4,11,15,5,0,0,2,1,22,1,1,
22023,1628398,22300494,"JAN 06, 2024",WAS vs. NYK,L,32,10,21,0.476,4,10,0.4,3,4,0.75,0,2,2,2,0,1,3,3,27,-8,1,
22023,1628398,22300482,"JAN 05, 2024",WAS @ CLE,L,25,4,14,0.286,1,4,0.25,0,0,0.0,1,1,2,2,1,0,7,2,9,-20,1,
22023,1628398,22300465,"JAN 03, 2024",WAS @ CLE,L,23,7,12,0.583,2,6,0.333,0,0,0.0,0,2,2,3,1,0,1,1,16,-22,1,
22023,1628398,22300445,"DEC 31, 2023",WAS vs. ATL,L,34,15,31,0.484,7,18,0.389,1,1,1.0,2,6,8,5,0,0,2,4,38,0,1,
22023,1628398,22300430,"DEC 29, 2023",WAS vs. BKN,W,31,11,22,0.5,4,10,0.4,0,0,0.0,1,7,8,2,0,1,2,1,26,-9,1,
22023,1628398,22300416,"DEC 27, 2023",WAS vs. TOR,L,30,6,13,0.462,1,5,0.2,1,2,0.5,2,2,4,7,0,0,5,3,14,-21,1,
22023,1628398,22300407,"DEC 26, 2023",WAS vs. ORL,L,36,6,18,0.333,2,8,0.25,3,3,1.0,1,3,4,6,0,1,6,5,17,8,1,
22023,1628398,22300386,"DEC 22, 2023",WAS @ GSW,L,25,3,11,0.273,1,5,0.2,0,1,0.0,0,9,9,3,0,0,3,2,7,-5,1,
22023,1628398,22300381,"DEC 21, 2023",WAS @ POR,W,37,11,22,0.5,3,7,0.429,7,10,0.7,2,6,8,6,1,0,3,0,32,4,1,
22023,1628398,22300358,"DEC 18, 2023",WAS @ SAC,L,29,8,16,0.5,3,7,0.429,8,8,1.0,0,8,8,1,0,1,3,1,27,-23,1,
22023,1628398,22300347,"DEC 17, 2023",WAS @ PHX,L,34,7,22,0.318,3,13,0.231,0,2,0.0,1,6,7,2,0,2,2,6,17,0,1,
22023,1628398,22300328,"DEC 15, 2023",WAS vs. IND,W,30,11,23,0.478,4,9,0.444,5,8,0.625,0,5,5,4,1,0,3,3,31,12,1,
22023,1628398,22300311,"DEC 13, 2023",WAS vs. NOP,L,30,10,19,0.526,4,8,0.5,3,4,0.75,0,7,7,4,1,1,2,1,27,-6,1,
22023,1628398,22300295,"DEC 11, 2023",WAS @ PHI,L,27,9,17,0.529,1,2,0.5,2,4,0.5,2,7,9,1,0,0,2,0,21,-28,1,
22023,1628398,22301219,"DEC 08, 2023",WAS @ BKN,L,30,8,17,0.471,1,4,0.25,0,1,0.0,1,2,3,2,0,0,3,2,17,-23,1,
22023,1628398,22301208,"DEC 06, 2023",WAS vs. PHI,L,34,7,16,0.438,2,5,0.4,0,0,0.0,0,3,3,7,0,1,1,3,16,-12,1,
22023,1628398,22300274,"DEC 01, 2023",WAS @ ORL,L,37,10,18,0.556,2,6,0.333,5,6,0.833,1,5,6,1,1,2,6,6,27,-7,1,
22023,1628398,22300259,"NOV 29, 2023",WAS @ ORL,L,35,9,20,0.45,1,4,0.25,4,5,0.8,0,3,3,6,0,0,4,1,23,-11,1,
22023,1628398,22300253,"NOV 27, 2023",WAS @ DET,W,35,10,23,0.435,2,7,0.286,10,11,0.909,0,12,12,8,0,0,1,0,32,18,1,
22023,1628398,22300241,"NOV 25, 2023",WAS vs. ATL,L,25,4,10,0.4,2,5,0.4,2,2,1.0,2,5,7,8,0,0,5,1,12,-25,1,
22023,1628398,22300049,"NOV 24, 2023",WAS @ MIL,L,31,9,22,0.409,3,8,0.375,1,1,1.0,1,3,4,4,0,2,1,3,22,-1,1,
22023,1628398,22300225,"NOV 22, 2023",WAS @ CHA,L,35,12,22,0.545,3,6,0.5,1,1,1.0,0,9,9,10,1,2,2,4,28,13,1,
22023,1628398,22300219,"NOV 20, 2023",WAS vs. MIL,L,31,10,15,0.667,2,5,0.4,0,0,0.0,0,3,3,13,2,1,2,2,22,3,1,
22023,1628398,22300028,"NOV 17, 2023",WAS vs. NYK,L,32,8,21,0.381,3,8,0.375,0,0,0.0,0,4,4,5,0,0,2,3,19,-20,1,
22023,1628398,22300192,"NOV 15, 2023",WAS vs. DAL,L,30,6,18,0.333,2,6,0.333,8,10,0.8,2,4,6,3,0,0,2,1,22,-24,1,
22023,1628398,22300189,"NOV 13, 2023",WAS @ TOR,L,38,14,25,0.56,4,7,0.571,2,3,0.667,1,2,3,3,0,0,6,5,34,1,1,
22023,1628398,22300178,"NOV 12, 2023",WAS @ BKN,L,31,4,16,0.25,0,5,0.0,7,10,0.7,0,4,4,3,1,2,1,2,15,-29,1,
22023,1628398,22300009,"NOV 10, 2023",WAS vs. CHA,L,29,7,17,0.412,2,5,0.4,1,1,1.0,1,5,6,1,0,0,3,1,17,-19,1,
22023,1628398,22300157,"NOV 08, 2023",WAS @ CHA,W,31,13,24,0.542,4,11,0.364,3,3,1.0,3,6,9,4,0,0,2,1,33,8,1,
22023,1628398,22300148,"NOV 06, 2023",WAS @ PHI,L,30,12,20,0.6,4,5,0.8,0,1,0.0,2,4,6,4,0,1,2,2,28,-3,1,
22023,1628398,22300003,"NOV 03, 2023",WAS @ MIA,L,31,8,19,0.421,4,9,0.444,2,2,1.0,1,3,4,3,0,0,5,3,22,-20,1,
22023,1628398,22300117,"NOV 01, 2023",WAS @ ATL,L,25,11,21,0.524,1,6,0.167,2,3,0.667,0,9,9,6,0,0,1,1,25,-16,1,
22023,1628398,22300103,"OCT 30, 2023",WAS vs. BOS,L,26,9,15,0.6,3,6,0.5,0,0,0.0,0,5,5,4,0,0,2,0,21,-24,1,
22023,1628398,22300089,"OCT 28, 2023",WAS vs. MEM,W,36,9,23,0.391,1,10,0.1,2,3,0.667,3,10,13,2,1,0,0,2,21,-1,1,
22023,1628398,22300064,"OCT 25, 2023",WAS @ IND,L,25,9,18,0.5,1,4,0.25,6,6,1.0,1,1,2,0,0,2,0,0,25,-10,1,
22023,1628404,22300778,"FEB 14, 2024",NYK @ ORL,L,30,2,8,0.25,0,4,0.0,0,0,0.0,0,3,3,2,2,0,2,1,4,-13,1,
22023,1628404,22300765,"FEB 12, 2024",NYK @ HOU,L,42,7,11,0.636,3,5,0.6,0,0,0.0,2,9,11,5,2,0,2,3,17,2,1,
22023,1628404,22300755,"FEB 10, 2024",NYK vs. IND,L,36,2,6,0.333,0,2,0.0,0,0,0.0,1,9,10,5,1,0,1,4,4,-20,1,
22023,1628404,22300736,"FEB 08, 2024",NYK vs. DAL,L,39,8,22,0.364,3,8,0.375,4,4,1.0,1,9,10,12,1,0,2,3,23,-12,1,
22023,1628404,22300722,"FEB 06, 2024",NYK vs. MEM,W,37,3,7,0.429,1,2,0.5,3,4,0.75,1,9,10,4,0,0,1,1,10,20,1,
22023,1628404,22300701,"FEB 03, 2024",NYK vs. LAL,L,42,5,16,0.313,2,6,0.333,0,0,0.0,4,7,11,4,1,0,2,3,12,-12,1,
22023,1628404,22300685,"FEB 01, 2024",NYK vs. IND,W,38,0,6,0.0,0,3,0.0,5,6,0.833,3,9,12,3,0,1,2,3,5,0,1,
22023,1628404,22300671,"JAN 30, 2024",NYK vs. UTA,W,43,4,10,0.4,0,3,0.0,2,2,1.0,1,9,10,10,2,2,3,2,10,2,1,
22023,1628404,22300657,"JAN 29, 2024",NYK @ CHA,W,39,3,7,0.429,0,3,0.0,2,2,1.0,2,10,12,7,0,0,1,0,8,15,1,
22023,1628404,22300643,"JAN 27, 2024",NYK vs. MIA,W,32,5,7,0.714,2,3,0.667,2,2,1.0,1,8,9,5,0,0,1,1,14,30,1,
22023,1628404,22300631,"JAN 25, 2024",NYK vs. DEN,W,26,2,5,0.4,0,2,0.0,0,0,0.0,0,7,7,3,1,1,0,0,4,6,1,
22023,1628404,22300615,"JAN 23, 2024",NYK @ BKN,W,28,1,7,0.143,0,3,0.0,0,0,0.0,1,4,5,1,2,1,1,1,2,9,1,
22023,1628404,22300596,"JAN 20, 2024",NYK vs. TOR,W,26,3,5,0.6,2,3,0.667,2,2,1.0,1,8,9,1,0,1,3,1,10,20,1,
22023,1628404,22300573,"JAN 17, 2024",NYK vs. HOU,W,30,5,11,0.455,0,2,0.0,0,0,0.0,5,9,14,1,0,0,0,2,10,10,1,
22023,1628404,22300557,"JAN 15, 2024",NYK vs. ORL,L,24,2,7,0.286,0,2,0.0,0,0,0.0,1,5,6,1,0,0,1,2,4,-13,1,
22023,1628404,22300544,"JAN 13, 2024",NYK @ MEM,W,29,3,7,0.429,2,4,0.5,0,0,0.0,0,7,7,3,2,0,2,2,8,7,1,
22023,1628404,22300530,"JAN 11, 2024",NYK @ DAL,L,23,1,4,0.25,0,3,0.0,2,3,0.667,3,1,4,2,0,0,1,3,4,-11,1,
22023,1628404,22300514,"JAN 09, 2024",NYK vs. POR,W,26,1,4,0.25,0,2,0.0,0,0,0.0,1,6,7,4,0,0,3,3,2,12,1,
22023,1628404,22300494,"JAN 06, 2024",NYK @ WAS,W,32,3,8,0.375,1,4,0.25,2,2,1.0,2,2,4,1,0,0,2,1,9,24,1,
22023,1628404,22300483,"JAN 05, 2024",NYK @ PHI,W,30,4,7,0.571,0,2,0.0,2,2,1.0,3,12,15,6,0,1,2,2,10,46,1,
22023,1628404,22300468,"JAN 03, 2024",NYK vs. CHI,W,25,1,5,0.2,1,2,0.5,0,0,0.0,1,4,5,3,0,0,2,2,3,2,1,
22023,1628404,22300451,"JAN 01, 2024",NYK vs. MIN,W,29,3,7,0.429,2,3,0.667,0,0,0.0,2,9,11,2,0,0,1,2,8,-12,1,
22023,1628404,22300441,"DEC 30, 2023",NYK @ IND,L,38,4,9,0.444,1,2,0.5,1,2,0.5,3,7,10,1,1,0,0,3,10,-19,1,
22023,1628404,22300429,"DEC 29, 2023",NYK @ ORL,L,31,2,4,0.5,1,2,0.5,0,0,0.0,0,4,4,0,0,0,2,2,5,6,1,
22023,1628404,22300419,"DEC 27, 2023",NYK @ OKC,L,34,1,4,0.25,0,2,0.0,2,2,1.0,2,5,7,6,0,0,1,1,4,-4,1,
22023,1628404,22300401,"DEC 25, 2023",NYK vs. MIL,W,31,5,7,0.714,0,2,0.0,0,0,0.0,0,9,9,4,2,0,2,1,10,7,1,
22023,1628404,22300388,"DEC 23, 2023",NYK vs. MIL,L,26,1,6,0.167,0,3,0.0,0,0,0.0,0,2,2,3,1,0,1,3,2,-19,1,
22023,1628404,22300368,"DEC 20, 2023",NYK @ BKN,W,31,2,5,0.4,2,3,0.667,4,4,1.0,2,11,13,3,1,0,2,2,10,6,1,
22023,1628404,22300359,"DEC 18, 2023",NYK @ LAL,W,22,2,6,0.333,0,3,0.0,2,2,1.0,0,5,5,2,0,1,4,1,6,0,1,
22023,1628404,22300343,"DEC 16, 2023",NYK @ LAC,L,8,0,1,0.0,0,0,0.0,0,0,0.0,0,1,1,1,1,0,1,2,0,1,1,
22023,1628404,22300333,"DEC 15, 2023",NYK @ PHX,W,29,3,8,0.375,0,3,0.0,0,0,0.0,2,0,2,2,0,0,0,0,6,34,1,
22023,1628404,22300318,"DEC 13, 2023",NYK @ UTA,L,29,0,5,0.0,0,4,0.0,0,0,0.0,0,2,2,2,1,0,0,2,0,-7,1,
22023,1628404,22300297,"DEC 11, 2023",NYK vs. TOR,W,31,6,8,0.75,3,3,1.0,1,2,0.5,3,4,7,8,1,0,1,4,16,8,1,
22023,1628404,22301227,"DEC 08, 2023",NYK @ BOS,L,27,2,4,0.5,2,3,0.667,0,0,0.0,1,5,6,7,0,0,1,4,6,5,1,
22023,1628404,22301201,"DEC 05, 2023",NYK @ MIL,L,26,5,8,0.625,1,1,1.0,0,0,0.0,1,3,4,1,3,0,0,3,11,-14,1,
22023,1628404,22300276,"DEC 01, 2023",NYK @ TOR,W,31,7,11,0.636,3,4,0.75,0,0,0.0,3,5,8,2,0,1,3,3,17,11,1,
22023,1628404,22300268,"NOV 30, 2023",NYK vs. DET,W,32,2,3,0.667,1,2,0.5,2,4,0.5,0,7,7,2,2,0,1,2,7,6,1,
22023,1628404,22300057,"NOV 28, 2023",NYK vs. CHA,W,30,7,10,0.7,2,3,0.667,1,1,1.0,1,5,6,2,1,1,1,2,17,25,1,
22023,1628404,22300247,"NOV 26, 2023",NYK vs. PHX,L,24,1,3,0.333,0,2,0.0,2,2,1.0,0,3,3,2,0,0,0,0,4,1,1,
22023,1628404,22300045,"NOV 24, 2023",NYK vs. MIA,W,26,4,7,0.571,1,3,0.333,1,1,1.0,1,7,8,4,1,0,1,1,10,5,1,
22023,1628404,22300221,"NOV 20, 2023",NYK @ MIN,L,24,2,6,0.333,0,2,0.0,0,0,0.0,1,1,2,1,2,0,0,0,4,-5,1,
22023,1628404,22300202,"NOV 18, 2023",NYK @ CHA,W,29,3,5,0.6,1,2,0.5,0,0,0.0,0,6,6,4,3,0,0,0,7,7,1,
22023,1628404,22300028,"NOV 17, 2023",NYK @ WAS,W,32,4,7,0.571,1,2,0.5,0,0,0.0,1,4,5,2,0,2,1,1,9,27,1,
22023,1628404,22300193,"NOV 15, 2023",NYK @ ATL,W,33,4,9,0.444,1,4,0.25,0,0,0.0,2,6,8,5,0,1,2,4,9,7,1,
22023,1628404,22300188,"NOV 13, 2023",NYK @ BOS,L,43,6,12,0.5,3,6,0.5,1,2,0.5,2,7,9,3,1,0,2,4,16,-10,1,
22023,1628404,22300177,"NOV 12, 2023",NYK vs. CHA,W,27,3,6,0.5,0,2,0.0,0,0,0.0,1,3,4,2,0,0,0,1,6,16,1,
22023,1628404,22300161,"NOV 08, 2023",NYK vs. SAS,W,24,1,3,0.333,1,2,0.5,0,0,0.0,0,5,5,0,1,0,0,0,3,-3,1,
22023,1628404,22300151,"NOV 06, 2023",NYK vs. LAC,W,32,4,9,0.444,1,4,0.25,1,1,1.0,0,3,3,7,2,0,2,2,10,13,1,
22023,1628404,22300002,"NOV 03, 2023",NYK @ MIL,L,36,2,9,0.222,0,4,0.0,2,2,1.0,2,8,10,5,3,1,0,4,6,1,1,
22023,1628404,22300120,"NOV 01, 2023",NYK vs. CLE,L,29,5,14,0.357,1,5,0.2,0,0,0.0,3,5,8,3,0,0,2,1,11,-5,1,
22023,1628404,22300112,"OCT 31, 2023",NYK @ CLE,W,28,2,6,0.333,1,3,0.333,0,0,0.0,0,7,7,3,0,0,1,2,5,2,1,
22023,1628404,22300090,"OCT 28, 2023",NYK @ NOP,L,21,1,5,0.2,1,3,0.333,0,0,0.0,2,8,10,2,1,0,2,2,3,-10,1,
22023,1628404,22300079,"OCT 27, 2023",NYK @ ATL,W,22,2,4,0.5,0,1,0.0,0,0,0.0,0,3,3,0,1,0,0,3,4,-2,1,
22023,1628404,22300065,"OCT 25, 2023",NYK vs. BOS,L,22,2,4,0.5,2,4,0.5,1,2,0.5,1,5,6,0,0,0,1,1,7,-1,1,
22023,1628415,22300783,"FEB 14, 2024",HOU @ MEM,L,36,5,17,0.294,2,10,0.2,7,7,1.0,4,6,10,2,2,0,1,3,19,-1,1,
22023,1628415,22300765,"FEB 12, 2024",HOU vs. NYK,W,37,8,15,0.533,6,7,0.857,1,2,0.5,2,3,5,1,0,0,2,3,23,-11,1,
22023,1628415,22300754,"FEB 10, 2024",HOU @ ATL,L,35,5,19,0.263,2,10,0.2,2,2,1.0,1,0,1,1,0,0,0,3,14,-10,1,
22023,1628415,22300744,"FEB 09, 2024",HOU @ TOR,L,30,6,13,0.462,4,5,0.8,4,4,1.0,0,2,2,3,1,2,4,5,20,-11,1,
22023,1628415,22300719,"FEB 06, 2024",HOU @ IND,L,31,8,15,0.533,3,6,0.5,4,4,1.0,1,2,3,4,1,0,0,1,23,2,1,
22023,1628415,22300709,"FEB 04, 2024",HOU @ MIN,L,28,2,7,0.286,1,3,0.333,2,2,1.0,0,2,2,3,2,0,1,3,7,-18,1,
22023,1628415,22300692,"FEB 02, 2024",HOU vs. TOR,W,24,2,6,0.333,1,2,0.5,1,2,0.5,0,5,5,0,0,1,0,1,6,11,1,
22023,1628415,22300679,"JAN 31, 2024",HOU vs. NOP,L,31,4,11,0.364,3,7,0.429,2,2,1.0,0,3,3,1,0,0,0,4,13,-6,1,
22023,1628415,22300662,"JAN 29, 2024",HOU vs. LAL,W,28,7,12,0.583,2,4,0.5,1,2,0.5,3,0,3,1,1,0,1,5,17,4,1,
22023,1628415,22300645,"JAN 27, 2024",HOU @ BKN,L,39,7,18,0.389,1,7,0.143,4,4,1.0,1,4,5,2,1,0,2,6,19,-3,1,
22023,1628415,22300635,"JAN 26, 2024",HOU @ CHA,W,25,3,7,0.429,1,3,0.333,5,6,0.833,0,0,0,1,0,1,0,3,12,20,1,
22023,1628415,22300623,"JAN 24, 2024",HOU vs. POR,L,32,5,11,0.455,3,6,0.5,1,1,1.0,0,4,4,4,0,0,3,3,14,-6,1,
22023,1628415,22300603,"JAN 21, 2024",HOU vs. BOS,L,40,8,22,0.364,5,15,0.333,4,5,0.8,1,4,5,1,4,0,0,5,25,-14,1,
22023,1628415,22300598,"JAN 20, 2024",HOU vs. UTA,W,35,3,10,0.3,1,3,0.333,0,0,0.0,0,5,5,1,0,0,0,2,7,-7,1,
22023,1628415,22300573,"JAN 17, 2024",HOU @ NYK,L,40,4,13,0.308,1,6,0.167,2,2,1.0,0,1,1,0,1,1,1,3,11,-8,1,
22023,1628415,22300555,"JAN 15, 2024",HOU @ PHI,L,31,7,9,0.778,2,3,0.667,2,4,0.5,2,4,6,0,2,0,0,2,18,-6,1,
22023,1628415,22300542,"JAN 13, 2024",HOU @ BOS,L,25,3,8,0.375,0,1,0.0,6,6,1.0,1,0,1,0,1,0,0,4,12,-20,1,
22023,1628415,22300409,"DEC 26, 2023",HOU vs. IND,L,22,4,9,0.444,0,1,0.0,1,1,1.0,1,0,1,1,1,0,0,0,9,-15,1,
22023,1628415,22300392,"DEC 23, 2023",HOU @ NOP,W,28,2,7,0.286,1,4,0.25,0,0,0.0,0,5,5,5,1,0,1,3,5,6,1,
22023,1628415,22300385,"DEC 22, 2023",HOU vs. DAL,W,22,4,9,0.444,2,5,0.4,0,0,0.0,0,3,3,1,0,0,2,2,10,35,1,
22023,1628415,22300371,"DEC 20, 2023",HOU vs. ATL,L,30,7,9,0.778,5,6,0.833,0,0,0.0,0,2,2,1,2,0,0,5,19,1,1,
22023,1628415,22300349,"DEC 18, 2023",HOU @ CLE,L,38,6,12,0.5,3,7,0.429,1,2,0.5,1,2,3,2,0,0,0,3,16,0,1,
22023,1628415,22300346,"DEC 17, 2023",HOU @ MIL,L,35,7,12,0.583,2,4,0.5,2,2,1.0,1,3,4,1,2,0,2,4,18,-15,1,
22023,1628415,22300332,"DEC 15, 2023",HOU @ MEM,W,40,10,20,0.5,3,9,0.333,3,4,0.75,1,6,7,1,1,0,2,3,26,3,1,
22023,1628415,22300314,"DEC 13, 2023",HOU vs. MEM,W,28,4,8,0.5,1,3,0.333,2,2,1.0,0,2,2,1,0,0,4,6,11,12,1,
22023,1628415,22300298,"DEC 11, 2023",HOU vs. SAS,W,30,1,12,0.083,0,6,0.0,0,0,0.0,1,4,5,2,0,0,2,3,2,7,1,
22023,1628415,22301224,"DEC 08, 2023",HOU @ DEN,W,33,6,12,0.5,4,10,0.4,0,0,0.0,1,4,5,1,2,0,3,5,16,2,1,
22023,1628415,22301212,"DEC 06, 2023",HOU vs. OKC,W,40,9,17,0.529,2,7,0.286,3,3,1.0,2,2,4,2,1,0,3,2,23,3,1,
22023,1628415,22300291,"DEC 02, 2023",HOU @ LAL,L,33,4,9,0.444,2,4,0.5,0,0,0.0,1,1,2,1,0,0,1,4,10,-14,1,
22023,1628415,22300263,"NOV 29, 2023",HOU @ DEN,L,23,4,7,0.571,1,4,0.25,2,3,0.667,1,0,1,2,0,0,4,4,11,-22,1,
22023,1628415,22300059,"NOV 28, 2023",HOU @ DAL,L,28,7,13,0.538,1,4,0.25,1,2,0.5,0,1,1,1,0,0,1,6,16,-12,1,
22023,1628415,22300048,"NOV 24, 2023",HOU vs. DEN,W,30,2,8,0.25,2,3,0.667,2,2,1.0,1,0,1,2,0,0,2,4,8,8,1,
22023,1628415,22300231,"NOV 22, 2023",HOU vs. MEM,W,27,4,14,0.286,0,5,0.0,5,5,1.0,1,4,5,1,1,0,1,4,13,-2,1,
22023,1628415,22300224,"NOV 20, 2023",HOU @ GSW,L,31,6,13,0.462,2,5,0.4,2,2,1.0,2,2,4,2,0,0,1,5,16,3,1,
22023,1628415,22300216,"NOV 19, 2023",HOU @ LAL,L,41,9,21,0.429,6,11,0.545,0,0,0.0,1,0,1,2,4,0,2,5,24,3,1,
22023,1628415,22300037,"NOV 17, 2023",HOU @ LAC,L,31,2,6,0.333,0,2,0.0,0,1,0.0,1,3,4,1,1,0,0,6,4,-16,1,
22023,1628415,22300182,"NOV 12, 2023",HOU vs. DEN,W,29,3,6,0.5,1,3,0.333,3,4,0.75,0,4,4,2,0,0,3,4,10,-9,1,
22023,1628415,22300011,"NOV 10, 2023",HOU vs. NOP,W,21,3,7,0.429,1,1,1.0,3,5,0.6,0,2,2,2,2,1,0,5,10,12,1,
22023,1628415,22300163,"NOV 08, 2023",HOU vs. LAL,W,25,2,6,0.333,1,3,0.333,0,0,0.0,0,4,4,1,0,0,2,4,5,18,1,
22023,1628415,22300153,"NOV 06, 2023",HOU vs. SAC,W,28,3,6,0.5,1,3,0.333,2,2,1.0,0,6,6,1,0,0,1,1,9,34,1,
22023,1628415,22300137,"NOV 04, 2023",HOU vs. SAC,W,38,9,14,0.643,2,4,0.5,6,6,1.0,3,6,9,1,1,0,1,0,26,25,1,
22023,1628415,22300122,"NOV 01, 2023",HOU vs. CHA,W,38,7,9,0.778,3,3,1.0,3,4,0.75,1,2,3,5,5,0,7,4,20,-3,1,
22023,1628415,22300096,"OCT 29, 2023",HOU vs. GSW,L,34,4,10,0.4,2,5,0.4,2,2,1.0,0,4,4,2,0,0,0,5,12,2,1,
22023,1628415,22300083,"OCT 27, 2023",HOU @ SAS,L,39,7,13,0.538,1,2,0.5,2,2,1.0,0,2,2,2,1,0,2,4,17,4,1,
22023,1628415,22300066,"OCT 25, 2023",HOU @ ORL,L,26,5,7,0.714,4,6,0.667,0,0,0.0,0,4,4,2,1,0,2,4,14,-15,1,
22023,1628418,22300678,"JAN 31, 2024",MIA vs. SAC,W,3,0,0,0.0,0,0,0.0,0,0,0.0,0,1,1,0,0,0,0,0,0,-3,1,
22023,1628418,22300630,"JAN 25, 2024",MIA vs. BOS,L,13,3,4,0.75,0,1,0.0,1,2,0.5,3,2,5,2,0,0,0,1,7,-4,1,
22023,1628418,22300621,"JAN 24, 2024",MIA vs. MEM,L,7,0,0,0.0,0,0,0.0,0,0,0.0,0,0,0,0,0,0,0,1,0,-7,1,
22023,1628418,22300574,"JAN 17, 2024",MIA @ TOR,L,4,1,1,1.0,0,0,0.0,0,0,0.0,0,0,0,0,0,0,0,1,2,-3,1,
22023,1628418,22300562,"JAN 15, 2024",MIA @ BKN,W,5,0,0,0.0,0,0,0.0,0,0,0.0,0,0,0,1,0,0,0,0,0,2,1,
22023,1628418,22300489,"JAN 05, 2024",MIA @ PHX,L,2,0,0,0.0,0,0,0.0,0,0,0.0,0,2,2,0,0,0,0,0,0,5,1,
22023,1628418,22300458,"JAN 01, 2024",MIA @ LAC,L,3,0,0,0.0,0,0,0.0,0,0,0.0,0,0,0,1,0,0,0,0,0,-6,1,
22023,1628418,22300366,"DEC 20, 2023",MIA @ ORL,W,17,5,7,0.714,0,0,0.0,2,2,1.0,3,2,5,1,0,0,2,1,12,20,1,
22023,1628418,22300337,"DEC 16, 2023",MIA vs. CHI,W,6,1,2,0.5,0,0,0.0,0,0,0.0,0,2,2,0,0,1,0,2,2,-8,1,
22023,1628418,22300320,"DEC 14, 2023",MIA vs. CHI,L,12,2,2,1.0,0,0,0.0,2,2,1.0,0,2,2,1,0,0,0,1,6,0,1,
22023,1628418,22300312,"DEC 13, 2023",MIA vs. CHA,W,16,5,7,0.714,0,0,0.0,1,1,1.0,6,3,9,0,0,0,1,2,11,-2,1,
22023,1628418,22300292,"DEC 11, 2023",MIA @ CHA,W,4,0,0,0.0,0,0,0.0,0,0,0.0,0,2,2,1,0,0,0,0,0,2,1,
22023,1628418,22300267,"NOV 30, 2023",MIA vs. IND,W,6,1,1,1.0,0,0,0.0,0,0,0.0,1,3,4,1,0,0,0,1,2,-1,1,
22023,1628418,22300240,"NOV 25, 2023",MIA @ BKN,L,13,1,5,0.2,0,1,0.0,0,0,0.0,0,1,1,0,1,0,2,1,2,-17,1,
22023,1628418,22300229,"NOV 22, 2023",MIA @ CLE,W,24,4,8,0.5,0,0,0.0,2,2,1.0,1,6,7,1,1,1,0,3,10,13,1,
22023,1628418,22300017,"NOV 14, 2023",MIA @ CHA,W,3,1,3,0.333,0,0,0.0,0,0,0.0,1,0,1,0,0,0,0,0,2,5,1,
22023,1628418,22300184,"NOV 12, 2023",MIA @ SAS,W,5,1,1,1.0,0,0,0.0,0,0,0.0,0,0,0,1,0,0,0,0,2,9,1,
22023,1628418,22300164,"NOV 08, 2023",MIA @ MEM,W,12,1,3,0.333,0,0,0.0,0,0,0.0,1,5,6,0,0,0,1,1,2,-9,1,
22023,1628418,22300150,"NOV 06, 2023",MIA vs. LAL,W,10,1,1,1.0,0,0,0.0,0,0,0.0,0,4,4,0,0,1,1,1,2,-4,1,
22023,1628418,22300003,"NOV 03, 2023",MIA vs. WAS,W,18,5,7,0.714,0,0,0.0,1,2,0.5,2,2,4,0,0,1,2,4,11,1,1,
22023,1628418,22300119,"NOV 01, 2023",MIA vs. BKN,L,15,3,4,0.75,0,0,0.0,2,2,1.0,1,4,5,0,1,0,2,4,8,-9,1,
22023,1628418,22300107,"OCT 30, 2023",MIA @ MIL,L,22,4,7,0.571,0,1,0.0,2,2,1.0,0,2,2,0,2,0,1,0,10,-12,1,
22023,1628418,22300093,"OCT 28, 2023",MIA @ MIN,L,12,2,4,0.5,0,0,0.0,1,2,0.5,3,2,5,1,0,0,1,1,5,-8,1,
22023,1628418,22300080,"OCT 27, 2023",MIA @ BOS,L,13,1,5,0.2,0,1,0.0,0,0,0.0,1,3,4,1,0,1,1,1,2,-8,1,
22023,1628418,22300068,"OCT 25, 2023",MIA vs. DET,W,16,2,5,0.4,0,0,0.0,4,5,0.8,2,4,6,3,1,0,1,0,8,5,1,
22023,1628420,22300791,"FEB 15, 2024",MIN @ POR,W,15,5,8,0.625,1,4,0.25,1,1,1.0,0,1,1,3,1,0,1,0,12,-4,1,
22023,1628420,22300775,"FEB 13, 2024",MIN @ POR,W,12,0,3,0.0,0,1,0.0,0,0,0.0,0,1,1,2,1,0,0,1,0,-4,1,
22023,1628420,22300770,"FEB 12, 2024",MIN @ LAC,W,18,2,5,0.4,1,4,0.25,0,0,0.0,0,2,2,2,1,1,0,1,5,10,1,
22023,1628420,22300704,"FEB 04, 2024",DET vs. ORL,L,9,1,5,0.2,0,2,0.0,0,0,0.0,2,2,4,0,0,0,0,0,2,3,1,
22023,1628420,22300688,"FEB 02, 2024",DET vs. LAC,L,10,0,4,0.0,0,2,0.0,0,0,0.0,0,1,1,1,0,0,0,0,0,-15,1,
22023,1628420,22300675,"JAN 31, 2024",DET @ CLE,L,16,4,8,0.5,0,2,0.0,0,0,0.0,0,2,2,2,0,0,1,0,8,16,1,
22023,1628420,22300654,"JAN 28, 2024",DET vs. OKC,W,14,4,8,0.5,1,2,0.5,0,0,0.0,0,1,1,2,1,0,0,0,9,5,1,
22023,1628420,22300642,"JAN 27, 2024",DET vs. WAS,L,8,0,4,0.0,0,2,0.0,1,2,0.5,0,1,1,0,0,1,1,1,1,-14,1,
22023,1628420,22300619,"JAN 24, 2024",DET vs. CHA,W,11,3,4,0.75,1,1,1.0,0,0,0.0,0,3,3,3,0,0,0,0,7,3,1,
22023,1628426,22300746,"FEB 09, 2024",SAC vs. DEN,W,16,2,7,0.286,2,4,0.5,0,0,0.0,0,0,0,1,1,0,0,2,6,20,1,
22023,1628426,22300732,"FEB 07, 2024",SAC vs. DET,L,6,0,0,0.0,0,0,0.0,3,3,1.0,0,1,1,0,0,0,0,2,3,4,1,
22023,1628426,22300613,"JAN 22, 2024",SAC vs. ATL,W,6,3,4,0.75,2,3,0.667,0,0,0.0,1,1,2,0,0,0,0,1,8,6,1,
22023,1628426,22300583,"JAN 18, 2024",SAC vs. IND,L,11,2,3,0.667,2,3,0.667,1,2,0.5,2,1,3,0,1,1,0,1,7,-6,1,
22023,1628426,22300567,"JAN 16, 2024",SAC @ PHX,L,18,6,9,0.667,2,3,0.667,0,0,0.0,1,1,2,1,1,0,1,1,14,7,1,
22023,1628426,22300552,"JAN 14, 2024",SAC @ MIL,L,6,2,4,0.5,0,2,0.0,0,0,0.0,0,1,1,0,0,0,0,0,4,-5,1,
22023,1628426,22300532,"JAN 12, 2024",SAC @ PHI,L,9,1,5,0.2,0,1,0.0,0,0,0.0,5,0,5,0,0,0,1,0,2,-5,1,
22023,1628426,22300500,"JAN 07, 2024",SAC vs. NOP,L,21,5,9,0.556,1,5,0.2,0,0,0.0,1,1,2,0,0,0,0,0,11,-24,1,
22023,1628426,22300449,"DEC 31, 2023",SAC @ MEM,W,3,1,2,0.5,0,0,0.0,0,0,0.0,0,1,1,0,0,0,0,0,2,2,1,
22023,1628426,22300413,"DEC 26, 2023",SAC @ POR,L,9,0,3,0.0,0,3,0.0,0,0,0.0,1,0,1,1,0,0,0,1,0,-12,1,
22023,1628426,22300400,"DEC 23, 2023",SAC vs. MIN,L,8,0,1,0.0,0,1,0.0,0,0,0.0,0,1,1,0,1,0,0,1,0,-5,1,
22023,1628426,22300387,"DEC 22, 2023",SAC vs. PHX,W,6,1,1,1.0,1,1,1.0,0,0,0.0,1,0,1,0,0,0,1,1,3,-4,1,
22023,1628426,22300373,"DEC 20, 2023",SAC vs. BOS,L,13,1,4,0.25,1,3,0.333,0,0,0.0,2,1,3,0,0,0,0,0,3,1,1,
22023,1628426,22300358,"DEC 18, 2023",SAC vs. WAS,W,12,3,5,0.6,2,3,0.667,0,0,0.0,4,3,7,1,2,0,1,1,8,-4,1,
22023,1628426,22300342,"DEC 16, 2023",SAC vs. UTA,W,11,1,3,0.333,1,2,0.5,0,0,0.0,0,4,4,2,0,0,0,0,3,-7,1,
22023,1628426,22300324,"DEC 14, 2023",SAC vs. OKC,W,10,1,4,0.25,1,4,0.25,0,0,0.0,1,3,4,0,0,0,0,1,3,9,1,
22023,1628426,22300309,"DEC 12, 2023",SAC @ LAC,L,20,4,7,0.571,1,3,0.333,0,0,0.0,0,3,3,3,1,0,0,0,9,2,1,
22023,1628426,22300303,"DEC 11, 2023",SAC vs. BKN,W,11,1,4,0.25,0,2,0.0,0,0,0.0,1,4,5,0,0,1,1,2,2,-3,1,
22023,1628426,22301228,"DEC 08, 2023",SAC @ PHX,W,20,5,7,0.714,2,3,0.667,2,2,1.0,3,0,3,2,3,0,1,1,14,5,1,
22023,1628426,22301204,"DEC 04, 2023",SAC vs. NOP,L,6,0,3,0.0,0,1,0.0,0,0,0.0,2,0,2,0,0,0,0,2,0,-12,1,
22023,1628426,22300290,"DEC 02, 2023",SAC vs. DEN,W,14,1,3,0.333,1,1,1.0,1,3,0.333,1,2,3,0,0,0,1,0,4,14,1,
22023,1628426,22300264,"NOV 29, 2023",SAC vs. LAC,L,24,5,7,0.714,3,5,0.6,0,0,0.0,1,4,5,0,0,0,0,2,13,6,1,
22023,1628426,22300060,"NOV 28, 2023",SAC vs. GSW,W,15,3,9,0.333,2,6,0.333,0,0,0.0,1,3,4,1,0,2,0,1,8,17,1,
22023,1628426,22300233,"NOV 22, 2023",SAC @ NOP,L,10,1,5,0.2,1,4,0.25,0,0,0.0,0,2,2,0,0,0,2,0,3,-14,1,
22023,1628426,22300212,"NOV 19, 2023",SAC @ DAL,W,13,3,5,0.6,1,2,0.5,0,0,0.0,1,0,1,1,0,1,1,2,7,2,1,
22023,1628426,22300032,"NOV 17, 2023",SAC @ SAS,W,17,2,4,0.5,1,2,0.5,0,0,0.0,0,4,4,0,0,0,0,3,5,10,1,
22023,1628426,22300198,"NOV 15, 2023",SAC @ LAL,W,12,1,4,0.25,0,3,0.0,2,2,1.0,0,0,0,0,2,0,0,0,4,-6,1,
22023,1628426,22300191,"NOV 13, 2023",SAC vs. CLE,W,17,4,6,0.667,3,5,0.6,0,0,0.0,0,2,2,0,0,0,0,1,11,7,1,
22023,1628426,22300016,"NOV 10, 2023",SAC vs. OKC,W,8,2,3,0.667,2,3,0.667,0,0,0.0,0,1,1,0,1,0,0,1,6,5,1,
22023,1628426,22300153,"NOV 06, 2023",SAC @ HOU,L,12,1,4,0.25,0,3,0.0,0,0,0.0,0,0,0,1,0,0,0,2,2,-15,1,
22023,1628426,22300137,"NOV 04, 2023",SAC @ HOU,L,11,0,2,0.0,0,1,0.0,0,0,0.0,0,1,1,0,1,1,0,3,0,3,1,
22023,1628426,22300126,"NOV 01, 2023",SAC @ GSW,L,17,1,6,0.167,0,3,0.0,0,0,0.0,0,5,5,0,0,0,1,2,2,-3,1,
22023,1628426,22300100,"OCT 29, 2023",SAC vs. LAL,W,18,4,10,0.4,2,6,0.333,1,1,1.0,0,4,4,1,0,1,0,0,11,-1,1,
22023,1628426,22300087,"OCT 27, 2023",SAC vs. GSW,L,12,4,6,0.667,2,4,0.5,0,0,0.0,0,1,1,0,0,0,0,0,10,1,1,
22023,1628426,22300072,"OCT 25, 2023",SAC @ UTA,W,16,3,6,0.5,2,5,0.4,0,0,0.0,1,1,2,0,2,0,0,1,8,9,1,
22023,1628436,22300780,"FEB 14, 2024",BOS vs. BKN,W,19,4,5,0.8,0,0,0.0,0,0,0.0,4,4,8,3,1,3,0,2,8,27,1,
22023,1628436,22300771,"FEB 13, 2024",BOS @ BKN,W,15,2,2,1.0,0,0,0.0,1,2,0.5,2,3,5,1,0,0,1,5,5,4,1,
22023,1628436,22300759,"FEB 11, 2024",BOS @ MIA,W,2,0,0,0.0,0,0,0.0,0,0,0.0,0,0,0,0,0,0,0,0,0,0,1,
22023,1628436,22300743,"FEB 09, 2024",BOS vs. WAS,W,11,0,0,0.0,0,0,0.0,0,0,0.0,0,0,0,0,0,1,0,2,0,4,1,
22023,1628436,22300729,"FEB 07, 2024",BOS vs. ATL,W,21,2,2,1.0,0,0,0.0,0,0,0.0,1,5,6,0,0,2,0,2,4,2,1,
22023,1628436,22300706,"FEB 04, 2024",BOS vs. MEM,W,15,0,2,0.0,0,0,0.0,2,2,1.0,5,3,8,1,1,1,1,0,2,-5,1,
22023,1628436,22300646,"JAN 27, 2024",BOS vs. LAC,L,18,5,10,0.5,0,0,0.0,1,1,1.0,4,1,5,0,0,1,0,2,11,-15,1,
22023,1628436,22300630,"JAN 25, 2024",BOS @ MIA,W,19,4,4,1.0,0,0,0.0,4,4,1.0,1,4,5,1,0,0,0,1,12,10,1,
22023,1628436,22300611,"JAN 22, 2024",BOS @ DAL,W,19,1,3,0.333,0,0,0.0,0,0,0.0,1,4,5,1,0,1,2,2,2,-4,1,
22023,1628436,22300603,"JAN 21, 2024",BOS @ HOU,W,23,4,4,1.0,0,0,0.0,0,0,0.0,5,4,9,1,1,3,1,3,8,-2,1,
22023,1628436,22300586,"JAN 19, 2024",BOS vs. DEN,L,8,2,2,1.0,0,0,0.0,0,0,0.0,0,2,2,1,0,0,0,0,4,-1,1,
22023,1628436,22300571,"JAN 17, 2024",BOS vs. SAS,W,30,3,5,0.6,0,0,0.0,0,0,0.0,3,6,9,4,1,3,2,2,6,11,1,
22023,1628436,22300563,"JAN 15, 2024",BOS @ TOR,W,18,2,2,1.0,0,0,0.0,0,0,0.0,0,3,3,0,0,1,0,1,4,12,1,
22023,1628436,22300542,"JAN 13, 2024",BOS vs. HOU,W,14,1,2,0.5,0,0,0.0,0,0,0.0,1,1,2,0,0,1,0,5,2,0,1,
22023,1628436,22300528,"JAN 11, 2024",BOS @ MIL,L,10,0,0,0.0,0,0,0.0,0,0,0.0,0,0,0,1,0,0,0,1,0,-16,1,
22023,1628436,22300517,"JAN 10, 2024",BOS vs. MIN,W,18,3,4,0.75,0,0,0.0,2,2,1.0,2,3,5,0,0,1,0,1,8,6,1,
22023,1628436,22300507,"JAN 08, 2024",BOS @ IND,L,10,1,4,0.25,0,0,0.0,3,4,0.75,2,0,2,2,0,2,1,2,5,-3,1,
22023,1628436,22300493,"JAN 06, 2024",BOS @ IND,W,16,1,2,0.5,0,0,0.0,2,2,1.0,3,1,4,3,1,0,1,1,4,3,1,
22023,1628436,22300479,"JAN 05, 2024",BOS vs. UTA,W,11,1,3,0.333,0,0,0.0,0,0,0.0,4,3,7,0,1,1,1,1,2,13,1,
22023,1628436,22300462,"JAN 02, 2024",BOS @ OKC,L,15,0,2,0.0,0,0,0.0,0,0,0.0,2,0,2,0,1,1,0,0,0,-1,1,
22023,1628436,22300448,"DEC 31, 2023",BOS @ SAS,W,16,5,7,0.714,0,0,0.0,2,2,1.0,3,1,4,2,0,2,0,1,12,6,1,
22023,1628436,22300432,"DEC 29, 2023",BOS vs. TOR,W,33,9,11,0.818,0,0,0.0,2,2,1.0,5,3,8,3,0,3,1,3,20,-2,1,
22023,1628436,22300305,"DEC 12, 2023",BOS vs. CLE,W,8,1,3,0.333,0,0,0.0,2,2,1.0,3,1,4,0,0,0,0,0,4,2,1,
22023,1628436,22301227,"DEC 08, 2023",BOS vs. NYK,W,11,2,3,0.667,0,0,0.0,0,0,0.0,1,0,1,1,0,0,0,0,4,-8,1,
22023,1628436,22301202,"DEC 04, 2023",BOS @ IND,L,17,3,5,0.6,0,0,0.0,0,0,0.0,4,0,4,2,1,4,1,2,6,-8,1,
22023,1628436,22300275,"DEC 01, 2023",BOS vs. PHI,W,8,0,0,0.0,0,0,0.0,0,0,0.0,0,1,1,0,0,0,0,1,0,-9,1,
22023,1628436,22300053,"NOV 28, 2023",BOS vs. CHI,W,19,2,3,0.667,0,0,0.0,0,0,0.0,2,1,3,0,0,3,1,3,4,9,1,
22023,1628436,22300246,"NOV 26, 2023",BOS vs. ATL,W,9,2,2,1.0,0,0,0.0,0,0,0.0,1,1,2,0,1,1,0,1,4,-6,1,
22023,1628436,22300043,"NOV 24, 2023",BOS @ ORL,L,25,5,6,0.833,0,0,0.0,2,2,1.0,2,4,6,1,2,2,1,2,12,-2,1,
22023,1628436,22300217,"NOV 20, 2023",BOS @ CHA,L,19,2,2,1.0,0,0,0.0,0,0,0.0,0,3,3,0,0,1,0,0,4,25,1,
22023,1628436,22300194,"NOV 15, 2023",BOS @ PHI,W,19,4,4,1.0,0,0,0.0,1,2,0.5,3,3,6,1,1,0,2,2,9,-4,1,
22023,1628436,22300174,"NOV 11, 2023",BOS vs. TOR,W,9,1,1,1.0,0,0,0.0,0,0,0.0,0,5,5,1,0,0,0,1,2,3,1,
22023,1628436,22300010,"NOV 10, 2023",BOS vs. BKN,W,18,3,5,0.6,0,0,0.0,1,1,1.0,6,3,9,1,0,1,0,1,7,-2,1,
22023,1628436,22300159,"NOV 08, 2023",BOS @ PHI,L,3,0,0,0.0,0,0,0.0,0,0,0.0,0,0,0,0,0,0,0,0,0,-3,1,
22023,1628436,22300154,"NOV 06, 2023",BOS @ MIN,L,16,1,2,0.5,0,0,0.0,3,4,0.75,1,0,1,0,2,0,0,2,5,4,1,
22023,1628436,22300136,"NOV 04, 2023",BOS @ BKN,W,15,5,5,1.0,0,0,0.0,1,1,1.0,0,7,7,0,1,0,0,3,11,7,1,
22023,1628436,22300118,"NOV 01, 2023",BOS vs. IND,W,6,1,1,1.0,0,0,0.0,0,0,0.0,1,1,2,0,0,0,0,0,2,7,1,
22023,1628436,22300103,"OCT 30, 2023",BOS @ WAS,W,11,0,0,0.0,0,0,0.0,0,0,0.0,0,1,1,1,0,0,1,1,0,-11,1,
22023,1628436,22300065,"OCT 25, 2023",BOS @ NYK,W,8,0,1,0.0,0,0,0.0,0,0,0.0,1,0,1,2,0,1,0,0,0,-1,1,
22023,1628449,22300782,"FEB 14, 2024",TOR vs. IND,L,11,4,5,0.8,0,1,0.0,2,4,0.5,2,2,4,0,1,1,0,2,10,3,1,
22023,1628449,22300718,"FEB 05, 2024",TOR @ NOP,L,12,4,5,0.8,1,2,0.5,2,2,1.0,1,5,6,1,0,1,1,0,11,-4,1,
22023,1628449,22300672,"JAN 30, 2024",TOR @ CHI,W,7,2,2,1.0,1,1,1.0,0,0,0.0,0,2,2,0,0,0,1,1,5,-5,1,
22023,1628449,22300653,"JAN 28, 2024",TOR @ ATL,L,13,1,2,0.5,0,1,0.0,3,3,1.0,1,3,4,0,0,0,1,2,5,14,1,
22023,1628449,22300637,"JAN 26, 2024",TOR vs. LAC,L,17,4,8,0.5,0,3,0.0,1,2,0.5,3,2,5,0,0,0,0,1,9,-4,1,
22023,1628449,22300609,"JAN 22, 2024",TOR vs. MEM,L,12,1,3,0.333,1,2,0.5,2,2,1.0,2,3,5,1,0,0,0,1,5,-4,1,
22023,1628449,22300596,"JAN 20, 2024",TOR @ NYK,L,12,2,5,0.4,0,1,0.0,1,2,0.5,2,0,2,1,0,0,0,2,5,-4,1,
22023,1628449,22300580,"JAN 18, 2024",TOR vs. CHI,L,18,2,4,0.5,1,3,0.333,1,2,0.5,2,7,9,2,0,0,2,1,6,13,1,
22023,1628449,22300574,"JAN 17, 2024",TOR vs. MIA,W,18,1,3,0.333,0,1,0.0,0,0,0.0,2,5,7,0,0,1,0,0,2,20,1,
22023,1628449,22300563,"JAN 15, 2024",TOR vs. BOS,L,14,1,6,0.167,0,4,0.0,2,2,1.0,1,1,2,0,0,0,0,1,4,-8,1,
22023,1628449,22300540,"JAN 12, 2024",TOR @ UTA,L,12,2,4,0.5,1,3,0.333,2,2,1.0,0,0,0,0,0,0,1,1,7,-12,1,
22023,1628449,22300526,"JAN 10, 2024",TOR @ LAC,L,11,1,3,0.333,0,1,0.0,1,1,1.0,0,1,1,0,0,0,0,0,3,-10,1,
22023,1628449,22300516,"JAN 09, 2024",TOR @ LAL,L,14,1,3,0.333,0,2,0.0,0,0,0.0,0,7,7,1,2,0,3,1,2,-4,1,
22023,1628449,22300504,"JAN 07, 2024",TOR @ GSW,W,16,7,7,1.0,3,3,1.0,0,0,0.0,2,7,9,1,1,1,0,0,17,17,1,
22023,1628449,22300492,"JAN 05, 2024",TOR @ SAC,L,28,5,9,0.556,1,5,0.2,3,5,0.6,3,6,9,1,1,1,0,2,14,1,1,
22023,1628449,22300470,"JAN 03, 2024",TOR @ MEM,W,13,2,2,1.0,0,0,0.0,0,0,0.0,3,5,8,2,0,0,1,0,4,10,1,
22023,1628449,22300452,"JAN 01, 2024",TOR vs. CLE,W,11,0,0,0.0,0,0,0.0,0,0,0.0,0,1,1,0,0,0,0,0,0,1,1,
22023,1628449,22300440,"DEC 30, 2023",TOR @ DET,L,17,0,1,0.0,0,1,0.0,4,6,0.667,0,2,2,0,0,0,0,2,4,-3,1,
22023,1628449,22300432,"DEC 29, 2023",TOR @ BOS,L,7,1,3,0.333,1,3,0.333,0,0,0.0,0,3,3,0,0,0,0,1,3,-8,1,
22023,1628449,22300416,"DEC 27, 2023",TOR @ WAS,W,12,2,5,0.4,2,4,0.5,0,0,0.0,1,3,4,0,0,0,0,3,6,7,1,
22023,1628449,22300395,"DEC 23, 2023",TOR vs. UTA,L,13,3,3,1.0,1,1,1.0,2,3,0.667,1,2,3,1,1,0,0,2,9,-11,1,
22023,1628449,22300369,"DEC 20, 2023",TOR vs. DEN,L,12,2,3,0.667,1,1,1.0,0,0,0.0,2,5,7,0,0,1,1,1,5,8,1,
22023,1628449,22300354,"DEC 18, 2023",TOR vs. CHA,W,15,3,6,0.5,0,1,0.0,1,2,0.5,1,2,3,0,0,1,0,1,7,7,1,
22023,1628449,22300330,"DEC 15, 2023",TOR vs. ATL,L,15,2,4,0.5,1,3,0.333,2,5,0.4,0,3,3,0,1,2,1,1,7,-7,1,
22023,1628449,22300313,"DEC 13, 2023",TOR vs. ATL,W,10,1,2,0.5,0,1,0.0,0,0,0.0,0,0,0,0,0,2,0,0,2,-10,1,
22023,1628449,22300297,"DEC 11, 2023",TOR @ NYK,L,10,2,8,0.25,0,4,0.0,1,1,1.0,2,1,3,0,0,0,1,1,5,-8,1,
22023,1628449,22301216,"DEC 08, 2023",TOR @ CHA,L,13,4,9,0.444,0,3,0.0,1,1,1.0,1,2,3,0,0,1,1,4,9,11,1,
22023,1628449,22301207,"DEC 06, 2023",TOR vs. MIA,L,10,0,2,0.0,0,1,0.0,0,0,0.0,0,4,4,0,0,0,1,0,0,2,1,
22023,1628449,22300276,"DEC 01, 2023",TOR vs. NYK,L,19,4,10,0.4,1,4,0.25,2,3,0.667,2,1,3,2,1,0,0,0,11,5,1,
22023,1628449,22300260,"NOV 29, 2023",TOR vs. PHX,W,3,0,0,0.0,0,0,0.0,0,0,0.0,0,0,0,0,0,0,0,0,0,0,1,
22023,1628449,22300054,"NOV 28, 2023",TOR @ BKN,L,12,5,7,0.714,3,4,0.75,0,0,0.0,1,0,1,0,1,0,0,0,13,8,1,
22023,1628449,22300251,"NOV 26, 2023",TOR @ CLE,L,10,1,2,0.5,0,0,0.0,3,4,0.75,2,2,4,0,1,0,1,0,5,-9,1,
22023,1628449,22300046,"NOV 24, 2023",TOR vs. CHI,W,10,1,3,0.333,0,1,0.0,2,2,1.0,0,1,1,0,1,0,0,1,4,-1,1,
22023,1628449,22300230,"NOV 22, 2023",TOR @ IND,W,10,1,3,0.333,0,1,0.0,4,4,1.0,1,0,1,0,0,0,0,2,6,6,1,
22023,1628449,22300038,"NOV 21, 2023",TOR @ ORL,L,18,1,4,0.25,1,3,0.333,0,0,0.0,0,2,2,0,0,1,0,3,3,-12,1,
22023,1628449,22300211,"NOV 19, 2023",TOR vs. DET,W,18,5,7,0.714,3,4,0.75,1,3,0.333,1,5,6,1,1,1,0,4,14,10,1,
22023,1628449,22300031,"NOV 17, 2023",TOR vs. BOS,L,18,2,6,0.333,1,2,0.5,1,2,0.5,1,3,4,0,0,0,0,0,6,-10,1,
22023,1628449,22300195,"NOV 15, 2023",TOR vs. MIL,L,20,2,8,0.25,1,3,0.333,4,4,1.0,5,4,9,0,0,1,1,1,9,6,1,
22023,1628449,22300189,"NOV 13, 2023",TOR vs. WAS,W,21,3,6,0.5,1,2,0.5,0,0,0.0,2,5,7,2,0,3,0,1,7,14,1,
22023,1628449,22300174,"NOV 11, 2023",TOR @ BOS,L,22,2,4,0.5,2,3,0.667,0,0,0.0,0,5,5,1,0,0,0,2,6,-9,1,
22023,1628449,22300168,"NOV 08, 2023",TOR @ DAL,W,15,4,4,1.0,1,1,1.0,1,2,0.5,1,1,2,0,0,1,1,5,10,4,1,
22023,1628449,22300128,"NOV 02, 2023",TOR @ PHI,L,13,2,4,0.5,0,2,0.0,2,2,1.0,2,2,4,0,0,1,1,3,6,-5,1,
22023,1628449,22300116,"NOV 01, 2023",TOR vs. MIL,W,13,2,4,0.5,0,1,0.0,2,2,1.0,1,4,5,1,1,0,0,3,6,-10,1,
22023,1628449,22300105,"OCT 30, 2023",TOR vs. POR,L,17,1,4,0.25,0,0,0.0,2,2,1.0,3,4,7,1,0,1,1,2,4,-3,1,
22023,1628449,22300092,"OCT 28, 2023",TOR vs. PHI,L,12,1,6,0.167,0,2,0.0,3,3,1.0,1,3,4,0,1,0,1,2,5,-2,1,
22023,1628449,22300082,"OCT 27, 2023",TOR @ CHI,L,17,3,4,0.75,0,0,0.0,4,5,0.8,1,5,6,0,0,0,1,3,10,22,1,
22023,1628464,22300770,"FEB 12, 2024",LAC vs. MIN,L,5,0,0,0.0,0,0,0.0,0,0,0.0,0,0,0,0,0,1,1,0,0,-10,1,
22023,1628464,22300731,"FEB 07, 2024",LAC vs. NOP,L,7,0,1,0.0,0,0,0.0,2,2,1.0,0,1,1,0,0,0,0,1,2,1,1,
22023,1628464,22300716,"FEB 05, 2024",LAC @ ATL,W,19,4,7,0.571,1,1,1.0,0,0,0.0,2,6,8,2,0,0,0,3,9,-5,1,
22023,1628464,22300688,"FEB 02, 2024",LAC @ DET,W,18,2,3,0.667,0,1,0.0,1,2,0.5,0,3,3,2,1,2,2,3,5,11,1,
22023,1628464,22300676,"JAN 31, 2024",LAC @ WAS,W,20,2,5,0.4,0,1,0.0,0,0,0.0,1,1,2,0,1,1,0,3,4,-9,1,
22023,1628464,22300658,"JAN 29, 2024",LAC @ CLE,L,17,0,1,0.0,0,1,0.0,0,0,0.0,1,3,4,5,0,0,1,3,0,-1,1,
22023,1628464,22300646,"JAN 27, 2024",LAC @ BOS,W,26,8,9,0.889,2,3,0.667,0,1,0.0,1,6,7,2,1,2,0,4,18,-3,1,
22023,1628464,22300637,"JAN 26, 2024",LAC @ TOR,W,18,3,4,0.75,0,0,0.0,0,0,0.0,2,2,4,1,0,0,2,1,6,6,1,
22023,1628464,22300618,"JAN 23, 2024",LAC vs. LAL,W,21,1,3,0.333,0,2,0.0,1,1,1.0,1,1,2,2,1,0,0,5,3,-2,1,
22023,1628464,22300600,"JAN 21, 2024",LAC vs. BKN,W,17,4,6,0.667,0,1,0.0,0,0,0.0,2,1,3,1,0,2,1,1,8,0,1,
22023,1628464,22300568,"JAN 16, 2024",LAC vs. OKC,W,20,4,6,0.667,1,2,0.5,0,0,0.0,5,3,8,0,0,3,2,3,9,-2,1,
22023,1628464,22300553,"JAN 14, 2024",LAC @ MIN,L,22,1,3,0.333,1,2,0.5,0,0,0.0,1,3,4,0,1,0,0,3,3,-7,1,
22023,1628464,22300537,"JAN 12, 2024",LAC @ MEM,W,22,2,4,0.5,1,1,1.0,2,4,0.5,2,3,5,4,2,3,0,2,7,14,1,
22023,1628464,22300526,"JAN 10, 2024",LAC vs. TOR,W,16,1,2,0.5,0,0,0.0,2,2,1.0,2,2,4,1,1,1,1,1,4,2,1,
22023,1628464,22300511,"JAN 08, 2024",LAC vs. PHX,W,14,3,6,0.5,0,1,0.0,0,0,0.0,2,1,3,3,1,1,1,3,6,15,1,
22023,1628464,22300505,"JAN 07, 2024",LAC @ LAL,L,9,1,3,0.333,0,0,0.0,0,0,0.0,1,2,3,0,0,1,0,0,2,-3,1,
22023,1628464,22300486,"JAN 05, 2024",LAC @ NOP,W,17,1,3,0.333,0,1,0.0,0,0,0.0,2,3,5,0,0,0,1,1,2,13,1,
22023,1628464,22300473,"JAN 03, 2024",LAC @ PHX,W,20,3,5,0.6,0,0,0.0,0,0,0.0,1,2,3,1,1,0,0,3,6,8,1,
22023,1628464,22300458,"JAN 01, 2024",LAC vs. MIA,W,16,2,3,0.667,0,1,0.0,2,2,1.0,0,1,1,0,0,0,2,3,6,-8,1,
22023,1628464,22300438,"DEC 29, 2023",LAC vs. MEM,W,13,2,3,0.667,0,1,0.0,1,2,0.5,1,1,2,0,0,2,1,3,5,-1,1,
22023,1628464,22300414,"DEC 26, 2023",LAC vs. CHA,W,15,5,7,0.714,0,0,0.0,0,0,0.0,2,2,4,0,0,0,1,0,10,-2,1,
22023,1628464,22300389,"DEC 23, 2023",LAC vs. BOS,L,21,5,5,1.0,2,2,1.0,3,3,1.0,0,1,1,1,1,0,0,2,15,-9,1,
22023,1628464,22300379,"DEC 21, 2023",LAC @ OKC,L,15,2,2,1.0,0,0,0.0,0,0,0.0,0,1,1,0,0,1,2,1,4,-14,1,
22023,1628464,22300372,"DEC 20, 2023",LAC @ DAL,W,16,4,4,1.0,2,2,1.0,1,2,0.5,1,1,2,2,0,0,0,4,11,-1,1,
22023,1628464,22300350,"DEC 18, 2023",LAC @ IND,W,22,1,4,0.25,0,0,0.0,2,2,1.0,5,4,9,0,0,2,2,2,4,0,1,
22023,1628464,22300343,"DEC 16, 2023",LAC vs. NYK,W,15,1,3,0.333,0,0,0.0,5,6,0.833,0,1,1,0,1,0,0,4,7,-3,1,
22023,1628464,22300325,"DEC 14, 2023",LAC vs. GSW,W,16,0,2,0.0,0,1,0.0,4,4,1.0,0,1,1,1,1,1,0,2,4,8,1,
22023,1628464,22300309,"DEC 12, 2023",LAC vs. SAC,W,16,4,8,0.5,0,1,0.0,0,0,0.0,1,2,3,0,1,0,0,2,8,15,1,
22023,1628464,22300304,"DEC 11, 2023",LAC vs. POR,W,14,1,3,0.333,1,1,1.0,0,0,0.0,0,0,0,0,1,1,0,2,3,1,1,
22023,1628464,22301215,"DEC 06, 2023",LAC vs. DEN,W,21,3,8,0.375,2,4,0.5,0,0,0.0,5,6,11,0,0,3,1,2,8,14,1,
22023,1628464,22300280,"DEC 02, 2023",LAC vs. GSW,W,22,6,11,0.545,0,2,0.0,0,0,0.0,2,2,4,1,1,2,1,3,12,-1,1,
22023,1628464,22300273,"NOV 30, 2023",LAC @ GSW,L,15,4,9,0.444,1,1,1.0,1,2,0.5,1,1,2,2,0,0,0,2,10,-20,1,
22023,1628464,22300264,"NOV 29, 2023",LAC @ SAC,W,17,2,5,0.4,0,0,0.0,1,2,0.5,3,0,3,0,0,0,0,5,5,-12,1,
22023,1628464,22300257,"NOV 27, 2023",LAC vs. DEN,L,12,2,4,0.5,0,0,0.0,0,0,0.0,1,0,1,1,0,2,1,3,4,0,1,
22023,1628464,22300244,"NOV 25, 2023",LAC vs. DAL,W,16,2,6,0.333,0,1,0.0,1,2,0.5,2,1,3,0,0,1,1,2,5,-1,1,
22023,1628464,22300052,"NOV 24, 2023",LAC vs. NOP,L,21,1,3,0.333,1,2,0.5,0,0,0.0,0,4,4,2,0,3,1,2,3,5,1,
22023,1628464,22300235,"NOV 22, 2023",LAC @ SAS,W,20,4,11,0.364,0,0,0.0,0,0,0.0,5,6,11,4,0,0,1,2,8,12,1,
22023,1628464,22300223,"NOV 20, 2023",LAC @ SAS,W,21,8,10,0.8,1,1,1.0,2,2,1.0,3,4,7,2,1,0,1,4,19,18,1,
22023,1628464,22300037,"NOV 17, 2023",LAC vs. HOU,W,10,1,3,0.333,0,1,0.0,0,2,0.0,0,3,3,0,1,0,0,2,2,-6,1,
22023,1628464,22300171,"NOV 09, 2023",IND vs. MIL,W,8,1,4,0.25,0,1,0.0,0,0,0.0,0,0,0,0,0,0,0,1,2,0,1,
22023,1628467,22300768,"FEB 12, 2024",DAL vs. WAS,W,24,2,5,0.4,1,3,0.333,0,1,0.0,1,4,5,0,0,1,2,1,5,14,1,
22023,1628467,22300748,"FEB 10, 2024",DAL vs. OKC,W,25,3,6,0.5,2,4,0.5,4,4,1.0,3,9,12,3,1,1,0,1,12,26,1,
22023,1628467,22300736,"FEB 08, 2024",DAL @ NYK,W,27,1,2,0.5,0,1,0.0,0,2,0.0,1,3,4,3,1,4,1,1,2,13,1,
22023,1628467,22300720,"FEB 06, 2024",DAL @ BKN,W,30,3,7,0.429,1,5,0.2,0,0,0.0,0,2,2,3,1,0,1,3,7,10,1,
22023,1628467,22300715,"FEB 05, 2024",DAL @ PHI,W,28,6,8,0.75,2,4,0.5,0,0,0.0,2,2,4,5,0,1,1,0,14,12,1,
22023,1628467,22300702,"FEB 03, 2024",DAL vs. MIL,L,34,8,11,0.727,4,7,0.571,1,1,1.0,0,3,3,2,2,0,2,5,21,-14,1,
22023,1628467,22300680,"JAN 31, 2024",DAL @ MIN,L,18,1,2,0.5,1,1,1.0,0,0,0.0,0,2,2,0,0,1,2,5,3,-11,1,
22023,1628467,22300666,"JAN 29, 2024",DAL vs. ORL,W,22,0,1,0.0,0,0,0.0,1,2,0.5,0,1,1,1,0,0,1,1,1,3,1,
22023,1628467,22300651,"JAN 27, 2024",DAL vs. SAC,L,13,2,6,0.333,1,3,0.333,0,0,0.0,1,1,2,0,0,0,0,0,5,-17,1,
22023,1628467,22300625,"JAN 24, 2024",DAL vs. PHX,L,22,1,2,0.5,0,1,0.0,0,0,0.0,2,1,3,3,0,0,1,3,2,2,1,
22023,1628467,22300611,"JAN 22, 2024",DAL vs. BOS,L,26,3,7,0.429,0,3,0.0,1,1,1.0,0,2,2,0,0,2,1,2,7,-1,1,
22023,1628467,22300577,"JAN 17, 2024",DAL @ LAL,L,21,2,3,0.667,2,3,0.667,0,0,0.0,1,0,1,3,0,2,1,5,6,-17,1,
22023,1628467,22300556,"JAN 15, 2024",DAL vs. NOP,W,19,1,3,0.333,0,2,0.0,2,2,1.0,0,5,5,1,0,2,1,5,4,-12,1,
22023,1628467,22300547,"JAN 13, 2024",DAL vs. NOP,L,11,1,3,0.333,0,2,0.0,0,0,0.0,1,1,2,1,1,0,1,0,2,5,1,
22023,1628467,22300168,"NOV 08, 2023",DAL vs. TOR,L,15,0,0,0.0,0,0,0.0,4,8,0.5,0,2,2,4,0,0,2,2,4,-7,1,
22023,1628467,22300124,"NOV 01, 2023",DAL vs. CHI,W,4,0,2,0.0,0,1,0.0,0,0,0.0,0,2,2,0,0,0,0,0,0,-1,1,
22023,1628467,22300106,"OCT 30, 2023",DAL @ MEM,W,22,2,4,0.5,1,3,0.333,2,2,1.0,1,4,5,2,1,0,2,2,7,7,1,
22023,1628467,22300084,"OCT 27, 2023",DAL vs. BKN,W,26,0,3,0.0,0,0,0.0,0,0,0.0,1,4,5,2,0,0,0,1,0,10,1,
22023,1628467,22300073,"OCT 25, 2023",DAL @ SAS,W,23,2,7,0.286,2,5,0.4,0,0,0.0,2,5,7,2,0,1,0,3,6,-12,1,
22023,1628470,22300781,"FEB 14, 2024",CHI @ CLE,L,22,3,6,0.5,2,5,0.4,0,0,0.0,0,5,5,0,0,1,0,0,8,-2,1,
22023,1628470,22300763,"FEB 12, 2024",CHI @ ATL,W,27,3,5,0.6,2,4,0.5,1,2,0.5,1,5,6,5,1,1,1,4,9,4,1,
22023,1628470,22300752,"FEB 10, 2024",CHI @ ORL,L,21,1,3,0.333,1,2,0.5,0,0,0.0,1,0,1,1,1,1,0,0,3,-6,1,
22023,1628470,22300737,"FEB 08, 2024",CHI @ MEM,W,16,1,4,0.25,1,4,0.25,0,0,0.0,1,4,5,1,0,0,0,1,3,6,1,
22023,1628470,22300723,"FEB 06, 2024",CHI vs. MIN,W,22,2,5,0.4,1,4,0.25,2,2,1.0,2,4,6,1,1,2,2,1,7,-2,1,
22023,1628470,22300700,"FEB 03, 2024",CHI vs. SAC,L,14,2,5,0.4,1,4,0.25,0,0,0.0,0,3,3,0,0,0,0,1,5,-10,1,
22023,1628470,22300337,"DEC 16, 2023",CHI @ MIA,L,14,5,7,0.714,4,5,0.8,2,3,0.667,2,0,2,0,0,0,0,0,16,-11,1,
22023,1628470,22300320,"DEC 14, 2023",CHI @ MIA,W,23,2,7,0.286,0,3,0.0,1,1,1.0,1,2,3,0,1,0,0,3,5,-6,1,
22023,1628470,22300307,"DEC 12, 2023",CHI vs. DEN,L,19,1,4,0.25,0,2,0.0,0,0,0.0,2,3,5,1,1,0,2,4,2,-4,1,
22023,1628470,22300300,"DEC 11, 2023",CHI @ MIL,L,29,2,9,0.222,1,5,0.2,2,4,0.5,1,4,5,1,0,1,0,6,7,-11,1,
22023,1628470,22301223,"DEC 08, 2023",CHI @ SAS,W,23,5,8,0.625,5,7,0.714,1,2,0.5,4,4,8,0,2,0,0,3,16,1,1,
22023,1628470,22301211,"DEC 06, 2023",CHI vs. CHA,W,17,2,4,0.5,2,2,1.0,0,0,0.0,3,1,4,2,1,0,0,2,6,1,1,
22023,1628470,22300285,"DEC 02, 2023",CHI vs. NOP,W,19,5,6,0.833,3,4,0.75,2,2,1.0,3,3,6,2,0,1,1,3,15,16,1,
22023,1628470,22300269,"NOV 30, 2023",CHI vs. MIL,W,27,4,10,0.4,2,6,0.333,0,0,0.0,3,5,8,2,1,1,2,4,10,14,1,
22023,1628470,22300053,"NOV 28, 2023",CHI @ BOS,L,13,1,1,1.0,1,1,1.0,0,0,0.0,0,1,1,0,1,1,0,0,3,-5,1,
22023,1628470,22300250,"NOV 26, 2023",CHI @ BKN,L,20,1,2,0.5,0,0,0.0,2,2,1.0,2,1,3,0,0,0,2,0,4,-25,1,
22023,1628470,22300046,"NOV 24, 2023",CHI @ TOR,L,19,1,3,0.333,0,1,0.0,3,4,0.75,2,3,5,1,0,1,1,2,5,-6,1,
22023,1628470,22300234,"NOV 22, 2023",CHI @ OKC,L,15,0,3,0.0,0,3,0.0,0,0,0.0,0,3,3,0,0,0,1,4,0,-15,1,
22023,1628470,22300220,"NOV 20, 2023",CHI vs. MIA,L,16,1,5,0.2,0,3,0.0,0,0,0.0,0,1,1,0,0,0,0,1,2,-7,1,
22023,1628470,22300204,"NOV 18, 2023",CHI vs. MIA,W,17,3,5,0.6,1,3,0.333,0,0,0.0,1,4,5,2,0,1,0,1,7,12,1,
22023,1628470,22300033,"NOV 17, 2023",CHI vs. ORL,L,26,1,3,0.333,1,3,0.333,0,0,0.0,0,1,1,0,1,0,1,3,3,-15,1,
22023,1628470,22300196,"NOV 15, 2023",CHI vs. ORL,L,28,4,7,0.571,0,2,0.0,3,3,1.0,3,4,7,0,1,0,2,1,11,-8,1,
22023,1628470,22300190,"NOV 13, 2023",CHI @ MIL,L,22,3,8,0.375,1,4,0.25,1,1,1.0,7,5,12,2,0,0,0,2,8,1,1,
22023,1628470,22300181,"NOV 12, 2023",CHI vs. DET,W,31,1,6,0.167,1,4,0.25,0,0,0.0,3,7,10,2,1,0,0,3,3,12,1,
22023,1628470,22300162,"NOV 08, 2023",CHI vs. PHX,L,20,0,3,0.0,0,2,0.0,0,0,0.0,0,2,2,1,1,0,0,3,0,-24,1,
22023,1628470,22300152,"NOV 06, 2023",CHI vs. UTA,W,20,1,3,0.333,1,1,1.0,0,0,0.0,0,3,3,2,1,1,0,5,3,8,1,
22023,1628470,22300139,"NOV 04, 2023",CHI @ DEN,L,27,3,6,0.5,0,1,0.0,1,1,1.0,2,4,6,3,1,0,0,1,7,-19,1,
22023,1628470,22300004,"NOV 03, 2023",CHI vs. BKN,L,23,1,4,0.25,1,2,0.5,0,0,0.0,0,6,6,4,1,0,1,4,3,6,1,
22023,1628470,22300124,"NOV 01, 2023",CHI @ DAL,L,17,1,2,0.5,0,1,0.0,0,0,0.0,2,3,5,1,0,0,0,3,2,1,1,
22023,1628470,22300102,"OCT 30, 2023",CHI @ IND,W,20,2,3,0.667,1,1,1.0,0,0,0.0,1,3,4,1,2,1,2,3,5,5,1,
22023,1628470,22300088,"OCT 28, 2023",CHI @ DET,L,23,2,7,0.286,0,2,0.0,0,0,0.0,1,2,3,0,0,1,0,3,4,-12,1,
22023,1628470,22300082,"OCT 27, 2023",CHI vs. TOR,W,24,3,7,0.429,1,4,0.25,0,0,0.0,3,2,5,0,1,1,0,2,7,-6,1,
22023,1628470,22300070,"OCT 25, 2023",CHI vs. OKC,L,22,4,6,0.667,3,4,0.75,0,0,0.0,4,3,7,1,0,0,1,2,11,-12,1,
22023,1628960,22300787,"FEB 14, 2024",PHX vs. DET,W,27,2,9,0.222,1,5,0.2,4,4,1.0,0,1,1,6,1,1,1,3,9,10,1,
22023,1628960,22300774,"FEB 13, 2024",PHX vs. SAC,W,39,7,10,0.7,2,5,0.4,3,3,1.0,1,3,4,4,0,1,2,3,19,3,1,
22023,1628960,22300757,"FEB 10, 2024",PHX @ GSW,L,32,4,11,0.364,2,6,0.333,0,0,0.0,0,4,4,2,0,0,0,0,10,2,1,
22023,1628960,22300739,"FEB 08, 2024",PHX vs. UTA,W,35,2,4,0.5,2,3,0.667,2,2,1.0,0,3,3,14,2,1,0,4,8,14,1,
22023,1628960,22300725,"FEB 06, 2024",PHX vs. MIL,W,34,2,4,0.5,2,4,0.5,2,2,1.0,0,3,3,3,1,1,0,2,8,2,1,
22023,1628960,22300705,"FEB 04, 2024",PHX @ WAS,W,27,2,6,0.333,1,4,0.25,1,2,0.5,0,3,3,4,0,0,1,0,6,30,1,
22023,1628960,22300690,"FEB 02, 2024",PHX @ ATL,L,31,5,7,0.714,1,3,0.333,1,1,1.0,0,2,2,4,1,2,2,4,12,2,1,
22023,1628960,22300661,"JAN 29, 2024",PHX @ MIA,W,13,0,2,0.0,0,0,0.0,3,4,0.75,0,2,2,1,0,0,1,0,3,11,1,
22023,1628960,22300655,"JAN 28, 2024",PHX @ ORL,L,33,3,3,1.0,1,1,1.0,1,2,0.5,0,5,5,1,0,0,1,2,8,-9,1,
22023,1628960,22300636,"JAN 26, 2024",PHX @ IND,L,37,4,5,0.8,2,3,0.667,1,1,1.0,0,3,3,1,0,1,2,5,11,-8,1,
22023,1628960,22300625,"JAN 24, 2024",PHX @ DAL,W,34,5,8,0.625,3,5,0.6,2,2,1.0,1,4,5,4,1,0,2,3,15,26,1,
22023,1628960,22300612,"JAN 22, 2024",PHX vs. CHI,W,36,3,6,0.5,3,4,0.75,0,0,0.0,0,4,4,3,1,0,1,1,9,-13,1,
22023,1628960,22300604,"JAN 21, 2024",PHX vs. IND,W,32,5,7,0.714,3,4,0.75,0,0,0.0,1,1,2,2,1,0,0,1,13,3,1,
22023,1628960,22300588,"JAN 19, 2024",PHX @ NOP,W,32,4,8,0.5,3,6,0.5,1,2,0.5,0,4,4,6,2,0,0,1,12,19,1,
22023,1628960,22300567,"JAN 16, 2024",PHX vs. SAC,W,37,10,17,0.588,9,14,0.643,0,0,0.0,0,5,5,6,2,2,2,1,29,21,1,
22023,1628960,22300554,"JAN 14, 2024",PHX @ POR,W,33,4,6,0.667,4,6,0.667,8,8,1.0,1,3,4,1,0,2,4,2,20,13,1,
22023,1628960,22300531,"JAN 11, 2024",PHX @ LAL,W,30,2,8,0.25,1,6,0.167,0,0,0.0,1,4,5,3,0,0,0,3,5,32,1,
22023,1628960,22300511,"JAN 08, 2024",PHX @ LAC,L,31,1,3,0.333,1,3,0.333,5,5,1.0,0,3,3,2,0,0,1,1,8,-22,1,
22023,1628960,22300503,"JAN 07, 2024",PHX vs. MEM,L,39,6,15,0.4,4,8,0.5,0,0,0.0,0,2,2,3,0,2,3,2,16,0,1,
22023,1628960,22300489,"JAN 05, 2024",PHX vs. MIA,W,37,11,19,0.579,9,14,0.643,0,0,0.0,1,3,4,4,0,2,2,4,31,13,1,
22023,1628960,22300473,"JAN 03, 2024",PHX vs. LAC,L,32,4,9,0.444,2,4,0.5,0,1,0.0,1,3,4,3,2,0,1,2,10,-19,1,
22023,1628960,22300456,"JAN 01, 2024",PHX vs. POR,W,28,4,7,0.571,2,5,0.4,2,2,1.0,0,2,2,4,2,1,1,1,12,16,1,
22023,1628960,22300450,"DEC 31, 2023",PHX vs. ORL,W,35,4,8,0.5,2,4,0.5,0,0,0.0,0,2,2,4,2,1,1,0,10,14,1,
22023,1628960,22300436,"DEC 29, 2023",PHX vs. CHA,W,33,6,8,0.75,2,4,0.5,2,2,1.0,1,3,4,3,0,1,1,2,16,15,1,
22023,1628960,22300418,"DEC 27, 2023",PHX @ HOU,W,33,5,7,0.714,2,4,0.5,4,4,1.0,1,3,4,3,0,1,3,1,16,15,1,
22023,1628960,22300405,"DEC 25, 2023",PHX vs. DAL,L,39,12,22,0.545,8,17,0.471,0,0,0.0,1,3,4,4,1,0,2,4,32,-5,1,
22023,1628960,22300387,"DEC 22, 2023",PHX @ SAC,L,30,4,10,0.4,3,6,0.5,0,0,0.0,2,2,4,2,3,1,1,1,11,-20,1,
22023,1628960,22300363,"DEC 19, 2023",PHX @ POR,L,33,5,10,0.5,1,5,0.2,0,1,0.0,2,7,9,0,2,0,0,3,11,-8,1,
22023,1628960,22300347,"DEC 17, 2023",PHX vs. WAS,W,33,2,8,0.25,1,6,0.167,6,6,1.0,1,3,4,3,2,2,1,2,11,-4,1,
22023,1628960,22300333,"DEC 15, 2023",PHX vs. NYK,L,36,5,5,1.0,2,2,1.0,1,1,1.0,2,0,2,1,2,1,2,4,13,-14,1,
22023,1628960,22301203,"DEC 05, 2023",PHX @ LAL,L,39,6,14,0.429,4,8,0.5,5,5,1.0,0,2,2,2,2,1,0,2,21,-7,1,
22023,1628960,22300288,"DEC 02, 2023",PHX vs. MEM,W,33,1,4,0.25,1,2,0.5,6,6,1.0,1,1,2,4,1,0,2,1,9,8,1,
22023,1628960,22300279,"DEC 01, 2023",PHX vs. DEN,L,37,5,9,0.556,1,4,0.25,2,2,1.0,0,10,10,3,1,0,0,2,13,-4,1,
22023,1628960,22300044,"NOV 24, 2023",PHX @ MEM,W,37,5,9,0.556,2,4,0.5,2,3,0.667,0,2,2,3,0,1,1,2,14,1,1,
22023,1628960,22300236,"NOV 22, 2023",PHX vs. GSW,W,34,1,4,0.25,1,4,0.25,6,8,0.75,1,2,3,3,1,0,2,5,9,13,1,
22023,1628960,22300041,"NOV 21, 2023",PHX vs. POR,W,35,4,5,0.8,0,1,0.0,0,0,0.0,0,6,6,5,2,0,1,1,8,6,1,
22023,1628960,22300214,"NOV 19, 2023",PHX @ UTA,W,43,5,8,0.625,3,6,0.5,1,2,0.5,0,4,4,3,1,1,2,4,14,12,1,
22023,1628960,22300035,"NOV 17, 2023",PHX @ UTA,W,30,3,8,0.375,2,4,0.5,2,2,1.0,0,1,1,1,0,0,0,1,10,-8,1,
22023,1628960,22300197,"NOV 15, 2023",PHX vs. MIN,W,28,5,9,0.556,3,5,0.6,1,1,1.0,0,3,3,2,0,1,2,1,14,22,1,
22023,1628960,22300185,"NOV 12, 2023",PHX vs. OKC,L,32,2,8,0.25,1,3,0.333,2,2,1.0,2,4,6,1,1,1,2,2,7,-19,1,
22023,1628960,22300015,"NOV 10, 2023",PHX vs. LAL,L,32,4,8,0.5,1,4,0.25,0,0,0.0,2,7,9,4,1,0,2,6,9,-5,1,
22023,1628960,22300162,"NOV 08, 2023",PHX @ CHI,W,37,9,16,0.563,8,13,0.615,0,0,0.0,0,8,8,4,1,2,1,3,26,8,1,
22023,1628960,22300140,"NOV 05, 2023",PHX @ DET,W,30,6,12,0.5,1,3,0.333,1,1,1.0,1,3,4,2,0,0,4,1,14,6,1,
22023,1628960,22300132,"NOV 04, 2023",PHX @ PHI,L,27,3,7,0.429,2,5,0.4,0,0,0.0,1,2,3,2,0,0,1,3,8,0,1,
22023,1628960,22300131,"NOV 02, 2023",PHX vs. SAS,L,33,6,10,0.6,4,5,0.8,0,0,0.0,1,1,2,4,0,0,2,1,16,-10,1,
22023,1628960,22300113,"OCT 31, 2023",PHX vs. SAS,L,37,5,9,0.556,5,7,0.714,4,4,1.0,1,6,7,3,0,1,2,2,19,-12,1,
22023,1628960,22300094,"OCT 28, 2023",PHX vs. UTA,W,31,6,10,0.6,3,7,0.429,2,2,1.0,0,4,4,3,2,0,3,2,17,22,1,
22023,1628960,22300076,"OCT 26, 2023",PHX @ LAL,L,35,2,6,0.333,2,4,0.5,0,0,0.0,1,5,6,4,0,0,0,3,6,0,1,
22023,1628960,22300062,"OCT 24, 2023",PHX @ GSW,W,21,0,6,0.0,0,5,0.0,0,0,0.0,3,1,4,2,0,0,1,2,0,-4,1,
22023,1628962,22300787,"FEB 14, 2024",PHX vs. DET,W,4,0,0,0.0,0,0,0.0,0,0,0.0,0,1,1,0,1,0,0,0,0,-10,1,
22023,1628962,22300739,"FEB 08, 2024",PHX vs. UTA,W,1,0,0,0.0,0,0,0.0,0,0,0.0,0,0,0,0,0,0,0,0,0,0,1,
22023,1628962,22300655,"JAN 28, 2024",PHX @ ORL,L,11,1,3,0.333,0,0,0.0,0,2,0.0,2,4,6,0,0,0,0,1,2,-3,1,
22023,1628962,22300588,"JAN 19, 2024",PHX @ NOP,W,12,1,1,1.0,0,0,0.0,1,2,0.5,0,1,1,1,0,0,1,3,3,-13,1,
22023,1628962,22300531,"JAN 11, 2024",PHX @ LAL,W,5,1,1,1.0,0,0,0.0,0,0,0.0,1,0,1,0,0,0,0,2,2,-6,1,
22023,1628962,22300473,"JAN 03, 2024",PHX vs. LAC,L,2,0,0,0.0,0,0,0.0,0,0,0.0,0,0,0,0,0,0,0,0,0,-3,1,
22023,1628962,22300456,"JAN 01, 2024",PHX vs. POR,W,4,0,2,0.0,0,0,0.0,0,2,0.0,0,2,2,0,0,0,0,0,0,-2,1,
22023,1628962,22300450,"DEC 31, 2023",PHX vs. ORL,W,8,0,0,0.0,0,0,0.0,0,0,0.0,0,1,1,0,0,1,1,1,0,-13,1,
22023,1628962,22300436,"DEC 29, 2023",PHX vs. CHA,W,6,0,0,0.0,0,0,0.0,0,0,0.0,0,0,0,0,0,2,1,1,0,3,1,
22023,1628962,22300418,"DEC 27, 2023",PHX @ HOU,W,19,5,7,0.714,0,0,0.0,1,3,0.333,3,2,5,0,0,2,0,4,11,15,1,
22023,1628962,22300405,"DEC 25, 2023",PHX vs. DAL,L,4,2,2,1.0,0,0,0.0,0,0,0.0,0,0,0,0,0,0,0,0,4,2,1,
22023,1628962,22300387,"DEC 22, 2023",PHX @ SAC,L,22,5,5,1.0,0,0,0.0,1,2,0.5,5,6,11,2,0,1,1,4,11,1,1,
22023,1628962,22300140,"NOV 05, 2023",PHX @ DET,W,3,0,0,0.0,0,0,0.0,0,0,0.0,0,1,1,0,0,0,0,1,0,-5,1,
22023,1628962,22300094,"OCT 28, 2023",PHX vs. UTA,W,6,1,1,1.0,0,0,0.0,0,0,0.0,0,3,3,0,0,0,0,0,2,-4,1,
22023,1628963,22300784,"FEB 14, 2024",WAS @ NOP,L,30,6,14,0.429,1,2,0.5,1,2,0.5,6,4,10,2,0,2,1,1,14,-1,1,
22023,1628963,22300768,"FEB 12, 2024",WAS @ DAL,L,28,6,10,0.6,0,0,0.0,0,0,0.0,5,8,13,2,1,1,1,3,12,-3,1,
22023,1628963,22300753,"FEB 10, 2024",WAS vs. PHI,L,15,1,7,0.143,0,1,0.0,0,0,0.0,0,1,1,0,0,2,0,1,2,1,1,
22023,1628963,22300676,"JAN 31, 2024",WAS vs. LAC,L,18,5,7,0.714,0,0,0.0,0,0,0.0,3,5,8,2,0,0,1,1,10,-10,1,
22023,1628963,22300665,"JAN 29, 2024",WAS @ SAS,W,20,5,6,0.833,0,0,0.0,5,6,0.833,0,3,3,1,0,0,5,3,15,2,1,
22023,1628963,22300642,"JAN 27, 2024",WAS @ DET,W,20,3,7,0.429,0,0,0.0,7,8,0.875,5,3,8,2,1,0,3,4,13,9,1,
22023,1628963,22300628,"JAN 25, 2024",WAS vs. UTA,L,16,4,5,0.8,0,0,0.0,6,9,0.667,1,2,3,1,0,0,1,2,14,-15,1,
22023,1628963,22300620,"JAN 24, 2024",WAS vs. MIN,L,26,7,8,0.875,0,0,0.0,3,8,0.375,6,9,15,0,1,0,1,3,17,-1,1,
22023,1628963,22300602,"JAN 21, 2024",WAS vs. DEN,L,18,5,9,0.556,0,0,0.0,4,4,1.0,5,2,7,1,0,0,0,3,14,1,1,
22023,1628963,22300594,"JAN 20, 2024",WAS vs. SAS,L,36,8,19,0.421,1,3,0.333,4,4,1.0,7,5,12,2,1,0,2,5,21,-19,1,
22023,1628963,22300579,"JAN 18, 2024",WAS @ NYK,L,39,10,16,0.625,0,0,0.0,0,5,0.0,6,5,11,2,2,3,3,3,20,2,1,
22023,1628963,22300534,"JAN 12, 2024",DET vs. HOU,L,12,4,6,0.667,0,0,0.0,3,4,0.75,1,3,4,1,1,0,0,2,11,-2,1,
22023,1628963,22300453,"JAN 01, 2024",DET @ HOU,L,9,1,2,0.5,0,0,0.0,0,0,0.0,0,0,0,2,1,0,0,0,2,1,1,
22023,1628963,22300394,"DEC 23, 2023",DET @ BKN,L,15,2,4,0.5,0,0,0.0,1,2,0.5,2,3,5,0,0,0,1,0,5,-9,1,
22023,1628963,22300374,"DEC 21, 2023",DET vs. UTA,L,31,10,12,0.833,0,1,0.0,2,2,1.0,2,3,5,0,0,0,0,3,22,6,1,
22023,1628963,22300352,"DEC 18, 2023",DET @ ATL,L,23,7,12,0.583,0,0,0.0,3,4,0.75,1,0,1,0,0,0,2,2,17,-10,1,
22023,1628963,22300334,"DEC 16, 2023",DET @ MIL,L,22,6,11,0.545,0,0,0.0,0,1,0.0,3,4,7,1,1,2,0,3,12,-17,1,
22023,1628963,22301217,"DEC 08, 2023",DET @ ORL,L,23,4,7,0.571,0,0,0.0,1,2,0.5,2,3,5,0,0,0,4,1,9,-19,1,
22023,1628963,22300283,"DEC 02, 2023",DET vs. CLE,L,7,0,1,0.0,0,0,0.0,0,0,0.0,1,2,3,0,1,0,0,1,0,-11,1,
22023,1628963,22300268,"NOV 30, 2023",DET @ NYK,L,14,3,6,0.5,0,0,0.0,2,2,1.0,3,0,3,1,0,1,1,1,8,-7,1,
22023,1628963,22300258,"NOV 29, 2023",DET vs. LAL,L,14,2,4,0.5,0,0,0.0,0,2,0.0,1,1,2,0,0,0,0,0,4,-4,1,
22023,1628963,22300047,"NOV 24, 2023",DET @ IND,L,14,3,6,0.5,0,0,0.0,0,0,0.0,3,3,6,2,0,3,1,1,6,-8,1,
22023,1628963,22300218,"NOV 20, 2023",DET vs. DEN,L,26,7,13,0.538,0,0,0.0,4,5,0.8,3,5,8,1,0,0,1,4,18,8,1,
22023,1628963,22300211,"NOV 19, 2023",DET @ TOR,L,15,3,4,0.75,0,0,0.0,0,0,0.0,1,1,2,3,0,0,0,0,6,-21,1,
22023,1628963,22300030,"NOV 17, 2023",DET @ CLE,L,16,3,5,0.6,0,0,0.0,2,2,1.0,1,2,3,1,1,1,1,0,8,-17,1,
22023,1628963,22300018,"NOV 14, 2023",DET vs. ATL,L,30,9,12,0.75,0,0,0.0,4,4,1.0,6,5,11,1,0,1,4,2,22,4,1,
22023,1628963,22300181,"NOV 12, 2023",DET @ CHI,L,23,6,12,0.5,0,1,0.0,2,2,1.0,2,3,5,1,0,1,3,1,14,-8,1,
22023,1628963,22300008,"NOV 10, 2023",DET vs. PHI,L,13,3,4,0.75,0,0,0.0,0,0,0.0,2,3,5,1,0,0,1,2,6,2,1,
22023,1628963,22300165,"NOV 08, 2023",DET @ MIL,L,20,5,6,0.833,0,0,0.0,2,2,1.0,2,0,2,2,0,1,1,4,12,1,1,
22023,1628963,22300145,"NOV 06, 2023",DET vs. GSW,L,24,4,8,0.5,0,0,0.0,2,2,1.0,0,2,2,1,0,0,1,1,10,1,1,
22023,1628963,22300140,"NOV 05, 2023",DET vs. PHX,L,11,3,5,0.6,0,0,0.0,5,5,1.0,1,1,2,1,0,0,1,5,11,7,1,
22023,1628963,22300129,"NOV 02, 2023",DET @ NOP,L,13,3,7,0.429,0,0,0.0,0,0,0.0,4,5,9,0,0,1,1,0,6,5,1,
22023,1628963,22300115,"NOV 01, 2023",DET vs. POR,L,33,3,10,0.3,0,2,0.0,4,5,0.8,0,6,6,3,0,2,5,3,10,8,1,
22023,1628963,22300109,"OCT 30, 2023",DET @ OKC,L,24,3,4,0.75,0,0,0.0,7,8,0.875,1,3,4,1,0,0,0,1,13,0,1,
22023,1628963,22300088,"OCT 28, 2023",DET vs. CHI,W,15,5,8,0.625,1,1,1.0,0,0,0.0,2,4,6,0,0,0,0,2,11,10,1,
22023,1628963,22300077,"OCT 27, 2023",DET @ CHA,W,13,5,9,0.556,0,1,0.0,4,5,0.8,0,4,4,1,0,0,0,0,14,7,1,
22023,1628963,22300068,"OCT 25, 2023",DET @ MIA,L,16,3,3,1.0,0,0,0.0,2,2,1.0,2,6,8,3,0,1,1,1,8,3,1,
22023,1628964,22300779,"FEB 14, 2024",PHI vs. MIA,L,9,0,0,0.0,0,0,0.0,1,4,0.25,0,3,3,0,0,0,2,2,1,0,1,
22023,1628964,22300762,"FEB 12, 2024",PHI @ CLE,W,19,3,6,0.5,1,2,0.5,0,0,0.0,2,6,8,1,0,1,1,1,7,9,1,
22023,1628964,22300742,"FEB 09, 2024",PHI vs. ATL,L,16,1,3,0.333,1,2,0.5,0,0,0.0,2,1,3,3,1,3,1,2,3,5,1,
22023,1628964,22300727,"FEB 07, 2024",PHI vs. GSW,L,9,0,0,0.0,0,0,0.0,0,0,0.0,0,2,2,1,0,0,2,3,0,-5,1,
22023,1628964,22300715,"FEB 05, 2024",PHI vs. DAL,L,18,2,7,0.286,0,1,0.0,1,2,0.5,4,6,10,0,0,1,1,4,5,-7,1,
22023,1628964,22300698,"FEB 03, 2024",PHI vs. BKN,L,16,2,4,0.5,0,0,0.0,1,2,0.5,3,3,6,0,0,0,0,1,5,-6,1,
22023,1628964,22300686,"FEB 01, 2024",PHI @ UTA,W,18,2,7,0.286,0,2,0.0,0,0,0.0,1,8,9,0,0,3,1,1,4,-7,1,
22023,1628964,22300668,"JAN 29, 2024",PHI @ POR,L,19,2,4,0.5,0,2,0.0,0,0,0.0,0,5,5,1,1,3,0,5,4,-5,1,
22023,1628964,22300532,"JAN 12, 2024",PHI vs. SAC,W,20,4,6,0.667,2,2,1.0,1,2,0.5,2,1,3,0,1,4,2,1,11,9,1,
22023,1628964,22300521,"JAN 10, 2024",PHI @ ATL,L,14,2,4,0.5,0,1,0.0,1,2,0.5,4,2,6,2,1,3,1,3,5,-5,1,
22023,1628964,22300495,"JAN 06, 2024",PHI vs. UTA,L,17,3,9,0.333,0,2,0.0,0,1,0.0,3,2,5,1,1,1,0,4,6,-2,1,
22023,1628964,22300483,"JAN 05, 2024",PHI vs. NYK,L,5,1,1,1.0,0,0,0.0,0,0,0.0,0,2,2,1,2,0,0,0,2,-2,1,
22023,1628964,22300459,"JAN 02, 2024",PHI vs. CHI,W,7,0,1,0.0,0,0,0.0,0,0,0.0,0,2,2,0,1,0,2,3,0,-12,1,
22023,1628964,22300442,"DEC 30, 2023",PHI @ CHI,L,13,2,3,0.667,0,0,0.0,1,1,1.0,2,3,5,2,0,0,1,0,5,9,1,
22023,1628964,22300434,"DEC 29, 2023",PHI @ HOU,W,5,0,1,0.0,0,0,0.0,2,2,1.0,2,0,2,0,0,0,0,1,2,-3,1,
22023,1628964,22300415,"DEC 27, 2023",PHI @ ORL,W,16,0,1,0.0,0,0,0.0,0,0,0.0,2,5,7,1,1,1,1,2,0,13,1,
22023,1628964,22300404,"DEC 25, 2023",PHI @ MIA,L,26,7,8,0.875,3,3,1.0,1,2,0.5,1,5,6,2,2,0,1,2,18,-13,1,
22023,1628964,22300367,"DEC 20, 2023",PHI vs. MIN,W,2,0,0,0.0,0,0,0.0,0,0,0.0,0,0,0,0,0,0,0,0,0,2,1,
22023,1628964,22300335,"DEC 16, 2023",PHI @ CHA,W,7,3,3,1.0,1,1,1.0,0,1,0.0,0,1,1,1,0,0,0,2,7,4,1,
22023,1628964,22300327,"DEC 15, 2023",PHI vs. DET,W,9,1,2,0.5,1,1,1.0,0,0,0.0,1,3,4,0,0,1,0,2,3,-4,1,
22023,1628964,22300310,"DEC 13, 2023",PHI @ DET,W,3,1,1,1.0,0,0,0.0,0,0,0.0,0,0,0,0,0,0,0,0,2,-5,1,
22023,1628964,22300295,"DEC 11, 2023",PHI vs. WAS,W,8,2,6,0.333,0,1,0.0,2,2,1.0,3,3,6,2,0,2,0,1,6,5,1,
22023,1628964,22301218,"DEC 08, 2023",PHI vs. ATL,W,5,0,1,0.0,0,0,0.0,0,0,0.0,1,2,3,0,0,0,1,1,0,-1,1,
22023,1628964,22300275,"DEC 01, 2023",PHI @ BOS,L,20,4,7,0.571,2,4,0.5,1,2,0.5,5,1,6,1,0,1,2,1,11,3,1,
22023,1628964,22300262,"NOV 29, 2023",PHI @ NOP,L,14,3,7,0.429,0,1,0.0,0,1,0.0,3,1,4,0,0,4,1,3,6,5,1,
22023,1628964,22300255,"NOV 27, 2023",PHI vs. LAL,W,5,3,4,0.75,1,1,1.0,0,0,0.0,1,2,3,0,0,0,0,0,7,13,1,
22023,1628964,22300232,"NOV 22, 2023",PHI @ MIN,L,6,1,2,0.5,0,1,0.0,2,2,1.0,1,1,2,0,0,0,0,0,4,8,1,
22023,1628964,22300208,"NOV 19, 2023",PHI @ BKN,W,3,2,2,1.0,0,0,0.0,1,1,1.0,0,0,0,0,1,0,0,0,5,3,1,
22023,1628964,22300148,"NOV 06, 2023",PHI vs. WAS,W,4,0,0,0.0,0,0,0.0,2,2,1.0,0,2,2,0,0,1,2,1,2,-6,1,
22023,1628964,22300132,"NOV 04, 2023",PHI vs. PHX,W,2,0,2,0.0,0,0,0.0,0,0,0.0,2,0,2,0,0,0,0,1,0,-5,1,
22023,1628964,22300128,"NOV 02, 2023",PHI vs. TOR,W,1,0,0,0.0,0,0,0.0,0,0,0.0,0,2,2,0,0,0,1,1,0,-2,1,
22023,1628964,22300098,"OCT 29, 2023",PHI vs. POR,W,2,0,0,0.0,0,0,0.0,0,0,0.0,0,0,0,0,0,1,0,0,0,0,1,
22023,1628966,22300780,"FEB 14, 2024",BKN @ BOS,L,12,3,4,0.75,1,1,1.0,0,0,0.0,0,1,1,0,1,0,1,0,7,-4,1,
22023,1628966,22300750,"FEB 10, 2024",BKN vs. SAS,W,4,1,1,1.0,0,0,0.0,0,0,0.0,0,0,0,0,0,0,0,0,2,-4,1,
22023,1628966,22300705,"FEB 04, 2024",PHX @ WAS,W,8,1,1,1.0,0,0,0.0,0,0,0.0,0,3,3,1,1,2,2,0,2,-1,1,
22023,1628966,22300690,"FEB 02, 2024",PHX @ ATL,L,10,2,5,0.4,2,4,0.5,0,0,0.0,1,1,2,0,0,0,0,0,6,-8,1,
22023,1628966,22300677,"JAN 31, 2024",PHX @ BKN,W,19,2,2,1.0,1,1,1.0,0,0,0.0,2,2,4,1,0,0,1,0,5,2,1,
22023,1628966,22300661,"JAN 29, 2024",PHX @ MIA,W,6,1,1,1.0,1,1,1.0,0,0,0.0,0,0,0,0,0,1,0,0,3,3,1,
22023,1628966,22300655,"JAN 28, 2024",PHX @ ORL,L,20,2,6,0.333,0,1,0.0,1,2,0.5,0,1,1,0,0,1,1,1,5,0,1,
22023,1628966,22300636,"JAN 26, 2024",PHX @ IND,L,9,1,1,1.0,0,0,0.0,0,0,0.0,1,3,4,1,0,0,1,0,2,7,1,
22023,1628966,22300625,"JAN 24, 2024",PHX @ DAL,W,15,5,7,0.714,1,2,0.5,0,0,0.0,2,0,2,1,1,0,1,0,11,1,1,
22023,1628966,22300612,"JAN 22, 2024",PHX vs. CHI,W,18,2,3,0.667,1,2,0.5,0,0,0.0,0,1,1,2,1,1,0,1,5,15,1,
22023,1628966,22300604,"JAN 21, 2024",PHX vs. IND,W,12,0,0,0.0,0,0,0.0,0,0,0.0,1,1,2,1,1,0,1,1,0,-3,1,
22023,1628966,22300588,"JAN 19, 2024",PHX @ NOP,W,5,0,1,0.0,0,1,0.0,0,0,0.0,0,2,2,0,0,0,0,0,0,-13,1,
22023,1628966,22300554,"JAN 14, 2024",PHX @ POR,W,13,2,3,0.667,0,1,0.0,0,0,0.0,1,1,2,3,0,0,0,1,4,5,1,
22023,1628966,22300531,"JAN 11, 2024",PHX @ LAL,W,5,1,3,0.333,0,1,0.0,0,0,0.0,0,0,0,0,0,0,0,0,2,-7,1,
22023,1628966,22300511,"JAN 08, 2024",PHX @ LAC,L,2,1,1,1.0,1,1,1.0,0,0,0.0,0,0,0,0,0,0,0,1,3,3,1,
22023,1628966,22300503,"JAN 07, 2024",PHX vs. MEM,L,14,1,3,0.333,1,3,0.333,0,0,0.0,1,2,3,1,0,0,0,3,3,-15,1,
22023,1628966,22300489,"JAN 05, 2024",PHX vs. MIA,W,19,0,6,0.0,0,3,0.0,0,0,0.0,1,3,4,0,3,0,0,1,0,-6,1,
22023,1628966,22300473,"JAN 03, 2024",PHX vs. LAC,L,21,1,3,0.333,1,2,0.5,2,2,1.0,0,0,0,3,1,0,0,3,5,-2,1,
22023,1628966,22300456,"JAN 01, 2024",PHX vs. POR,W,17,1,1,1.0,1,1,1.0,0,0,0.0,0,3,3,1,2,0,0,1,3,15,1,
22023,1628966,22300333,"DEC 15, 2023",PHX vs. NYK,L,14,2,5,0.4,0,1,0.0,0,0,0.0,0,3,3,0,0,0,0,0,4,-13,1,
22023,1628966,22300317,"DEC 13, 2023",PHX vs. BKN,L,12,1,3,0.333,0,1,0.0,0,0,0.0,0,2,2,1,0,0,1,1,2,1,1,
22023,1628966,22300308,"DEC 12, 2023",PHX vs. GSW,W,6,0,2,0.0,0,2,0.0,0,0,0.0,0,0,0,0,0,0,1,0,0,5,1,
22023,1628966,22301228,"DEC 08, 2023",PHX vs. SAC,L,17,2,6,0.333,1,3,0.333,0,2,0.0,1,3,4,2,0,0,0,0,5,-8,1,
22023,1628966,22301203,"DEC 05, 2023",PHX @ LAL,L,6,1,3,0.333,0,1,0.0,0,0,0.0,1,0,1,1,0,1,0,0,2,2,1,
22023,1628966,22300288,"DEC 02, 2023",PHX vs. MEM,W,18,3,6,0.5,1,2,0.5,1,1,1.0,0,3,3,0,1,0,1,0,8,-10,1,
22023,1628966,22300279,"DEC 01, 2023",PHX vs. DEN,L,17,0,1,0.0,0,0,0.0,4,4,1.0,0,1,1,1,0,0,0,0,4,-10,1,
22023,1628966,22300260,"NOV 29, 2023",PHX @ TOR,L,13,3,5,0.6,0,1,0.0,3,3,1.0,2,1,3,0,0,0,0,0,9,-7,1,
22023,1628966,22300247,"NOV 26, 2023",PHX @ NYK,W,28,3,11,0.273,0,5,0.0,3,3,1.0,2,5,7,2,2,1,1,3,9,0,1,
22023,1628966,22300044,"NOV 24, 2023",PHX @ MEM,W,24,2,5,0.4,0,1,0.0,2,2,1.0,1,3,4,1,1,2,0,0,6,8,1,
22023,1628966,22300236,"NOV 22, 2023",PHX vs. GSW,W,13,1,2,0.5,1,1,1.0,0,2,0.0,1,2,3,0,1,0,1,1,3,1,1,
22023,1628966,22300041,"NOV 21, 2023",PHX vs. POR,W,10,0,1,0.0,0,0,0.0,1,2,0.5,0,1,1,0,0,0,0,0,1,-7,1,
22023,1628966,22300214,"NOV 19, 2023",PHX @ UTA,W,23,2,6,0.333,1,4,0.25,1,1,1.0,1,0,1,1,1,2,0,3,6,-5,1,
22023,1628966,22300035,"NOV 17, 2023",PHX @ UTA,W,20,2,4,0.5,0,0,0.0,3,3,1.0,1,2,3,0,2,3,0,4,7,9,1,
22023,1628966,22300197,"NOV 15, 2023",PHX vs. MIN,W,13,1,1,1.0,0,0,0.0,0,0,0.0,1,1,2,1,0,0,0,1,2,-9,1,
22023,1628966,22300185,"NOV 12, 2023",PHX vs. OKC,L,27,3,9,0.333,0,1,0.0,0,0,0.0,4,4,8,2,0,0,1,3,6,-4,1,
22023,1628966,22300015,"NOV 10, 2023",PHX vs. LAL,L,30,4,11,0.364,1,6,0.167,2,2,1.0,2,3,5,0,2,0,0,0,11,-6,1,
22023,1628966,22300162,"NOV 08, 2023",PHX @ CHI,W,31,2,4,0.5,2,4,0.5,1,2,0.5,1,4,5,3,1,3,0,3,7,19,1,
22023,1628966,22300140,"NOV 05, 2023",PHX @ DET,W,20,0,3,0.0,0,1,0.0,0,0,0.0,2,4,6,1,0,1,0,0,0,1,1,
22023,1628966,22300132,"NOV 04, 2023",PHX @ PHI,L,24,3,6,0.5,2,3,0.667,0,1,0.0,0,3,3,2,1,2,0,0,8,-2,1,
22023,1628966,22300131,"NOV 02, 2023",PHX vs. SAS,L,18,5,7,0.714,1,3,0.333,2,4,0.5,0,2,2,0,0,0,0,1,13,7,1,
22023,1628966,22300094,"OCT 28, 2023",PHX vs. UTA,W,6,1,2,0.5,0,0,0.0,0,0,0.0,0,1,1,1,0,0,0,0,2,-4,1,
22023,1628969,22300780,"FEB 14, 2024",BKN @ BOS,L,26,4,12,0.333,2,6,0.333,0,0,0.0,1,3,4,4,1,0,1,0,10,-30,1,
22023,1628969,22300771,"FEB 13, 2024",BKN vs. BOS,L,40,10,20,0.5,3,8,0.375,4,4,1.0,0,2,2,3,1,0,2,3,27,-5,1,
22023,1628969,22300750,"FEB 10, 2024",BKN vs. SAS,W,33,4,11,0.364,3,6,0.5,3,3,1.0,0,6,6,3,1,1,1,0,14,17,1,
22023,1628969,22300735,"FEB 08, 2024",BKN vs. CLE,L,35,10,23,0.435,5,13,0.385,1,2,0.5,1,2,3,5,0,0,3,1,26,-28,1,
22023,1628969,22300720,"FEB 06, 2024",BKN vs. DAL,L,39,11,21,0.524,5,11,0.455,1,1,1.0,0,1,1,4,2,0,1,0,28,-18,1,
22023,1628969,22300717,"FEB 05, 2024",BKN vs. GSW,L,43,5,15,0.333,1,7,0.143,2,2,1.0,2,4,6,4,1,1,3,0,13,-6,1,
22023,1628969,22300698,"FEB 03, 2024",BKN @ PHI,W,32,7,16,0.438,5,12,0.417,4,5,0.8,1,2,3,4,0,0,1,1,23,25,1,
22023,1628969,22300677,"JAN 31, 2024",BKN vs. PHX,L,40,7,16,0.438,6,12,0.5,1,3,0.333,1,2,3,2,1,0,2,2,21,-4,1,
22023,1628969,22300660,"JAN 29, 2024",BKN vs. UTA,W,37,12,24,0.5,6,14,0.429,3,3,1.0,1,2,3,4,1,0,1,3,33,33,1,
22023,1628969,22300645,"JAN 27, 2024",BKN vs. HOU,W,41,6,14,0.429,3,8,0.375,4,6,0.667,0,5,5,1,3,1,3,3,19,-5,1,
22023,1628969,22300629,"JAN 25, 2024",BKN vs. MIN,L,35,8,18,0.444,2,8,0.25,3,5,0.6,0,1,1,3,2,0,3,1,21,2,1,
22023,1628969,22300615,"JAN 23, 2024",BKN vs. NYK,L,37,14,26,0.538,7,13,0.538,1,2,0.5,0,5,5,5,1,0,0,2,36,0,1,
22023,1628969,22300600,"JAN 21, 2024",BKN @ LAC,L,38,9,17,0.529,4,7,0.571,4,4,1.0,1,5,6,5,1,1,3,1,26,-12,1,
22023,1628969,22300591,"JAN 19, 2024",BKN @ LAL,W,35,6,11,0.545,4,8,0.5,1,2,0.5,0,1,1,5,2,0,2,1,17,14,1,
22023,1628969,22300578,"JAN 17, 2024",BKN @ POR,L,34,7,18,0.389,3,9,0.333,4,6,0.667,0,4,4,4,0,1,1,4,21,-3,1,
22023,1628969,22300562,"JAN 15, 2024",BKN vs. MIA,L,44,10,23,0.435,2,10,0.2,4,4,1.0,2,7,9,6,2,2,1,1,26,-1,1,
22023,1628969,22300527,"JAN 11, 2024",BKN @ CLE,L,39,6,18,0.333,2,6,0.333,12,13,0.923,0,6,6,1,1,0,4,3,26,-6,1,
22023,1628969,22300498,"JAN 07, 2024",BKN vs. POR,L,44,15,26,0.577,4,8,0.5,8,8,1.0,0,4,4,3,0,0,3,0,42,-2,1,
22023,1628969,22300481,"JAN 05, 2024",BKN vs. OKC,W,39,5,13,0.385,0,5,0.0,7,8,0.875,1,7,8,3,0,1,4,4,17,5,1,
22023,1628969,22300469,"JAN 03, 2024",BKN @ HOU,L,36,5,18,0.278,3,12,0.25,2,3,0.667,0,4,4,3,1,1,1,1,15,-19,1,
22023,1628969,22300461,"JAN 02, 2024",BKN @ NOP,L,29,4,11,0.364,2,5,0.4,3,3,1.0,2,1,3,2,0,0,4,0,13,-24,1,
22023,1628969,22300447,"DEC 31, 2023",BKN @ OKC,L,37,8,20,0.4,3,10,0.3,3,3,1.0,0,7,7,7,1,0,0,1,22,-8,1,
22023,1628969,22300430,"DEC 29, 2023",BKN @ WAS,L,36,6,14,0.429,2,6,0.333,5,7,0.714,0,5,5,1,1,1,2,2,19,11,1,
22023,1628969,22300417,"DEC 27, 2023",BKN vs. MIL,L,12,3,4,0.75,0,1,0.0,0,0,0.0,0,3,3,1,1,0,1,0,6,-1,1,
22023,1628969,22300406,"DEC 26, 2023",BKN @ DET,W,40,6,14,0.429,0,1,0.0,9,15,0.6,0,4,4,3,0,0,3,2,21,0,1,
22023,1628969,22300394,"DEC 23, 2023",BKN vs. DET,W,33,9,17,0.529,1,4,0.25,10,10,1.0,2,4,6,7,1,1,1,2,29,8,1,
22023,1628969,22300383,"DEC 22, 2023",BKN vs. DEN,L,29,7,16,0.438,0,3,0.0,0,1,0.0,2,1,3,6,0,0,3,2,14,-13,1,
22023,1628969,22300368,"DEC 20, 2023",BKN vs. NYK,L,33,4,21,0.19,1,8,0.125,6,6,1.0,2,3,5,2,2,0,2,0,15,-17,1,
22023,1628969,22300357,"DEC 18, 2023",BKN @ UTA,L,35,4,16,0.25,3,8,0.375,2,5,0.4,0,1,1,5,0,0,2,3,13,-19,1,
22023,1628969,22300339,"DEC 16, 2023",BKN @ GSW,L,40,6,17,0.353,3,4,0.75,3,3,1.0,1,5,6,2,1,0,2,1,18,-2,1,
22023,1628969,22300322,"DEC 14, 2023",BKN @ DEN,L,25,3,8,0.375,2,6,0.333,1,2,0.5,0,0,0,1,1,0,4,0,9,-13,1,
22023,1628969,22300317,"DEC 13, 2023",BKN @ PHX,W,39,7,19,0.368,3,9,0.333,4,5,0.8,0,3,3,2,1,0,0,3,21,0,1,
22023,1628969,22300303,"DEC 11, 2023",BKN @ SAC,L,37,6,13,0.462,3,5,0.6,7,7,1.0,2,3,5,5,0,0,5,1,22,-13,1,
22023,1628969,22301219,"DEC 08, 2023",BKN vs. WAS,W,30,9,15,0.6,2,3,0.667,1,1,1.0,1,3,4,3,0,2,2,0,21,24,1,
22023,1628969,22301209,"DEC 06, 2023",BKN @ ATL,W,35,12,19,0.632,3,4,0.75,5,5,1.0,0,5,5,6,0,1,1,2,32,1,1,
22023,1628969,22300282,"DEC 02, 2023",BKN vs. ORL,W,35,12,20,0.6,3,6,0.5,15,18,0.833,1,4,5,3,1,3,3,3,42,26,1,
22023,1628969,22300266,"NOV 30, 2023",BKN vs. CHA,L,38,9,22,0.409,2,5,0.4,2,3,0.667,0,9,9,4,2,0,2,1,22,7,1,
22023,1628969,22300054,"NOV 28, 2023",BKN vs. TOR,W,38,9,17,0.529,1,3,0.333,3,3,1.0,1,9,10,5,0,0,5,3,22,15,1,
22023,1628969,22300250,"NOV 26, 2023",BKN vs. CHI,W,36,5,7,0.714,4,6,0.667,1,2,0.5,0,2,2,6,0,0,2,0,15,-7,1,
22023,1628969,22300240,"NOV 25, 2023",BKN vs. MIA,W,33,8,19,0.421,3,6,0.5,5,5,1.0,1,5,6,3,2,1,3,2,24,16,1,
22023,1628969,22300227,"NOV 22, 2023",BKN @ ATL,L,44,16,31,0.516,2,6,0.333,11,12,0.917,3,7,10,4,2,0,1,2,45,-12,1,
22023,1628969,22300208,"NOV 19, 2023",BKN vs. PHI,L,29,8,12,0.667,2,2,1.0,0,0,0.0,0,1,1,3,0,0,2,0,18,-14,1,
22023,1628969,22300200,"NOV 16, 2023",BKN @ MIA,L,35,6,15,0.4,2,6,0.333,9,10,0.9,1,6,7,5,0,0,3,2,23,5,1,
22023,1628969,22300020,"NOV 14, 2023",BKN vs. ORL,W,32,9,17,0.529,3,5,0.6,0,1,0.0,1,4,5,4,4,0,6,2,21,12,1,
22023,1628969,22300178,"NOV 12, 2023",BKN vs. WAS,W,34,11,29,0.379,2,14,0.143,3,5,0.6,4,9,13,2,1,0,4,0,27,17,1,
22023,1628969,22300010,"NOV 10, 2023",BKN @ BOS,L,28,4,11,0.364,1,6,0.167,3,3,1.0,0,5,5,1,0,0,2,2,12,-14,1,
22023,1628969,22300160,"NOV 08, 2023",BKN vs. LAC,W,34,4,11,0.364,1,4,0.25,1,2,0.5,1,7,8,7,2,2,3,1,10,1,1,
22023,1628969,22300149,"NOV 06, 2023",BKN vs. MIL,L,39,12,21,0.571,1,5,0.2,6,7,0.857,1,4,5,4,1,1,1,2,31,7,1,
22023,1628969,22300136,"NOV 04, 2023",BKN vs. BOS,L,38,7,20,0.35,4,11,0.364,1,1,1.0,2,4,6,4,1,1,0,4,19,-9,1,
22023,1628969,22300004,"NOV 03, 2023",BKN @ CHI,W,33,8,17,0.471,3,8,0.375,1,2,0.5,0,2,2,3,0,0,0,0,20,-5,1,
22023,1628969,22300119,"NOV 01, 2023",BKN @ MIA,W,31,7,16,0.438,2,7,0.286,5,5,1.0,2,5,7,5,1,0,2,1,21,-14,1,
22023,1628969,22300101,"OCT 30, 2023",BKN @ CHA,W,38,10,13,0.769,1,3,0.333,3,3,1.0,1,6,7,4,1,1,5,3,24,10,1,
22023,1628969,22300084,"OCT 27, 2023",BKN @ DAL,L,35,6,17,0.353,3,7,0.429,3,3,1.0,1,3,4,3,0,0,1,2,18,-12,1,
22023,1628969,22300067,"OCT 25, 2023",BKN vs. CLE,L,35,6,12,0.5,0,2,0.0,8,9,0.889,2,4,6,4,3,0,3,4,20,-3,1,
22023,1628970,22300777,"FEB 14, 2024",CHA vs. ATL,W,34,5,13,0.385,3,6,0.5,4,4,1.0,1,4,5,4,1,1,1,4,17,33,1,
22023,1628970,22300761,"FEB 12, 2024",CHA vs. IND,W,39,9,17,0.529,1,6,0.167,1,1,1.0,0,10,10,7,3,0,2,0,20,1,1,
22023,1628970,22300751,"FEB 10, 2024",CHA vs. MEM,W,39,11,13,0.846,2,2,1.0,1,2,0.5,1,5,6,5,2,1,3,0,25,7,1,
22023,1628970,22300745,"FEB 09, 2024",CHA @ MIL,L,31,2,16,0.125,2,6,0.333,5,6,0.833,1,4,5,3,0,0,1,1,11,-39,1,
22023,1628970,22300726,"FEB 07, 2024",CHA vs. TOR,L,38,17,27,0.63,6,11,0.545,5,7,0.714,5,3,8,7,0,0,1,4,45,-6,1,
22023,1628970,22300713,"FEB 05, 2024",CHA vs. LAL,L,40,16,26,0.615,5,10,0.5,4,4,1.0,0,0,0,4,0,0,1,1,41,-4,1,
22023,1628970,22300707,"FEB 04, 2024",CHA vs. IND,L,38,8,23,0.348,1,5,0.2,2,2,1.0,1,5,6,3,0,1,2,2,19,-24,1,
22023,1628970,22300695,"FEB 02, 2024",CHA @ OKC,L,32,3,16,0.188,1,3,0.333,2,2,1.0,0,5,5,4,0,0,2,2,9,-36,1,
22023,1628970,22300674,"JAN 31, 2024",CHA vs. CHI,L,41,11,20,0.55,6,13,0.462,2,2,1.0,2,13,15,5,1,3,0,1,30,3,1,
22023,1628970,22300657,"JAN 29, 2024",CHA vs. NYK,L,39,10,20,0.5,1,6,0.167,0,2,0.0,1,9,10,5,3,1,3,2,21,-22,1,
22023,1628970,22300647,"JAN 27, 2024",CHA vs. UTA,L,41,8,19,0.421,3,8,0.375,2,2,1.0,1,8,9,6,2,2,1,2,21,-14,1,
22023,1628970,22300635,"JAN 26, 2024",CHA vs. HOU,L,36,7,11,0.636,2,4,0.5,5,5,1.0,1,6,7,3,1,0,4,1,21,-29,1,
22023,1628970,22300619,"JAN 24, 2024",CHA @ DET,L,41,7,21,0.333,3,9,0.333,3,4,0.75,0,10,10,2,2,0,3,1,20,3,1,
22023,1628970,22300610,"JAN 22, 2024",CHA @ MIN,W,40,10,23,0.435,3,10,0.3,5,5,1.0,1,4,5,2,1,0,1,2,28,-13,1,
22023,1628970,22300593,"JAN 20, 2024",CHA vs. PHI,L,40,9,22,0.409,5,10,0.5,2,2,1.0,0,11,11,3,0,1,2,2,25,8,1,
22023,1628970,22300584,"JAN 19, 2024",CHA vs. SAS,W,39,10,15,0.667,2,2,1.0,1,1,1.0,0,6,6,3,0,1,2,3,23,-4,1,
22023,1628970,22300575,"JAN 17, 2024",CHA @ NOP,L,35,8,20,0.4,3,7,0.429,0,0,0.0,0,4,4,3,0,0,2,1,19,-12,1,
22023,1628970,22300551,"JAN 14, 2024",CHA @ MIA,L,38,8,17,0.471,1,7,0.143,3,3,1.0,1,6,7,1,1,0,3,0,20,-16,1,
22023,1628970,22300541,"JAN 12, 2024",CHA @ SAS,L,33,4,13,0.308,1,4,0.25,5,5,1.0,1,8,9,0,1,0,1,1,14,-32,1,
22023,1628970,22300518,"JAN 10, 2024",CHA vs. SAC,L,34,10,21,0.476,4,8,0.5,0,0,0.0,1,6,7,6,1,0,3,1,24,-7,1,
22023,1628970,22300506,"JAN 08, 2024",CHA vs. CHI,L,40,9,18,0.5,4,8,0.5,2,3,0.667,2,6,8,5,1,2,5,3,24,-2,1,
22023,1628970,22300484,"JAN 05, 2024",CHA @ CHI,L,42,12,18,0.667,3,7,0.429,1,2,0.5,0,5,5,2,0,0,2,1,28,-9,1,
22023,1628970,22300464,"JAN 02, 2024",CHA @ SAC,W,40,9,18,0.5,3,6,0.5,6,6,1.0,0,5,5,3,1,2,3,0,27,9,1,
22023,1628970,22300455,"JAN 01, 2024",CHA @ DEN,L,36,10,14,0.714,3,5,0.6,3,5,0.6,0,9,9,5,1,0,2,1,26,-23,1,
22023,1628970,22300436,"DEC 29, 2023",CHA @ PHX,L,37,4,16,0.25,1,7,0.143,2,2,1.0,0,7,7,6,1,0,3,2,11,0,1,
22023,1628970,22300428,"DEC 28, 2023",CHA @ LAL,L,33,7,20,0.35,4,10,0.4,2,2,1.0,1,4,5,5,0,1,3,3,20,-33,1,
22023,1628970,22300414,"DEC 26, 2023",CHA @ LAC,L,38,9,23,0.391,3,10,0.3,0,0,0.0,1,10,11,5,0,2,2,5,21,4,1,
22023,1628970,22300390,"DEC 23, 2023",CHA vs. DEN,L,38,8,23,0.348,2,12,0.167,4,4,1.0,2,5,7,2,2,3,1,2,22,-5,1,
22023,1628970,22300365,"DEC 20, 2023",CHA @ IND,L,37,8,17,0.471,0,2,0.0,3,4,0.75,1,3,4,3,3,0,0,2,19,-15,1,
22023,1628970,22300335,"DEC 16, 2023",CHA vs. PHI,L,31,3,14,0.214,1,7,0.143,2,2,1.0,0,10,10,0,0,0,1,1,9,-56,1,
22023,1628970,22300326,"DEC 15, 2023",CHA vs. NOP,L,39,10,24,0.417,2,8,0.25,5,6,0.833,2,8,10,2,1,0,3,5,27,-11,1,
22023,1628970,22300312,"DEC 13, 2023",CHA @ MIA,L,34,9,19,0.474,1,8,0.125,0,0,0.0,1,4,5,4,2,0,4,2,19,3,1,
22023,1628970,22300292,"DEC 11, 2023",CHA vs. MIA,L,34,7,14,0.5,2,6,0.333,2,2,1.0,1,3,4,1,0,0,2,3,18,3,1,
22023,1628970,22301216,"DEC 08, 2023",CHA vs. TOR,W,38,8,15,0.533,3,6,0.5,3,3,1.0,0,8,8,3,2,0,1,0,22,2,1,
22023,1628970,22301211,"DEC 06, 2023",CHA @ CHI,L,40,7,15,0.467,2,8,0.25,0,0,0.0,2,6,8,2,3,0,1,3,16,-6,1,
22023,1628970,22300281,"DEC 02, 2023",CHA vs. MIN,L,36,8,18,0.444,2,5,0.4,4,4,1.0,1,2,3,4,1,0,1,5,22,-7,1,
22023,1628970,22300266,"NOV 30, 2023",CHA @ BKN,W,38,9,15,0.6,3,4,0.75,2,2,1.0,1,4,5,2,0,0,0,2,23,4,1,
22023,1628970,22300057,"NOV 28, 2023",CHA @ NYK,L,32,5,12,0.417,2,3,0.667,1,2,0.5,0,4,4,2,2,1,2,2,13,-22,1,
22023,1628970,22300248,"NOV 26, 2023",CHA @ ORL,L,37,9,17,0.529,1,4,0.25,4,6,0.667,3,7,10,2,1,1,3,2,23,-6,1,
22023,1628970,22300225,"NOV 22, 2023",CHA vs. WAS,W,37,11,18,0.611,3,7,0.429,8,10,0.8,2,8,10,0,2,0,3,2,33,-1,1,
22023,1628970,22300217,"NOV 20, 2023",CHA vs. BOS,W,45,3,13,0.231,2,7,0.286,6,6,1.0,0,15,15,5,1,0,1,1,14,-6,1,
22023,1628970,22300202,"NOV 18, 2023",CHA vs. NYK,L,32,8,12,0.667,1,1,1.0,2,3,0.667,0,4,4,3,1,1,1,2,19,2,1,
22023,1628970,22300027,"NOV 17, 2023",CHA vs. MIL,L,33,6,13,0.462,2,5,0.4,3,3,1.0,0,5,5,4,2,0,2,1,17,-10,1,
22023,1628971,22300782,"FEB 14, 2024",TOR vs. IND,L,26,5,9,0.556,0,1,0.0,2,2,1.0,0,3,3,3,1,0,1,3,12,-7,1,
22023,1628971,22300764,"FEB 12, 2024",TOR vs. SAS,L,31,5,8,0.625,1,2,0.5,1,1,1.0,1,4,5,4,1,0,1,1,12,-14,1,
22023,1628971,22300756,"FEB 10, 2024",TOR vs. CLE,L,20,1,5,0.2,0,2,0.0,0,0,0.0,0,2,2,0,0,0,1,1,2,-21,1,
22023,1628971,22300744,"FEB 09, 2024",TOR vs. HOU,W,22,5,13,0.385,0,2,0.0,1,1,1.0,2,1,3,0,1,0,1,2,11,-13,1,
22023,1628971,22300726,"FEB 07, 2024",TOR @ CHA,W,22,4,5,0.8,0,0,0.0,4,4,1.0,0,3,3,4,1,0,0,3,12,8,1,
22023,1628971,22300718,"FEB 05, 2024",TOR @ NOP,L,26,4,7,0.571,1,3,0.333,0,0,0.0,1,2,3,3,0,0,1,0,9,-31,1,
22023,1628971,22300710,"FEB 04, 2024",TOR @ OKC,L,18,0,4,0.0,0,1,0.0,2,2,1.0,0,0,0,2,0,0,0,0,2,2,1,
22023,1628971,22300692,"FEB 02, 2024",TOR @ HOU,L,26,2,9,0.222,1,2,0.5,0,0,0.0,1,4,5,4,2,2,1,1,5,-13,1,
22023,1628971,22300672,"JAN 30, 2024",TOR @ CHI,W,38,7,13,0.538,1,3,0.333,4,4,1.0,1,6,7,3,3,2,2,3,19,18,1,
22023,1628971,22300653,"JAN 28, 2024",TOR @ ATL,L,37,4,12,0.333,1,2,0.5,2,2,1.0,4,5,9,2,2,1,0,4,11,-22,1,
22023,1628971,22300637,"JAN 26, 2024",TOR vs. LAC,L,32,4,8,0.5,1,2,0.5,0,0,0.0,2,7,9,2,0,1,3,3,9,-9,1,
22023,1628971,22300609,"JAN 22, 2024",TOR vs. MEM,L,21,3,5,0.6,1,2,0.5,0,0,0.0,0,3,3,2,0,0,2,3,7,-1,1,
22023,1628971,22300596,"JAN 20, 2024",TOR @ NYK,L,22,3,8,0.375,0,2,0.0,2,2,1.0,1,2,3,0,1,1,2,2,8,-15,1,
22023,1628971,22300580,"JAN 18, 2024",TOR vs. CHI,L,25,7,10,0.7,1,3,0.333,0,0,0.0,2,5,7,1,1,0,0,4,15,11,1,
22023,1628971,22300550,"JAN 14, 2024",IND @ DEN,L,33,8,16,0.5,1,2,0.5,1,3,0.333,5,5,10,6,3,0,2,3,18,-13,1,
22023,1628971,22300533,"JAN 12, 2024",IND @ ATL,W,21,5,9,0.556,2,3,0.667,0,0,0.0,0,1,1,4,0,0,2,0,12,8,1,
22023,1628971,22300520,"JAN 10, 2024",IND vs. WAS,W,27,5,11,0.455,1,2,0.5,5,5,1.0,0,9,9,6,1,1,0,2,16,-3,1,
22023,1628971,22300507,"JAN 08, 2024",IND vs. BOS,W,21,1,6,0.167,1,1,1.0,4,4,1.0,0,2,2,2,1,0,0,1,7,1,1,
22023,1628971,22300480,"JAN 05, 2024",IND vs. ATL,W,22,8,9,0.889,1,1,1.0,0,0,0.0,0,3,3,2,0,0,2,1,17,25,1,
22023,1628971,22300466,"JAN 03, 2024",IND vs. MIL,W,28,5,7,0.714,0,1,0.0,5,6,0.833,0,5,5,2,0,0,4,6,15,4,1,
22023,1628971,22300377,"DEC 21, 2023",IND @ MEM,L,28,1,4,0.25,0,1,0.0,2,2,1.0,1,3,4,2,0,1,0,4,4,-6,1,
22023,1628971,22300365,"DEC 20, 2023",IND vs. CHA,W,28,3,6,0.5,0,1,0.0,0,0,0.0,0,5,5,6,0,0,0,3,6,34,1,
22023,1628971,22300350,"DEC 18, 2023",IND vs. LAC,L,20,4,11,0.364,0,4,0.0,3,3,1.0,3,1,4,3,1,0,2,4,11,-26,1,
22023,1628971,22300338,"DEC 16, 2023",IND @ MIN,L,27,8,14,0.571,1,3,0.333,0,0,0.0,1,4,5,2,0,1,3,1,17,-20,1,
22023,1628971,22300328,"DEC 15, 2023",IND @ WAS,L,23,2,7,0.286,0,2,0.0,0,0,0.0,0,2,2,1,1,0,1,4,4,-5,1,
22023,1628971,22300315,"DEC 13, 2023",IND @ MIL,L,27,4,10,0.4,0,3,0.0,1,4,0.25,3,5,8,9,2,0,1,2,9,2,1,
22023,1628971,22300293,"DEC 11, 2023",IND @ DET,W,37,4,11,0.364,0,4,0.0,3,4,0.75,3,6,9,0,2,0,1,3,11,8,1,
22023,1628971,22301229,"DEC 07, 2023",IND @ MIL,W,28,3,9,0.333,0,1,0.0,4,4,1.0,0,3,3,1,1,0,1,2,10,-5,1,
22023,1628971,22301202,"DEC 04, 2023",IND vs. BOS,W,36,3,10,0.3,1,3,0.333,6,7,0.857,0,8,8,4,3,0,3,4,13,2,1,
22023,1628971,22300284,"DEC 02, 2023",IND @ MIA,W,37,11,16,0.688,4,6,0.667,4,5,0.8,0,4,4,2,0,0,1,0,30,20,1,
22023,1628971,22300267,"NOV 30, 2023",IND @ MIA,L,32,5,9,0.556,0,2,0.0,5,7,0.714,1,5,6,3,0,0,0,1,15,-6,1,
22023,1628971,22300254,"NOV 27, 2023",IND vs. POR,L,33,5,10,0.5,1,5,0.2,0,0,0.0,0,3,3,3,2,0,2,4,11,2,1,
22023,1628971,22300047,"NOV 24, 2023",IND vs. DET,W,37,3,10,0.3,0,3,0.0,4,5,0.8,0,4,4,5,3,0,0,3,10,26,1,
22023,1628971,22300230,"NOV 22, 2023",IND vs. TOR,L,34,5,9,0.556,1,4,0.25,3,3,1.0,0,4,4,3,2,0,3,4,14,8,1,
22023,1628971,22300039,"NOV 21, 2023",IND @ ATL,W,30,5,10,0.5,2,5,0.4,1,2,0.5,0,0,0,3,2,0,2,4,13,-1,1,
22023,1628971,22300209,"NOV 19, 2023",IND vs. ORL,L,22,4,7,0.571,1,2,0.5,2,2,1.0,0,5,5,1,0,1,1,3,11,-20,1,
22023,1628971,22300019,"NOV 14, 2023",IND @ PHI,W,36,5,11,0.455,0,2,0.0,4,4,1.0,0,5,5,3,1,0,0,4,14,9,1,
22023,1628971,22300180,"NOV 12, 2023",IND @ PHI,L,31,3,5,0.6,0,1,0.0,3,4,0.75,2,2,4,3,0,2,0,1,9,-6,1,
22023,1628971,22300171,"NOV 09, 2023",IND vs. MIL,W,38,3,9,0.333,1,4,0.25,4,4,1.0,2,7,9,7,2,1,2,0,11,15,1,
22023,1628971,22300158,"NOV 08, 2023",IND vs. UTA,W,32,4,11,0.364,1,4,0.25,0,0,0.0,0,4,4,0,2,1,2,2,9,13,1,
22023,1628971,22300146,"NOV 06, 2023",IND vs. SAS,W,24,3,7,0.429,1,3,0.333,0,0,0.0,0,5,5,4,0,0,0,1,7,21,1,
22023,1628971,22300133,"NOV 04, 2023",IND vs. CHA,L,32,3,8,0.375,1,4,0.25,0,0,0.0,0,1,1,6,2,0,0,3,7,7,1,
22023,1628971,22300001,"NOV 03, 2023",IND vs. CLE,W,37,8,15,0.533,3,6,0.5,0,0,0.0,1,6,7,2,0,0,2,2,19,9,1,
22023,1628971,22300118,"NOV 01, 2023",IND @ BOS,L,21,1,6,0.167,0,3,0.0,1,2,0.5,0,1,1,1,1,0,0,1,3,-25,1,
22023,1628971,22300102,"OCT 30, 2023",IND vs. CHI,L,37,6,12,0.5,3,6,0.5,0,0,0.0,2,5,7,1,1,0,3,2,15,-13,1,
22023,1628971,22300091,"OCT 28, 2023",IND @ CLE,W,32,3,8,0.375,0,1,0.0,0,0,0.0,0,4,4,2,1,0,0,3,6,0,1,
22023,1628971,22300064,"OCT 25, 2023",IND vs. WAS,W,27,8,11,0.727,6,8,0.75,2,2,1.0,1,2,3,1,1,0,1,3,24,15,1,
22023,1628972,22300787,"FEB 14, 2024",DET @ PHX,L,12,2,4,0.5,1,2,0.5,0,0,0.0,0,5,5,0,1,0,1,1,5,-8,1,
22023,1628972,22300776,"FEB 13, 2024",DET @ LAL,L,17,3,7,0.429,1,3,0.333,0,0,0.0,1,3,4,2,0,0,0,1,7,-3,1,
22023,1628972,22300749,"FEB 10, 2024",DET @ LAC,L,19,2,5,0.4,2,5,0.4,2,2,1.0,0,2,2,2,0,0,0,1,8,-8,1,
22023,1628972,22300709,"FEB 04, 2024",MIN vs. HOU,W,4,0,0,0.0,0,0,0.0,0,0,0.0,0,1,1,0,0,0,0,1,0,-7,1,
22023,1628972,22300680,"JAN 31, 2024",MIN vs. DAL,W,6,2,4,0.5,1,2,0.5,0,0,0.0,0,2,2,2,0,0,0,0,5,7,1,
22023,1628972,22300664,"JAN 29, 2024",MIN @ OKC,W,6,0,1,0.0,0,1,0.0,0,0,0.0,0,0,0,0,0,0,0,1,0,3,1,
22023,1628972,22300569,"JAN 17, 2024",MIN @ DET,W,1,0,0,0.0,0,0,0.0,0,0,0.0,0,0,0,0,0,0,0,0,0,-5,1,
22023,1628972,22300538,"JAN 12, 2024",MIN vs. POR,W,9,2,5,0.4,2,5,0.4,0,0,0.0,1,1,2,3,0,0,3,1,6,-10,1,
22023,1628972,22300517,"JAN 10, 2024",MIN @ BOS,L,8,1,3,0.333,0,2,0.0,0,0,0.0,0,1,1,1,0,0,0,0,2,-7,1,
22023,1628972,22300513,"JAN 09, 2024",MIN @ ORL,W,2,0,2,0.0,0,2,0.0,0,0,0.0,0,1,1,1,0,0,0,0,0,-2,1,
22023,1628972,22300485,"JAN 05, 2024",MIN @ HOU,W,3,1,2,0.5,1,2,0.5,0,0,0.0,0,1,1,1,0,0,0,0,3,0,1,
22023,1628972,22300471,"JAN 03, 2024",MIN vs. NOP,L,3,1,2,0.5,1,2,0.5,0,0,0.0,0,0,0,1,0,0,0,0,3,8,1,
22023,1628972,22300451,"JAN 01, 2024",MIN @ NYK,L,6,0,0,0.0,0,0,0.0,0,0,0.0,0,1,1,0,0,0,1,1,0,-15,1,
22023,1628972,22300443,"DEC 30, 2023",MIN vs. LAL,W,8,1,3,0.333,1,2,0.5,0,0,0.0,0,3,3,0,1,0,0,0,3,2,1,
22023,1628972,22300423,"DEC 28, 2023",MIN vs. DAL,W,6,1,1,1.0,0,0,0.0,0,0,0.0,0,0,0,0,1,0,0,0,2,-5,1,
22023,1628972,22300411,"DEC 26, 2023",MIN @ OKC,L,2,0,1,0.0,0,1,0.0,0,0,0.0,0,0,0,1,0,0,0,0,0,-4,1,
22023,1628972,22300400,"DEC 23, 2023",MIN @ SAC,W,3,0,0,0.0,0,0,0.0,0,0,0.0,0,1,1,0,0,0,0,3,0,-3,1,
22023,1628972,22300380,"DEC 21, 2023",MIN vs. LAL,W,6,0,1,0.0,0,1,0.0,2,2,1.0,0,1,1,0,0,0,0,2,2,3,1,
22023,1628972,22300367,"DEC 20, 2023",MIN @ PHI,L,10,2,4,0.5,1,2,0.5,0,0,0.0,1,1,2,1,0,0,3,0,5,-11,1,
22023,1628972,22300353,"DEC 18, 2023",MIN @ MIA,W,5,1,1,1.0,1,1,1.0,0,0,0.0,0,1,1,1,0,0,1,0,3,-8,1,
22023,1628972,22300338,"DEC 16, 2023",MIN vs. IND,W,16,4,6,0.667,3,5,0.6,0,0,0.0,0,1,1,4,0,0,1,1,11,5,1,
22023,1628972,22300321,"DEC 14, 2023",MIN @ DAL,W,15,2,4,0.5,1,3,0.333,0,0,0.0,0,1,1,1,0,0,0,0,5,-2,1,
22023,1628972,22300301,"DEC 11, 2023",MIN @ NOP,L,27,2,9,0.222,1,7,0.143,0,0,0.0,0,6,6,2,0,0,0,1,5,-15,1,
22023,1628972,22301221,"DEC 08, 2023",MIN @ MEM,W,30,8,10,0.8,4,6,0.667,0,0,0.0,1,3,4,4,1,0,1,2,20,18,1,
22023,1628972,22301210,"DEC 06, 2023",MIN vs. SAS,W,25,3,9,0.333,2,8,0.25,0,0,0.0,0,1,1,2,0,1,1,1,8,7,1,
22023,1628972,22300281,"DEC 02, 2023",MIN @ CHA,W,32,3,7,0.429,3,6,0.5,0,0,0.0,1,2,3,1,1,0,1,4,9,15,1,
22023,1628972,22300270,"NOV 30, 2023",MIN vs. UTA,W,29,3,6,0.5,2,3,0.667,0,0,0.0,0,3,3,2,1,0,1,0,8,20,1,
22023,1628972,22300058,"NOV 28, 2023",MIN vs. OKC,W,21,5,6,0.833,3,4,0.75,4,6,0.667,0,3,3,0,0,0,1,2,17,1,1,
22023,1628972,22300249,"NOV 26, 2023",MIN @ MEM,W,18,2,4,0.5,2,4,0.5,0,0,0.0,2,2,4,1,0,0,1,1,6,5,1,
22023,1628972,22300050,"NOV 24, 2023",MIN vs. SAC,L,25,4,8,0.5,1,5,0.2,1,2,0.5,3,4,7,0,0,1,0,1,10,9,1,
22023,1628972,22300232,"NOV 22, 2023",MIN vs. PHI,W,7,0,1,0.0,0,0,0.0,0,0,0.0,1,0,1,0,0,0,0,0,0,-6,1,
22023,1628972,22300221,"NOV 20, 2023",MIN vs. NYK,W,17,1,5,0.2,1,3,0.333,2,2,1.0,1,4,5,2,0,0,0,2,5,2,1,
22023,1628972,22300197,"NOV 15, 2023",MIN @ PHX,L,14,0,3,0.0,0,2,0.0,4,4,1.0,1,3,4,1,1,0,0,1,4,6,1,
22023,1628972,22300025,"NOV 14, 2023",MIN @ GSW,W,10,0,1,0.0,0,1,0.0,0,0,0.0,1,1,2,1,1,0,0,0,0,-1,1,
22023,1628972,22300186,"NOV 12, 2023",MIN @ GSW,W,1,0,0,0.0,0,0,0.0,2,2,1.0,0,0,0,0,0,0,0,0,2,-4,1,
22023,1628972,22300166,"NOV 08, 2023",MIN vs. NOP,W,5,2,5,0.4,0,1,0.0,0,0,0.0,1,0,1,0,0,0,0,0,4,-6,1,
22023,1628972,22300138,"NOV 04, 2023",MIN vs. UTA,W,4,1,1,1.0,0,0,0.0,0,0,0.0,0,2,2,0,0,0,0,0,2,5,1,
22023,1628972,22300123,"NOV 01, 2023",MIN vs. DEN,W,5,0,1,0.0,0,1,0.0,4,4,1.0,0,4,4,1,0,0,1,0,4,0,1,
22023,1628972,22300093,"OCT 28, 2023",MIN vs. MIA,W,15,0,2,0.0,0,2,0.0,0,0,0.0,0,2,2,1,1,0,2,1,0,-5,1,
22023,1628972,22300069,"OCT 25, 2023",MIN @ TOR,L,5,0,0,0.0,0,0,0.0,0,0,0.0,0,1,1,0,0,0,0,0,0,1,1,
22023,1628973,22300778,"FEB 14, 2024",NYK @ ORL,L,35,11,21,0.524,5,8,0.625,6,7,0.857,1,0,1,6,2,0,3,0,33,-2,1,
22023,1628973,22300765,"FEB 12, 2024",NYK @ HOU,L,39,10,25,0.4,2,6,0.333,5,8,0.625,0,4,4,7,0,0,5,4,27,-1,1,
22023,1628973,22300755,"FEB 10, 2024",NYK vs. IND,L,37,14,25,0.56,1,5,0.2,10,10,1.0,0,3,3,4,1,0,2,2,39,-7,1,
22023,1628973,22300722,"FEB 06, 2024",NYK vs. MEM,W,31,11,21,0.524,1,4,0.25,4,5,0.8,0,3,3,8,3,0,2,1,27,-3,1,
22023,1628973,22300701,"FEB 03, 2024",NYK vs. LAL,L,45,15,31,0.484,1,6,0.167,5,6,0.833,2,4,6,10,0,0,3,1,36,-5,1,
22023,1628973,22300685,"FEB 01, 2024",NYK vs. IND,W,37,15,30,0.5,1,6,0.167,9,11,0.818,1,4,5,1,0,0,2,3,40,4,1,
22023,1628973,22300671,"JAN 30, 2024",NYK vs. UTA,W,38,10,23,0.435,2,6,0.333,7,8,0.875,0,3,3,9,0,1,0,2,29,19,1,
22023,1628973,22300657,"JAN 29, 2024",NYK @ CHA,W,34,13,24,0.542,2,6,0.333,4,5,0.8,0,4,4,7,1,0,2,1,32,20,1,
22023,1628973,22300643,"JAN 27, 2024",NYK vs. MIA,W,38,12,22,0.545,4,8,0.5,4,5,0.8,0,5,5,8,1,1,0,2,32,24,1,
22023,1628973,22300631,"JAN 25, 2024",NYK vs. DEN,W,27,7,10,0.7,1,2,0.5,6,6,1.0,0,1,1,4,0,0,2,0,21,24,1,
22023,1628973,22300615,"JAN 23, 2024",NYK @ BKN,W,36,11,22,0.5,2,7,0.286,6,7,0.857,0,3,3,4,0,0,2,2,30,7,1,
22023,1628973,22300596,"JAN 20, 2024",NYK vs. TOR,W,35,13,23,0.565,5,11,0.455,7,7,1.0,1,4,5,9,1,0,3,3,38,22,1,
22023,1628973,22300579,"JAN 18, 2024",NYK vs. WAS,W,40,14,27,0.519,2,4,0.5,11,13,0.846,1,7,8,8,2,1,6,2,41,10,1,
22023,1628973,22300573,"JAN 17, 2024",NYK vs. HOU,W,37,11,21,0.524,4,9,0.444,4,7,0.571,0,3,3,7,0,0,2,2,30,12,1,
22023,1628973,22300530,"JAN 11, 2024",NYK @ DAL,L,39,10,22,0.455,2,6,0.333,8,9,0.889,0,2,2,8,1,0,4,3,30,8,1,
22023,1628973,22300514,"JAN 09, 2024",NYK vs. POR,W,26,3,11,0.273,1,7,0.143,5,6,0.833,1,2,3,7,0,0,0,0,12,29,1,
22023,1628973,22300494,"JAN 06, 2024",NYK @ WAS,W,35,10,18,0.556,4,8,0.5,9,9,1.0,0,3,3,8,0,0,2,2,33,20,1,
22023,1628973,22300483,"JAN 05, 2024",NYK @ PHI,W,32,11,20,0.55,4,9,0.444,3,3,1.0,0,3,3,2,1,1,0,1,29,14,1,
22023,1628973,22300468,"JAN 03, 2024",NYK vs. CHI,W,38,13,22,0.591,4,9,0.444,1,1,1.0,0,3,3,13,0,0,4,3,31,31,1,
22023,1628973,22300451,"JAN 01, 2024",NYK vs. MIN,W,41,5,23,0.217,1,9,0.111,5,5,1.0,0,4,4,14,1,0,2,4,16,16,1,
22023,1628973,22300441,"DEC 30, 2023",NYK @ IND,L,41,9,22,0.409,4,8,0.5,6,9,0.667,0,1,1,6,0,1,4,3,28,-17,1,
22023,1628973,22300429,"DEC 29, 2023",NYK @ ORL,L,34,4,15,0.267,0,4,0.0,12,12,1.0,0,7,7,8,0,1,3,2,20,-10,1,
22023,1628973,22300419,"DEC 27, 2023",NYK @ OKC,L,37,9,19,0.474,1,5,0.2,5,5,1.0,2,2,4,7,2,1,5,4,24,-9,1,
22023,1628973,22300401,"DEC 25, 2023",NYK vs. MIL,W,37,15,28,0.536,1,3,0.333,7,9,0.778,1,3,4,6,1,0,0,0,38,6,1,
22023,1628973,22300388,"DEC 23, 2023",NYK vs. MIL,L,37,15,26,0.577,3,5,0.6,3,3,1.0,0,3,3,7,0,1,3,2,36,-16,1,
22023,1628973,22300368,"DEC 20, 2023",NYK @ BKN,W,32,6,15,0.4,1,3,0.333,3,4,0.75,1,6,7,8,1,0,3,0,16,18,1,
22023,1628973,22300359,"DEC 18, 2023",NYK @ LAL,W,37,10,21,0.476,3,6,0.5,6,6,1.0,1,3,4,3,1,1,4,0,29,1,1,
22023,1628973,22300343,"DEC 16, 2023",NYK @ LAC,L,34,7,17,0.412,2,5,0.4,6,6,1.0,2,5,7,6,0,0,2,2,22,-25,1,
22023,1628973,22300333,"DEC 15, 2023",NYK @ PHX,W,35,17,23,0.739,9,9,1.0,7,9,0.778,1,5,6,9,5,0,2,0,50,7,1,
22023,1628973,22300318,"DEC 13, 2023",NYK @ UTA,L,39,6,19,0.316,0,6,0.0,11,16,0.688,2,5,7,8,2,0,3,4,23,9,1,
22023,1628973,22300297,"DEC 11, 2023",NYK vs. TOR,W,38,7,12,0.583,3,5,0.6,4,6,0.667,0,2,2,9,1,0,7,5,21,1,1,
22023,1628973,22301227,"DEC 08, 2023",NYK @ BOS,L,34,8,17,0.471,0,5,0.0,7,9,0.778,0,1,1,4,1,0,1,3,23,-21,1,
22023,1628973,22301201,"DEC 05, 2023",NYK @ MIL,L,34,10,22,0.455,0,5,0.0,4,7,0.571,0,3,3,6,1,0,3,1,24,-14,1,
22023,1628973,22300276,"DEC 01, 2023",NYK @ TOR,W,37,9,21,0.429,3,8,0.375,1,1,1.0,0,5,5,8,1,0,2,2,22,15,1,
22023,1628973,22300268,"NOV 30, 2023",NYK vs. DET,W,40,13,24,0.542,7,12,0.583,9,10,0.9,2,4,6,8,1,0,1,3,42,11,1,
22023,1628973,22300057,"NOV 28, 2023",NYK vs. CHA,W,34,5,9,0.556,2,5,0.4,0,1,0.0,1,2,3,7,3,0,2,3,12,20,1,
22023,1628973,22300247,"NOV 26, 2023",NYK vs. PHX,L,38,15,25,0.6,5,10,0.5,0,2,0.0,0,6,6,8,3,1,2,5,35,5,1,
22023,1628973,22300045,"NOV 24, 2023",NYK vs. MIA,W,34,10,16,0.625,1,4,0.25,3,5,0.6,0,3,3,3,0,0,2,1,24,-6,1,
22023,1628973,22300221,"NOV 20, 2023",NYK @ MIN,L,36,7,15,0.467,3,6,0.5,8,8,1.0,0,4,4,6,0,0,1,2,25,-16,1,
22023,1628973,22300202,"NOV 18, 2023",NYK @ CHA,W,39,12,21,0.571,4,8,0.5,4,4,1.0,0,4,4,7,0,0,2,2,32,15,1,
22023,1628973,22300028,"NOV 17, 2023",NYK @ WAS,W,34,10,23,0.435,6,10,0.6,6,6,1.0,3,4,7,7,0,0,0,2,32,18,1,
22023,1628973,22300193,"NOV 15, 2023",NYK @ ATL,W,41,8,19,0.421,6,10,0.6,2,2,1.0,0,0,0,8,0,0,3,2,24,8,1,
22023,1628973,22300188,"NOV 13, 2023",NYK @ BOS,L,39,10,21,0.476,3,7,0.429,3,5,0.6,0,3,3,4,1,0,2,0,26,-20,1,
22023,1628973,22300177,"NOV 12, 2023",NYK vs. CHA,W,27,7,12,0.583,2,4,0.5,4,4,1.0,0,1,1,1,1,0,1,2,20,13,1,
22023,1628973,22300161,"NOV 08, 2023",NYK vs. SAS,W,33,8,19,0.421,5,8,0.625,4,4,1.0,0,2,2,6,0,0,0,2,25,27,1,
22023,1628973,22300151,"NOV 06, 2023",NYK vs. LAC,W,35,2,12,0.167,1,3,0.333,2,2,1.0,2,1,3,6,3,0,4,1,7,-1,1,
22023,1628973,22300002,"NOV 03, 2023",NYK @ MIL,L,42,17,30,0.567,2,8,0.25,9,11,0.818,2,3,5,4,1,0,4,3,45,2,1,
22023,1628973,22300120,"NOV 01, 2023",NYK vs. CLE,L,39,8,23,0.348,0,2,0.0,8,9,0.889,1,3,4,4,0,0,1,4,24,-6,1,
22023,1628973,22300112,"OCT 31, 2023",NYK @ CLE,W,34,7,16,0.438,1,3,0.333,4,5,0.8,0,5,5,2,2,0,5,1,19,21,1,
22023,1628973,22300090,"OCT 28, 2023",NYK @ NOP,L,31,4,14,0.286,1,5,0.2,5,6,0.833,1,3,4,5,0,0,1,2,14,-9,1,
22023,1628973,22300079,"OCT 27, 2023",NYK @ ATL,W,33,11,21,0.524,8,12,0.667,1,2,0.5,0,3,3,5,0,0,2,1,31,13,1,
22023,1628973,22300065,"OCT 25, 2023",NYK vs. BOS,L,33,6,21,0.286,3,8,0.375,0,1,0.0,1,2,3,6,3,0,2,3,15,-9,1,
22023,1628975,22300781,"FEB 14, 2024",CHI @ CLE,L,5,0,2,0.0,0,2,0.0,0,0,0.0,0,1,1,0,1,0,1,1,0,8,1,
22023,1628975,22300763,"FEB 12, 2024",CHI @ ATL,W,25,4,8,0.5,3,6,0.5,0,0,0.0,0,2,2,2,1,0,1,3,11,9,1,
22023,1628975,22300737,"FEB 08, 2024",CHI @ MEM,W,16,3,7,0.429,1,4,0.25,0,0,0.0,0,0,0,2,0,0,0,0,7,-5,1,
22023,1628975,22300723,"FEB 06, 2024",CHI vs. MIN,W,7,2,4,0.5,1,3,0.333,0,0,0.0,0,0,0,0,0,0,1,1,5,-2,1,
22023,1628975,22300700,"FEB 03, 2024",CHI vs. SAC,L,10,2,4,0.5,0,1,0.0,0,0,0.0,0,0,0,0,3,0,1,1,4,-7,1,
22023,1628975,22300674,"JAN 31, 2024",CHI @ CHA,W,7,1,2,0.5,0,1,0.0,0,0,0.0,0,0,0,1,0,0,2,0,2,-12,1,
22023,1628975,22300672,"JAN 30, 2024",CHI vs. TOR,L,13,1,5,0.2,1,3,0.333,0,0,0.0,0,0,0,2,0,0,0,1,3,-6,1,
22023,1628975,22300656,"JAN 28, 2024",CHI @ POR,W,11,2,4,0.5,2,4,0.5,0,0,0.0,0,2,2,0,1,1,0,0,6,4,1,
22023,1628975,22300633,"JAN 25, 2024",CHI @ LAL,L,8,0,3,0.0,0,3,0.0,0,0,0.0,0,1,1,2,0,0,0,1,0,3,1,
22023,1628975,22300612,"JAN 22, 2024",CHI @ PHX,L,8,0,4,0.0,0,2,0.0,0,0,0.0,0,1,1,0,0,0,0,0,0,-2,1,
22023,1628975,22300597,"JAN 20, 2024",CHI vs. MEM,W,17,5,7,0.714,2,3,0.667,0,0,0.0,0,1,1,5,0,0,0,0,12,16,1,
22023,1628975,22300580,"JAN 18, 2024",CHI @ TOR,W,3,0,0,0.0,0,0,0.0,0,0,0.0,0,0,0,0,0,0,0,0,0,-4,1,
22023,1628975,22300561,"JAN 15, 2024",CHI @ CLE,L,11,2,4,0.5,1,3,0.333,0,0,0.0,1,1,2,0,0,0,0,1,5,-23,1,
22023,1628975,22300548,"JAN 13, 2024",CHI @ SAS,W,24,5,12,0.417,4,9,0.444,0,0,0.0,0,1,1,0,0,0,3,2,14,-6,1,
22023,1628975,22300506,"JAN 08, 2024",CHI @ CHA,W,4,1,2,0.5,0,1,0.0,0,0,0.0,0,0,0,0,0,0,0,0,2,-4,1,
22023,1628975,22300484,"JAN 05, 2024",CHI vs. CHA,W,14,3,5,0.6,1,2,0.5,0,0,0.0,0,2,2,2,0,0,0,1,7,5,1,
22023,1628975,22300468,"JAN 03, 2024",CHI @ NYK,L,16,1,6,0.167,0,3,0.0,0,0,0.0,0,0,0,2,1,1,1,2,2,13,1,
22023,1628975,22300459,"JAN 02, 2024",CHI @ PHI,L,23,3,11,0.273,3,8,0.375,0,0,0.0,0,1,1,1,4,0,0,0,9,8,1,
22023,1628975,22300442,"DEC 30, 2023",CHI vs. PHI,W,13,1,5,0.2,1,4,0.25,1,2,0.5,0,2,2,1,1,0,0,3,4,-8,1,
22023,1628975,22300422,"DEC 28, 2023",CHI vs. IND,L,12,0,5,0.0,0,3,0.0,0,0,0.0,0,0,0,2,0,1,0,1,0,-12,1,
22023,1628975,22300408,"DEC 26, 2023",CHI vs. ATL,W,20,4,6,0.667,2,4,0.5,0,0,0.0,0,2,2,2,0,0,1,0,10,4,1,
22023,1628975,22300396,"DEC 23, 2023",CHI vs. CLE,L,9,1,7,0.143,1,5,0.2,0,0,0.0,0,0,0,0,0,1,1,1,3,-5,1,
22023,1628975,22300376,"DEC 21, 2023",CHI vs. SAS,W,19,1,3,0.333,1,1,1.0,2,2,1.0,0,1,1,2,0,1,0,1,5,13,1,
22023,1628975,22300370,"DEC 20, 2023",CHI vs. LAL,W,17,4,9,0.444,2,7,0.286,0,0,0.0,0,1,1,0,1,0,0,1,10,5,1,
22023,1628975,22300351,"DEC 18, 2023",CHI @ PHI,W,18,4,11,0.364,4,8,0.5,0,0,0.0,0,0,0,0,0,0,0,1,12,18,1,
22023,1628975,22300337,"DEC 16, 2023",CHI @ MIA,L,12,0,3,0.0,0,3,0.0,0,0,0.0,0,1,1,3,0,0,1,2,0,-10,1,
22023,1628975,22300320,"DEC 14, 2023",CHI @ MIA,W,13,0,2,0.0,0,2,0.0,0,0,0.0,0,0,0,1,1,0,1,3,0,-5,1,
22023,1628975,22300307,"DEC 12, 2023",CHI vs. DEN,L,15,3,10,0.3,3,8,0.375,0,0,0.0,1,0,1,2,1,0,0,2,9,-12,1,
22023,1628975,22300300,"DEC 11, 2023",CHI @ MIL,L,13,3,5,0.6,1,2,0.5,0,0,0.0,1,4,5,0,0,1,0,0,7,-1,1,
22023,1628975,22301223,"DEC 08, 2023",CHI @ SAS,W,9,1,4,0.25,1,3,0.333,0,0,0.0,0,0,0,1,0,0,0,2,3,-7,1,
22023,1628975,22301211,"DEC 06, 2023",CHI vs. CHA,W,11,0,1,0.0,0,1,0.0,0,0,0.0,0,0,0,3,1,0,1,1,0,5,1,
22023,1628975,22300285,"DEC 02, 2023",CHI vs. NOP,W,15,1,2,0.5,0,1,0.0,0,0,0.0,0,0,0,2,0,0,1,1,2,-2,1,
22023,1628975,22300269,"NOV 30, 2023",CHI vs. MIL,W,18,5,10,0.5,1,2,0.5,0,0,0.0,1,1,2,1,3,0,0,1,11,22,1,
22023,1628975,22300053,"NOV 28, 2023",CHI @ BOS,L,17,4,7,0.571,0,1,0.0,0,0,0.0,0,1,1,2,0,1,1,0,8,3,1,
22023,1628975,22300250,"NOV 26, 2023",CHI @ BKN,L,8,0,2,0.0,0,2,0.0,0,0,0.0,0,0,0,0,0,0,1,0,0,-17,1,
22023,1628975,22300046,"NOV 24, 2023",CHI @ TOR,L,11,0,2,0.0,0,1,0.0,0,0,0.0,0,1,1,1,0,0,0,0,0,13,1,
22023,1628975,22300234,"NOV 22, 2023",CHI @ OKC,L,19,1,7,0.143,1,6,0.167,0,0,0.0,0,0,0,2,0,0,0,2,3,-3,1,
22023,1628975,22300220,"NOV 20, 2023",CHI vs. MIA,L,14,0,5,0.0,0,4,0.0,0,0,0.0,0,0,0,1,0,1,1,2,0,3,1,
22023,1628975,22300204,"NOV 18, 2023",CHI vs. MIA,W,14,3,9,0.333,3,9,0.333,0,0,0.0,0,1,1,1,0,0,0,2,9,18,1,
22023,1628975,22300033,"NOV 17, 2023",CHI vs. ORL,L,10,0,0,0.0,0,0,0.0,0,0,0.0,0,1,1,1,0,0,0,0,0,0,1,
22023,1628975,22300196,"NOV 15, 2023",CHI vs. ORL,L,16,1,7,0.143,1,5,0.2,0,0,0.0,0,0,0,1,2,0,0,2,3,-3,1,
22023,1628975,22300190,"NOV 13, 2023",CHI @ MIL,L,14,2,5,0.4,2,4,0.5,0,0,0.0,0,0,0,1,1,1,0,2,6,-11,1,
22023,1628975,22300181,"NOV 12, 2023",CHI vs. DET,W,12,1,4,0.25,1,2,0.5,0,0,0.0,0,0,0,2,0,0,2,2,3,0,1,
22023,1628975,22300162,"NOV 08, 2023",CHI vs. PHX,L,13,3,8,0.375,2,4,0.5,0,0,0.0,0,0,0,0,0,1,0,2,8,10,1,
22023,1628975,22300152,"NOV 06, 2023",CHI vs. UTA,W,17,4,8,0.5,4,8,0.5,0,0,0.0,0,0,0,1,2,0,0,1,12,7,1,
22023,1628975,22300139,"NOV 04, 2023",CHI @ DEN,L,18,6,9,0.667,4,5,0.8,0,1,0.0,0,0,0,1,0,0,1,2,16,-2,1,
22023,1628975,22300004,"NOV 03, 2023",CHI vs. BKN,L,14,2,3,0.667,1,2,0.5,0,0,0.0,0,1,1,0,1,0,2,2,5,-11,1,
22023,1628975,22300124,"NOV 01, 2023",CHI @ DAL,L,15,5,7,0.714,2,2,1.0,0,0,0.0,0,1,1,2,1,1,1,0,12,-3,1,
22023,1628975,22300102,"OCT 30, 2023",CHI @ IND,W,18,5,7,0.714,1,1,1.0,0,0,0.0,0,1,1,2,1,1,3,1,11,4,1,
22023,1628975,22300088,"OCT 28, 2023",CHI @ DET,L,13,1,6,0.167,1,4,0.25,0,0,0.0,1,0,1,0,0,0,0,0,3,-5,1,
22023,1628975,22300082,"OCT 27, 2023",CHI vs. TOR,W,13,0,2,0.0,0,2,0.0,0,0,0.0,0,1,1,2,0,0,1,1,0,2,1,
22023,1628975,22300070,"OCT 25, 2023",CHI vs. OKC,L,16,1,4,0.25,1,4,0.25,0,0,0.0,0,1,1,2,0,0,0,0,3,-15,1,
22023,1628976,22300778,"FEB 14, 2024",ORL vs. NYK,W,24,4,5,0.8,0,1,0.0,1,2,0.5,1,5,6,1,0,1,0,2,9,5,1,
22023,1628976,22300772,"FEB 13, 2024",ORL vs. OKC,L,31,9,14,0.643,1,4,0.25,3,3,1.0,0,6,6,1,0,0,3,5,22,2,1,
22023,1628976,22300752,"FEB 10, 2024",ORL vs. CHI,W,26,3,6,0.5,0,2,0.0,0,0,0.0,0,3,3,1,0,1,1,2,6,-7,1,
22023,1628976,22300734,"FEB 08, 2024",ORL vs. SAS,W,26,3,7,0.429,3,4,0.75,1,2,0.5,1,5,6,1,1,0,3,0,10,19,1,
22023,1628976,22300721,"FEB 06, 2024",ORL @ MIA,L,28,6,9,0.667,2,4,0.5,1,2,0.5,1,5,6,3,0,0,0,5,15,-22,1,
22023,1628976,22300704,"FEB 04, 2024",ORL @ DET,W,28,3,4,0.75,0,1,0.0,1,3,0.333,1,3,4,2,1,0,3,2,7,9,1,
22023,1628976,22300694,"FEB 02, 2024",ORL @ MIN,W,37,6,12,0.5,2,6,0.333,4,6,0.667,3,9,12,1,0,0,0,3,18,-2,1,
22023,1628976,22300681,"JAN 31, 2024",ORL @ SAS,W,26,3,7,0.429,1,3,0.333,7,8,0.875,3,2,5,2,0,0,1,4,14,4,1,
22023,1628976,22300666,"JAN 29, 2024",ORL @ DAL,L,29,2,7,0.286,1,4,0.25,4,5,0.8,5,3,8,2,0,0,1,6,9,-1,1,
22023,1628976,22300655,"JAN 28, 2024",ORL vs. PHX,W,23,4,8,0.5,1,4,0.25,0,0,0.0,0,3,3,1,0,1,0,1,9,-6,1,
22023,1628976,22300638,"JAN 26, 2024",ORL @ MEM,L,35,8,9,0.889,2,3,0.667,2,3,0.667,3,6,9,2,2,2,1,3,20,-5,1,
22023,1628976,22300607,"JAN 22, 2024",ORL vs. CLE,L,27,4,9,0.444,1,2,0.5,1,2,0.5,2,7,9,1,2,0,1,2,10,-22,1,
22023,1628976,22300601,"JAN 21, 2024",ORL vs. MIA,W,34,7,11,0.636,1,3,0.333,2,2,1.0,2,7,9,2,1,0,1,1,17,21,1,
22023,1628976,22300585,"JAN 19, 2024",ORL vs. PHI,L,26,9,13,0.692,1,2,0.5,6,7,0.857,6,5,11,0,0,0,3,4,25,2,1,
22023,1628976,22300570,"JAN 17, 2024",ORL @ ATL,L,24,6,7,0.857,3,4,0.75,3,4,0.75,2,3,5,2,2,1,0,1,18,0,1,
22023,1628976,22300557,"JAN 15, 2024",ORL @ NYK,W,19,7,11,0.636,1,3,0.333,2,2,1.0,1,2,3,0,0,1,0,1,17,14,1,
22023,1628976,22300476,"JAN 03, 2024",ORL @ SAC,L,21,3,7,0.429,3,3,1.0,0,0,0.0,1,6,7,3,0,0,1,4,9,9,1,
22023,1628976,22300463,"JAN 02, 2024",ORL @ GSW,L,20,1,5,0.2,0,1,0.0,4,4,1.0,0,2,2,1,1,1,0,1,6,4,1,
22023,1628976,22300450,"DEC 31, 2023",ORL @ PHX,L,24,6,7,0.857,3,3,1.0,2,2,1.0,1,4,5,2,0,0,3,2,17,14,1,
22023,1628976,22300415,"DEC 27, 2023",ORL vs. PHI,L,22,1,4,0.25,0,2,0.0,2,2,1.0,2,2,4,1,0,2,1,0,4,-8,1,
22023,1628976,22300407,"DEC 26, 2023",ORL @ WAS,W,21,2,3,0.667,1,1,1.0,1,2,0.5,0,4,4,2,0,1,2,1,6,12,1,
22023,1628976,22300391,"DEC 23, 2023",ORL @ IND,W,16,2,6,0.333,0,1,0.0,0,0,0.0,3,5,8,4,0,0,1,1,4,-16,1,
22023,1628976,22300378,"DEC 21, 2023",ORL @ MIL,L,21,2,6,0.333,0,3,0.0,0,0,0.0,1,3,4,2,0,1,0,2,4,-27,1,
22023,1628976,22300366,"DEC 20, 2023",ORL vs. MIA,L,23,3,4,0.75,1,2,0.5,1,2,0.5,1,5,6,1,0,0,0,3,8,3,1,
22023,1628976,22300130,"NOV 02, 2023",ORL @ UTA,W,29,5,12,0.417,3,6,0.5,1,2,0.5,2,8,10,2,0,1,2,4,14,2,1,
22023,1628976,22300114,"OCT 31, 2023",ORL @ LAC,L,30,2,8,0.25,0,2,0.0,3,6,0.5,1,7,8,3,1,0,2,2,7,-16,1,
22023,1628976,22300111,"OCT 30, 2023",ORL @ LAL,L,35,4,8,0.5,1,3,0.333,1,2,0.5,2,6,8,1,0,1,0,4,10,2,1,
22023,1628976,22300086,"OCT 27, 2023",ORL @ POR,W,26,2,7,0.286,1,3,0.333,3,4,0.75,2,7,9,1,0,0,2,1,8,6,1,
22023,1628976,22300066,"OCT 25, 2023",ORL vs. HOU,W,27,4,10,0.4,0,2,0.0,0,0,0.0,4,4,8,1,2,0,2,3,8,8,1,
22023,1628978,22300765,"FEB 12, 2024",NYK @ HOU,L,41,9,21,0.429,5,14,0.357,0,0,0.0,2,3,5,4,2,0,3,3,23,2,1,
22023,1628978,22300755,"FEB 10, 2024",NYK vs. IND,L,39,6,15,0.4,2,9,0.222,0,1,0.0,0,3,3,4,1,1,1,2,14,-9,1,
22023,1628978,22300736,"FEB 08, 2024",NYK vs. DAL,L,43,13,26,0.5,7,12,0.583,3,4,0.75,0,2,2,3,0,0,4,0,36,-19,1,
22023,1628978,22300722,"FEB 06, 2024",NYK vs. MEM,W,40,12,18,0.667,4,9,0.444,4,5,0.8,0,5,5,5,3,1,2,1,32,9,1,
22023,1628978,22300701,"FEB 03, 2024",NYK vs. LAL,L,40,10,22,0.455,6,16,0.375,0,0,0.0,1,5,6,4,0,1,0,6,26,1,1,
22023,1628978,22300685,"FEB 01, 2024",NYK vs. IND,W,38,8,26,0.308,4,16,0.25,0,0,0.0,0,2,2,3,2,0,1,1,20,-4,1,
22023,1628978,22300671,"JAN 30, 2024",NYK vs. UTA,W,39,11,22,0.5,9,15,0.6,2,2,1.0,2,3,5,4,4,1,0,3,33,23,1,
22023,1628978,22300657,"JAN 29, 2024",NYK @ CHA,W,42,10,22,0.455,5,15,0.333,3,4,0.75,0,6,6,5,0,1,2,3,28,24,1,
22023,1628978,22300643,"JAN 27, 2024",NYK vs. MIA,W,20,4,10,0.4,3,6,0.5,0,0,0.0,1,0,1,2,1,0,0,1,11,0,1,
22023,1628978,22300631,"JAN 25, 2024",NYK vs. DEN,W,26,5,10,0.5,4,9,0.444,2,2,1.0,2,1,3,6,1,0,0,2,16,27,1,
22023,1628978,22300615,"JAN 23, 2024",NYK @ BKN,W,25,4,10,0.4,3,8,0.375,0,0,0.0,1,4,5,0,1,0,3,0,11,-7,1,
22023,1628978,22300596,"JAN 20, 2024",NYK vs. TOR,W,20,7,12,0.583,2,7,0.286,1,3,0.333,1,2,3,1,1,0,0,1,17,5,1,
22023,1628978,22300579,"JAN 18, 2024",NYK vs. WAS,W,38,6,15,0.4,5,12,0.417,2,2,1.0,0,3,3,3,0,1,3,4,19,15,1,
22023,1628978,22300573,"JAN 17, 2024",NYK vs. HOU,W,19,2,7,0.286,1,4,0.25,0,0,0.0,0,2,2,5,0,0,2,1,5,7,1,
22023,1628978,22300557,"JAN 15, 2024",NYK vs. ORL,L,24,5,12,0.417,2,8,0.25,3,6,0.5,2,4,6,4,0,1,0,2,15,9,1,
22023,1628978,22300544,"JAN 13, 2024",NYK @ MEM,W,33,4,14,0.286,3,11,0.273,2,3,0.667,0,3,3,4,4,0,2,2,13,8,1,
22023,1628978,22300530,"JAN 11, 2024",NYK @ DAL,L,30,7,13,0.538,5,10,0.5,0,0,0.0,1,3,4,3,2,0,2,4,19,-6,1,
22023,1628978,22300514,"JAN 09, 2024",NYK vs. POR,W,19,4,9,0.444,3,8,0.375,2,2,1.0,0,4,4,2,1,0,0,2,13,14,1,
22023,1628978,22300494,"JAN 06, 2024",NYK @ WAS,W,26,4,10,0.4,2,7,0.286,0,0,0.0,1,4,5,3,1,0,1,1,10,3,1,
22023,1628978,22300483,"JAN 05, 2024",NYK @ PHI,W,17,4,6,0.667,4,6,0.667,2,2,1.0,1,1,2,3,1,0,2,4,14,-7,1,
22023,1628978,22300468,"JAN 03, 2024",NYK vs. CHI,W,25,4,10,0.4,3,8,0.375,0,0,0.0,1,4,5,5,1,0,3,2,11,18,1,
22023,1628978,22300451,"JAN 01, 2024",NYK vs. MIN,W,26,5,11,0.455,2,6,0.333,3,4,0.75,1,3,4,2,1,1,1,0,15,15,1,
22023,1628978,22300441,"DEC 30, 2023",NYK @ IND,L,36,15,21,0.714,7,11,0.636,1,1,1.0,2,4,6,2,4,1,1,2,38,-17,1,
22023,1628978,22300429,"DEC 29, 2023",NYK @ ORL,L,20,1,7,0.143,0,5,0.0,0,0,0.0,0,1,1,2,3,1,1,4,2,-12,1,
22023,1628978,22300419,"DEC 27, 2023",NYK @ OKC,L,21,6,10,0.6,5,9,0.556,0,0,0.0,0,2,2,0,0,0,1,2,17,-1,1,
22023,1628978,22300401,"DEC 25, 2023",NYK vs. MIL,W,21,1,6,0.167,1,5,0.2,0,0,0.0,0,1,1,4,1,0,1,4,3,2,1,
22023,1628978,22300388,"DEC 23, 2023",NYK vs. MIL,L,24,4,7,0.571,3,6,0.5,0,0,0.0,1,1,2,2,1,0,1,3,11,-2,1,
22023,1628978,22300368,"DEC 20, 2023",NYK @ BKN,W,23,9,15,0.6,5,10,0.5,0,0,0.0,2,6,8,1,3,0,2,2,23,13,1,
22023,1628978,22300359,"DEC 18, 2023",NYK @ LAL,W,19,3,5,0.6,2,4,0.5,0,0,0.0,0,1,1,3,0,1,1,1,8,-2,1,
22023,1628978,22300343,"DEC 16, 2023",NYK @ LAC,L,22,5,8,0.625,5,8,0.625,3,3,1.0,0,1,1,1,1,0,0,3,18,-22,1,
22023,1628978,22300333,"DEC 15, 2023",NYK @ PHX,W,19,2,3,0.667,1,2,0.5,0,0,0.0,0,1,1,1,1,0,0,4,5,-13,1,
22023,1628978,22300318,"DEC 13, 2023",NYK @ UTA,L,27,6,13,0.462,4,9,0.444,5,7,0.714,3,4,7,1,4,0,0,2,21,12,1,
22023,1628978,22300297,"DEC 11, 2023",NYK vs. TOR,W,19,1,2,0.5,1,2,0.5,0,0,0.0,0,4,4,5,0,1,1,3,3,1,1,
22023,1628978,22301227,"DEC 08, 2023",NYK @ BOS,L,22,2,6,0.333,2,5,0.4,0,0,0.0,0,4,4,2,0,0,1,2,6,-21,1,
22023,1628978,22301201,"DEC 05, 2023",NYK @ MIL,L,17,2,5,0.4,1,4,0.25,2,2,1.0,0,1,1,2,0,0,0,2,7,-12,1,
22023,1628978,22300276,"DEC 01, 2023",NYK @ TOR,W,22,7,10,0.7,7,9,0.778,0,0,0.0,0,1,1,1,0,0,0,0,21,0,1,
22023,1628978,22300268,"NOV 30, 2023",NYK vs. DET,W,23,4,8,0.5,4,8,0.5,0,0,0.0,0,3,3,2,0,1,0,1,12,0,1,
22023,1628978,22300057,"NOV 28, 2023",NYK vs. CHA,W,19,2,8,0.25,2,6,0.333,0,0,0.0,0,2,2,0,1,0,2,0,6,3,1,
22023,1628978,22300247,"NOV 26, 2023",NYK vs. PHX,L,14,2,6,0.333,2,3,0.667,0,0,0.0,0,1,1,0,2,0,0,1,6,-1,1,
22023,1628978,22300045,"NOV 24, 2023",NYK vs. MIA,W,16,1,4,0.25,1,2,0.5,2,3,0.667,1,3,4,1,1,0,3,1,5,7,1,
22023,1628978,22300221,"NOV 20, 2023",NYK @ MIN,L,26,2,8,0.25,1,6,0.167,2,2,1.0,2,1,3,5,1,0,0,3,7,3,1,
22023,1628978,22300202,"NOV 18, 2023",NYK @ CHA,W,28,9,12,0.75,7,10,0.7,0,0,0.0,0,3,3,3,3,1,0,1,25,11,1,
22023,1628978,22300028,"NOV 17, 2023",NYK @ WAS,W,25,5,9,0.556,4,8,0.5,0,0,0.0,2,2,4,1,0,0,1,1,14,2,1,
22023,1628978,22300193,"NOV 15, 2023",NYK @ ATL,W,22,3,8,0.375,0,2,0.0,0,0,0.0,1,3,4,3,2,0,4,1,6,-8,1,
22023,1628978,22300188,"NOV 13, 2023",NYK @ BOS,L,16,2,6,0.333,1,4,0.25,0,0,0.0,1,0,1,1,0,0,0,1,5,-3,1,
22023,1628978,22300177,"NOV 12, 2023",NYK vs. CHA,W,23,3,8,0.375,1,6,0.167,2,3,0.667,1,0,1,2,0,1,1,2,9,16,1,
22023,1628978,22300161,"NOV 08, 2023",NYK vs. SAS,W,20,1,6,0.167,1,3,0.333,0,0,0.0,1,3,4,2,1,0,0,1,3,-12,1,
22023,1628978,22300151,"NOV 06, 2023",NYK vs. LAC,W,16,4,6,0.667,3,5,0.6,1,2,0.5,2,4,6,1,1,1,1,1,12,13,1,
22023,1628978,22300002,"NOV 03, 2023",NYK @ MIL,L,18,1,8,0.125,1,4,0.25,0,0,0.0,1,3,4,0,0,0,1,0,3,-10,1,
22023,1628978,22300120,"NOV 01, 2023",NYK vs. CLE,L,30,5,10,0.5,3,7,0.429,3,5,0.6,0,2,2,0,2,1,3,3,16,1,1,
22023,1628978,22300112,"OCT 31, 2023",NYK @ CLE,W,15,1,3,0.333,1,3,0.333,0,0,0.0,0,2,2,6,1,0,1,3,3,9,1,
22023,1628978,22300090,"OCT 28, 2023",NYK @ NOP,L,20,2,7,0.286,1,5,0.2,0,0,0.0,2,2,4,1,2,0,2,3,5,-8,1,
22023,1628978,22300079,"OCT 27, 2023",NYK @ ATL,W,20,6,10,0.6,3,5,0.6,1,2,0.5,1,1,2,1,1,1,2,2,16,-5,1,
22023,1628978,22300065,"OCT 25, 2023",NYK vs. BOS,L,15,0,4,0.0,0,3,0.0,0,0,0.0,0,3,3,2,0,0,0,1,0,5,1,
22023,1628981,22300777,"FEB 14, 2024",ATL @ CHA,L,26,2,5,0.4,0,0,0.0,2,2,1.0,3,9,12,1,1,1,0,5,6,-21,1,
22023,1628981,22300763,"FEB 12, 2024",ATL vs. CHI,L,12,2,5,0.4,0,0,0.0,0,0,0.0,4,3,7,0,0,0,0,3,4,-4,1,
22023,1628981,22300742,"FEB 09, 2024",ATL @ PHI,W,14,4,4,1.0,0,0,0.0,0,0,0.0,0,3,3,0,0,2,0,4,8,-2,1,
22023,1628981,22300729,"FEB 07, 2024",ATL @ BOS,L,12,2,4,0.5,0,0,0.0,5,6,0.833,1,3,4,1,0,0,1,1,9,-12,1,
22023,1628981,22300716,"FEB 05, 2024",ATL vs. LAC,L,14,3,6,0.5,0,0,0.0,1,3,0.333,1,3,4,1,0,2,0,1,7,2,1,
22023,1628981,22300595,"JAN 20, 2024",ATL vs. CLE,L,3,0,1,0.0,0,1,0.0,0,0,0.0,0,1,1,1,0,0,0,0,0,3,1,
22023,1628981,22300543,"JAN 13, 2024",ATL vs. WAS,L,5,1,1,1.0,0,0,0.0,2,2,1.0,0,2,2,0,0,0,1,0,4,1,1,
22023,1628981,22300533,"JAN 12, 2024",ATL vs. IND,L,4,0,1,0.0,0,1,0.0,0,0,0.0,0,1,1,0,0,0,0,0,0,2,1,
22023,1628981,22300521,"JAN 10, 2024",ATL vs. PHI,W,17,3,4,0.75,0,0,0.0,2,9,0.222,2,3,5,0,1,3,1,2,8,8,1,
22023,1628981,22300480,"JAN 05, 2024",ATL @ IND,L,7,2,2,1.0,0,0,0.0,2,2,1.0,0,2,2,0,0,1,0,1,6,-2,1,
22023,1628981,22300445,"DEC 31, 2023",ATL @ WAS,W,15,0,2,0.0,0,0,0.0,0,0,0.0,0,3,3,2,1,0,1,4,0,7,1,
22023,1628981,22300336,"DEC 16, 2023",ATL @ CLE,L,16,5,7,0.714,0,0,0.0,3,5,0.6,2,6,8,1,0,1,0,2,13,7,1,
22023,1628981,22300330,"DEC 15, 2023",ATL @ TOR,W,1,0,0,0.0,0,0,0.0,0,0,0.0,0,0,0,0,0,0,0,0,0,-3,1,
22023,1628981,22300055,"NOV 28, 2023",ATL @ CLE,L,4,1,6,0.167,0,0,0.0,0,0,0.0,2,1,3,0,0,0,1,1,2,0,1,
22023,1628981,22300241,"NOV 25, 2023",ATL @ WAS,W,5,2,2,1.0,0,0,0.0,1,1,1.0,1,0,1,0,0,0,1,0,5,-2,1,
22023,1628981,22300172,"NOV 09, 2023",ATL @ ORL,W,1,0,0,0.0,0,0,0.0,0,0,0.0,0,0,0,0,0,0,0,1,0,7,1,
22023,1628981,22300104,"OCT 30, 2023",ATL vs. MIN,W,1,0,0,0.0,0,0,0.0,0,0,0.0,0,0,0,0,0,0,0,0,0,-4,1,
22023,1628981,22300097,"OCT 29, 2023",ATL @ MIL,W,5,0,1,0.0,0,1,0.0,0,0,0.0,0,0,0,0,0,0,2,1,0,-7,1,
22023,1628983,22300772,"FEB 13, 2024",OKC @ ORL,W,34,11,24,0.458,1,1,1.0,9,10,0.9,0,3,3,5,2,1,1,5,32,0,1,
22023,1628983,22300760,"FEB 11, 2024",OKC vs. SAC,W,39,15,26,0.577,3,4,0.75,5,9,0.556,0,3,3,7,1,2,1,0,38,16,1,
22023,1628983,22300748,"FEB 10, 2024",OKC @ DAL,L,29,9,16,0.563,0,0,0.0,7,8,0.875,2,4,6,5,0,1,3,1,25,-31,1,
22023,1628983,22300724,"FEB 06, 2024",OKC @ UTA,L,36,11,22,0.5,2,3,0.667,4,5,0.8,1,3,4,7,1,1,2,1,28,-3,1,
22023,1628983,22300710,"FEB 04, 2024",OKC vs. TOR,W,48,9,17,0.529,2,5,0.4,3,3,1.0,1,8,9,14,2,3,2,5,23,7,1,
22023,1628983,22300695,"FEB 02, 2024",OKC vs. CHA,W,30,11,15,0.733,1,1,1.0,8,10,0.8,0,3,3,9,5,3,3,2,31,34,1,
22023,1628983,22300682,"JAN 31, 2024",OKC vs. DEN,W,36,10,22,0.455,2,3,0.667,12,13,0.923,1,6,7,5,1,2,2,4,34,-1,1,
22023,1628983,22300664,"JAN 29, 2024",OKC vs. MIN,L,39,10,18,0.556,2,3,0.667,15,16,0.938,2,5,7,8,2,0,4,2,37,5,1,
22023,1628983,22300654,"JAN 28, 2024",OKC @ DET,L,29,13,20,0.65,1,1,1.0,4,5,0.8,3,2,5,4,1,0,3,3,31,-6,1,
22023,1628983,22300640,"JAN 26, 2024",OKC @ NOP,W,32,10,21,0.476,3,8,0.375,8,9,0.889,0,4,4,5,2,1,4,0,31,12,1,
22023,1628983,22300622,"JAN 24, 2024",OKC @ SAS,W,29,9,15,0.6,2,2,1.0,12,12,1.0,2,4,6,10,2,1,4,3,32,20,1,
22023,1628983,22300617,"JAN 23, 2024",OKC vs. POR,W,35,10,24,0.417,0,3,0.0,13,17,0.765,2,4,6,10,5,0,3,3,33,17,1,
22023,1628983,22300599,"JAN 20, 2024",OKC @ MIN,W,37,10,22,0.455,1,2,0.5,12,13,0.923,1,1,2,6,2,0,2,0,33,14,1,
22023,1628983,22300581,"JAN 18, 2024",OKC @ UTA,W,35,8,15,0.533,0,1,0.0,15,17,0.882,1,5,6,6,1,1,4,4,31,-1,1,
22023,1628983,22300568,"JAN 16, 2024",OKC @ LAC,L,34,6,16,0.375,0,3,0.0,7,8,0.875,1,1,2,4,0,2,2,4,19,-19,1,
22023,1628983,22300565,"JAN 15, 2024",OKC @ LAL,L,34,9,19,0.474,1,6,0.167,5,5,1.0,0,3,3,6,1,1,3,3,24,-12,1,
22023,1628983,22300546,"JAN 13, 2024",OKC vs. ORL,W,36,13,20,0.65,0,4,0.0,11,12,0.917,2,4,6,7,3,1,0,2,37,14,1,
22023,1628983,22300529,"JAN 11, 2024",OKC vs. POR,W,21,11,15,0.733,1,3,0.333,8,8,1.0,1,4,5,4,0,1,2,2,31,41,1,
22023,1628983,22300522,"JAN 10, 2024",OKC @ MIA,W,34,11,17,0.647,2,5,0.4,4,5,0.8,0,2,2,8,1,1,3,3,28,-3,1,
22023,1628983,22300508,"JAN 08, 2024",OKC @ WAS,W,36,11,17,0.647,2,3,0.667,8,10,0.8,1,5,6,5,3,1,3,5,32,3,1,
22023,1628983,22300481,"JAN 05, 2024",OKC @ BKN,L,36,11,19,0.579,2,5,0.4,10,15,0.667,1,8,9,6,0,0,2,5,34,-10,1,
22023,1628983,22300467,"JAN 03, 2024",OKC @ ATL,L,35,11,24,0.458,2,3,0.667,9,11,0.818,1,12,13,8,0,0,2,2,33,2,1,
22023,1628983,22300462,"JAN 02, 2024",OKC vs. BOS,W,37,14,22,0.636,3,5,0.6,5,8,0.625,0,6,6,7,1,0,0,5,36,3,1,
22023,1628983,22300447,"DEC 31, 2023",OKC vs. BKN,W,35,7,15,0.467,1,2,0.5,9,9,1.0,0,4,4,6,0,0,1,2,24,9,1,
22023,1628983,22300435,"DEC 29, 2023",OKC @ DEN,W,33,14,20,0.7,2,3,0.667,10,10,1.0,0,4,4,3,2,1,1,3,40,21,1,
22023,1628983,22300419,"DEC 27, 2023",OKC vs. NYK,W,36,13,23,0.565,2,5,0.4,8,9,0.889,1,6,7,8,2,2,1,0,36,12,1,
22023,1628983,22300411,"DEC 26, 2023",OKC vs. MIN,W,33,14,19,0.737,0,3,0.0,6,7,0.857,0,6,6,9,2,1,3,3,34,16,1,
22023,1628983,22300397,"DEC 23, 2023",OKC vs. LAL,L,38,12,21,0.571,1,5,0.2,9,10,0.9,1,4,5,7,3,0,3,2,34,-6,1,
22023,1628983,22300379,"DEC 21, 2023",OKC vs. LAC,W,32,11,25,0.44,1,6,0.167,8,9,0.889,2,6,8,4,4,2,1,0,31,9,1,
22023,1628983,22300355,"DEC 18, 2023",OKC vs. MEM,W,28,8,18,0.444,1,3,0.333,13,14,0.929,0,9,9,5,4,0,2,4,30,30,1,
22023,1628983,22300340,"DEC 16, 2023",OKC @ DEN,W,37,9,20,0.45,0,2,0.0,7,8,0.875,0,6,6,8,2,0,2,1,25,3,1,
22023,1628983,22300324,"DEC 14, 2023",OKC @ SAC,L,38,13,27,0.481,1,5,0.2,16,18,0.889,2,4,6,9,2,0,3,2,43,3,1,
22023,1628983,22300302,"DEC 11, 2023",OKC vs. UTA,W,28,12,17,0.706,0,1,0.0,6,6,1.0,1,3,4,7,3,0,1,1,30,35,1,
22023,1628983,22301222,"DEC 08, 2023",OKC vs. GSW,W,42,15,30,0.5,0,3,0.0,8,11,0.727,3,2,5,5,5,1,0,4,38,11,1,
22023,1628983,22301212,"DEC 06, 2023",OKC @ HOU,L,37,13,18,0.722,0,0,0.0,7,9,0.778,0,3,3,6,6,1,2,4,33,-6,1,
22023,1628983,22300287,"DEC 02, 2023",OKC @ DAL,W,39,6,13,0.462,2,3,0.667,3,4,0.75,1,2,3,9,5,1,2,4,17,8,1,
22023,1628983,22300271,"NOV 30, 2023",OKC vs. LAL,W,35,11,18,0.611,1,4,0.25,10,10,1.0,0,4,4,7,1,0,0,4,33,15,1,
22023,1628983,22300058,"NOV 28, 2023",OKC @ MIN,L,34,13,22,0.591,0,1,0.0,6,6,1.0,1,3,4,4,3,2,3,2,32,4,1,
22023,1628983,22300239,"NOV 25, 2023",OKC vs. PHI,L,36,10,21,0.476,1,2,0.5,10,10,1.0,3,3,6,5,2,0,1,3,31,1,1,
22023,1628983,22300234,"NOV 22, 2023",OKC vs. CHI,W,37,11,19,0.579,1,3,0.333,17,18,0.944,1,4,5,12,1,3,2,2,40,16,1,
22023,1628983,22300215,"NOV 19, 2023",OKC @ POR,W,23,10,13,0.769,1,1,1.0,7,7,1.0,0,3,3,4,1,0,3,2,28,26,1,
22023,1628983,22300207,"NOV 18, 2023",OKC @ GSW,W,41,18,29,0.621,2,3,0.667,2,2,1.0,1,6,7,6,2,2,3,1,40,7,1,
22023,1628983,22300201,"NOV 16, 2023",OKC @ GSW,W,29,6,21,0.286,3,7,0.429,9,9,1.0,1,1,2,7,3,1,2,4,24,12,1,
22023,1628983,22300021,"NOV 14, 2023",OKC vs. SAS,W,28,10,16,0.625,1,4,0.25,7,7,1.0,1,5,6,5,7,0,2,2,28,25,1,
22023,1628983,22300185,"NOV 12, 2023",OKC @ PHX,W,37,13,22,0.591,2,5,0.4,7,8,0.875,0,7,7,4,1,1,1,3,35,7,1,
22023,1628983,22300016,"NOV 10, 2023",OKC @ SAC,L,38,14,25,0.56,0,2,0.0,5,6,0.833,0,7,7,5,2,2,2,1,33,-3,1,
22023,1628983,22300167,"NOV 08, 2023",OKC vs. CLE,W,38,15,22,0.682,1,2,0.5,12,13,0.923,2,5,7,6,2,1,3,3,43,10,1,
22023,1628983,22300155,"NOV 06, 2023",OKC vs. ATL,W,37,11,20,0.55,3,7,0.429,5,6,0.833,1,7,8,6,1,0,2,5,30,14,1,
22023,1628983,22300121,"NOV 01, 2023",OKC vs. NOP,L,38,8,20,0.4,0,5,0.0,4,5,0.8,0,5,5,8,3,0,2,2,20,1,1,
22023,1628983,22300109,"OCT 30, 2023",OKC vs. DET,W,33,11,23,0.478,1,3,0.333,9,9,1.0,1,8,9,4,3,0,5,2,32,17,1,
22023,1628983,22300095,"OCT 29, 2023",OKC vs. DEN,L,28,2,16,0.125,0,4,0.0,3,4,0.75,1,3,4,7,1,0,0,2,7,-22,1,
22023,1628983,22300081,"OCT 27, 2023",OKC @ CLE,W,36,15,26,0.577,2,2,1.0,2,2,1.0,1,10,11,4,5,1,5,2,34,4,1,
22023,1628983,22300070,"OCT 25, 2023",OKC @ CHI,W,36,12,18,0.667,2,5,0.4,5,5,1.0,0,5,5,10,1,2,1,0,31,19,1,
22023,1628984,22300785,"FEB 14, 2024",SAS @ DAL,L,5,0,1,0.0,0,1,0.0,0,0,0.0,0,1,1,0,0,0,0,0,0,2,1,
22023,1628984,22300764,"FEB 12, 2024",SAS @ TOR,W,6,0,1,0.0,0,1,0.0,0,0,0.0,0,2,2,0,0,0,0,0,0,-4,1,
22023,1628984,22300622,"JAN 24, 2024",SAS vs. OKC,L,5,1,2,0.5,1,2,0.5,0,0,0.0,0,2,2,0,0,0,0,0,3,4,1,
22023,1628984,22300571,"JAN 17, 2024",SAS @ BOS,L,5,0,2,0.0,0,2,0.0,0,0,0.0,0,1,1,0,0,0,0,0,0,2,1,
22023,1628984,22300541,"JAN 12, 2024",SAS vs. CHA,W,10,3,5,0.6,2,4,0.5,0,0,0.0,0,0,0,2,1,0,0,1,8,2,1,
22023,1628984,22300448,"DEC 31, 2023",SAS vs. BOS,L,8,3,4,0.75,2,2,1.0,1,1,1.0,1,1,2,1,0,0,1,0,9,4,1,
22023,1628984,22300398,"DEC 23, 2023",SAS @ DAL,L,8,0,3,0.0,0,2,0.0,0,0,0.0,0,5,5,0,0,0,0,0,0,16,1,
22023,1628984,22300345,"DEC 17, 2023",SAS vs. NOP,L,7,2,3,0.667,2,3,0.667,1,2,0.5,0,0,0,2,0,0,0,1,7,2,1,
22023,1628984,22300331,"DEC 15, 2023",SAS vs. LAL,W,10,0,2,0.0,0,1,0.0,0,0,0.0,0,1,1,3,0,0,0,0,0,-8,1,
22023,1628984,22300252,"NOV 26, 2023",SAS @ DEN,L,7,1,2,0.5,0,1,0.0,0,0,0.0,0,0,0,3,0,0,0,0,2,8,1,
22023,1628984,22300021,"NOV 14, 2023",SAS @ OKC,L,17,1,3,0.333,0,2,0.0,2,3,0.667,0,1,1,7,0,0,2,2,4,5,1,
22023,1628984,22300146,"NOV 06, 2023",SAS @ IND,L,12,0,2,0.0,0,1,0.0,2,2,1.0,1,0,1,1,2,1,0,0,2,-9,1,
22023,1628988,22300783,"FEB 14, 2024",HOU @ MEM,L,30,7,13,0.538,5,8,0.625,0,0,0.0,2,0,2,1,1,0,2,3,19,-14,1,
22023,1628988,22300765,"FEB 12, 2024",HOU vs. NYK,W,26,7,14,0.5,2,6,0.333,2,4,0.5,1,2,3,4,0,0,0,3,18,8,1,
22023,1628988,22300754,"FEB 10, 2024",HOU @ ATL,L,22,7,10,0.7,3,5,0.6,1,1,1.0,0,1,1,2,0,1,0,4,18,1,1,
22023,1628988,22300744,"FEB 09, 2024",HOU @ TOR,L,31,5,13,0.385,2,8,0.25,0,0,0.0,0,3,3,5,1,0,1,2,12,15,1,
22023,1628988,22300719,"FEB 06, 2024",HOU @ IND,L,20,3,3,1.0,2,2,1.0,0,0,0.0,0,2,2,5,0,0,1,1,8,-10,1,
22023,1628988,22300709,"FEB 04, 2024",HOU @ MIN,L,16,1,3,0.333,0,1,0.0,3,3,1.0,0,2,2,2,2,0,1,3,5,10,1,
22023,1628988,22300692,"FEB 02, 2024",HOU vs. TOR,W,12,1,2,0.5,1,2,0.5,0,0,0.0,0,0,0,2,1,0,2,1,3,-1,1,
22023,1628988,22300679,"JAN 31, 2024",HOU vs. NOP,L,17,0,4,0.0,0,4,0.0,0,0,0.0,1,0,1,1,0,0,0,1,0,9,1,
22023,1628988,22300645,"JAN 27, 2024",HOU @ BKN,L,18,3,6,0.5,0,0,0.0,0,0,0.0,1,2,3,1,0,0,2,2,6,1,1,
22023,1628988,22300635,"JAN 26, 2024",HOU @ CHA,W,19,4,6,0.667,2,4,0.5,0,0,0.0,0,1,1,6,0,0,2,2,10,12,1,
22023,1628988,22300623,"JAN 24, 2024",HOU vs. POR,L,30,2,4,0.5,2,3,0.667,6,6,1.0,0,3,3,2,1,0,0,0,12,4,1,
22023,1628988,22300603,"JAN 21, 2024",HOU vs. BOS,L,27,5,8,0.625,2,5,0.4,0,0,0.0,0,4,4,5,1,0,2,4,12,5,1,
22023,1628988,22300598,"JAN 20, 2024",HOU vs. UTA,W,9,2,2,1.0,0,0,0.0,2,2,1.0,0,0,0,0,3,0,0,2,6,-1,1,
22023,1628988,22300573,"JAN 17, 2024",HOU @ NYK,L,4,0,0,0.0,0,0,0.0,0,0,0.0,0,1,1,1,0,0,0,0,0,4,1,
22023,1628988,22300555,"JAN 15, 2024",HOU @ PHI,L,6,0,1,0.0,0,1,0.0,0,0,0.0,0,1,1,1,0,0,0,0,0,-5,1,
22023,1628988,22300542,"JAN 13, 2024",HOU @ BOS,L,9,2,6,0.333,0,3,0.0,1,2,0.5,0,0,0,1,0,0,0,0,5,-13,1,
22023,1628988,22300534,"JAN 12, 2024",HOU @ DET,W,3,0,0,0.0,0,0,0.0,0,0,0.0,0,1,1,0,0,0,0,0,0,-9,1,
22023,1628988,22300523,"JAN 10, 2024",HOU @ CHI,L,11,1,3,0.333,0,1,0.0,2,2,1.0,1,1,2,0,2,0,2,0,4,-1,1,
22023,1628988,22300509,"JAN 08, 2024",HOU @ MIA,L,23,2,6,0.333,1,5,0.2,3,3,1.0,0,4,4,1,1,0,0,2,8,10,1,
22023,1628988,22300496,"JAN 06, 2024",HOU vs. MIL,W,21,4,7,0.571,3,5,0.6,0,0,0.0,0,1,1,0,0,0,2,1,11,3,1,
22023,1628988,22300485,"JAN 05, 2024",HOU vs. MIN,L,19,2,3,0.667,1,1,1.0,0,0,0.0,0,2,2,2,0,0,0,0,5,-14,1,
22023,1628988,22300469,"JAN 03, 2024",HOU vs. BKN,W,14,1,5,0.2,1,3,0.333,0,0,0.0,0,1,1,3,0,0,1,2,3,-5,1,
22023,1628988,22300453,"JAN 01, 2024",HOU vs. DET,W,11,0,3,0.0,0,1,0.0,0,0,0.0,1,2,3,4,0,0,0,1,0,8,1,
22023,1628988,22300434,"DEC 29, 2023",HOU vs. PHI,L,15,2,6,0.333,0,2,0.0,0,0,0.0,1,1,2,3,2,0,3,2,4,-5,1,
22023,1628988,22300418,"DEC 27, 2023",HOU vs. PHX,L,24,4,13,0.308,3,8,0.375,2,2,1.0,0,2,2,2,0,0,2,2,13,-3,1,
22023,1628988,22300409,"DEC 26, 2023",HOU vs. IND,L,25,6,10,0.6,3,6,0.5,0,0,0.0,0,3,3,1,1,0,1,1,15,9,1,
22023,1628988,22300392,"DEC 23, 2023",HOU @ NOP,W,15,1,2,0.5,1,2,0.5,2,2,1.0,0,1,1,1,1,0,1,0,5,2,1,
22023,1628988,22300385,"DEC 22, 2023",HOU vs. DAL,W,15,1,3,0.333,1,3,0.333,0,0,0.0,0,3,3,0,0,0,2,0,3,-5,1,
22023,1628988,22300371,"DEC 20, 2023",HOU vs. ATL,L,26,3,8,0.375,2,5,0.4,0,0,0.0,0,2,2,0,0,0,2,1,8,2,1,
22023,1628988,22300349,"DEC 18, 2023",HOU @ CLE,L,17,5,9,0.556,2,5,0.4,2,2,1.0,1,1,2,0,0,0,0,4,14,3,1,
22023,1628988,22300346,"DEC 17, 2023",HOU @ MIL,L,13,0,3,0.0,0,1,0.0,0,0,0.0,0,1,1,2,1,0,2,2,0,-3,1,
22023,1628988,22300332,"DEC 15, 2023",HOU @ MEM,W,19,1,5,0.2,1,3,0.333,1,1,1.0,1,1,2,0,1,1,0,1,4,7,1,
22023,1628988,22300314,"DEC 13, 2023",HOU vs. MEM,W,14,2,6,0.333,2,3,0.667,0,0,0.0,0,0,0,2,0,1,1,2,6,-9,1,
22023,1628988,22300298,"DEC 11, 2023",HOU vs. SAS,W,15,1,6,0.167,1,5,0.2,4,4,1.0,1,1,2,0,0,0,0,2,7,14,1,
22023,1628988,22301224,"DEC 08, 2023",HOU @ DEN,W,16,3,5,0.6,2,2,1.0,0,1,0.0,0,1,1,1,0,0,2,1,8,19,1,
22023,1628988,22301212,"DEC 06, 2023",HOU vs. OKC,W,27,8,13,0.615,6,7,0.857,0,0,0.0,1,5,6,4,1,0,0,3,22,-5,1,
22023,1628988,22300291,"DEC 02, 2023",HOU @ LAL,L,14,5,6,0.833,1,2,0.5,0,0,0.0,1,0,1,3,0,0,0,2,11,6,1,
22023,1628988,22300263,"NOV 29, 2023",HOU @ DEN,L,35,4,10,0.4,0,5,0.0,1,1,1.0,0,3,3,5,0,0,0,2,9,-16,1,
22023,1628988,22300059,"NOV 28, 2023",HOU @ DAL,L,21,3,8,0.375,2,4,0.5,0,0,0.0,1,3,4,4,0,0,1,3,8,-6,1,
22023,1628988,22300048,"NOV 24, 2023",HOU vs. DEN,W,15,3,4,0.75,1,1,1.0,0,0,0.0,0,0,0,0,1,1,0,2,7,2,1,
22023,1628988,22300231,"NOV 22, 2023",HOU vs. MEM,W,17,3,6,0.5,1,4,0.25,0,0,0.0,0,3,3,2,0,0,0,3,7,2,1,
22023,1628988,22300224,"NOV 20, 2023",HOU @ GSW,L,28,4,5,0.8,3,4,0.75,2,3,0.667,0,4,4,1,4,0,0,3,13,8,1,
22023,1628988,22300216,"NOV 19, 2023",HOU @ LAL,L,15,0,3,0.0,0,2,0.0,0,0,0.0,0,0,0,5,0,0,1,4,0,2,1,
22023,1628988,22300037,"NOV 17, 2023",HOU @ LAC,L,18,2,3,0.667,1,2,0.5,0,0,0.0,0,1,1,2,1,0,0,2,5,9,1,
22023,1628988,22300182,"NOV 12, 2023",HOU vs. DEN,W,17,2,8,0.25,1,5,0.2,0,0,0.0,0,2,2,2,0,0,0,1,5,8,1,
22023,1628988,22300011,"NOV 10, 2023",HOU vs. NOP,W,14,1,5,0.2,1,3,0.333,2,2,1.0,0,0,0,2,1,0,0,0,5,8,1,
22023,1628988,22300163,"NOV 08, 2023",HOU vs. LAL,W,23,3,6,0.5,1,2,0.5,0,0,0.0,0,2,2,3,0,0,0,3,7,12,1,
22023,1628988,22300153,"NOV 06, 2023",HOU vs. SAC,W,21,6,6,1.0,0,0,0.0,1,1,1.0,0,3,3,1,1,0,2,1,13,16,1,
22023,1628988,22300137,"NOV 04, 2023",HOU vs. SAC,W,19,0,4,0.0,0,2,0.0,0,0,0.0,1,2,3,0,0,0,1,1,0,-1,1,
22023,1628988,22300122,"NOV 01, 2023",HOU vs. CHA,W,11,2,2,1.0,2,2,1.0,0,0,0.0,0,1,1,1,0,0,1,1,6,-1,1,
22023,1628988,22300066,"OCT 25, 2023",HOU @ ORL,L,5,0,3,0.0,0,1,0.0,0,0,0.0,0,0,0,0,0,0,0,0,0,-9,1,
22023,1628989,22300786,"FEB 14, 2024",SAC @ DEN,W,26,3,7,0.429,2,6,0.333,0,0,0.0,1,4,5,2,1,2,0,1,8,3,1,
22023,1628989,22300774,"FEB 13, 2024",SAC @ PHX,L,24,4,6,0.667,2,3,0.667,0,0,0.0,0,3,3,1,1,1,1,2,10,-8,1,
22023,1628989,22300760,"FEB 11, 2024",SAC @ OKC,L,17,2,7,0.286,0,3,0.0,0,0,0.0,1,1,2,1,0,0,2,0,4,-20,1,
22023,1628989,22300746,"FEB 09, 2024",SAC vs. DEN,W,21,4,6,0.667,2,4,0.5,2,2,1.0,1,1,2,0,0,0,2,1,12,15,1,
22023,1628989,22300732,"FEB 07, 2024",SAC vs. DET,L,34,6,11,0.545,4,9,0.444,0,0,0.0,1,0,1,1,1,1,0,2,16,-10,1,
22023,1628989,22300714,"FEB 05, 2024",SAC @ CLE,L,31,4,9,0.444,2,5,0.4,0,0,0.0,2,1,3,4,1,0,1,0,10,-13,1,
22023,1628989,22300700,"FEB 03, 2024",SAC @ CHI,W,21,3,9,0.333,1,5,0.2,2,2,1.0,1,1,2,2,1,0,2,1,9,2,1,
22023,1628989,22300691,"FEB 02, 2024",SAC @ IND,W,30,5,10,0.5,3,6,0.5,2,3,0.667,2,3,5,6,0,0,4,5,15,5,1,
22023,1628989,22300678,"JAN 31, 2024",SAC @ MIA,L,39,6,12,0.5,2,6,0.333,0,0,0.0,1,2,3,4,1,0,1,4,14,-1,1,
22023,1628989,22300663,"JAN 29, 2024",SAC @ MEM,W,37,7,15,0.467,3,8,0.375,0,0,0.0,0,4,4,3,2,1,1,1,17,11,1,
22023,1628989,22300651,"JAN 27, 2024",SAC @ DAL,W,30,7,11,0.636,4,8,0.5,0,0,0.0,0,4,4,5,0,2,0,2,18,4,1,
22023,1628989,22300632,"JAN 25, 2024",SAC @ GSW,W,33,4,10,0.4,3,8,0.375,1,3,0.333,3,7,10,4,3,0,2,4,12,8,1,
22023,1628989,22300613,"JAN 22, 2024",SAC vs. ATL,W,26,3,6,0.5,2,5,0.4,0,0,0.0,0,2,2,3,0,1,1,4,8,-3,1,
22023,1628989,22300583,"JAN 18, 2024",SAC vs. IND,L,39,11,17,0.647,7,12,0.583,2,2,1.0,0,2,2,4,1,1,2,4,31,-3,1,
22023,1628989,22300567,"JAN 16, 2024",SAC @ PHX,L,26,4,9,0.444,2,6,0.333,0,0,0.0,0,3,3,2,2,1,0,4,10,-1,1,
22023,1628989,22300552,"JAN 14, 2024",SAC @ MIL,L,39,10,14,0.714,6,9,0.667,0,0,0.0,0,10,10,3,1,0,1,4,26,4,1,
22023,1628989,22300518,"JAN 10, 2024",SAC @ CHA,W,1,0,0,0.0,0,0,0.0,0,0,0.0,0,0,0,0,0,0,0,1,0,-2,1,
22023,1628989,22300512,"JAN 09, 2024",SAC @ DET,W,29,2,11,0.182,0,6,0.0,0,0,0.0,0,5,5,5,1,1,0,1,4,16,1,
22023,1628989,22300500,"JAN 07, 2024",SAC vs. NOP,L,24,6,10,0.6,2,6,0.333,3,4,0.75,1,0,1,3,1,1,0,0,17,-3,1,
22023,1628989,22300492,"JAN 05, 2024",SAC vs. TOR,W,14,1,2,0.5,1,2,0.5,0,0,0.0,0,2,2,3,0,0,0,1,3,3,1,
22023,1628989,22300476,"JAN 03, 2024",SAC vs. ORL,W,18,0,5,0.0,0,4,0.0,2,2,1.0,1,6,7,2,0,0,1,1,2,4,1,
22023,1628989,22300464,"JAN 02, 2024",SAC vs. CHA,L,12,1,4,0.25,0,2,0.0,2,2,1.0,0,2,2,0,0,0,0,3,4,-1,1,
22023,1628989,22300449,"DEC 31, 2023",SAC @ MEM,W,17,4,9,0.444,1,3,0.333,0,0,0.0,0,0,0,0,0,0,0,1,9,16,1,
22023,1628989,22300431,"DEC 29, 2023",SAC @ ATL,W,10,3,6,0.5,1,3,0.333,0,0,0.0,0,3,3,1,0,0,0,0,7,-5,1,
22023,1628989,22300413,"DEC 26, 2023",SAC @ POR,L,22,2,8,0.25,1,5,0.2,0,0,0.0,1,1,2,2,0,1,0,1,5,5,1,
22023,1628989,22300400,"DEC 23, 2023",SAC vs. MIN,L,15,1,7,0.143,0,2,0.0,0,0,0.0,0,1,1,1,0,0,1,3,2,-19,1,
22023,1628989,22300387,"DEC 22, 2023",SAC vs. PHX,W,27,5,9,0.556,2,6,0.333,1,1,1.0,1,1,2,5,1,0,1,1,13,22,1,
22023,1628989,22300373,"DEC 20, 2023",SAC vs. BOS,L,16,3,5,0.6,1,2,0.5,0,1,0.0,0,1,1,0,0,0,0,1,7,-7,1,
22023,1628989,22300358,"DEC 18, 2023",SAC vs. WAS,W,23,4,8,0.5,1,4,0.25,2,2,1.0,0,4,4,2,0,1,0,4,11,14,1,
22023,1628989,22300342,"DEC 16, 2023",SAC vs. UTA,W,25,4,6,0.667,2,4,0.5,1,2,0.5,1,2,3,5,0,0,0,4,11,26,1,
22023,1628989,22300324,"DEC 14, 2023",SAC vs. OKC,W,20,2,8,0.25,0,3,0.0,0,0,0.0,1,1,2,2,2,1,1,1,4,-10,1,
22023,1628989,22300309,"DEC 12, 2023",SAC @ LAC,L,17,1,8,0.125,1,4,0.25,0,0,0.0,0,4,4,3,1,0,0,1,3,-8,1,
22023,1628989,22300303,"DEC 11, 2023",SAC vs. BKN,W,17,2,6,0.333,2,5,0.4,0,0,0.0,0,1,1,1,0,0,0,4,6,2,1,
22023,1628989,22301228,"DEC 08, 2023",SAC @ PHX,W,17,0,4,0.0,0,3,0.0,1,1,1.0,0,3,3,1,1,0,0,3,1,-1,1,
22023,1628989,22301204,"DEC 04, 2023",SAC vs. NOP,L,32,5,10,0.5,2,7,0.286,0,0,0.0,1,4,5,2,0,0,0,2,12,11,1,
22023,1628989,22300290,"DEC 02, 2023",SAC vs. DEN,W,29,6,10,0.6,4,6,0.667,0,0,0.0,0,6,6,2,1,1,2,0,16,-4,1,
22023,1628989,22300264,"NOV 29, 2023",SAC vs. LAC,L,26,3,7,0.429,1,5,0.2,0,0,0.0,1,4,5,5,0,0,2,3,7,3,1,
22023,1628989,22300060,"NOV 28, 2023",SAC vs. GSW,W,33,8,14,0.571,4,7,0.571,1,2,0.5,3,6,9,5,0,0,1,5,21,2,1,
22023,1628989,22300050,"NOV 24, 2023",SAC @ MIN,W,24,4,8,0.5,2,5,0.4,0,0,0.0,1,1,2,3,0,1,0,1,10,17,1,
22023,1628989,22300233,"NOV 22, 2023",SAC @ NOP,L,27,2,10,0.2,2,7,0.286,2,2,1.0,0,7,7,2,0,0,0,3,8,-7,1,
22023,1628989,22300222,"NOV 20, 2023",SAC @ NOP,L,23,4,10,0.4,2,8,0.25,0,0,0.0,0,0,0,3,0,0,0,1,10,-25,1,
22023,1628989,22300032,"NOV 17, 2023",SAC @ SAS,W,25,4,9,0.444,1,4,0.25,0,0,0.0,0,1,1,2,3,0,0,2,9,-1,1,
22023,1628989,22300198,"NOV 15, 2023",SAC @ LAL,W,38,10,16,0.625,6,11,0.545,2,2,1.0,0,4,4,7,2,0,0,2,28,21,1,
22023,1628989,22300191,"NOV 13, 2023",SAC vs. CLE,W,29,7,11,0.636,6,9,0.667,0,0,0.0,1,1,2,2,0,0,0,4,20,5,1,
22023,1628989,22300016,"NOV 10, 2023",SAC vs. OKC,W,34,11,19,0.579,4,10,0.4,2,2,1.0,0,9,9,2,3,1,2,4,28,8,1,
22023,1628989,22300170,"NOV 08, 2023",SAC vs. POR,W,39,5,13,0.385,4,9,0.444,3,3,1.0,0,5,5,4,2,0,3,2,17,2,1,
22023,1628989,22300153,"NOV 06, 2023",SAC @ HOU,L,25,5,10,0.5,3,8,0.375,0,1,0.0,0,3,3,2,1,0,3,0,13,-26,1,
22023,1628989,22300137,"NOV 04, 2023",SAC @ HOU,L,16,2,8,0.25,0,3,0.0,0,0,0.0,2,2,4,2,1,0,1,3,4,-13,1,
22023,1628989,22300126,"NOV 01, 2023",SAC @ GSW,L,27,4,11,0.364,1,5,0.2,2,2,1.0,2,7,9,3,1,0,1,3,11,2,1,
22023,1628989,22300100,"OCT 29, 2023",SAC vs. LAL,W,37,4,12,0.333,3,7,0.429,1,2,0.5,0,7,7,4,0,2,0,3,12,11,1,
22023,1628989,22300087,"OCT 27, 2023",SAC vs. GSW,L,16,0,5,0.0,0,5,0.0,0,0,0.0,0,2,2,2,0,1,0,0,0,-2,1,
22023,1628989,22300072,"OCT 25, 2023",SAC @ UTA,W,24,3,9,0.333,1,5,0.2,0,0,0.0,2,3,5,2,0,0,1,3,7,6,1,
22023,1628991,22300783,"FEB 14, 2024",MEM vs. HOU,W,28,7,12,0.583,3,6,0.5,1,2,0.5,0,2,2,3,0,1,4,5,18,9,1,
22023,1628991,22300766,"FEB 12, 2024",MEM vs. NOP,L,36,8,19,0.421,2,8,0.25,4,5,0.8,0,6,6,3,1,0,4,2,22,-20,1,
22023,1628991,22300751,"FEB 10, 2024",MEM @ CHA,L,34,12,23,0.522,5,9,0.556,0,0,0.0,1,2,3,3,1,2,5,4,29,2,1,
22023,1628991,22300737,"FEB 08, 2024",MEM vs. CHI,L,32,11,22,0.5,4,10,0.4,2,5,0.4,1,1,2,4,0,1,4,6,28,-8,1,
22023,1628991,22300693,"FEB 02, 2024",MEM vs. GSW,L,31,8,21,0.381,2,9,0.222,9,11,0.818,0,5,5,2,2,2,2,2,27,-7,1,
22023,1628991,22300687,"FEB 01, 2024",MEM vs. CLE,L,34,10,23,0.435,2,6,0.333,3,4,0.75,0,5,5,5,1,3,5,4,25,-11,1,
22023,1628991,22300663,"JAN 29, 2024",MEM vs. SAC,L,32,6,18,0.333,0,4,0.0,10,12,0.833,0,3,3,2,0,0,3,5,22,-5,1,
22023,1628991,22300652,"JAN 28, 2024",MEM @ IND,L,32,7,17,0.412,0,3,0.0,11,12,0.917,0,5,5,4,2,1,4,5,25,10,1,
22023,1628991,22300638,"JAN 26, 2024",MEM vs. ORL,W,35,13,30,0.433,1,5,0.2,3,4,0.75,3,5,8,2,1,1,3,3,30,5,1,
22023,1628991,22300621,"JAN 24, 2024",MEM @ MIA,W,35,5,21,0.238,1,7,0.143,4,5,0.8,0,6,6,3,1,1,5,1,15,11,1,
22023,1628991,22300609,"JAN 22, 2024",MEM @ TOR,W,32,12,22,0.545,2,5,0.4,1,3,0.333,3,1,4,5,6,1,4,4,27,0,1,
22023,1628991,22300597,"JAN 20, 2024",MEM @ CHI,L,33,8,18,0.444,1,7,0.143,9,9,1.0,1,5,6,5,1,0,2,3,26,-5,1,
22023,1628991,22300582,"JAN 18, 2024",MEM @ MIN,L,27,15,23,0.652,3,6,0.5,3,5,0.6,1,2,3,1,0,1,3,5,36,-10,1,
22023,1628991,22300560,"JAN 15, 2024",MEM vs. GSW,W,33,4,20,0.2,3,14,0.214,7,8,0.875,0,5,5,5,4,1,1,1,18,-9,1,
22023,1628991,22300537,"JAN 12, 2024",MEM vs. LAC,L,30,6,20,0.3,1,8,0.125,8,10,0.8,2,4,6,1,1,1,1,1,21,-14,1,
22023,1628991,22300503,"JAN 07, 2024",MEM @ PHX,W,32,11,20,0.55,3,8,0.375,3,4,0.75,1,9,10,6,0,1,2,5,28,25,1,
22023,1628991,22300491,"JAN 05, 2024",MEM @ LAL,W,30,11,14,0.786,5,6,0.833,4,4,1.0,0,9,9,1,0,3,3,5,31,1,1,
22023,1628991,22300470,"JAN 03, 2024",MEM vs. TOR,L,37,7,18,0.389,4,8,0.5,6,6,1.0,1,3,4,0,1,4,3,1,24,5,1,
22023,1628991,22300460,"JAN 02, 2024",MEM vs. SAS,W,32,3,14,0.214,1,4,0.25,3,4,0.75,1,6,7,1,3,4,1,4,10,2,1,
22023,1628991,22300449,"DEC 31, 2023",MEM vs. SAC,L,29,6,14,0.429,1,4,0.25,5,6,0.833,0,3,3,1,1,0,0,3,18,-13,1,
22023,1628991,22300438,"DEC 29, 2023",MEM @ LAC,L,37,8,17,0.471,4,6,0.667,2,2,1.0,0,2,2,4,2,2,1,5,22,-11,1,
22023,1628991,22300425,"DEC 28, 2023",MEM @ DEN,L,28,5,15,0.333,1,3,0.333,3,4,0.75,1,3,4,2,2,0,0,1,14,-11,1,
22023,1628991,22300410,"DEC 26, 2023",MEM @ NOP,W,39,5,11,0.455,0,3,0.0,9,10,0.9,1,9,10,1,1,1,3,5,19,6,1,
22023,1628991,22300393,"DEC 23, 2023",MEM @ ATL,W,24,8,10,0.8,1,2,0.5,3,4,0.75,2,0,2,0,0,0,2,5,20,0,1,
22023,1628991,22300377,"DEC 21, 2023",MEM vs. IND,W,33,8,10,0.8,2,4,0.5,3,3,1.0,2,6,8,1,1,0,7,4,21,-8,1,
22023,1628991,22300360,"DEC 19, 2023",MEM @ NOP,W,30,6,10,0.6,1,3,0.333,11,15,0.733,1,5,6,0,0,3,2,4,24,-2,1,
22023,1628991,22300355,"DEC 18, 2023",MEM @ OKC,L,25,3,7,0.429,1,4,0.25,4,5,0.8,0,5,5,1,1,0,2,3,11,-15,1,
22023,1628991,22300332,"DEC 15, 2023",MEM vs. HOU,L,33,8,23,0.348,0,7,0.0,6,7,0.857,1,2,3,2,0,4,1,5,22,-5,1,
22023,1628991,22300314,"DEC 13, 2023",MEM @ HOU,L,40,15,24,0.625,3,8,0.375,11,13,0.846,1,6,7,2,4,1,3,4,44,-1,1,
22023,1628991,22300299,"DEC 11, 2023",MEM vs. DAL,L,42,15,29,0.517,6,10,0.6,5,5,1.0,0,4,4,2,2,2,2,3,41,-2,1,
22023,1628991,22301221,"DEC 08, 2023",MEM vs. MIN,L,29,7,14,0.5,3,4,0.75,4,4,1.0,1,1,2,1,1,1,2,5,21,-19,1,
22023,1628991,22301206,"DEC 06, 2023",MEM @ DET,W,35,10,20,0.5,2,6,0.333,2,3,0.667,0,4,4,0,0,3,0,3,24,15,1,
22023,1628991,22300288,"DEC 02, 2023",MEM @ PHX,L,35,13,21,0.619,2,5,0.4,9,10,0.9,1,8,9,2,1,1,4,4,37,-7,1,
22023,1628991,22300277,"DEC 01, 2023",MEM @ DAL,W,14,2,8,0.25,0,3,0.0,0,0,0.0,1,3,4,2,0,2,1,5,4,0,1,
22023,1628991,22300261,"NOV 29, 2023",MEM vs. UTA,W,35,8,19,0.421,0,3,0.0,4,4,1.0,3,3,6,1,1,6,1,2,20,14,1,
22023,1628991,22300249,"NOV 26, 2023",MEM vs. MIN,L,37,4,14,0.286,2,6,0.333,8,10,0.8,0,4,4,3,1,3,2,3,18,-9,1,
22023,1628991,22300044,"NOV 24, 2023",MEM vs. PHX,L,29,5,13,0.385,1,4,0.25,2,4,0.5,4,3,7,2,1,0,3,5,13,-12,1,
22023,1628991,22300231,"NOV 22, 2023",MEM @ HOU,L,37,7,21,0.333,0,4,0.0,9,12,0.75,1,6,7,0,1,1,2,4,23,-20,1,
22023,1628991,22300213,"NOV 19, 2023",MEM vs. BOS,L,34,5,12,0.417,1,3,0.333,6,7,0.857,2,6,8,1,1,1,2,5,17,-1,1,
22023,1628991,22300206,"NOV 18, 2023",MEM @ SAS,W,27,7,20,0.35,2,8,0.25,11,12,0.917,3,2,5,0,1,1,2,3,27,10,1,
22023,1628991,22300026,"NOV 14, 2023",MEM @ LAL,L,22,3,16,0.188,2,6,0.333,0,0,0.0,2,0,2,2,0,1,1,2,8,-16,1,
22023,1628991,22300179,"NOV 12, 2023",MEM @ LAC,W,29,3,15,0.2,0,3,0.0,6,6,1.0,0,4,4,1,1,1,3,4,12,-3,1,
22023,1628991,22300012,"NOV 10, 2023",MEM vs. UTA,L,23,7,13,0.538,0,2,0.0,0,0,0.0,2,2,4,2,0,0,2,2,14,-11,1,
22023,1628991,22300164,"NOV 08, 2023",MEM vs. MIA,L,33,9,18,0.5,2,8,0.25,8,10,0.8,2,2,4,2,0,1,1,5,28,-5,1,
22023,1628991,22300144,"NOV 05, 2023",MEM @ POR,W,37,11,18,0.611,1,4,0.25,4,6,0.667,3,4,7,2,1,1,2,1,27,11,1,
22023,1628991,22300007,"NOV 03, 2023",MEM @ POR,L,38,11,17,0.647,5,8,0.625,3,6,0.5,2,8,10,3,1,3,4,1,30,3,1,
22023,1628991,22300125,"NOV 01, 2023",MEM @ UTA,L,26,5,17,0.294,1,8,0.125,8,8,1.0,3,5,8,2,0,1,2,3,19,-25,1,
22023,1628991,22300106,"OCT 30, 2023",MEM vs. DAL,L,34,10,20,0.5,3,6,0.5,7,9,0.778,2,7,9,4,0,2,1,3,30,-25,1,
22023,1628991,22300089,"OCT 28, 2023",MEM @ WAS,L,31,4,12,0.333,2,4,0.5,6,6,1.0,0,5,5,2,1,1,1,4,16,5,1,
22023,1628991,22300078,"OCT 27, 2023",MEM vs. DEN,L,28,9,13,0.692,2,2,1.0,1,2,0.5,2,7,9,2,0,3,0,5,21,-1,1,
22023,1628991,22300071,"OCT 25, 2023",MEM vs. NOP,L,36,2,9,0.222,0,5,0.0,4,4,1.0,1,4,5,3,0,5,3,5,8,-1,1,
22023,1628995,22300704,"FEB 04, 2024",DET vs. ORL,L,13,0,3,0.0,0,2,0.0,0,0,0.0,0,1,1,1,0,0,1,1,0,1,1,
22023,1628995,22300688,"FEB 02, 2024",DET vs. LAC,L,18,0,2,0.0,0,2,0.0,0,0,0.0,0,1,1,2,1,0,1,3,0,16,1,
22023,1628995,22300675,"JAN 31, 2024",DET @ CLE,L,20,5,9,0.556,1,3,0.333,1,1,1.0,2,3,5,0,0,0,2,1,12,4,1,
22023,1628995,22300654,"JAN 28, 2024",DET vs. OKC,W,14,3,5,0.6,0,0,0.0,0,0,0.0,1,2,3,1,1,0,2,3,6,4,1,
22023,1628995,22300642,"JAN 27, 2024",DET vs. WAS,L,11,1,3,0.333,0,2,0.0,2,2,1.0,0,0,0,0,0,0,0,1,4,-10,1,
22023,1628995,22300619,"JAN 24, 2024",DET vs. CHA,W,13,0,4,0.0,0,2,0.0,0,0,0.0,0,4,4,0,0,0,0,0,0,6,1,
22023,1628995,22300606,"JAN 22, 2024",DET vs. MIL,L,9,2,3,0.667,0,1,0.0,0,0,0.0,0,2,2,0,0,0,0,3,4,-6,1,
22023,1628995,22300592,"JAN 20, 2024",DET vs. MIL,L,16,1,5,0.2,1,2,0.5,0,0,0.0,0,3,3,0,1,0,0,3,3,-22,1,
22023,1628995,22300569,"JAN 17, 2024",DET vs. MIN,L,21,2,3,0.667,1,2,0.5,0,0,0.0,0,1,1,2,0,0,1,2,5,-13,1,
22023,1628995,22300558,"JAN 15, 2024",DET @ WAS,W,33,1,7,0.143,1,4,0.25,2,2,1.0,2,0,2,1,0,0,1,0,5,7,1,
22023,1628995,22300534,"JAN 12, 2024",DET vs. HOU,L,35,7,9,0.778,2,4,0.5,3,3,1.0,0,7,7,2,1,2,1,1,19,-1,1,
22023,1628995,22300519,"JAN 10, 2024",DET vs. SAS,L,24,5,11,0.455,2,5,0.4,0,0,0.0,3,1,4,0,0,0,0,2,12,-17,1,
22023,1628995,22300512,"JAN 09, 2024",DET vs. SAC,L,20,3,8,0.375,1,4,0.25,1,1,1.0,1,1,2,1,1,0,2,1,8,-5,1,
22023,1628995,22300502,"JAN 07, 2024",DET @ DEN,L,20,4,8,0.5,1,3,0.333,3,4,0.75,2,1,3,1,0,0,0,0,12,-13,1,
22023,1628995,22300490,"JAN 05, 2024",DET @ GSW,L,23,7,13,0.538,4,8,0.5,0,0,0.0,0,1,1,3,1,2,0,3,18,-6,1,
22023,1628995,22300474,"JAN 03, 2024",DET @ UTA,L,13,2,5,0.4,0,2,0.0,0,0,0.0,1,0,1,2,0,0,0,1,4,6,1,
22023,1628995,22300453,"JAN 01, 2024",DET @ HOU,L,23,4,7,0.571,1,4,0.25,2,2,1.0,0,3,3,0,0,0,0,2,11,-5,1,
22023,1628995,22300440,"DEC 30, 2023",DET vs. TOR,W,31,7,14,0.5,3,8,0.375,0,0,0.0,0,2,2,2,1,1,1,2,17,1,1,
22023,1628995,22300421,"DEC 28, 2023",DET @ BOS,L,18,3,9,0.333,0,6,0.0,0,0,0.0,0,2,2,0,1,0,0,3,6,9,1,
22023,1628995,22300406,"DEC 26, 2023",DET vs. BKN,L,12,1,4,0.25,0,1,0.0,1,1,1.0,1,2,3,0,0,0,1,2,3,-11,1,
22023,1628995,22300394,"DEC 23, 2023",DET @ BKN,L,24,5,6,0.833,3,3,1.0,1,1,1.0,0,1,1,0,0,0,0,2,14,-11,1,
22023,1628995,22300334,"DEC 16, 2023",DET @ MIL,L,9,0,2,0.0,0,1,0.0,0,0,0.0,0,0,0,0,1,0,0,2,0,0,1,
22023,1628995,22300310,"DEC 13, 2023",DET vs. PHI,L,10,2,5,0.4,1,4,0.25,2,2,1.0,0,2,2,2,0,1,2,0,7,8,1,
22023,1628995,22300293,"DEC 11, 2023",DET vs. IND,L,1,0,0,0.0,0,0,0.0,0,0,0.0,0,0,0,0,0,0,0,0,0,-2,1,
22023,1628995,22301217,"DEC 08, 2023",DET @ ORL,L,5,0,0,0.0,0,0,0.0,0,0,0.0,0,1,1,0,0,0,1,0,0,-3,1,
22023,1628995,22300268,"NOV 30, 2023",DET @ NYK,L,9,1,3,0.333,0,2,0.0,1,1,1.0,0,0,0,0,0,0,2,1,3,-10,1,
22023,1628995,22300258,"NOV 29, 2023",DET vs. LAL,L,6,1,1,1.0,1,1,1.0,0,0,0.0,0,0,0,0,0,0,0,0,3,4,1,
22023,1628995,22300211,"NOV 19, 2023",DET @ TOR,L,26,2,11,0.182,1,5,0.2,1,2,0.5,1,3,4,0,1,0,2,3,6,-22,1,
22023,1628995,22300030,"NOV 17, 2023",DET @ CLE,L,31,5,10,0.5,1,4,0.25,0,0,0.0,3,7,10,1,2,1,0,3,11,15,1,
22023,1628995,22300018,"NOV 14, 2023",DET vs. ATL,L,29,5,8,0.625,2,4,0.5,0,0,0.0,1,3,4,1,0,0,2,3,12,-6,1,
22023,1628995,22300181,"NOV 12, 2023",DET @ CHI,L,24,7,8,0.875,4,5,0.8,0,0,0.0,0,3,3,1,1,0,0,2,18,-3,1,
22023,1628997,22300779,"FEB 14, 2024",MIA @ PHI,W,25,3,9,0.333,0,4,0.0,2,2,1.0,1,0,1,3,2,0,1,2,8,1,1,
22023,1628997,22300773,"FEB 13, 2024",MIA @ MIL,W,25,1,3,0.333,0,2,0.0,0,0,0.0,0,1,1,2,0,1,1,2,2,22,1,
22023,1628997,22300759,"FEB 11, 2024",MIA vs. BOS,L,36,6,12,0.5,3,7,0.429,0,0,0.0,4,4,8,1,0,0,1,1,15,0,1,
22023,1628997,22300730,"FEB 07, 2024",MIA vs. SAS,W,25,4,6,0.667,1,3,0.333,0,0,0.0,2,3,5,2,2,0,1,2,9,13,1,
22023,1628997,22300721,"FEB 06, 2024",MIA vs. ORL,W,25,5,9,0.556,1,3,0.333,0,0,0.0,1,2,3,1,1,1,0,2,11,14,1,
22023,1628997,22300708,"FEB 04, 2024",MIA vs. LAC,L,31,5,9,0.556,0,2,0.0,1,2,0.5,1,3,4,2,1,0,0,3,11,-7,1,
22023,1628997,22300689,"FEB 02, 2024",MIA @ WAS,W,29,2,6,0.333,0,2,0.0,0,0,0.0,2,2,4,4,1,0,1,3,4,7,1,
22023,1628997,22300678,"JAN 31, 2024",MIA vs. SAC,W,28,3,7,0.429,0,2,0.0,1,1,1.0,0,3,3,2,0,0,1,3,7,12,1,
22023,1628997,22300661,"JAN 29, 2024",MIA vs. PHX,L,25,5,9,0.556,1,1,1.0,1,1,1.0,2,4,6,1,0,0,2,3,12,-4,1,
22023,1628997,22300643,"JAN 27, 2024",MIA @ NYK,L,16,2,4,0.5,1,3,0.333,1,2,0.5,0,3,3,0,0,1,0,2,6,-2,1,
22023,1628997,22300630,"JAN 25, 2024",MIA vs. BOS,L,22,2,12,0.167,2,8,0.25,2,2,1.0,1,2,3,2,1,0,0,0,8,-25,1,
22023,1628997,22300621,"JAN 24, 2024",MIA vs. MEM,L,29,4,8,0.5,3,5,0.6,4,4,1.0,2,2,4,1,2,1,2,2,15,-8,1,
22023,1628997,22300601,"JAN 21, 2024",MIA @ ORL,L,31,5,7,0.714,1,1,1.0,0,0,0.0,1,3,4,4,0,0,2,2,11,-11,1,
22023,1628997,22300587,"JAN 19, 2024",MIA vs. ATL,L,27,4,9,0.444,2,3,0.667,0,0,0.0,3,5,8,1,0,1,1,1,10,3,1,
22023,1628997,22300574,"JAN 17, 2024",MIA @ TOR,L,26,4,5,0.8,0,0,0.0,2,2,1.0,1,2,3,5,0,0,1,1,10,-22,1,
22023,1628997,22300562,"JAN 15, 2024",MIA @ BKN,W,34,3,8,0.375,1,4,0.25,2,2,1.0,0,3,3,1,1,1,1,1,9,-9,1,
22023,1628997,22300551,"JAN 14, 2024",MIA vs. CHA,W,25,1,5,0.2,0,2,0.0,0,0,0.0,0,3,3,2,1,0,1,2,2,13,1,
22023,1628997,22300535,"JAN 12, 2024",MIA vs. ORL,W,24,3,6,0.5,1,2,0.5,4,4,1.0,0,4,4,2,1,0,0,1,11,3,1,
22023,1628997,22300404,"DEC 25, 2023",MIA vs. PHI,W,9,0,0,0.0,0,0,0.0,1,2,0.5,1,4,5,1,0,0,2,1,1,-5,1,
22023,1628997,22300384,"DEC 22, 2023",MIA vs. ATL,W,35,4,9,0.444,2,4,0.5,1,1,1.0,2,6,8,2,1,1,0,4,11,-1,1,
22023,1628997,22300366,"DEC 20, 2023",MIA @ ORL,W,18,1,3,0.333,1,1,1.0,2,2,1.0,0,5,5,0,1,0,1,2,5,3,1,
22023,1628997,22300353,"DEC 18, 2023",MIA vs. MIN,L,22,1,5,0.2,0,1,0.0,0,0,0.0,1,2,3,3,2,0,1,1,2,3,1,
22023,1628997,22300337,"DEC 16, 2023",MIA vs. CHI,W,37,6,8,0.75,0,0,0.0,5,8,0.625,2,2,4,2,2,0,2,4,17,9,1,
22023,1628997,22300320,"DEC 14, 2023",MIA vs. CHI,L,39,7,13,0.538,3,4,0.75,0,0,0.0,2,10,12,4,0,0,1,3,17,-9,1,
22023,1628997,22300312,"DEC 13, 2023",MIA vs. CHA,W,36,4,13,0.308,1,3,0.333,0,0,0.0,3,3,6,4,0,1,4,2,9,5,1,
22023,1628997,22300292,"DEC 11, 2023",MIA @ CHA,W,39,7,14,0.5,1,4,0.25,5,7,0.714,2,7,9,5,0,0,3,3,20,0,1,
22023,1628997,22301220,"DEC 08, 2023",MIA vs. CLE,L,34,6,15,0.4,3,8,0.375,0,2,0.0,1,5,6,4,0,2,1,5,15,-18,1,
22023,1628997,22301207,"DEC 06, 2023",MIA @ TOR,W,31,9,16,0.563,4,7,0.571,2,4,0.5,2,10,12,3,0,1,0,1,24,17,1,
22023,1628997,22300284,"DEC 02, 2023",MIA vs. IND,L,35,8,15,0.533,2,4,0.5,0,0,0.0,1,1,2,3,1,0,3,3,18,-8,1,
22023,1628997,22300267,"NOV 30, 2023",MIA vs. IND,W,25,5,9,0.556,0,2,0.0,4,6,0.667,2,3,5,3,1,0,4,4,14,15,1,
22023,1628997,22300056,"NOV 28, 2023",MIA vs. MIL,L,26,6,11,0.545,2,3,0.667,0,0,0.0,0,1,1,1,1,0,0,2,14,5,1,
22023,1628997,22300240,"NOV 25, 2023",MIA @ BKN,L,31,9,18,0.5,1,4,0.25,3,3,1.0,4,3,7,3,0,0,2,2,22,8,1,
22023,1628997,22300045,"NOV 24, 2023",MIA @ NYK,L,18,1,5,0.2,0,3,0.0,0,0,0.0,0,3,3,1,1,0,0,3,2,-1,1,
22023,1628997,22300229,"NOV 22, 2023",MIA @ CLE,W,26,5,12,0.417,2,5,0.4,2,2,1.0,0,3,3,1,3,0,1,0,14,12,1,
22023,1628997,22300220,"NOV 20, 2023",MIA @ CHI,W,21,1,6,0.167,0,3,0.0,0,0,0.0,0,4,4,2,1,0,0,1,2,3,1,
22023,1628997,22300204,"NOV 18, 2023",MIA @ CHI,L,15,2,9,0.222,1,4,0.25,0,0,0.0,1,1,2,0,1,0,1,1,5,-14,1,
22023,1628997,22300200,"NOV 16, 2023",MIA vs. BKN,W,12,2,4,0.5,2,3,0.667,0,0,0.0,1,0,1,2,0,0,1,2,6,-5,1,
22023,1628997,22300068,"OCT 25, 2023",MIA vs. DET,W,20,1,7,0.143,0,3,0.0,0,0,0.0,1,2,3,1,1,0,0,1,2,-5,1,
22023,1628998,22300777,"FEB 14, 2024",CHA vs. ATL,W,30,3,6,0.5,0,1,0.0,0,0,0.0,2,5,7,4,1,0,1,0,6,33,1,
22023,1628998,22300761,"FEB 12, 2024",CHA vs. IND,W,30,5,8,0.625,1,2,0.5,0,0,0.0,0,5,5,2,1,1,3,2,11,-4,1,
22023,1628998,22300751,"FEB 10, 2024",CHA vs. MEM,W,28,2,7,0.286,1,3,0.333,0,0,0.0,0,7,7,2,0,0,4,0,5,5,1,
22023,1628998,22300745,"FEB 09, 2024",CHA @ MIL,L,24,2,9,0.222,0,3,0.0,1,2,0.5,1,4,5,5,0,0,3,2,5,-36,1,
22023,1628998,22300726,"FEB 07, 2024",CHA vs. TOR,L,28,7,13,0.538,3,5,0.6,2,3,0.667,0,5,5,8,2,0,1,3,19,-1,1,
22023,1628998,22300695,"FEB 02, 2024",CHA @ OKC,L,21,3,5,0.6,1,3,0.333,0,0,0.0,0,1,1,4,0,0,1,0,7,-19,1,
22023,1628998,22300674,"JAN 31, 2024",CHA vs. CHI,L,28,3,10,0.3,1,2,0.5,0,1,0.0,0,1,1,6,0,0,3,3,7,0,1,
22023,1628998,22300657,"JAN 29, 2024",CHA vs. NYK,L,31,5,10,0.5,3,5,0.6,1,1,1.0,0,6,6,8,1,0,5,2,14,-3,1,
22023,1628998,22300647,"JAN 27, 2024",CHA vs. UTA,L,29,3,8,0.375,1,3,0.333,2,4,0.5,0,7,7,6,0,0,1,2,9,-14,1,
22023,1628998,22300635,"JAN 26, 2024",CHA vs. HOU,L,19,3,8,0.375,0,1,0.0,0,1,0.0,0,1,1,0,0,0,0,2,6,-14,1,
22023,1628998,22300619,"JAN 24, 2024",CHA @ DET,L,25,1,4,0.25,0,2,0.0,3,4,0.75,1,2,3,3,1,0,0,2,5,-5,1,
22023,1628998,22300593,"JAN 20, 2024",CHA vs. PHI,L,29,2,7,0.286,0,3,0.0,0,0,0.0,0,6,6,3,1,4,2,2,4,-11,1,
22023,1628998,22300584,"JAN 19, 2024",CHA vs. SAS,W,25,2,5,0.4,1,1,1.0,0,0,0.0,1,2,3,3,2,1,2,3,5,6,1,
22023,1628998,22300575,"JAN 17, 2024",CHA @ NOP,L,28,2,9,0.222,1,5,0.2,2,2,1.0,1,3,4,4,2,0,0,2,7,-15,1,
22023,1628998,22300551,"JAN 14, 2024",CHA @ MIA,L,23,1,3,0.333,1,2,0.5,0,0,0.0,2,0,2,2,0,2,3,1,3,-8,1,
22023,1628998,22300484,"JAN 05, 2024",CHA @ CHI,L,36,5,11,0.455,3,7,0.429,0,0,0.0,2,3,5,2,2,0,1,4,13,-14,1,
22023,1628998,22300464,"JAN 02, 2024",CHA @ SAC,W,33,4,10,0.4,1,5,0.2,1,2,0.5,0,2,2,2,1,0,1,2,10,-8,1,
22023,1628998,22300455,"JAN 01, 2024",CHA @ DEN,L,25,0,6,0.0,0,3,0.0,2,4,0.5,1,2,3,6,2,2,0,0,2,-2,1,
22023,1628998,22300436,"DEC 29, 2023",CHA @ PHX,L,27,5,10,0.5,3,4,0.75,0,0,0.0,3,1,4,1,2,1,1,1,13,-10,1,
22023,1628998,22300428,"DEC 28, 2023",CHA @ LAL,L,20,2,7,0.286,0,3,0.0,1,4,0.25,2,2,4,2,1,0,2,1,5,-19,1,
22023,1628998,22300414,"DEC 26, 2023",CHA @ LAC,L,25,3,8,0.375,1,2,0.5,0,0,0.0,0,2,2,2,4,1,0,2,7,3,1,
22023,1628998,22300390,"DEC 23, 2023",CHA vs. DEN,L,17,3,5,0.6,0,0,0.0,0,0,0.0,0,0,0,0,0,0,1,1,6,5,1,
22023,1629001,22300532,"JAN 12, 2024",PHI vs. SAC,W,25,2,9,0.222,2,8,0.25,0,0,0.0,1,3,4,3,1,0,1,3,6,9,1,
22023,1629001,22300521,"JAN 10, 2024",PHI @ ATL,L,21,3,7,0.429,2,4,0.5,2,2,1.0,1,2,3,2,0,0,1,0,10,1,1,
22023,1629001,22300442,"DEC 30, 2023",PHI @ CHI,L,26,3,9,0.333,3,9,0.333,0,0,0.0,0,3,3,0,4,0,0,4,9,-17,1,
22023,1629001,22300434,"DEC 29, 2023",PHI @ HOU,W,36,5,12,0.417,2,7,0.286,3,4,0.75,0,3,3,2,1,0,2,1,15,3,1,
22023,1629001,22300415,"DEC 27, 2023",PHI @ ORL,W,37,8,13,0.615,4,7,0.571,2,2,1.0,1,4,5,1,2,0,1,3,22,24,1,
22023,1629001,22300404,"DEC 25, 2023",PHI @ MIA,L,37,5,17,0.294,2,9,0.222,3,3,1.0,2,5,7,5,4,1,0,2,15,12,1,
22023,1629001,22300367,"DEC 20, 2023",PHI vs. MIN,W,16,1,2,0.5,0,1,0.0,2,2,1.0,0,3,3,2,0,0,1,1,4,7,1,
22023,1629001,22300351,"DEC 18, 2023",PHI vs. CHI,L,29,3,5,0.6,0,1,0.0,0,0,0.0,2,2,4,2,3,1,0,0,6,8,1,
22023,1629001,22300335,"DEC 16, 2023",PHI @ CHA,W,25,2,6,0.333,2,6,0.333,0,0,0.0,0,2,2,2,4,0,1,2,6,20,1,
22023,1629001,22300327,"DEC 15, 2023",PHI vs. DET,W,23,1,6,0.167,0,3,0.0,2,2,1.0,2,1,3,1,1,1,0,4,4,24,1,
22023,1629001,22300310,"DEC 13, 2023",PHI @ DET,W,21,4,9,0.444,2,4,0.5,0,0,0.0,1,5,6,1,1,2,0,4,10,18,1,
22023,1629001,22300295,"DEC 11, 2023",PHI vs. WAS,W,27,2,11,0.182,1,7,0.143,0,0,0.0,1,1,2,5,5,0,2,3,5,17,1,
22023,1629001,22301218,"DEC 08, 2023",PHI vs. ATL,W,34,6,13,0.462,2,7,0.286,1,2,0.5,0,6,6,5,1,1,1,0,15,25,1,
22023,1629001,22301208,"DEC 06, 2023",PHI @ WAS,W,27,5,10,0.5,2,5,0.4,7,7,1.0,0,5,5,4,2,1,1,1,19,12,1,
22023,1629001,22300275,"DEC 01, 2023",PHI @ BOS,L,37,7,19,0.368,4,12,0.333,3,4,0.75,1,3,4,2,1,1,4,6,21,-3,1,
22023,1629001,22300262,"NOV 29, 2023",PHI @ NOP,L,30,5,14,0.357,4,10,0.4,3,4,0.75,0,3,3,6,3,1,4,2,17,-17,1,
22023,1629001,22300255,"NOV 27, 2023",PHI vs. LAL,W,25,3,6,0.5,3,6,0.5,0,0,0.0,0,0,0,2,1,0,0,2,9,11,1,
22023,1629001,22300239,"NOV 25, 2023",PHI @ OKC,W,30,5,12,0.417,3,8,0.375,1,2,0.5,3,4,7,5,0,1,0,3,14,4,1,
22023,1629001,22300232,"NOV 22, 2023",PHI @ MIN,L,30,3,11,0.273,1,5,0.2,9,9,1.0,1,5,6,3,0,1,1,2,16,-6,1,
22023,1629001,22300040,"NOV 21, 2023",PHI vs. CLE,L,41,5,14,0.357,1,6,0.167,2,3,0.667,4,2,6,3,2,0,1,3,13,1,1,
22023,1629001,22300208,"NOV 19, 2023",PHI @ BKN,W,27,8,10,0.8,4,6,0.667,1,1,1.0,0,5,5,1,3,0,1,3,21,23,1,
22023,1629001,22300029,"NOV 17, 2023",PHI @ ATL,W,36,5,13,0.385,3,7,0.429,1,2,0.5,1,3,4,5,2,1,3,2,14,12,1,
22023,1629001,22300194,"NOV 15, 2023",PHI vs. BOS,L,34,5,10,0.5,5,6,0.833,1,2,0.5,1,6,7,1,0,0,0,3,16,-9,1,
22023,1629001,22300019,"NOV 14, 2023",PHI vs. IND,L,35,8,13,0.615,4,6,0.667,10,10,1.0,1,3,4,3,1,0,2,5,30,-9,1,
22023,1629001,22300180,"NOV 12, 2023",PHI vs. IND,W,30,4,7,0.571,1,3,0.333,1,1,1.0,1,3,4,6,0,0,2,1,10,-1,1,
22023,1629001,22300008,"NOV 10, 2023",PHI @ DET,W,30,3,9,0.333,2,6,0.333,2,4,0.5,0,3,3,2,3,1,0,3,10,15,1,
22023,1629001,22300159,"NOV 08, 2023",PHI vs. BOS,W,29,1,9,0.111,1,7,0.143,0,0,0.0,0,4,4,2,1,0,1,2,3,-3,1,
22023,1629001,22300148,"NOV 06, 2023",PHI vs. WAS,W,26,5,10,0.5,4,5,0.8,0,0,0.0,0,3,3,4,1,0,1,1,14,1,1,
22023,1629001,22300132,"NOV 04, 2023",PHI vs. PHX,W,25,3,10,0.3,2,7,0.286,0,2,0.0,2,0,2,4,1,1,2,3,8,0,1,
22023,1629001,22300128,"NOV 02, 2023",PHI vs. TOR,W,21,1,6,0.167,1,3,0.333,1,2,0.5,0,5,5,5,1,0,1,4,4,10,1,
22023,1629001,22300098,"OCT 29, 2023",PHI vs. POR,W,31,4,9,0.444,1,2,0.5,3,3,1.0,0,2,2,8,2,0,1,2,12,27,1,
22023,1629001,22300092,"OCT 28, 2023",PHI @ TOR,W,32,1,7,0.143,0,4,0.0,0,0,0.0,0,5,5,4,1,1,2,2,2,0,1,
22023,1629001,22300075,"OCT 26, 2023",PHI @ MIL,L,25,3,10,0.3,2,6,0.333,2,2,1.0,1,1,2,4,2,0,1,2,10,-4,1,
22023,1629002,22300705,"FEB 04, 2024",PHX @ WAS,W,8,2,4,0.5,0,0,0.0,0,0,0.0,1,2,3,1,0,0,2,0,4,-1,1,
22023,1629002,22300677,"JAN 31, 2024",PHX @ BKN,W,1,0,0,0.0,0,0,0.0,0,0,0.0,0,0,0,0,0,0,0,0,0,0,1,
22023,1629002,22300655,"JAN 28, 2024",PHX @ ORL,L,7,0,0,0.0,0,0,0.0,0,0,0.0,0,1,1,0,1,0,1,1,0,-6,1,
22023,1629002,22300636,"JAN 26, 2024",PHX @ IND,L,2,0,1,0.0,0,0,0.0,0,0,0.0,0,1,1,0,0,0,0,0,0,-5,1,
22023,1629002,22300625,"JAN 24, 2024",PHX @ DAL,W,14,1,1,1.0,0,0,0.0,0,0,0.0,1,6,7,1,0,0,0,1,2,0,1,
22023,1629002,22300604,"JAN 21, 2024",PHX vs. IND,W,7,0,0,0.0,0,0,0.0,2,2,1.0,0,1,1,1,1,0,0,2,2,-6,1,
22023,1629002,22300588,"JAN 19, 2024",PHX @ NOP,W,14,0,4,0.0,0,1,0.0,2,2,1.0,1,3,4,1,0,1,1,2,2,-10,1,
22023,1629002,22300567,"JAN 16, 2024",PHX vs. SAC,W,10,3,5,0.6,0,1,0.0,0,0,0.0,0,5,5,1,0,0,1,1,6,2,1,
22023,1629002,22300554,"JAN 14, 2024",PHX @ POR,W,17,3,3,1.0,1,1,1.0,1,2,0.5,0,3,3,0,1,2,0,3,8,1,1,
22023,1629002,22300531,"JAN 11, 2024",PHX @ LAL,W,9,0,0,0.0,0,0,0.0,4,4,1.0,1,1,2,1,0,0,0,0,4,-6,1,
22023,1629002,22300511,"JAN 08, 2024",PHX @ LAC,L,8,1,1,1.0,0,0,0.0,2,2,1.0,0,2,2,0,0,1,0,1,4,-7,1,
22023,1629002,22300503,"JAN 07, 2024",PHX vs. MEM,L,12,2,7,0.286,0,5,0.0,0,0,0.0,0,1,1,0,1,0,1,3,4,-8,1,
22023,1629002,22300489,"JAN 05, 2024",PHX vs. MIA,W,17,3,3,1.0,0,0,0.0,1,1,1.0,0,2,2,0,2,0,2,0,7,18,1,
22023,1629002,22300473,"JAN 03, 2024",PHX vs. LAC,L,15,3,6,0.5,1,4,0.25,0,0,0.0,1,2,3,2,2,0,1,0,7,-11,1,
22023,1629002,22300456,"JAN 01, 2024",PHX vs. POR,W,26,4,8,0.5,2,4,0.5,4,4,1.0,2,3,5,1,1,0,2,3,14,6,1,
22023,1629002,22300450,"DEC 31, 2023",PHX vs. ORL,W,17,3,7,0.429,0,2,0.0,0,0,0.0,2,4,6,0,0,0,1,2,6,-4,1,
22023,1629002,22300436,"DEC 29, 2023",PHX vs. CHA,W,19,2,3,0.667,1,1,1.0,4,4,1.0,1,6,7,1,1,0,0,0,9,5,1,
22023,1629002,22300418,"DEC 27, 2023",PHX @ HOU,W,16,1,1,1.0,0,0,0.0,2,2,1.0,1,1,2,0,0,0,3,0,4,1,1,
22023,1629002,22300405,"DEC 25, 2023",PHX vs. DAL,L,34,9,18,0.5,2,6,0.333,3,4,0.75,6,13,19,2,1,0,3,1,23,-3,1,
22023,1629002,22300387,"DEC 22, 2023",PHX @ SAC,L,13,3,6,0.5,0,2,0.0,4,4,1.0,1,3,4,0,0,0,1,1,10,5,1,
22023,1629002,22300363,"DEC 19, 2023",PHX @ POR,L,15,1,2,0.5,0,1,0.0,0,0,0.0,0,1,1,1,1,0,1,0,2,-6,1,
22023,1629002,22300347,"DEC 17, 2023",PHX vs. WAS,W,9,1,1,1.0,0,0,0.0,2,2,1.0,0,2,2,0,1,0,1,0,4,0,1,
22023,1629002,22300333,"DEC 15, 2023",PHX vs. NYK,L,10,1,3,0.333,0,2,0.0,1,2,0.5,0,1,1,1,0,0,1,0,3,-12,1,
22023,1629002,22300317,"DEC 13, 2023",PHX vs. BKN,L,20,3,8,0.375,2,3,0.667,0,0,0.0,3,1,4,0,2,0,1,2,8,-4,1,
22023,1629002,22300308,"DEC 12, 2023",PHX vs. GSW,W,25,5,7,0.714,3,5,0.6,1,2,0.5,1,4,5,0,1,0,1,2,14,28,1,
22023,1629002,22301228,"DEC 08, 2023",PHX vs. SAC,L,23,4,9,0.444,0,4,0.0,2,2,1.0,0,4,4,1,2,2,0,1,10,-1,1,
22023,1629002,22300279,"DEC 01, 2023",PHX vs. DEN,L,4,0,2,0.0,0,1,0.0,0,0,0.0,0,1,1,1,0,0,0,0,0,-1,1,
22023,1629002,22300260,"NOV 29, 2023",PHX @ TOR,L,15,2,3,0.667,1,1,1.0,0,0,0.0,0,2,2,0,0,0,1,3,5,-4,1,
22023,1629002,22300247,"NOV 26, 2023",PHX @ NYK,W,13,3,3,1.0,2,2,1.0,0,0,0.0,2,2,4,0,0,0,0,3,8,3,1,
22023,1629002,22300044,"NOV 24, 2023",PHX @ MEM,W,15,1,3,0.333,0,1,0.0,1,2,0.5,0,2,2,1,0,0,0,2,3,7,1,
22023,1629002,22300236,"NOV 22, 2023",PHX vs. GSW,W,12,2,3,0.667,0,1,0.0,0,0,0.0,0,2,2,0,0,2,0,2,4,-10,1,
22023,1629002,22300041,"NOV 21, 2023",PHX vs. POR,W,6,0,0,0.0,0,0,0.0,0,0,0.0,0,0,0,1,1,0,0,1,0,-1,1,
22023,1629002,22300197,"NOV 15, 2023",PHX vs. MIN,W,4,2,4,0.5,0,1,0.0,0,0,0.0,0,2,2,0,0,0,1,2,4,-3,1,
22023,1629002,22300185,"NOV 12, 2023",PHX vs. OKC,L,1,0,1,0.0,0,1,0.0,0,0,0.0,0,0,0,0,0,0,0,0,0,0,1,
22023,1629002,22300140,"NOV 05, 2023",PHX @ DET,W,2,0,0,0.0,0,0,0.0,0,0,0.0,0,0,0,0,0,0,0,0,0,-5,1,
22023,1629002,22300132,"NOV 04, 2023",PHX @ PHI,L,5,0,1,0.0,0,1,0.0,2,2,1.0,0,1,1,0,0,1,1,0,2,4,1,
22023,1629002,22300094,"OCT 28, 2023",PHX vs. UTA,W,3,1,2,0.5,0,0,0.0,0,0,0.0,0,1,1,1,0,0,0,0,2,-4,1,
22023,1629003,22300787,"FEB 14, 2024",DET @ PHX,L,23,4,10,0.4,3,6,0.5,2,3,0.667,4,5,9,2,1,1,2,0,13,-12,1,
22023,1629003,22300776,"FEB 13, 2024",DET @ LAL,L,19,4,9,0.444,0,1,0.0,0,0,0.0,2,4,6,4,0,0,1,1,8,-1,1,
22023,1629003,22300749,"FEB 10, 2024",DET @ LAC,L,12,2,5,0.4,0,1,0.0,0,0,0.0,1,2,3,0,1,0,0,1,4,-2,1,
22023,1629003,22300709,"FEB 04, 2024",MIN vs. HOU,W,4,0,3,0.0,0,0,0.0,0,0,0.0,0,2,2,0,0,0,0,0,0,-7,1,
22023,1629003,22300680,"JAN 31, 2024",MIN vs. DAL,W,6,2,3,0.667,0,0,0.0,0,0,0.0,0,0,0,0,0,0,0,1,4,7,1,
22023,1629003,22300649,"JAN 27, 2024",MIN @ SAS,L,16,3,5,0.6,1,1,1.0,0,0,0.0,0,1,1,2,0,0,1,1,7,4,1,
22023,1629003,22300620,"JAN 24, 2024",MIN @ WAS,W,19,1,5,0.2,0,1,0.0,0,0,0.0,2,1,3,3,1,1,1,1,2,0,1,
22023,1629003,22300610,"JAN 22, 2024",MIN vs. CHA,L,15,2,5,0.4,0,2,0.0,0,0,0.0,0,1,1,3,1,0,0,1,4,-6,1,
22023,1629003,22300569,"JAN 17, 2024",MIN @ DET,W,1,0,0,0.0,0,0,0.0,0,0,0.0,0,0,0,0,0,0,0,0,0,-5,1,
22023,1629003,22300538,"JAN 12, 2024",MIN vs. POR,W,10,3,5,0.6,0,0,0.0,0,0,0.0,0,0,0,2,0,0,0,1,6,-11,1,
22023,1629003,22300517,"JAN 10, 2024",MIN @ BOS,L,9,1,2,0.5,0,0,0.0,0,1,0.0,0,2,2,0,0,1,0,0,2,8,1,
22023,1629003,22300513,"JAN 09, 2024",MIN @ ORL,W,2,2,2,1.0,0,0,0.0,0,0,0.0,0,0,0,0,0,0,0,0,4,-2,1,
22023,1629003,22300485,"JAN 05, 2024",MIN @ HOU,W,3,0,1,0.0,0,1,0.0,0,0,0.0,0,0,0,0,0,0,1,1,0,0,1,
22023,1629003,22300471,"JAN 03, 2024",MIN vs. NOP,L,3,2,2,1.0,1,1,1.0,0,0,0.0,0,0,0,0,0,0,0,0,5,8,1,
22023,1629003,22300411,"DEC 26, 2023",MIN @ OKC,L,5,0,0,0.0,0,0,0.0,0,0,0.0,0,0,0,1,0,0,0,0,0,-1,1,
22023,1629003,22300400,"DEC 23, 2023",MIN @ SAC,W,14,2,4,0.5,1,2,0.5,0,0,0.0,0,1,1,1,0,0,1,0,5,-6,1,
22023,1629003,22300367,"DEC 20, 2023",MIN @ PHI,L,13,0,2,0.0,0,0,0.0,2,2,1.0,0,0,0,3,0,0,1,2,2,-1,1,
22023,1629003,22300338,"DEC 16, 2023",MIN vs. IND,W,5,0,2,0.0,0,1,0.0,0,0,0.0,0,0,0,0,0,0,0,1,0,-5,1,
22023,1629003,22300321,"DEC 14, 2023",MIN @ DAL,W,2,1,1,1.0,0,0,0.0,0,0,0.0,0,0,0,0,0,0,0,0,2,-1,1,
22023,1629003,22300301,"DEC 11, 2023",MIN @ NOP,L,20,4,10,0.4,0,1,0.0,4,4,1.0,1,0,1,5,0,0,1,4,12,1,1,
22023,1629003,22301221,"DEC 08, 2023",MIN @ MEM,W,22,6,9,0.667,3,5,0.6,2,2,1.0,0,2,2,1,0,0,2,1,17,9,1,
22023,1629003,22301210,"DEC 06, 2023",MIN vs. SAS,W,12,0,2,0.0,0,1,0.0,0,0,0.0,0,1,1,0,0,0,0,0,0,-12,1,
22023,1629003,22300281,"DEC 02, 2023",MIN @ CHA,W,23,2,8,0.25,0,2,0.0,2,2,1.0,0,1,1,2,1,0,0,2,6,-5,1,
22023,1629003,22300270,"NOV 30, 2023",MIN vs. UTA,W,20,2,7,0.286,0,2,0.0,1,2,0.5,0,2,2,3,2,0,0,0,5,-6,1,
22023,1629003,22300058,"NOV 28, 2023",MIN vs. OKC,W,12,1,2,0.5,0,1,0.0,2,2,1.0,0,1,1,1,1,1,2,1,4,-4,1,
22023,1629003,22300249,"NOV 26, 2023",MIN @ MEM,W,19,2,6,0.333,1,3,0.333,1,2,0.5,0,2,2,3,1,0,1,2,6,8,1,
22023,1629003,22300050,"NOV 24, 2023",MIN vs. SAC,L,13,1,6,0.167,0,1,0.0,0,0,0.0,1,1,2,1,1,1,3,1,2,-10,1,
22023,1629003,22300232,"NOV 22, 2023",MIN vs. PHI,W,21,3,7,0.429,1,3,0.333,5,6,0.833,0,0,0,1,0,0,0,2,12,2,1,
22023,1629003,22300221,"NOV 20, 2023",MIN vs. NYK,W,14,2,5,0.4,0,2,0.0,2,2,1.0,0,5,5,4,0,0,1,1,6,0,1,
22023,1629003,22300203,"NOV 18, 2023",MIN @ NOP,W,16,2,6,0.333,0,2,0.0,4,4,1.0,0,1,1,1,1,0,1,2,8,-16,1,
22023,1629003,22300197,"NOV 15, 2023",MIN @ PHX,L,23,4,8,0.5,0,2,0.0,0,0,0.0,1,3,4,0,0,0,0,3,8,6,1,
22023,1629003,22300025,"NOV 14, 2023",MIN @ GSW,W,15,2,4,0.5,0,1,0.0,2,2,1.0,0,4,4,3,0,0,1,3,6,8,1,
22023,1629003,22300186,"NOV 12, 2023",MIN @ GSW,W,10,0,1,0.0,0,0,0.0,1,2,0.5,0,0,0,0,0,0,1,1,1,-2,1,
22023,1629003,22300013,"NOV 10, 2023",MIN @ SAS,W,14,2,4,0.5,2,3,0.667,0,1,0.0,1,2,3,1,0,0,2,3,6,0,1,
22023,1629003,22300166,"NOV 08, 2023",MIN vs. NOP,W,19,4,9,0.444,1,5,0.2,1,1,1.0,0,4,4,1,2,0,2,1,10,4,1,
22023,1629003,22300154,"NOV 06, 2023",MIN vs. BOS,W,3,0,0,0.0,0,0,0.0,0,0,0.0,0,0,0,0,0,0,0,0,0,-8,1,
22023,1629003,22300138,"NOV 04, 2023",MIN vs. UTA,W,15,2,4,0.5,0,2,0.0,4,4,1.0,1,1,2,0,1,1,0,2,8,4,1,
22023,1629003,22300123,"NOV 01, 2023",MIN vs. DEN,W,18,0,3,0.0,0,0,0.0,2,2,1.0,0,1,1,1,2,0,1,1,2,10,1,
22023,1629003,22300104,"OCT 30, 2023",MIN @ ATL,L,17,4,8,0.5,2,2,1.0,0,0,0.0,0,1,1,1,0,0,1,1,10,2,1,
22023,1629003,22300093,"OCT 28, 2023",MIN vs. MIA,W,17,1,4,0.25,0,2,0.0,0,1,0.0,0,1,1,2,0,0,2,0,2,-4,1,
22023,1629003,22300069,"OCT 25, 2023",MIN @ TOR,L,21,1,5,0.2,1,4,0.25,1,2,0.5,0,3,3,4,2,0,2,4,4,3,1,
22023,1629004,22300780,"FEB 14, 2024",BOS vs. BKN,W,13,1,2,0.5,0,0,0.0,0,0,0.0,0,0,0,0,0,0,1,1,2,8,1,
22023,1629004,22300706,"FEB 04, 2024",BOS vs. MEM,W,7,2,5,0.4,2,5,0.4,0,0,0.0,0,2,2,3,0,0,0,0,6,11,1,
22023,1629004,22300646,"JAN 27, 2024",BOS vs. LAC,L,8,2,5,0.4,2,5,0.4,0,0,0.0,0,1,1,1,1,0,0,0,6,14,1,
22023,1629004,22300630,"JAN 25, 2024",BOS @ MIA,W,3,2,2,1.0,2,2,1.0,0,0,0.0,0,0,0,0,0,0,0,0,6,2,1,
22023,1629004,22300571,"JAN 17, 2024",BOS vs. SAS,W,4,0,2,0.0,0,2,0.0,0,0,0.0,0,0,0,0,0,0,0,0,0,-2,1,
22023,1629004,22300542,"JAN 13, 2024",BOS vs. HOU,W,9,2,5,0.4,2,3,0.667,0,0,0.0,1,0,1,0,0,0,0,1,6,-1,1,
22023,1629004,22300528,"JAN 11, 2024",BOS @ MIL,L,17,3,5,0.6,2,3,0.667,1,2,0.5,0,1,1,1,1,0,0,0,9,-5,1,
22023,1629004,22300507,"JAN 08, 2024",BOS @ IND,L,5,0,0,0.0,0,0,0.0,2,4,0.5,1,0,1,0,0,0,1,0,2,-1,1,
22023,1629004,22300493,"JAN 06, 2024",BOS @ IND,W,1,0,0,0.0,0,0,0.0,0,0,0.0,0,0,0,0,0,0,0,0,0,0,1,
22023,1629004,22300479,"JAN 05, 2024",BOS vs. UTA,W,15,1,7,0.143,1,6,0.167,0,0,0.0,0,3,3,0,0,0,0,2,3,-6,1,
22023,1629004,22300448,"DEC 31, 2023",BOS @ SAS,W,8,0,4,0.0,0,4,0.0,0,0,0.0,0,1,1,0,1,0,1,1,0,-4,1,
22023,1629004,22300432,"DEC 29, 2023",BOS vs. TOR,W,7,2,3,0.667,1,2,0.5,0,0,0.0,0,1,1,1,0,0,0,2,5,-6,1,
22023,1629004,22300373,"DEC 20, 2023",BOS @ SAC,W,16,1,6,0.167,0,4,0.0,0,0,0.0,2,2,4,3,1,0,0,1,2,7,1,
22023,1629004,22300362,"DEC 19, 2023",BOS @ GSW,L,2,0,1,0.0,0,1,0.0,0,0,0.0,0,0,0,0,0,0,0,0,0,3,1,
22023,1629004,22300329,"DEC 15, 2023",BOS vs. ORL,W,5,0,1,0.0,0,1,0.0,0,0,0.0,0,0,0,0,0,0,0,0,0,-4,1,
22023,1629004,22300053,"NOV 28, 2023",BOS vs. CHI,W,2,0,0,0.0,0,0,0.0,0,0,0.0,0,0,0,0,0,0,0,0,0,0,1,
22023,1629004,22300217,"NOV 20, 2023",BOS @ CHA,L,9,1,2,0.5,1,2,0.5,0,0,0.0,0,0,0,0,1,0,0,0,3,7,1,
22023,1629004,22300194,"NOV 15, 2023",BOS @ PHI,W,15,2,4,0.5,1,3,0.333,0,0,0.0,1,0,1,0,1,0,1,3,5,0,1,
22023,1629004,22300174,"NOV 11, 2023",BOS vs. TOR,W,5,0,2,0.0,0,2,0.0,0,0,0.0,0,0,0,0,0,0,1,0,0,-7,1,
22023,1629004,22300010,"NOV 10, 2023",BOS vs. BKN,W,9,0,1,0.0,0,1,0.0,0,0,0.0,0,1,1,0,0,0,2,1,0,-5,1,
22023,1629004,22300154,"NOV 06, 2023",BOS @ MIN,L,4,0,0,0.0,0,0,0.0,0,0,0.0,0,0,0,0,0,0,0,0,0,-2,1,
22023,1629004,22300118,"NOV 01, 2023",BOS vs. IND,W,11,2,6,0.333,1,4,0.25,0,0,0.0,0,3,3,0,0,0,0,0,5,17,1,
22023,1629004,22300103,"OCT 30, 2023",BOS @ WAS,W,5,1,2,0.5,1,2,0.5,0,0,0.0,0,0,0,1,1,0,0,0,3,1,1,
22023,1629006,22300787,"FEB 14, 2024",PHX vs. DET,W,18,0,3,0.0,0,2,0.0,2,2,1.0,1,1,2,0,1,1,0,1,2,3,1,
22023,1629006,22300774,"FEB 13, 2024",PHX vs. SAC,W,19,1,4,0.25,1,1,1.0,4,4,1.0,1,1,2,1,1,0,2,0,7,3,1,
22023,1629006,22300757,"FEB 10, 2024",PHX @ GSW,L,10,3,3,1.0,2,2,1.0,0,0,0.0,1,0,1,1,1,1,0,0,8,-6,1,
22023,1629006,22300739,"FEB 08, 2024",PHX vs. UTA,W,14,2,4,0.5,0,1,0.0,0,0,0.0,3,0,3,1,1,0,1,0,4,2,1,
22023,1629006,22300725,"FEB 06, 2024",PHX vs. MIL,W,4,0,0,0.0,0,0,0.0,0,0,0.0,0,0,0,0,0,0,0,0,0,-11,1,
22023,1629006,22300705,"FEB 04, 2024",PHX @ WAS,W,16,2,2,1.0,0,0,0.0,0,0,0.0,2,0,2,0,1,0,1,0,4,8,1,
22023,1629006,22300690,"FEB 02, 2024",PHX @ ATL,L,15,1,3,0.333,1,1,1.0,0,0,0.0,0,0,0,0,0,1,0,0,3,-12,1,
22023,1629006,22300677,"JAN 31, 2024",PHX @ BKN,W,26,4,6,0.667,1,3,0.333,2,3,0.667,1,6,7,1,1,0,0,1,11,5,1,
22023,1629006,22300661,"JAN 29, 2024",PHX @ MIA,W,18,4,5,0.8,2,2,1.0,1,3,0.333,3,4,7,0,1,1,0,1,11,4,1,
22023,1629006,22300655,"JAN 28, 2024",PHX @ ORL,L,6,0,1,0.0,0,0,0.0,0,0,0.0,0,2,2,0,0,0,0,0,0,2,1,
22023,1629006,22300636,"JAN 26, 2024",PHX @ IND,L,13,0,1,0.0,0,0,0.0,0,0,0.0,2,1,3,1,1,0,0,1,0,-1,1,
22023,1629006,22300625,"JAN 24, 2024",PHX @ DAL,W,24,2,7,0.286,1,3,0.333,1,1,1.0,1,3,4,3,2,1,2,2,6,15,1,
22023,1629006,22300612,"JAN 22, 2024",PHX vs. CHI,W,14,1,3,0.333,0,2,0.0,2,4,0.5,1,2,3,0,1,0,0,1,4,-4,1,
22023,1629006,22300604,"JAN 21, 2024",PHX vs. IND,W,15,0,1,0.0,0,1,0.0,0,0,0.0,1,1,2,2,1,0,0,0,0,-14,1,
22023,1629006,22300588,"JAN 19, 2024",PHX @ NOP,W,6,1,1,1.0,1,1,1.0,0,2,0.0,1,2,3,2,0,0,0,0,3,12,1,
22023,1629006,22300567,"JAN 16, 2024",PHX vs. SAC,W,16,1,3,0.333,0,0,0.0,0,0,0.0,0,2,2,0,0,1,0,1,2,-9,1,
22023,1629006,22300554,"JAN 14, 2024",PHX @ POR,W,7,0,0,0.0,0,0,0.0,0,0,0.0,0,1,1,0,0,0,0,1,0,-6,1,
22023,1629006,22300531,"JAN 11, 2024",PHX @ LAL,W,12,2,4,0.5,0,2,0.0,1,2,0.5,0,0,0,0,1,0,0,1,5,-3,1,
22023,1629006,22300511,"JAN 08, 2024",PHX @ LAC,L,18,2,3,0.667,0,1,0.0,0,0,0.0,1,0,1,2,3,0,0,2,4,-12,1,
22023,1629006,22300503,"JAN 07, 2024",PHX vs. MEM,L,14,2,5,0.4,0,2,0.0,2,2,1.0,0,1,1,2,2,0,0,5,6,12,1,
22023,1629006,22300489,"JAN 05, 2024",PHX vs. MIA,W,24,0,2,0.0,0,1,0.0,7,8,0.875,1,1,2,4,3,2,0,5,7,4,1,
22023,1629006,22300473,"JAN 03, 2024",PHX vs. LAC,L,16,2,3,0.667,1,2,0.5,0,0,0.0,1,1,2,1,0,1,1,2,5,8,1,
22023,1629006,22300456,"JAN 01, 2024",PHX vs. POR,W,18,1,2,0.5,0,0,0.0,1,2,0.5,0,2,2,3,0,1,1,1,3,8,1,
22023,1629006,22300450,"DEC 31, 2023",PHX vs. ORL,W,7,0,2,0.0,0,1,0.0,0,0,0.0,1,1,2,2,0,0,0,3,0,-8,1,
22023,1629006,22300418,"DEC 27, 2023",PHX @ HOU,W,10,0,2,0.0,0,1,0.0,0,0,0.0,1,0,1,0,0,0,0,1,0,5,1,
22023,1629006,22300405,"DEC 25, 2023",PHX vs. DAL,L,12,0,5,0.0,0,3,0.0,1,2,0.5,1,1,2,2,1,0,0,2,1,-7,1,
22023,1629006,22300308,"DEC 12, 2023",PHX vs. GSW,W,11,3,4,0.75,3,4,0.75,1,2,0.5,1,1,2,2,0,1,0,1,10,6,1,
22023,1629006,22301228,"DEC 08, 2023",PHX vs. SAC,L,29,0,5,0.0,0,3,0.0,0,0,0.0,2,0,2,3,2,2,1,3,0,3,1,
22023,1629006,22301203,"DEC 05, 2023",PHX @ LAL,L,9,0,1,0.0,0,1,0.0,0,0,0.0,0,1,1,0,1,0,0,0,0,-11,1,
22023,1629006,22300288,"DEC 02, 2023",PHX vs. MEM,W,26,1,2,0.5,0,1,0.0,1,6,0.167,3,4,7,1,3,1,1,2,3,12,1,
22023,1629006,22300279,"DEC 01, 2023",PHX vs. DEN,L,26,5,9,0.556,1,5,0.2,2,2,1.0,2,2,4,0,1,2,2,3,13,4,1,
22023,1629006,22300260,"NOV 29, 2023",PHX @ TOR,L,24,2,4,0.5,0,0,0.0,6,6,1.0,4,3,7,2,0,0,0,1,10,1,1,
22023,1629006,22300247,"NOV 26, 2023",PHX @ NYK,W,17,0,5,0.0,0,3,0.0,3,4,0.75,1,3,4,2,1,0,2,3,3,-3,1,
22023,1629006,22300044,"NOV 24, 2023",PHX @ MEM,W,28,2,9,0.222,1,4,0.25,0,1,0.0,1,6,7,3,1,0,0,1,5,22,1,
22023,1629006,22300236,"NOV 22, 2023",PHX vs. GSW,W,27,4,5,0.8,1,2,0.5,3,4,0.75,1,1,2,0,1,1,1,1,12,-1,1,
22023,1629006,22300041,"NOV 21, 2023",PHX vs. POR,W,13,0,0,0.0,0,0,0.0,2,2,1.0,1,2,3,1,1,0,1,0,2,9,1,
22023,1629006,22300214,"NOV 19, 2023",PHX @ UTA,W,14,1,2,0.5,1,2,0.5,0,0,0.0,2,1,3,0,3,0,1,1,3,-10,1,
22023,1629006,22300035,"NOV 17, 2023",PHX @ UTA,W,13,0,1,0.0,0,0,0.0,1,2,0.5,1,0,1,0,0,0,1,2,1,-14,1,
22023,1629006,22300197,"NOV 15, 2023",PHX vs. MIN,W,19,4,5,0.8,3,3,1.0,1,2,0.5,0,0,0,1,0,0,0,1,12,11,1,
22023,1629006,22300185,"NOV 12, 2023",PHX vs. OKC,L,21,0,3,0.0,0,2,0.0,8,8,1.0,1,1,2,1,0,1,1,1,8,-8,1,
22023,1629006,22300015,"NOV 10, 2023",PHX vs. LAL,L,13,0,4,0.0,0,4,0.0,2,2,1.0,2,4,6,1,0,0,0,0,2,7,1,
22023,1629006,22300162,"NOV 08, 2023",PHX @ CHI,W,18,3,6,0.5,0,2,0.0,1,2,0.5,2,0,2,0,1,0,0,2,7,-18,1,
22023,1629006,22300140,"NOV 05, 2023",PHX @ DET,W,29,3,6,0.5,0,1,0.0,4,5,0.8,4,3,7,2,2,0,2,1,10,9,1,
22023,1629006,22300132,"NOV 04, 2023",PHX @ PHI,L,26,2,7,0.286,0,2,0.0,0,0,0.0,1,0,1,2,2,1,1,0,4,-12,1,
22023,1629006,22300131,"NOV 02, 2023",PHX vs. SAS,L,12,0,2,0.0,0,1,0.0,0,0,0.0,0,1,1,0,2,0,0,0,0,-4,1,
22023,1629006,22300113,"OCT 31, 2023",PHX vs. SAS,L,30,3,10,0.3,1,4,0.25,4,5,0.8,1,1,2,2,0,2,2,1,11,-3,1,
22023,1629006,22300094,"OCT 28, 2023",PHX vs. UTA,W,23,2,4,0.5,0,2,0.0,3,3,1.0,0,1,1,0,0,0,0,3,7,25,1,
22023,1629006,22300076,"OCT 26, 2023",PHX @ LAL,L,33,3,5,0.6,2,4,0.5,2,2,1.0,4,4,8,3,0,1,1,2,10,5,1,
22023,1629006,22300062,"OCT 24, 2023",PHX @ GSW,W,32,7,9,0.778,1,1,1.0,2,2,1.0,4,1,5,1,1,0,2,2,17,2,1,
22023,1629008,22300786,"FEB 14, 2024",DEN vs. SAC,L,37,8,17,0.471,3,7,0.429,0,0,0.0,1,3,4,2,0,0,1,0,19,-10,1,
22023,1629008,22300767,"FEB 12, 2024",DEN @ MIL,L,31,3,11,0.273,2,8,0.25,3,3,1.0,3,3,6,4,1,0,2,2,11,-16,1,
22023,1629008,22300740,"FEB 08, 2024",DEN @ LAL,W,38,11,20,0.55,4,7,0.571,1,1,1.0,1,7,8,2,0,1,1,1,27,6,1,
22023,1629008,22300712,"FEB 04, 2024",DEN vs. POR,W,24,4,10,0.4,2,6,0.333,2,2,1.0,3,2,5,3,0,3,3,1,12,-2,1,
22023,1629008,22300697,"FEB 02, 2024",DEN vs. POR,W,35,5,14,0.357,3,10,0.3,0,0,0.0,0,4,4,1,0,0,1,0,13,8,1,
22023,1629008,22300682,"JAN 31, 2024",DEN @ OKC,L,39,6,17,0.353,3,9,0.333,0,0,0.0,1,7,8,2,1,0,0,4,15,-16,1,
22023,1629008,22300667,"JAN 29, 2024",DEN vs. MIL,W,37,6,14,0.429,1,3,0.333,0,0,0.0,2,6,8,0,0,0,1,2,13,-1,1,
22023,1629008,22300644,"JAN 27, 2024",DEN vs. PHI,W,35,8,19,0.421,4,12,0.333,0,0,0.0,3,5,8,2,0,0,1,2,20,18,1,
22023,1629008,22300631,"JAN 25, 2024",DEN @ NYK,L,22,2,4,0.5,0,0,0.0,1,1,1.0,3,3,6,0,0,0,2,2,5,-29,1,
22023,1629008,22300614,"JAN 23, 2024",DEN @ IND,W,31,2,9,0.222,1,5,0.2,0,0,0.0,0,4,4,1,0,1,0,1,5,7,1,
22023,1629008,22300602,"JAN 21, 2024",DEN @ WAS,W,32,8,14,0.571,3,7,0.429,0,0,0.0,0,5,5,0,2,2,3,2,19,13,1,
22023,1629008,22300586,"JAN 19, 2024",DEN @ BOS,W,37,5,9,0.556,1,4,0.25,2,3,0.667,4,4,8,0,0,0,1,3,13,6,1,
22023,1629008,22300566,"JAN 16, 2024",DEN @ PHI,L,34,6,12,0.5,4,8,0.5,4,5,0.8,0,5,5,0,1,0,1,3,20,-12,1,
22023,1629008,22300550,"JAN 14, 2024",DEN vs. IND,W,37,9,15,0.6,7,11,0.636,0,0,0.0,0,8,8,5,1,2,1,1,25,13,1,
22023,1629008,22300539,"JAN 12, 2024",DEN vs. NOP,W,33,8,12,0.667,2,5,0.4,2,3,0.667,1,9,10,1,1,1,1,2,20,14,1,
22023,1629008,22300524,"JAN 10, 2024",DEN @ UTA,L,24,2,9,0.222,1,3,0.333,0,0,0.0,1,3,4,1,0,0,1,2,5,-18,1,
22023,1629008,22300502,"JAN 07, 2024",DEN vs. DET,W,28,7,12,0.583,1,5,0.2,3,3,1.0,0,1,1,2,0,0,1,1,18,29,1,
22023,1629008,22300488,"JAN 05, 2024",DEN vs. ORL,L,31,9,14,0.643,4,6,0.667,0,0,0.0,0,3,3,1,2,0,0,2,22,6,1,
22023,1629008,22300478,"JAN 04, 2024",DEN @ GSW,W,30,3,6,0.5,2,5,0.4,0,0,0.0,0,4,4,0,0,0,0,3,8,5,1,
22023,1629008,22300455,"JAN 01, 2024",DEN vs. CHA,W,31,8,17,0.471,4,11,0.364,2,2,1.0,1,7,8,1,0,0,1,1,22,33,1,
22023,1629008,22300435,"DEC 29, 2023",DEN vs. OKC,L,31,4,12,0.333,2,8,0.25,2,2,1.0,0,6,6,1,0,1,0,1,12,-10,1,
22023,1629008,22300425,"DEC 28, 2023",DEN vs. MEM,W,23,3,6,0.5,2,3,0.667,0,0,0.0,0,4,4,0,0,1,2,3,8,28,1,
22023,1629008,22300402,"DEC 25, 2023",DEN vs. GSW,W,40,8,17,0.471,3,10,0.3,0,0,0.0,0,10,10,1,0,4,0,1,19,23,1,
22023,1629008,22300390,"DEC 23, 2023",DEN @ CHA,W,31,8,14,0.571,5,8,0.625,1,2,0.5,1,4,5,1,1,2,1,2,22,15,1,
22023,1629008,22300383,"DEC 22, 2023",DEN @ BKN,W,34,6,10,0.6,3,5,0.6,0,0,0.0,0,4,4,3,0,1,1,1,15,13,1,
22023,1629008,22300369,"DEC 20, 2023",DEN @ TOR,W,33,5,13,0.385,2,7,0.286,0,0,0.0,1,5,6,2,1,0,0,1,12,10,1,
22023,1629008,22300356,"DEC 18, 2023",DEN vs. DAL,W,23,3,8,0.375,2,3,0.667,0,0,0.0,2,2,4,1,0,0,2,1,8,13,1,
22023,1629008,22300340,"DEC 16, 2023",DEN vs. OKC,L,32,8,18,0.444,4,8,0.5,0,0,0.0,0,11,11,0,0,0,1,0,20,1,1,
22023,1629008,22300322,"DEC 14, 2023",DEN vs. BKN,W,23,3,8,0.375,1,4,0.25,2,2,1.0,2,4,6,1,1,0,0,0,9,11,1,
22023,1629008,22300307,"DEC 12, 2023",DEN @ CHI,W,32,6,16,0.375,2,8,0.25,3,4,0.75,0,7,7,0,1,0,0,1,17,3,1,
22023,1629008,22300296,"DEC 11, 2023",DEN @ ATL,W,26,1,11,0.091,0,4,0.0,1,2,0.5,2,5,7,3,0,0,1,3,3,12,1,
22023,1629008,22301224,"DEC 08, 2023",DEN vs. HOU,L,40,8,12,0.667,3,6,0.5,1,1,1.0,1,7,8,0,0,2,2,3,20,11,1,
22023,1629008,22301215,"DEC 06, 2023",DEN @ LAC,L,34,7,8,0.875,4,5,0.8,0,0,0.0,3,6,9,0,0,1,2,2,18,4,1,
22023,1629008,22300290,"DEC 02, 2023",DEN @ SAC,L,33,6,12,0.5,1,5,0.2,0,0,0.0,0,8,8,2,0,2,1,1,13,-6,1,
22023,1629008,22300279,"DEC 01, 2023",DEN @ PHX,W,37,8,16,0.5,0,4,0.0,3,3,1.0,1,9,10,4,2,1,2,1,19,8,1,
22023,1629008,22300263,"NOV 29, 2023",DEN vs. HOU,W,34,11,17,0.647,7,12,0.583,1,3,0.333,2,8,10,5,1,0,0,2,30,26,1,
22023,1629008,22300257,"NOV 27, 2023",DEN @ LAC,W,29,3,13,0.231,2,7,0.286,0,0,0.0,3,7,10,3,0,0,1,5,8,4,1,
22023,1629008,22300252,"NOV 26, 2023",DEN vs. SAS,W,33,8,14,0.571,4,9,0.444,5,6,0.833,1,6,7,2,0,1,3,0,25,15,1,
22023,1629008,22300048,"NOV 24, 2023",DEN @ HOU,L,37,6,14,0.429,2,8,0.25,0,0,0.0,1,6,7,1,1,2,1,1,14,-8,1,
22023,1629008,22300226,"NOV 22, 2023",DEN @ ORL,L,31,9,16,0.563,5,9,0.556,2,2,1.0,0,2,2,0,1,0,0,4,25,5,1,
22023,1629008,22300218,"NOV 20, 2023",DEN @ DET,W,38,5,15,0.333,4,9,0.444,0,1,0.0,2,9,11,2,0,1,4,3,14,-1,1,
22023,1629008,22300210,"NOV 19, 2023",DEN @ CLE,L,27,7,15,0.467,5,9,0.556,2,2,1.0,1,5,6,0,1,0,2,2,21,-31,1,
22023,1629008,22300034,"NOV 17, 2023",DEN @ NOP,L,33,8,14,0.571,2,6,0.333,0,1,0.0,3,8,11,0,0,0,0,3,18,-15,1,
22023,1629008,22300024,"NOV 14, 2023",DEN vs. LAC,W,34,4,11,0.364,2,8,0.25,0,2,0.0,1,4,5,0,1,1,2,3,10,4,1,
22023,1629008,22300182,"NOV 12, 2023",DEN @ HOU,L,38,11,19,0.579,3,10,0.3,0,0,0.0,2,8,10,0,0,1,2,3,25,2,1,
22023,1629008,22300169,"NOV 08, 2023",DEN vs. GSW,W,37,7,17,0.412,3,8,0.375,0,0,0.0,2,6,8,2,0,2,0,1,17,13,1,
22023,1629008,22300156,"NOV 06, 2023",DEN vs. NOP,W,29,8,16,0.5,2,6,0.333,4,4,1.0,2,7,9,3,0,0,1,2,22,13,1,
22023,1629008,22300139,"NOV 04, 2023",DEN vs. CHI,W,31,9,16,0.563,5,10,0.5,4,5,0.8,1,5,6,2,1,2,2,4,27,30,1,
22023,1629008,22300006,"NOV 03, 2023",DEN vs. DAL,W,34,10,18,0.556,4,8,0.5,0,0,0.0,5,4,9,1,0,2,1,2,24,17,1,
22023,1629008,22300123,"NOV 01, 2023",DEN @ MIN,L,25,2,11,0.182,0,5,0.0,1,1,1.0,2,3,5,1,1,1,0,0,5,-19,1,
22023,1629008,22300110,"OCT 30, 2023",DEN vs. UTA,W,19,3,8,0.375,2,6,0.333,0,0,0.0,0,1,1,2,0,1,1,3,8,2,1,
22023,1629008,22300095,"OCT 29, 2023",DEN @ OKC,W,25,8,14,0.571,4,7,0.571,0,0,0.0,3,6,9,2,0,0,1,3,20,12,1,
22023,1629008,22300078,"OCT 27, 2023",DEN @ MEM,W,29,3,7,0.429,2,5,0.4,1,1,1.0,1,12,13,3,0,0,1,4,9,4,1,
22023,1629008,22300061,"OCT 24, 2023",DEN vs. LAL,W,30,5,13,0.385,2,9,0.222,0,0,0.0,2,10,12,2,2,0,0,1,12,12,1,
22023,1629010,22300733,"FEB 08, 2024",GSW @ IND,W,2,0,0,0.0,0,0,0.0,0,0,0.0,0,0,0,0,0,0,0,0,0,-1,1,
22023,1629010,22300693,"FEB 02, 2024",GSW @ MEM,W,2,0,0,0.0,0,0,0.0,0,0,0.0,0,0,0,0,0,0,0,0,0,5,1,
22023,1629010,22300626,"JAN 24, 2024",GSW vs. ATL,W,3,0,2,0.0,0,1,0.0,0,0,0.0,0,0,0,1,0,0,0,0,0,2,1,
22023,1629010,22300536,"JAN 12, 2024",GSW @ CHI,W,4,0,0,0.0,0,0,0.0,1,2,0.5,0,0,0,0,0,0,0,0,1,-8,1,
22023,1629010,22300504,"JAN 07, 2024",GSW vs. TOR,L,7,0,2,0.0,0,1,0.0,0,0,0.0,0,1,1,1,0,0,0,1,0,10,1,
22023,1629010,22300426,"DEC 28, 2023",GSW vs. MIA,L,2,0,1,0.0,0,1,0.0,0,0,0.0,0,0,0,0,0,1,0,0,0,3,1,
22023,1629010,22300399,"DEC 23, 2023",GSW vs. POR,W,4,0,2,0.0,0,2,0.0,3,4,0.75,0,0,0,0,0,0,0,0,3,1,1,
22023,1629010,22300386,"DEC 22, 2023",GSW vs. WAS,W,2,0,0,0.0,0,0,0.0,0,0,0.0,0,0,0,0,0,0,0,0,0,-4,1,
22023,1629010,22300108,"OCT 30, 2023",GSW @ NOP,W,5,0,2,0.0,0,0,0.0,0,0,0.0,1,1,2,0,0,0,0,0,0,0,1,
22023,1629011,22301227,"DEC 08, 2023",NYK @ BOS,L,19,5,6,0.833,0,0,0.0,0,2,0.0,5,3,8,2,1,0,1,2,10,-19,1,
22023,1629011,22301201,"DEC 05, 2023",NYK @ MIL,L,27,1,2,0.5,0,0,0.0,0,0,0.0,1,3,4,3,2,1,2,2,2,-10,1,
22023,1629011,22300276,"DEC 01, 2023",NYK @ TOR,W,32,3,3,1.0,0,0,0.0,0,0,0.0,2,3,5,1,4,1,2,3,6,6,1,
22023,1629011,22300268,"NOV 30, 2023",NYK vs. DET,W,31,2,4,0.5,0,0,0.0,2,2,1.0,6,3,9,1,1,1,1,2,6,8,1,
22023,1629011,22300057,"NOV 28, 2023",NYK vs. CHA,W,33,3,6,0.5,0,0,0.0,0,0,0.0,5,5,10,0,2,6,4,1,6,18,1,
22023,1629011,22300247,"NOV 26, 2023",NYK vs. PHX,L,34,1,2,0.5,0,0,0.0,1,4,0.25,5,6,11,1,1,1,1,2,3,-1,1,
22023,1629011,22300045,"NOV 24, 2023",NYK vs. MIA,W,20,2,4,0.5,0,0,0.0,1,4,0.25,3,4,7,0,2,0,0,2,5,-17,1,
22023,1629011,22300221,"NOV 20, 2023",NYK @ MIN,L,30,5,7,0.714,0,0,0.0,0,0,0.0,7,4,11,0,2,2,2,3,10,-11,1,
22023,1629011,22300202,"NOV 18, 2023",NYK @ CHA,W,33,2,5,0.4,0,0,0.0,0,0,0.0,11,3,14,1,0,3,3,0,4,9,1,
22023,1629011,22300028,"NOV 17, 2023",NYK @ WAS,W,27,3,4,0.75,0,0,0.0,0,1,0.0,3,5,8,1,0,1,0,1,6,16,1,
22023,1629011,22300193,"NOV 15, 2023",NYK @ ATL,W,31,3,3,1.0,0,0,0.0,0,0,0.0,6,9,15,0,3,1,1,0,6,8,1,
22023,1629011,22300188,"NOV 13, 2023",NYK @ BOS,L,33,2,2,1.0,0,0,0.0,0,2,0.0,3,3,6,1,1,2,1,2,4,-14,1,
22023,1629011,22300177,"NOV 12, 2023",NYK vs. CHA,W,24,5,7,0.714,0,0,0.0,0,2,0.0,5,4,9,0,1,0,0,2,10,4,1,
22023,1629011,22300161,"NOV 08, 2023",NYK vs. SAS,W,31,3,4,0.75,0,0,0.0,2,6,0.333,5,7,12,1,0,0,0,3,8,30,1,
22023,1629011,22300151,"NOV 06, 2023",NYK vs. LAC,W,35,6,10,0.6,0,0,0.0,1,1,1.0,9,6,15,0,4,0,0,2,13,4,1,
22023,1629011,22300002,"NOV 03, 2023",NYK @ MIL,L,29,0,4,0.0,0,0,0.0,0,0,0.0,6,9,15,1,0,0,0,4,0,-4,1,
22023,1629011,22300120,"NOV 01, 2023",NYK vs. CLE,L,32,1,3,0.333,0,0,0.0,4,8,0.5,8,8,16,0,0,2,1,3,6,-1,1,
22023,1629011,22300112,"OCT 31, 2023",NYK @ CLE,W,22,4,4,1.0,0,0,0.0,0,0,0.0,3,4,7,0,1,0,1,0,8,6,1,
22023,1629011,22300090,"OCT 28, 2023",NYK @ NOP,L,29,4,8,0.5,0,0,0.0,0,0,0.0,10,5,15,0,1,2,0,1,8,-11,1,
22023,1629011,22300079,"OCT 27, 2023",NYK @ ATL,W,38,2,6,0.333,0,0,0.0,3,4,0.75,6,7,13,1,4,4,0,1,7,11,1,
22023,1629011,22300065,"OCT 25, 2023",NYK vs. BOS,L,22,1,4,0.25,0,0,0.0,0,2,0.0,3,3,6,1,2,0,1,4,2,1,1,
22023,1629012,22300576,"FEB 15, 2024",UTA vs. GSW,L,34,10,18,0.556,3,8,0.375,12,13,0.923,1,2,3,9,1,1,3,2,35,15,1,
22023,1629012,22300788,"FEB 14, 2024",UTA vs. LAL,L,26,8,15,0.533,2,5,0.4,0,0,0.0,0,0,0,3,0,2,0,1,18,-12,1,
22023,1629012,22300769,"FEB 12, 2024",UTA vs. GSW,L,26,9,15,0.6,2,3,0.667,2,4,0.5,2,4,6,5,0,0,2,1,22,-20,1,
22023,1629012,22300739,"FEB 08, 2024",UTA @ PHX,L,24,7,15,0.467,3,6,0.5,2,6,0.333,2,2,4,8,0,1,5,2,19,-6,1,
22023,1629012,22300724,"FEB 06, 2024",UTA vs. OKC,W,26,4,10,0.4,1,3,0.333,5,5,1.0,0,0,0,4,0,0,2,2,14,5,1,
22023,1629012,22300711,"FEB 04, 2024",UTA vs. MIL,W,25,5,13,0.385,3,7,0.429,6,6,1.0,0,1,1,3,0,0,4,2,19,-3,1,
22023,1629012,22300686,"FEB 01, 2024",UTA vs. PHI,L,25,8,14,0.571,2,4,0.5,4,4,1.0,0,1,1,6,1,1,3,2,22,-6,1,
22023,1629012,22300671,"JAN 30, 2024",UTA @ NYK,L,28,7,13,0.538,2,4,0.5,6,8,0.75,2,1,3,7,0,0,2,2,22,-6,1,
22023,1629012,22300660,"JAN 29, 2024",UTA @ BKN,L,24,1,10,0.1,0,2,0.0,4,4,1.0,0,1,1,7,0,0,2,1,6,-5,1,
22023,1629012,22300647,"JAN 27, 2024",UTA @ CHA,W,35,9,19,0.474,3,7,0.429,3,5,0.6,2,2,4,13,2,0,3,0,24,19,1,
22023,1629012,22300628,"JAN 25, 2024",UTA @ WAS,W,17,4,11,0.364,1,2,0.5,2,2,1.0,1,2,3,6,1,0,2,2,11,2,1,
22023,1629012,22300616,"JAN 23, 2024",UTA @ NOP,L,24,9,12,0.75,2,4,0.5,2,3,0.667,0,3,3,7,0,1,1,0,22,-15,1,
22023,1629012,22300598,"JAN 20, 2024",UTA @ HOU,L,40,11,27,0.407,2,7,0.286,4,4,1.0,3,0,3,5,2,0,2,4,28,12,1,
22023,1629012,22300581,"JAN 18, 2024",UTA vs. OKC,L,34,10,19,0.526,4,7,0.571,7,10,0.7,1,0,1,7,1,0,2,4,31,4,1,
22023,1629012,22300564,"JAN 15, 2024",UTA vs. IND,W,24,11,17,0.647,4,5,0.8,4,4,1.0,1,2,3,5,0,0,1,2,30,14,1,
22023,1629012,22300549,"JAN 13, 2024",UTA vs. LAL,W,28,8,13,0.615,1,4,0.25,10,10,1.0,1,3,4,5,0,0,1,5,27,18,1,
22023,1629012,22300540,"JAN 12, 2024",UTA vs. TOR,W,20,5,10,0.5,3,3,1.0,7,8,0.875,0,2,2,5,2,0,2,0,20,15,1,
22023,1629012,22300524,"JAN 10, 2024",UTA vs. DEN,W,21,8,14,0.571,2,4,0.5,4,4,1.0,1,1,2,4,1,1,1,3,22,11,1,
22023,1629012,22300510,"JAN 08, 2024",UTA @ MIL,W,18,8,13,0.615,3,6,0.5,0,0,0.0,0,0,0,3,1,0,0,0,19,1,1,
22023,1629012,22300495,"JAN 06, 2024",UTA @ PHI,W,27,9,14,0.643,1,3,0.333,3,4,0.75,1,2,3,10,0,0,5,3,22,7,1,
22023,1629012,22300479,"JAN 05, 2024",UTA @ BOS,L,20,5,12,0.417,0,3,0.0,3,3,1.0,0,1,1,3,3,0,3,1,13,-13,1,
22023,1629012,22300474,"JAN 03, 2024",UTA vs. DET,W,30,7,14,0.5,1,2,0.5,10,10,1.0,1,1,2,5,1,0,0,5,25,2,1,
22023,1629012,22300457,"JAN 01, 2024",UTA vs. DAL,W,19,2,8,0.25,0,3,0.0,4,4,1.0,1,2,3,6,0,0,1,1,8,1,1,
22023,1629012,22300439,"DEC 30, 2023",UTA vs. MIA,W,26,8,14,0.571,1,4,0.25,5,6,0.833,1,1,2,5,1,0,3,1,22,-2,1,
22023,1629012,22300424,"DEC 28, 2023",UTA @ NOP,L,30,8,17,0.471,3,6,0.5,7,9,0.778,1,4,5,3,0,0,0,4,26,3,1,
22023,1629012,22300412,"DEC 26, 2023",UTA @ SAS,W,29,8,10,0.8,0,2,0.0,4,5,0.8,0,3,3,6,1,1,1,4,20,-7,1,
22023,1629012,22300395,"DEC 23, 2023",UTA @ TOR,W,25,5,11,0.455,1,2,0.5,5,6,0.833,0,0,0,3,1,0,1,0,16,-11,1,
22023,1629012,22300374,"DEC 21, 2023",UTA @ DET,W,32,6,18,0.333,1,3,0.333,6,6,1.0,3,1,4,8,4,0,3,3,19,-10,1,
22023,1629012,22300364,"DEC 20, 2023",UTA @ CLE,L,34,7,17,0.412,3,6,0.5,3,4,0.75,0,3,3,2,0,1,2,5,20,6,1,
22023,1629012,22300357,"DEC 18, 2023",UTA vs. BKN,W,35,6,17,0.353,3,7,0.429,12,13,0.923,1,2,3,6,0,0,2,3,27,18,1,
22023,1629012,22300342,"DEC 16, 2023",UTA @ SAC,L,33,10,18,0.556,2,6,0.333,6,7,0.857,1,2,3,1,1,0,1,2,28,-27,1,
22023,1629012,22300323,"DEC 14, 2023",UTA @ POR,W,32,11,17,0.647,2,5,0.4,3,3,1.0,1,1,2,4,1,0,2,2,27,17,1,
22023,1629012,22300318,"DEC 13, 2023",UTA vs. NYK,W,30,10,18,0.556,3,8,0.375,3,3,1.0,1,3,4,7,0,0,2,4,26,-9,1,
22023,1629012,22300302,"DEC 11, 2023",UTA @ OKC,L,26,7,13,0.538,1,4,0.25,5,6,0.833,2,2,4,2,2,0,0,1,20,-1,1,
22023,1629012,22301225,"DEC 08, 2023",UTA vs. LAC,L,18,5,12,0.417,1,4,0.25,2,2,1.0,0,3,3,3,1,0,1,2,13,-1,1,
22023,1629012,22301213,"DEC 06, 2023",UTA @ DAL,L,18,0,4,0.0,0,1,0.0,7,8,0.875,0,3,3,5,1,0,2,1,7,-3,1,
22023,1629012,22300289,"DEC 02, 2023",UTA vs. POR,W,30,9,13,0.692,0,2,0.0,7,7,1.0,1,3,4,5,0,0,3,2,25,4,1,
22023,1629012,22300270,"NOV 30, 2023",UTA @ MIN,L,23,4,8,0.5,1,2,0.5,5,5,1.0,0,3,3,4,0,0,3,1,14,-3,1,
22023,1629012,22300261,"NOV 29, 2023",UTA @ MEM,L,22,3,10,0.3,1,4,0.25,2,3,0.667,1,0,1,3,1,0,2,3,9,-3,1,
22023,1629012,22300256,"NOV 27, 2023",UTA vs. NOP,W,18,4,9,0.444,3,6,0.5,0,0,0.0,1,1,2,0,2,0,4,2,11,6,1,
22023,1629012,22300243,"NOV 25, 2023",UTA vs. NOP,W,28,5,13,0.385,3,8,0.375,3,4,0.75,2,1,3,6,0,0,2,0,16,3,1,
22023,1629012,22300237,"NOV 22, 2023",UTA @ POR,L,11,0,5,0.0,0,3,0.0,1,2,0.5,1,1,2,2,1,0,2,2,1,-16,1,
22023,1629012,22300042,"NOV 21, 2023",UTA @ LAL,L,22,6,11,0.545,2,3,0.667,0,0,0.0,0,3,3,4,0,0,1,2,14,-9,1,
22023,1629012,22300214,"NOV 19, 2023",UTA vs. PHX,L,23,6,13,0.462,3,6,0.5,3,3,1.0,3,2,5,2,1,0,2,0,18,12,1,
22023,1629012,22300035,"NOV 17, 2023",UTA vs. PHX,L,20,3,8,0.375,0,2,0.0,2,2,1.0,2,2,4,4,0,2,0,3,8,-6,1,
22023,1629012,22300023,"NOV 14, 2023",UTA vs. POR,W,28,5,11,0.455,1,5,0.2,2,2,1.0,0,4,4,7,2,1,2,3,13,14,1,
22023,1629012,22300012,"NOV 10, 2023",UTA @ MEM,W,18,3,8,0.375,0,2,0.0,4,4,1.0,1,1,2,6,1,0,3,0,10,3,1,
22023,1629012,22300158,"NOV 08, 2023",UTA @ IND,L,16,3,9,0.333,1,2,0.5,3,3,1.0,0,2,2,2,0,0,0,0,10,-7,1,
22023,1629012,22300152,"NOV 06, 2023",UTA @ CHI,L,17,6,10,0.6,1,3,0.333,1,1,1.0,1,2,3,2,0,0,1,3,14,1,1,
22023,1629012,22300138,"NOV 04, 2023",UTA @ MIN,L,19,1,3,0.333,1,3,0.333,4,4,1.0,2,2,4,4,0,1,6,2,7,-14,1,
22023,1629012,22300130,"NOV 02, 2023",UTA vs. ORL,L,17,3,8,0.375,0,2,0.0,4,6,0.667,1,0,1,1,0,0,2,1,10,-5,1,
22023,1629012,22300125,"NOV 01, 2023",UTA vs. MEM,W,22,8,10,0.8,4,6,0.667,3,3,1.0,1,2,3,6,0,0,2,1,23,22,1,
22023,1629012,22300110,"OCT 30, 2023",UTA @ DEN,L,17,5,10,0.5,2,5,0.4,0,0,0.0,0,0,0,0,0,0,1,2,12,-10,1,
22023,1629012,22300094,"OCT 28, 2023",UTA @ PHX,L,23,4,8,0.5,0,0,0.0,6,6,1.0,1,1,2,6,0,0,2,1,14,-7,1,
22023,1629012,22300085,"OCT 27, 2023",UTA vs. LAC,W,20,5,12,0.417,0,2,0.0,3,4,0.75,0,1,1,0,0,0,0,3,13,-4,1,
22023,1629012,22300072,"OCT 25, 2023",UTA vs. SAC,L,20,2,9,0.222,0,2,0.0,5,7,0.714,0,3,3,0,0,0,3,3,9,-10,1,
22023,1629013,22300784,"FEB 14, 2024",WAS @ NOP,L,17,2,8,0.25,0,4,0.0,4,4,1.0,2,0,2,1,0,0,2,0,8,-15,1,
22023,1629013,22300768,"FEB 12, 2024",WAS @ DAL,L,14,2,5,0.4,2,4,0.5,0,0,0.0,0,1,1,0,2,1,0,2,6,3,1,
22023,1629013,22300753,"FEB 10, 2024",WAS vs. PHI,L,19,4,7,0.571,1,4,0.25,0,0,0.0,0,1,1,0,3,0,0,4,9,12,1,
22023,1629013,22300743,"FEB 09, 2024",WAS @ BOS,L,14,1,3,0.333,1,2,0.5,0,0,0.0,0,1,1,0,0,0,1,1,3,-14,1,
22023,1629013,22300728,"FEB 07, 2024",WAS vs. CLE,L,12,1,5,0.2,1,4,0.25,0,0,0.0,1,2,3,3,0,0,0,3,3,0,1,
22023,1629013,22300705,"FEB 04, 2024",WAS vs. PHX,L,21,6,10,0.6,1,4,0.25,0,0,0.0,2,0,2,1,0,0,1,1,13,-11,1,
22023,1629013,22300689,"FEB 02, 2024",WAS vs. MIA,L,13,1,5,0.2,0,2,0.0,3,3,1.0,0,2,2,1,0,0,1,1,5,-7,1,
22023,1629013,22300665,"JAN 29, 2024",WAS @ SAS,W,10,2,4,0.5,2,4,0.5,0,0,0.0,0,0,0,2,0,0,0,0,6,5,1,
22023,1629013,22300642,"JAN 27, 2024",WAS @ DET,W,13,1,8,0.125,0,2,0.0,1,1,1.0,3,2,5,0,0,0,1,2,3,-7,1,
22023,1629013,22300628,"JAN 25, 2024",WAS vs. UTA,L,11,1,4,0.25,0,3,0.0,0,0,0.0,0,0,0,1,0,0,0,2,2,-6,1,
22023,1629013,22300620,"JAN 24, 2024",WAS vs. MIN,L,12,1,3,0.333,1,1,1.0,6,6,1.0,0,1,1,2,0,0,0,0,9,5,1,
22023,1629013,22300602,"JAN 21, 2024",WAS vs. DEN,L,16,4,10,0.4,1,5,0.2,5,5,1.0,1,0,1,3,1,0,0,2,14,3,1,
22023,1629013,22300594,"JAN 20, 2024",WAS vs. SAS,L,6,3,5,0.6,1,2,0.5,0,0,0.0,1,0,1,1,0,0,0,2,7,5,1,
22023,1629013,22300579,"JAN 18, 2024",WAS @ NYK,L,14,5,6,0.833,3,4,0.75,0,0,0.0,1,0,1,1,0,0,2,5,13,-2,1,
22023,1629013,22300558,"JAN 15, 2024",WAS vs. DET,L,14,4,7,0.571,2,3,0.667,1,1,1.0,0,0,0,0,1,1,0,1,11,6,1,
22023,1629013,22300508,"JAN 08, 2024",WAS vs. OKC,L,16,3,7,0.429,1,4,0.25,8,9,0.889,1,1,2,1,2,2,3,4,15,-6,1,
22023,1629013,22300465,"JAN 03, 2024",WAS @ CLE,L,15,3,6,0.5,2,3,0.667,1,2,0.5,0,3,3,2,1,0,0,0,9,-15,1,
22023,1629013,22300445,"DEC 31, 2023",WAS vs. ATL,L,19,2,6,0.333,0,2,0.0,0,0,0.0,0,2,2,2,1,2,0,1,4,-11,1,
22023,1629013,22300430,"DEC 29, 2023",WAS vs. BKN,W,18,3,7,0.429,1,4,0.25,1,1,1.0,0,1,1,2,1,0,0,0,8,8,1,
22023,1629013,22300416,"DEC 27, 2023",WAS vs. TOR,L,11,3,5,0.6,1,1,1.0,0,0,0.0,0,0,0,1,0,0,3,0,7,-6,1,
22023,1629013,22300407,"DEC 26, 2023",WAS vs. ORL,L,8,0,3,0.0,0,3,0.0,0,0,0.0,0,0,0,0,0,0,0,0,0,-12,1,
22023,1629013,22300386,"DEC 22, 2023",WAS @ GSW,L,13,0,2,0.0,0,1,0.0,0,0,0.0,0,0,0,1,0,0,0,2,0,-16,1,
22023,1629013,22300274,"DEC 01, 2023",WAS @ ORL,L,18,5,8,0.625,3,3,1.0,0,3,0.0,0,0,0,2,0,0,2,4,13,3,1,
22023,1629013,22300259,"NOV 29, 2023",WAS @ ORL,L,18,2,6,0.333,1,3,0.333,0,0,0.0,0,1,1,1,1,0,1,4,5,-8,1,
22023,1629013,22300253,"NOV 27, 2023",WAS @ DET,W,22,4,7,0.571,2,3,0.667,2,2,1.0,0,2,2,4,2,1,1,2,12,8,1,
22023,1629013,22300241,"NOV 25, 2023",WAS vs. ATL,L,17,5,9,0.556,2,5,0.4,0,0,0.0,0,1,1,2,0,0,1,1,12,-18,1,
22023,1629013,22300049,"NOV 24, 2023",WAS @ MIL,L,24,6,11,0.545,3,7,0.429,0,1,0.0,0,2,2,0,1,0,0,2,15,0,1,
22023,1629013,22300225,"NOV 22, 2023",WAS @ CHA,L,18,2,6,0.333,1,3,0.333,2,3,0.667,1,1,2,1,0,0,0,3,7,1,1,
22023,1629013,22300219,"NOV 20, 2023",WAS vs. MIL,L,14,3,4,0.75,2,3,0.667,0,0,0.0,0,3,3,2,0,0,1,2,8,-3,1,
22023,1629013,22300028,"NOV 17, 2023",WAS vs. NYK,L,7,2,3,0.667,1,2,0.5,0,0,0.0,0,0,0,2,0,0,0,0,5,-5,1,
22023,1629013,22300192,"NOV 15, 2023",WAS vs. DAL,L,21,2,12,0.167,0,7,0.0,0,0,0.0,0,2,2,1,0,0,0,2,4,-12,1,
22023,1629013,22300189,"NOV 13, 2023",WAS @ TOR,L,15,1,2,0.5,0,1,0.0,0,0,0.0,0,0,0,0,3,0,1,1,2,3,1,
22023,1629013,22300178,"NOV 12, 2023",WAS @ BKN,L,20,3,7,0.429,2,4,0.5,0,0,0.0,1,4,5,1,0,0,1,1,8,12,1,
22023,1629013,22300009,"NOV 10, 2023",WAS vs. CHA,L,17,4,10,0.4,2,7,0.286,1,1,1.0,0,0,0,0,0,0,1,3,11,-3,1,
22023,1629013,22300157,"NOV 08, 2023",WAS @ CHA,W,17,6,9,0.667,3,6,0.5,0,1,0.0,0,1,1,2,1,1,0,3,15,24,1,
22023,1629013,22300003,"NOV 03, 2023",WAS @ MIA,L,14,0,2,0.0,0,2,0.0,0,0,0.0,0,1,1,2,0,0,0,0,0,-13,1,
22023,1629013,22300117,"NOV 01, 2023",WAS @ ATL,L,12,3,5,0.6,2,4,0.5,0,0,0.0,0,1,1,2,1,0,0,3,8,-4,1,
22023,1629014,22300791,"FEB 15, 2024",POR vs. MIN,L,33,4,15,0.267,3,8,0.375,1,1,1.0,0,5,5,6,0,0,5,5,12,-18,1,
22023,1629014,22300775,"FEB 13, 2024",POR vs. MIN,L,32,6,19,0.316,4,10,0.4,4,4,1.0,0,3,3,5,1,0,3,4,20,-16,1,
22023,1629014,22300741,"FEB 08, 2024",POR vs. DET,L,25,9,19,0.474,4,12,0.333,7,7,1.0,0,2,2,5,0,0,2,2,29,22,1,
22023,1629014,22300712,"FEB 04, 2024",POR @ DEN,L,39,8,18,0.444,4,8,0.5,6,6,1.0,0,6,6,9,1,0,4,0,26,-1,1,
22023,1629014,22300697,"FEB 02, 2024",POR @ DEN,L,37,11,23,0.478,4,10,0.4,3,4,0.75,1,3,4,4,2,0,2,2,29,-20,1,
22023,1629014,22300683,"JAN 31, 2024",POR vs. MIL,W,38,10,19,0.526,4,9,0.444,0,0,0.0,0,3,3,5,0,0,3,0,24,-11,1,
22023,1629014,22300668,"JAN 29, 2024",POR vs. PHI,W,28,6,12,0.5,1,7,0.143,2,2,1.0,1,0,1,6,0,1,1,3,15,26,1,
22023,1629014,22300656,"JAN 28, 2024",POR vs. CHI,L,35,4,15,0.267,2,7,0.286,1,1,1.0,2,5,7,8,0,0,1,5,11,-8,1,
22023,1629014,22300641,"JAN 26, 2024",POR @ SAS,L,41,14,27,0.519,7,15,0.467,5,5,1.0,0,2,2,10,1,0,5,3,40,-5,1,
22023,1629014,22300623,"JAN 24, 2024",POR @ HOU,W,41,13,20,0.65,4,9,0.444,3,3,1.0,2,4,6,5,0,0,3,3,33,15,1,
22023,1629014,22300617,"JAN 23, 2024",POR @ OKC,L,33,5,12,0.417,4,9,0.444,3,4,0.75,0,3,3,5,0,1,4,3,17,-15,1,
22023,1629014,22300605,"JAN 21, 2024",POR @ LAL,L,30,8,15,0.533,3,7,0.429,0,0,0.0,0,2,2,3,0,0,4,4,19,-24,1,
22023,1629014,22300578,"JAN 17, 2024",POR vs. BKN,W,39,8,20,0.4,1,7,0.143,3,4,0.75,0,4,4,4,0,0,0,2,20,11,1,
22023,1629014,22300554,"JAN 14, 2024",POR vs. PHX,L,41,8,18,0.444,6,12,0.5,6,7,0.857,0,5,5,5,0,0,3,2,28,-11,1,
22023,1629014,22300538,"JAN 12, 2024",POR @ MIN,L,29,0,10,0.0,0,2,0.0,5,5,1.0,0,2,2,3,0,1,3,0,5,-34,1,
22023,1629014,22300529,"JAN 11, 2024",POR @ OKC,L,20,4,13,0.308,4,8,0.5,2,4,0.5,1,2,3,2,0,0,3,2,14,-36,1,
22023,1629014,22300514,"JAN 09, 2024",POR @ NYK,L,27,4,14,0.286,2,7,0.286,2,2,1.0,0,4,4,3,0,0,3,2,12,-26,1,
22023,1629014,22300498,"JAN 07, 2024",POR @ BKN,W,45,13,25,0.52,5,10,0.5,7,8,0.875,0,4,4,11,0,0,2,2,38,7,1,
22023,1629014,22300487,"JAN 05, 2024",POR @ DAL,L,23,1,8,0.125,1,4,0.25,3,3,1.0,0,5,5,4,0,0,2,1,6,-14,1,
22023,1629014,22300472,"JAN 03, 2024",POR @ DAL,L,27,5,16,0.313,1,7,0.143,4,4,1.0,1,4,5,3,0,0,2,1,15,-31,1,
22023,1629014,22300413,"DEC 26, 2023",POR vs. SAC,W,35,12,25,0.48,5,12,0.417,0,0,0.0,0,4,4,3,1,0,2,2,29,4,1,
22023,1629014,22300399,"DEC 23, 2023",POR @ GSW,L,34,7,17,0.412,7,13,0.538,4,4,1.0,0,2,2,2,1,0,1,0,25,-8,1,
22023,1629014,22300381,"DEC 21, 2023",POR vs. WAS,L,38,15,28,0.536,7,14,0.5,4,5,0.8,1,3,4,7,0,0,3,2,41,-2,1,
22023,1629014,22300363,"DEC 19, 2023",POR vs. PHX,W,38,9,23,0.391,2,7,0.286,3,5,0.6,0,3,3,7,1,0,1,2,23,4,1,
22023,1629014,22300348,"DEC 17, 2023",POR vs. GSW,L,36,9,20,0.45,0,5,0.0,6,6,1.0,0,3,3,7,1,0,4,3,24,-1,1,
22023,1629014,22300341,"DEC 16, 2023",POR vs. DAL,L,35,13,22,0.591,2,8,0.25,5,5,1.0,2,6,8,6,2,0,3,2,33,4,1,
22023,1629014,22300323,"DEC 14, 2023",POR vs. UTA,L,22,3,8,0.375,2,6,0.333,1,2,0.5,0,1,1,6,1,0,2,1,9,-24,1,
22023,1629014,22300304,"DEC 11, 2023",POR @ LAC,L,38,10,23,0.435,5,11,0.455,13,13,1.0,0,1,1,4,0,1,3,1,38,-9,1,
22023,1629014,22301226,"DEC 08, 2023",POR vs. DAL,L,36,10,21,0.476,4,10,0.4,6,6,1.0,2,3,5,8,1,0,6,4,30,-10,1,
22023,1629014,22301214,"DEC 06, 2023",POR @ GSW,L,37,10,27,0.37,6,13,0.462,2,2,1.0,1,0,1,4,0,0,1,3,28,2,1,
22023,1629014,22300074,"OCT 25, 2023",POR @ LAC,L,27,6,14,0.429,2,6,0.333,4,4,1.0,1,1,2,4,2,0,0,2,18,-27,1,
22023,1629018,22300782,"FEB 14, 2024",TOR vs. IND,L,30,3,9,0.333,2,6,0.333,0,0,0.0,0,6,6,3,0,2,0,1,8,2,1,
22023,1629018,22300764,"FEB 12, 2024",TOR vs. SAS,L,22,2,7,0.286,0,0,0.0,0,0,0.0,0,1,1,0,2,0,2,1,4,-19,1,
22023,1629018,22300756,"FEB 10, 2024",TOR vs. CLE,L,23,2,7,0.286,2,5,0.4,0,0,0.0,0,2,2,2,1,0,1,1,6,-2,1,
22023,1629018,22300744,"FEB 09, 2024",TOR vs. HOU,W,34,2,11,0.182,2,8,0.25,2,2,1.0,0,1,1,3,4,0,1,1,8,17,1,
22023,1629018,22300726,"FEB 07, 2024",TOR @ CHA,W,28,5,13,0.385,4,8,0.5,0,0,0.0,0,0,0,1,3,0,1,1,14,-2,1,
22023,1629018,22300718,"FEB 05, 2024",TOR @ NOP,L,15,1,5,0.2,0,2,0.0,0,0,0.0,0,1,1,0,0,0,0,0,2,-16,1,
22023,1629018,22300710,"FEB 04, 2024",TOR @ OKC,L,40,6,15,0.4,4,8,0.5,0,0,0.0,0,6,6,0,2,0,1,2,16,-9,1,
22023,1629018,22300692,"FEB 02, 2024",TOR @ HOU,L,26,5,12,0.417,2,5,0.4,0,0,0.0,2,2,4,0,2,0,1,1,12,-17,1,
22023,1629018,22300672,"JAN 30, 2024",TOR @ CHI,W,32,9,15,0.6,6,11,0.545,0,0,0.0,0,5,5,1,1,0,2,1,24,12,1,
22023,1629018,22300653,"JAN 28, 2024",TOR @ ATL,L,26,6,12,0.5,4,8,0.5,0,0,0.0,0,1,1,0,2,0,1,5,16,-19,1,
22023,1629018,22300637,"JAN 26, 2024",TOR vs. LAC,L,29,5,13,0.385,3,8,0.375,0,0,0.0,0,1,1,3,0,0,0,1,13,-12,1,
22023,1629018,22300609,"JAN 22, 2024",TOR vs. MEM,L,24,2,6,0.333,2,4,0.5,0,0,0.0,0,0,0,2,1,0,1,1,6,-2,1,
22023,1629018,22300596,"JAN 20, 2024",TOR @ NYK,L,26,6,10,0.6,4,8,0.5,0,0,0.0,0,1,1,0,1,1,1,4,16,-13,1,
22023,1629018,22300580,"JAN 18, 2024",TOR vs. CHI,L,30,3,8,0.375,0,4,0.0,0,0,0.0,0,2,2,2,0,0,2,3,6,-21,1,
22023,1629018,22300574,"JAN 17, 2024",TOR vs. MIA,W,31,10,13,0.769,8,9,0.889,0,0,0.0,0,2,2,0,1,0,0,1,28,14,1,
22023,1629018,22300540,"JAN 12, 2024",TOR @ UTA,L,22,2,6,0.333,1,2,0.5,0,0,0.0,1,0,1,2,0,0,1,1,5,-6,1,
22023,1629018,22300526,"JAN 10, 2024",TOR @ LAC,L,24,5,9,0.556,2,4,0.5,0,0,0.0,1,2,3,2,0,0,0,1,12,-9,1,
22023,1629018,22300516,"JAN 09, 2024",TOR @ LAL,L,24,5,10,0.5,4,6,0.667,0,0,0.0,0,1,1,1,0,0,0,1,14,-6,1,
22023,1629018,22300504,"JAN 07, 2024",TOR @ GSW,W,26,6,11,0.545,2,5,0.4,0,0,0.0,0,1,1,1,2,1,0,1,14,10,1,
22023,1629018,22300470,"JAN 03, 2024",TOR @ MEM,W,21,2,5,0.4,1,1,1.0,0,0,0.0,0,1,1,0,1,0,2,2,5,2,1,
22023,1629018,22300452,"JAN 01, 2024",TOR vs. CLE,W,26,3,10,0.3,1,5,0.2,2,2,1.0,2,4,6,2,1,0,0,1,9,-1,1,
22023,1629018,22300440,"DEC 30, 2023",TOR @ DET,L,39,8,16,0.5,6,9,0.667,2,2,1.0,0,1,1,4,4,1,0,3,24,4,1,
22023,1629018,22300432,"DEC 29, 2023",TOR @ BOS,L,29,2,10,0.2,1,4,0.25,1,2,0.5,0,4,4,1,2,0,0,0,6,-10,1,
22023,1629018,22300416,"DEC 27, 2023",TOR @ WAS,W,26,4,10,0.4,3,8,0.375,1,2,0.5,0,2,2,4,2,0,1,1,12,8,1,
22023,1629018,22300395,"DEC 23, 2023",TOR vs. UTA,L,28,6,12,0.5,4,9,0.444,0,0,0.0,0,0,0,0,0,0,2,0,16,-10,1,
22023,1629018,22300382,"DEC 22, 2023",TOR @ PHI,L,26,6,11,0.545,5,8,0.625,0,0,0.0,1,3,4,1,1,0,0,3,17,-10,1,
22023,1629018,22300369,"DEC 20, 2023",TOR vs. DEN,L,29,4,9,0.444,1,5,0.2,3,3,1.0,0,3,3,4,0,0,1,0,12,-11,1,
22023,1629018,22300354,"DEC 18, 2023",TOR vs. CHA,W,35,9,17,0.529,4,10,0.4,0,0,0.0,0,10,10,3,1,0,1,1,22,25,1,
22023,1629018,22300330,"DEC 15, 2023",TOR vs. ATL,L,20,3,8,0.375,2,5,0.4,0,0,0.0,0,2,2,3,0,0,1,1,8,-11,1,
22023,1629018,22300313,"DEC 13, 2023",TOR vs. ATL,W,20,4,11,0.364,4,8,0.5,0,0,0.0,0,0,0,1,0,0,0,0,12,-8,1,
22023,1629018,22300297,"DEC 11, 2023",TOR @ NYK,L,19,2,8,0.25,0,4,0.0,0,0,0.0,1,0,1,2,0,0,0,0,4,3,1,
22023,1629018,22301216,"DEC 08, 2023",TOR @ CHA,L,20,0,7,0.0,0,3,0.0,0,0,0.0,0,2,2,2,0,0,0,0,0,-7,1,
22023,1629018,22301207,"DEC 06, 2023",TOR vs. MIA,L,25,5,11,0.455,3,7,0.429,2,2,1.0,0,2,2,2,0,0,1,3,15,7,1,
22023,1629018,22300276,"DEC 01, 2023",TOR vs. NYK,L,23,2,6,0.333,0,1,0.0,0,1,0.0,0,1,1,4,0,0,0,0,4,-18,1,
22023,1629018,22300260,"NOV 29, 2023",TOR vs. PHX,W,25,5,13,0.385,3,7,0.429,0,0,0.0,0,5,5,2,0,0,0,1,13,0,1,
22023,1629018,22300054,"NOV 28, 2023",TOR @ BKN,L,25,7,12,0.583,1,4,0.25,0,0,0.0,0,2,2,1,1,0,0,1,15,-6,1,
22023,1629018,22300251,"NOV 26, 2023",TOR @ CLE,L,26,5,13,0.385,1,7,0.143,2,2,1.0,0,1,1,0,1,0,1,0,13,10,1,
22023,1629018,22300046,"NOV 24, 2023",TOR vs. CHI,W,21,6,13,0.462,4,9,0.444,0,0,0.0,0,1,1,2,1,0,0,3,16,-4,1,
22023,1629018,22300230,"NOV 22, 2023",TOR @ IND,W,25,2,5,0.4,2,4,0.5,2,4,0.5,0,1,1,1,1,0,2,1,8,14,1,
22023,1629018,22300038,"NOV 21, 2023",TOR @ ORL,L,21,1,6,0.167,1,2,0.5,0,0,0.0,0,0,0,1,0,0,0,1,3,-3,1,
22023,1629018,22300211,"NOV 19, 2023",TOR vs. DET,W,26,6,12,0.5,2,7,0.286,4,4,1.0,0,1,1,3,1,1,0,1,18,20,1,
22023,1629018,22300031,"NOV 17, 2023",TOR vs. BOS,L,31,4,9,0.444,3,5,0.6,3,4,0.75,0,2,2,1,1,0,0,0,14,14,1,
22023,1629018,22300168,"NOV 08, 2023",TOR @ DAL,W,26,6,11,0.545,4,8,0.5,0,0,0.0,0,2,2,1,1,0,0,0,16,9,1,
22023,1629018,22300141,"NOV 05, 2023",TOR @ SAS,W,29,4,8,0.5,2,4,0.5,0,0,0.0,0,0,0,0,1,0,2,1,10,-1,1,
22023,1629018,22300128,"NOV 02, 2023",TOR @ PHI,L,23,2,8,0.25,2,5,0.4,2,4,0.5,0,5,5,0,1,0,3,1,8,-15,1,
22023,1629018,22300116,"NOV 01, 2023",TOR vs. MIL,W,23,4,11,0.364,0,5,0.0,0,0,0.0,1,2,3,1,0,0,1,2,8,8,1,
22023,1629018,22300105,"OCT 30, 2023",TOR vs. POR,L,19,1,7,0.143,0,1,0.0,1,3,0.333,0,1,1,2,1,0,0,2,3,-10,1,
22023,1629018,22300092,"OCT 28, 2023",TOR vs. PHI,L,33,6,16,0.375,3,5,0.6,2,4,0.5,1,1,2,0,1,0,1,0,17,3,1,
22023,1629018,22300082,"OCT 27, 2023",TOR @ CHI,L,36,6,15,0.4,3,10,0.3,1,4,0.25,2,3,5,1,2,0,1,1,16,-15,1,
22023,1629018,22300069,"OCT 25, 2023",TOR vs. MIN,W,27,2,8,0.25,1,4,0.25,0,0,0.0,0,2,2,2,1,1,0,3,5,3,1,
22023,1629020,22300684,"FEB 01, 2024",LAL @ BOS,W,16,3,7,0.429,2,3,0.667,2,2,1.0,3,4,7,2,3,0,3,0,10,17,1,
22023,1629020,22300669,"JAN 30, 2024",LAL @ ATL,L,26,6,6,1.0,0,0,0.0,0,1,0.0,1,3,4,3,2,0,2,2,12,-9,1,
22023,1629020,22300662,"JAN 29, 2024",LAL @ HOU,L,7,1,1,1.0,0,0,0.0,1,1,1.0,0,0,0,0,1,0,0,0,3,-6,1,
22023,1629020,22300650,"JAN 27, 2024",LAL @ GSW,W,41,4,7,0.571,0,0,0.0,6,8,0.75,2,7,9,5,4,0,2,1,14,30,1,
22023,1629020,22300633,"JAN 25, 2024",LAL vs. CHI,W,27,8,11,0.727,1,1,1.0,0,1,0.0,0,5,5,0,3,1,2,2,17,0,1,
22023,1629020,22300618,"JAN 23, 2024",LAL @ LAC,L,25,4,10,0.4,0,1,0.0,4,4,1.0,6,3,9,2,3,1,2,3,12,-9,1,
22023,1629020,22300605,"JAN 21, 2024",LAL vs. POR,W,21,2,3,0.667,0,0,0.0,0,0,0.0,2,2,4,2,2,0,3,1,4,8,1,
22023,1629020,22300591,"JAN 19, 2024",LAL vs. BKN,L,19,5,5,1.0,2,2,1.0,0,0,0.0,0,5,5,0,0,0,0,0,12,-10,1,
22023,1629020,22300577,"JAN 17, 2024",LAL vs. DAL,W,26,1,3,0.333,0,1,0.0,5,8,0.625,1,8,9,1,1,0,1,3,7,10,1,
22023,1629020,22300565,"JAN 15, 2024",LAL vs. OKC,W,18,2,2,1.0,0,0,0.0,1,1,1.0,0,4,4,2,3,0,0,0,5,5,1,
22023,1629020,22300549,"JAN 13, 2024",LAL @ UTA,L,23,2,2,1.0,1,1,1.0,0,0,0.0,2,1,3,1,1,0,2,4,5,4,1,
22023,1629020,22300531,"JAN 11, 2024",LAL vs. PHX,L,29,2,5,0.4,1,3,0.333,1,4,0.25,3,6,9,2,2,0,1,0,6,-1,1,
22023,1629020,22300516,"JAN 09, 2024",LAL vs. TOR,W,18,1,2,0.5,0,0,0.0,1,2,0.5,2,4,6,1,0,0,3,1,3,6,1,
22023,1629020,22300505,"JAN 07, 2024",LAL vs. LAC,W,21,1,3,0.333,0,1,0.0,0,0,0.0,2,2,4,4,1,0,1,0,2,6,1,
22023,1629020,22300491,"JAN 05, 2024",LAL vs. MEM,L,17,0,0,0.0,0,0,0.0,0,0,0.0,1,4,5,1,1,0,0,1,0,3,1,
22023,1629020,22300475,"JAN 03, 2024",LAL vs. MIA,L,16,2,3,0.667,0,0,0.0,0,0,0.0,0,2,2,0,0,0,2,0,4,-6,1,
22023,1629020,22300446,"DEC 31, 2023",LAL @ NOP,L,21,2,4,0.5,0,1,0.0,0,0,0.0,0,2,2,0,1,0,1,0,4,-13,1,
22023,1629020,22300443,"DEC 30, 2023",LAL @ MIN,L,27,3,7,0.429,0,2,0.0,2,2,1.0,1,4,5,1,2,0,0,5,8,10,1,
22023,1629020,22300428,"DEC 28, 2023",LAL vs. CHA,W,24,3,8,0.375,1,2,0.5,0,0,0.0,2,2,4,3,2,0,0,1,7,2,1,
22023,1629020,22300403,"DEC 25, 2023",LAL vs. BOS,L,23,3,5,0.6,0,0,0.0,0,0,0.0,4,2,6,0,1,0,0,4,6,-10,1,
22023,1629020,22300397,"DEC 23, 2023",LAL @ OKC,W,24,1,4,0.25,0,1,0.0,0,0,0.0,1,5,6,0,1,1,1,0,2,5,1,
22023,1629020,22300380,"DEC 21, 2023",LAL @ MIN,L,14,0,3,0.0,0,1,0.0,0,0,0.0,1,4,5,0,0,0,0,3,0,1,1,
22023,1629020,22300370,"DEC 20, 2023",LAL @ CHI,L,13,1,3,0.333,0,2,0.0,0,0,0.0,0,0,0,0,0,0,0,1,2,-15,1,
22023,1629020,22300359,"DEC 18, 2023",LAL vs. NYK,L,14,0,0,0.0,0,0,0.0,0,0,0.0,2,0,2,1,0,0,1,3,0,3,1,
22023,1629020,22300331,"DEC 15, 2023",LAL @ SAS,L,13,0,3,0.0,0,1,0.0,0,0,0.0,0,5,5,1,0,0,0,4,0,-2,1,
22023,1629020,22300316,"DEC 13, 2023",LAL @ SAS,W,17,1,1,1.0,0,0,0.0,0,0,0.0,0,3,3,0,1,1,0,1,2,-2,1,
22023,1629020,22301230,"DEC 07, 2023",LAL vs. NOP,W,14,1,2,0.5,0,0,0.0,0,0,0.0,0,5,5,1,0,1,0,0,2,9,1,
22023,1629020,22301203,"DEC 05, 2023",LAL vs. PHX,W,15,0,2,0.0,0,2,0.0,1,2,0.5,4,2,6,2,1,0,1,2,1,6,1,
22023,1629020,22300291,"DEC 02, 2023",LAL vs. HOU,W,14,0,2,0.0,0,2,0.0,0,0,0.0,1,3,4,1,0,0,0,1,0,2,1,
22023,1629021,22300778,"FEB 14, 2024",ORL vs. NYK,W,13,4,5,0.8,0,0,0.0,2,2,1.0,0,2,2,1,1,1,2,2,10,24,1,
22023,1629021,22300772,"FEB 13, 2024",ORL vs. OKC,L,14,4,7,0.571,0,1,0.0,3,4,0.75,4,1,5,0,0,0,1,2,11,-17,1,
22023,1629021,22300752,"FEB 10, 2024",ORL vs. CHI,W,9,3,3,1.0,1,1,1.0,0,0,0.0,0,1,1,0,0,0,2,0,7,2,1,
22023,1629021,22300734,"FEB 08, 2024",ORL vs. SAS,W,16,4,9,0.444,0,1,0.0,3,3,1.0,1,1,2,1,0,0,3,3,11,-2,1,
22023,1629021,22300721,"FEB 06, 2024",ORL @ MIA,L,16,1,4,0.25,0,1,0.0,1,2,0.5,3,0,3,0,0,1,1,2,3,-4,1,
22023,1629021,22300704,"FEB 04, 2024",ORL @ DET,W,20,5,5,1.0,0,0,0.0,0,0,0.0,1,4,5,4,0,0,1,1,10,3,1,
22023,1629021,22300694,"FEB 02, 2024",ORL @ MIN,W,11,2,3,0.667,0,0,0.0,4,4,1.0,0,3,3,0,0,0,2,3,8,4,1,
22023,1629021,22300681,"JAN 31, 2024",ORL @ SAS,W,16,5,9,0.556,0,0,0.0,0,0,0.0,1,3,4,1,0,1,2,2,10,2,1,
22023,1629021,22300666,"JAN 29, 2024",ORL @ DAL,L,25,7,12,0.583,2,4,0.5,0,0,0.0,0,3,3,1,1,0,0,4,16,-3,1,
22023,1629021,22300655,"JAN 28, 2024",ORL vs. PHX,W,23,5,13,0.385,0,0,0.0,6,8,0.75,5,7,12,1,1,1,0,1,16,20,1,
22023,1629021,22300638,"JAN 26, 2024",ORL @ MEM,L,13,4,6,0.667,1,1,1.0,3,4,0.75,0,3,3,0,1,0,0,1,12,4,1,
22023,1629021,22300607,"JAN 22, 2024",ORL vs. CLE,L,18,4,8,0.5,1,1,1.0,6,8,0.75,1,3,4,1,0,0,0,2,15,-10,1,
22023,1629021,22300601,"JAN 21, 2024",ORL vs. MIA,W,11,1,3,0.333,0,0,0.0,6,8,0.75,3,1,4,0,0,0,0,1,8,1,1,
22023,1629021,22300585,"JAN 19, 2024",ORL vs. PHI,L,6,1,1,1.0,0,0,0.0,2,2,1.0,0,0,0,2,0,0,0,0,4,-5,1,
22023,1629021,22300546,"JAN 13, 2024",ORL @ OKC,L,18,2,6,0.333,0,3,0.0,0,0,0.0,0,4,4,2,0,1,3,1,4,-9,1,
22023,1629021,22300535,"JAN 12, 2024",ORL @ MIA,L,29,7,9,0.778,0,1,0.0,5,5,1.0,1,4,5,4,1,1,1,5,19,7,1,
22023,1629021,22300513,"JAN 09, 2024",ORL vs. MIN,L,31,6,9,0.667,1,4,0.25,8,11,0.727,3,5,8,2,2,0,1,3,21,-13,1,
22023,1629021,22300499,"JAN 07, 2024",ORL vs. ATL,W,25,6,12,0.5,1,4,0.25,2,2,1.0,2,5,7,0,1,0,0,2,15,-7,1,
22023,1629021,22300488,"JAN 05, 2024",ORL @ DEN,W,38,8,14,0.571,2,4,0.5,1,2,0.5,3,8,11,3,2,0,0,4,19,1,1,
22023,1629021,22300476,"JAN 03, 2024",ORL @ SAC,L,13,0,2,0.0,0,1,0.0,2,2,1.0,1,2,3,2,0,0,3,2,2,0,1,
22023,1629021,22300463,"JAN 02, 2024",ORL @ GSW,L,16,5,8,0.625,1,2,0.5,1,1,1.0,3,2,5,1,1,0,1,2,12,7,1,
22023,1629021,22300450,"DEC 31, 2023",ORL @ PHX,L,10,2,3,0.667,1,2,0.5,0,0,0.0,1,3,4,1,1,0,0,0,5,-2,1,
22023,1629021,22300429,"DEC 29, 2023",ORL vs. NYK,W,18,2,8,0.25,0,3,0.0,3,3,1.0,4,7,11,1,0,1,1,1,7,-7,1,
22023,1629021,22300415,"DEC 27, 2023",ORL vs. PHI,L,16,0,3,0.0,0,1,0.0,2,2,1.0,0,2,2,1,0,0,1,2,2,-2,1,
22023,1629021,22300407,"DEC 26, 2023",ORL @ WAS,W,15,5,9,0.556,0,0,0.0,1,2,0.5,0,5,5,1,0,0,0,1,11,-3,1,
22023,1629021,22300391,"DEC 23, 2023",ORL @ IND,W,20,3,3,1.0,0,0,0.0,3,4,0.75,2,1,3,3,0,0,0,1,9,12,1,
22023,1629021,22300378,"DEC 21, 2023",ORL @ MIL,L,27,10,15,0.667,1,4,0.25,0,0,0.0,3,5,8,2,1,1,1,1,21,23,1,
22023,1629021,22300366,"DEC 20, 2023",ORL vs. MIA,L,18,5,8,0.625,0,0,0.0,1,1,1.0,5,2,7,1,0,0,2,5,11,2,1,
22023,1629021,22300344,"DEC 17, 2023",ORL @ BOS,L,12,1,3,0.333,1,2,0.5,3,4,0.75,0,2,2,0,0,0,0,3,6,-15,1,
22023,1629021,22300329,"DEC 15, 2023",ORL @ BOS,L,13,1,3,0.333,0,1,0.0,0,0,0.0,1,0,1,2,0,0,3,3,2,-9,1,
22023,1629021,22300294,"DEC 11, 2023",ORL vs. CLE,W,18,4,9,0.444,0,2,0.0,0,1,0.0,0,2,2,0,1,0,0,3,8,-2,1,
22023,1629021,22301217,"DEC 08, 2023",ORL vs. DET,W,16,2,4,0.5,0,0,0.0,0,0,0.0,1,4,5,2,0,0,2,1,4,5,1,
22023,1629021,22301205,"DEC 06, 2023",ORL @ CLE,L,21,5,7,0.714,0,1,0.0,1,4,0.25,1,3,4,0,2,0,3,2,11,-11,1,
22023,1629021,22300282,"DEC 02, 2023",ORL @ BKN,L,22,6,9,0.667,2,2,1.0,4,5,0.8,1,1,2,2,0,1,2,2,18,-12,1,
22023,1629021,22300274,"DEC 01, 2023",ORL vs. WAS,W,23,8,13,0.615,0,2,0.0,2,3,0.667,4,2,6,0,1,1,3,1,18,9,1,
22023,1629021,22300259,"NOV 29, 2023",ORL vs. WAS,W,19,5,7,0.714,0,1,0.0,1,1,1.0,0,4,4,1,0,1,2,1,11,18,1,
22023,1629021,22300248,"NOV 26, 2023",ORL vs. CHA,W,18,4,7,0.571,1,2,0.5,2,2,1.0,2,5,7,2,0,0,2,3,11,7,1,
22023,1629021,22300043,"NOV 24, 2023",ORL vs. BOS,W,24,9,13,0.692,1,3,0.333,8,9,0.889,2,1,3,0,0,0,1,5,27,16,1,
22023,1629021,22300226,"NOV 22, 2023",ORL vs. DEN,W,15,4,7,0.571,1,3,0.333,3,4,0.75,1,2,3,1,1,0,1,1,12,6,1,
22023,1629021,22300038,"NOV 21, 2023",ORL vs. TOR,W,15,5,9,0.556,0,0,0.0,0,0,0.0,2,2,4,2,1,0,1,0,10,8,1,
22023,1629021,22300209,"NOV 19, 2023",ORL @ IND,W,21,6,10,0.6,1,1,1.0,3,4,0.75,3,0,3,2,0,0,1,3,16,3,1,
22023,1629021,22300033,"NOV 17, 2023",ORL @ CHI,W,23,4,5,0.8,0,1,0.0,2,2,1.0,0,4,4,3,0,1,0,3,10,0,1,
22023,1629021,22300196,"NOV 15, 2023",ORL @ CHI,W,20,2,6,0.333,0,1,0.0,1,1,1.0,1,3,4,1,1,0,1,3,5,2,1,
22023,1629021,22300020,"NOV 14, 2023",ORL @ BKN,L,21,3,4,0.75,0,0,0.0,5,6,0.833,1,5,6,4,0,0,1,3,11,-7,1,
22023,1629021,22300173,"NOV 11, 2023",ORL vs. MIL,W,21,7,9,0.778,1,1,1.0,4,5,0.8,3,1,4,1,1,0,1,2,19,11,1,
22023,1629021,22300172,"NOV 09, 2023",ORL vs. ATL,L,20,5,9,0.556,2,4,0.5,1,1,1.0,1,6,7,0,0,0,2,2,13,-8,1,
22023,1629021,22300147,"NOV 06, 2023",ORL vs. DAL,L,26,8,13,0.615,1,4,0.25,2,2,1.0,0,5,5,0,1,0,2,3,19,-15,1,
22023,1629021,22300134,"NOV 04, 2023",ORL vs. LAL,W,19,6,10,0.6,1,3,0.333,0,0,0.0,5,3,8,2,1,0,2,5,13,-11,1,
22023,1629021,22300130,"NOV 02, 2023",ORL @ UTA,W,19,4,6,0.667,1,2,0.5,1,1,1.0,0,1,1,1,0,2,0,2,10,0,1,
22023,1629021,22300114,"OCT 31, 2023",ORL @ LAC,L,14,4,7,0.571,0,2,0.0,5,6,0.833,0,1,1,1,1,1,1,2,13,1,1,
22023,1629021,22300111,"OCT 30, 2023",ORL @ LAL,L,11,2,5,0.4,0,1,0.0,1,2,0.5,1,0,1,0,0,0,1,2,5,-10,1,
22023,1629021,22300086,"OCT 27, 2023",ORL @ POR,W,22,8,8,1.0,1,1,1.0,0,1,0.0,4,5,9,1,1,1,1,2,17,-1,1,
22023,1629021,22300066,"OCT 25, 2023",ORL vs. HOU,W,15,0,1,0.0,0,1,0.0,2,2,1.0,0,4,4,0,0,1,3,4,2,13,1,
22023,1629022,22300780,"FEB 14, 2024",BKN @ BOS,L,10,2,7,0.286,0,2,0.0,0,0,0.0,1,1,2,1,0,0,1,1,4,-14,1,
22023,1629022,22300771,"FEB 13, 2024",BKN vs. BOS,L,17,5,8,0.625,3,5,0.6,2,3,0.667,0,3,3,3,2,0,0,0,15,-2,1,
22023,1629022,22300750,"FEB 10, 2024",BKN vs. SAS,W,6,0,1,0.0,0,1,0.0,0,0,0.0,0,0,0,0,0,0,1,0,0,1,1,
22023,1629022,22300717,"FEB 05, 2024",BKN vs. GSW,L,5,1,2,0.5,1,2,0.5,0,0,0.0,0,0,0,0,0,0,0,0,3,4,1,
22023,1629022,22300698,"FEB 03, 2024",BKN @ PHI,W,30,8,16,0.5,3,8,0.375,1,1,1.0,1,1,2,3,0,0,0,3,20,12,1,
22023,1629022,22300677,"JAN 31, 2024",BKN vs. PHX,L,31,7,16,0.438,3,8,0.375,2,2,1.0,1,2,3,7,4,0,2,4,19,-14,1,
22023,1629022,22300660,"JAN 29, 2024",BKN vs. UTA,W,27,7,14,0.5,4,9,0.444,1,2,0.5,1,1,2,4,1,1,0,2,19,17,1,
22023,1629022,22300645,"JAN 27, 2024",BKN vs. HOU,W,14,0,4,0.0,0,3,0.0,0,0,0.0,0,1,1,0,1,0,0,1,0,-1,1,
22023,1629022,22300629,"JAN 25, 2024",BKN vs. MIN,L,14,1,5,0.2,0,3,0.0,0,0,0.0,0,0,0,1,1,0,2,2,2,-12,1,
22023,1629022,22300615,"JAN 23, 2024",BKN vs. NYK,L,12,2,8,0.25,1,5,0.2,0,0,0.0,1,0,1,0,0,0,0,0,5,-9,1,
22023,1629022,22300600,"JAN 21, 2024",BKN @ LAC,L,10,3,4,0.75,2,2,1.0,0,0,0.0,0,2,2,0,2,0,0,3,8,1,1,
22023,1629022,22300591,"JAN 19, 2024",BKN @ LAL,W,13,6,7,0.857,3,4,0.75,0,0,0.0,0,1,1,3,0,0,1,2,15,4,1,
22023,1629022,22300578,"JAN 17, 2024",BKN @ POR,L,19,5,10,0.5,3,7,0.429,0,0,0.0,0,1,1,0,1,0,1,0,13,10,1,
22023,1629022,22300562,"JAN 15, 2024",BKN vs. MIA,L,9,0,3,0.0,0,2,0.0,0,0,0.0,0,2,2,1,0,1,1,1,0,0,1,
22023,1629022,22300527,"JAN 11, 2024",BKN @ CLE,L,25,8,12,0.667,4,5,0.8,0,0,0.0,1,2,3,2,1,1,1,3,20,2,1,
22023,1629022,22300498,"JAN 07, 2024",BKN vs. POR,L,6,0,3,0.0,0,2,0.0,0,0,0.0,0,1,1,0,0,0,0,2,0,1,1,
22023,1629022,22300481,"JAN 05, 2024",BKN vs. OKC,W,6,0,2,0.0,0,1,0.0,0,0,0.0,0,1,1,0,1,0,0,0,0,7,1,
22023,1629022,22300266,"NOV 30, 2023",BKN vs. CHA,L,14,2,5,0.4,2,4,0.5,1,2,0.5,1,1,2,1,0,0,1,1,7,-6,1,
22023,1629022,22300054,"NOV 28, 2023",BKN vs. TOR,W,23,2,6,0.333,1,4,0.25,2,3,0.667,0,1,1,2,0,1,3,0,7,-2,1,
22023,1629022,22300250,"NOV 26, 2023",BKN vs. CHI,W,25,6,13,0.462,6,10,0.6,2,2,1.0,0,1,1,0,2,0,2,1,20,23,1,
22023,1629022,22300240,"NOV 25, 2023",BKN vs. MIA,W,14,2,6,0.333,2,5,0.4,2,2,1.0,0,1,1,0,0,0,2,1,8,-5,1,
22023,1629022,22300227,"NOV 22, 2023",BKN @ ATL,L,16,3,7,0.429,2,4,0.5,0,1,0.0,0,2,2,1,0,1,1,1,8,0,1,
22023,1629022,22300208,"NOV 19, 2023",BKN vs. PHI,L,32,9,17,0.529,6,11,0.545,2,2,1.0,0,6,6,2,0,0,2,1,26,-2,1,
22023,1629022,22300200,"NOV 16, 2023",BKN @ MIA,L,26,9,18,0.5,2,7,0.286,3,4,0.75,1,2,3,1,1,0,2,2,23,-7,1,
22023,1629022,22300020,"NOV 14, 2023",BKN vs. ORL,W,20,4,9,0.444,3,6,0.5,0,0,0.0,0,2,2,1,2,0,2,0,11,6,1,
22023,1629022,22300178,"NOV 12, 2023",BKN vs. WAS,W,14,2,8,0.25,1,3,0.333,0,0,0.0,0,2,2,2,0,0,1,1,5,-1,1,
22023,1629022,22300010,"NOV 10, 2023",BKN @ BOS,L,20,8,12,0.667,3,4,0.75,1,1,1.0,0,7,7,4,0,1,0,0,20,0,1,
22023,1629022,22300160,"NOV 08, 2023",BKN vs. LAC,W,28,8,16,0.5,3,7,0.429,2,2,1.0,0,1,1,0,1,1,0,0,21,10,1,
22023,1629022,22300149,"NOV 06, 2023",BKN vs. MIL,L,23,8,14,0.571,3,7,0.429,0,0,0.0,0,4,4,2,0,0,3,1,19,-5,1,
22023,1629022,22300136,"NOV 04, 2023",BKN vs. BOS,L,17,5,8,0.625,1,2,0.5,2,2,1.0,0,3,3,1,0,0,1,0,13,-2,1,
22023,1629022,22300004,"NOV 03, 2023",BKN @ CHI,W,16,5,10,0.5,1,4,0.25,0,0,0.0,0,1,1,1,0,1,0,2,11,9,1,
22023,1629022,22300119,"NOV 01, 2023",BKN @ MIA,W,25,4,9,0.444,1,4,0.25,8,11,0.727,1,2,3,4,3,0,3,1,17,15,1,
22023,1629022,22300101,"OCT 30, 2023",BKN @ CHA,W,29,6,13,0.462,3,7,0.429,4,6,0.667,0,5,5,4,1,1,0,1,19,11,1,
22023,1629022,22300084,"OCT 27, 2023",BKN @ DAL,L,21,5,9,0.556,4,6,0.667,0,0,0.0,0,1,1,2,0,1,2,3,14,8,1,
22023,1629028,22300791,"FEB 15, 2024",POR vs. MIN,L,20,1,5,0.2,0,0,0.0,0,0,0.0,0,4,4,3,3,1,1,6,2,-9,1,
22023,1629028,22300775,"FEB 13, 2024",POR vs. MIN,L,32,11,12,0.917,0,0,0.0,0,0,0.0,2,14,16,1,0,0,0,1,22,-11,1,
22023,1629028,22300758,"FEB 10, 2024",POR vs. NOP,L,37,9,18,0.5,0,0,0.0,0,0,0.0,6,11,17,3,2,3,3,0,18,-7,1,
22023,1629028,22300712,"FEB 04, 2024",POR @ DEN,L,39,13,19,0.684,0,0,0.0,1,1,1.0,4,5,9,4,1,2,1,1,27,5,1,
22023,1629028,22300697,"FEB 02, 2024",POR @ DEN,L,27,3,6,0.5,0,0,0.0,2,2,1.0,1,2,3,1,0,1,0,1,8,-16,1,
22023,1629028,22300683,"JAN 31, 2024",POR vs. MIL,W,35,10,17,0.588,0,0,0.0,0,0,0.0,3,8,11,1,1,1,1,3,20,-10,1,
22023,1629028,22300668,"JAN 29, 2024",POR vs. PHI,W,31,9,14,0.643,0,0,0.0,0,0,0.0,0,6,6,2,1,0,0,2,18,28,1,
22023,1629028,22300656,"JAN 28, 2024",POR vs. CHI,L,37,9,12,0.75,0,0,0.0,4,4,1.0,1,11,12,1,0,1,0,0,22,0,1,
22023,1629028,22300641,"JAN 26, 2024",POR @ SAS,L,34,10,17,0.588,0,0,0.0,0,0,0.0,2,10,12,2,2,0,2,2,20,-8,1,
22023,1629028,22300623,"JAN 24, 2024",POR @ HOU,W,41,8,13,0.615,0,0,0.0,2,2,1.0,6,11,17,3,1,2,1,3,18,15,1,
22023,1629028,22300617,"JAN 23, 2024",POR @ OKC,L,27,2,7,0.286,0,0,0.0,1,2,0.5,2,5,7,2,0,0,3,2,5,-9,1,
22023,1629028,22300605,"JAN 21, 2024",POR @ LAL,L,22,3,7,0.429,0,0,0.0,0,0,0.0,1,3,4,0,0,0,1,3,6,-17,1,
22023,1629028,22300590,"JAN 19, 2024",POR vs. IND,W,30,6,15,0.4,0,0,0.0,0,0,0.0,2,6,8,1,0,2,1,1,12,-14,1,
22023,1629028,22300399,"DEC 23, 2023",POR @ GSW,L,29,6,12,0.5,0,0,0.0,1,3,0.333,1,5,6,2,3,0,1,2,13,2,1,
22023,1629028,22300381,"DEC 21, 2023",POR vs. WAS,L,35,10,21,0.476,0,0,0.0,3,4,0.75,10,6,16,2,0,1,5,3,23,-8,1,
22023,1629028,22300363,"DEC 19, 2023",POR vs. PHX,W,40,6,18,0.333,0,0,0.0,4,4,1.0,4,11,15,3,0,0,3,3,16,7,1,
22023,1629028,22300348,"DEC 17, 2023",POR vs. GSW,L,33,4,8,0.5,0,0,0.0,0,0,0.0,3,5,8,1,0,1,1,0,8,-3,1,
22023,1629028,22300341,"DEC 16, 2023",POR vs. DAL,L,27,3,5,0.6,0,0,0.0,1,2,0.5,3,7,10,2,2,0,1,3,7,1,1,
22023,1629028,22300323,"DEC 14, 2023",POR vs. UTA,L,21,6,13,0.462,0,0,0.0,2,2,1.0,5,4,9,0,1,1,4,2,14,-13,1,
22023,1629028,22300289,"DEC 02, 2023",POR @ UTA,L,35,4,8,0.5,0,0,0.0,2,2,1.0,1,10,11,0,0,0,0,3,10,-8,1,
22023,1629028,22300265,"NOV 30, 2023",POR @ CLE,W,30,5,9,0.556,0,0,0.0,0,0,0.0,2,4,6,3,0,0,3,2,10,-6,1,
22023,1629028,22300254,"NOV 27, 2023",POR @ IND,W,38,9,13,0.692,0,0,0.0,4,4,1.0,3,10,13,1,1,0,4,1,22,3,1,
22023,1629028,22300245,"NOV 26, 2023",POR @ MIL,L,32,5,6,0.833,0,0,0.0,4,6,0.667,4,9,13,2,1,2,0,3,14,-13,1,
22023,1629028,22300041,"NOV 21, 2023",POR @ PHX,L,31,9,14,0.643,0,0,0.0,0,0,0.0,6,2,8,4,1,1,2,1,18,-33,1,
22023,1629028,22300215,"NOV 19, 2023",POR vs. OKC,L,24,5,7,0.714,0,0,0.0,1,2,0.5,2,3,5,2,1,1,2,0,11,-26,1,
22023,1629028,22300036,"NOV 17, 2023",POR vs. LAL,L,38,8,14,0.571,0,0,0.0,1,2,0.5,7,5,12,2,2,0,4,4,17,-7,1,
22023,1629028,22300199,"NOV 15, 2023",POR vs. CLE,L,26,3,10,0.3,0,0,0.0,0,0,0.0,2,4,6,0,0,0,2,3,6,-14,1,
22023,1629028,22300023,"NOV 14, 2023",POR @ UTA,L,34,10,17,0.588,0,0,0.0,2,2,1.0,5,5,10,3,0,0,2,1,22,-5,1,
22023,1629028,22300187,"NOV 12, 2023",POR @ LAL,L,34,6,10,0.6,0,0,0.0,0,0,0.0,0,7,7,0,0,2,2,2,12,-17,1,
22023,1629028,22300170,"NOV 08, 2023",POR @ SAC,L,41,9,14,0.643,0,0,0.0,0,0,0.0,1,9,10,2,0,0,2,5,18,7,1,
22023,1629028,22300144,"NOV 05, 2023",POR vs. MEM,L,35,3,9,0.333,0,0,0.0,0,0,0.0,2,9,11,0,2,1,3,4,6,-18,1,
22023,1629028,22300007,"NOV 03, 2023",POR vs. MEM,W,36,7,11,0.636,0,0,0.0,2,2,1.0,4,8,12,2,3,1,1,4,16,10,1,
22023,1629028,22300115,"NOV 01, 2023",POR @ DET,W,34,8,13,0.615,0,0,0.0,0,0,0.0,1,10,11,1,5,1,2,0,16,5,1,
22023,1629028,22300105,"OCT 30, 2023",POR @ TOR,W,32,5,9,0.556,0,0,0.0,0,0,0.0,7,16,23,2,1,2,1,1,10,7,1,
22023,1629028,22300098,"OCT 29, 2023",POR @ PHI,L,21,3,7,0.429,0,0,0.0,1,1,1.0,2,7,9,2,2,1,0,3,7,-15,1,
22023,1629028,22300086,"OCT 27, 2023",POR vs. ORL,L,30,7,9,0.778,0,0,0.0,0,0,0.0,4,11,15,1,0,0,2,4,14,6,1,
22023,1629028,22300074,"OCT 25, 2023",POR @ LAC,L,23,2,4,0.5,0,0,0.0,0,0,0.0,3,9,12,1,3,1,3,5,4,-5,1,
22023,1629029,22300785,"FEB 14, 2024",DAL vs. SAS,W,31,11,20,0.55,1,8,0.125,4,4,1.0,0,9,9,8,2,1,5,2,27,25,1,
22023,1629029,22300768,"FEB 12, 2024",DAL vs. WAS,W,37,8,16,0.5,2,7,0.286,8,11,0.727,1,10,11,15,1,2,5,3,26,19,1,
22023,1629029,22300748,"FEB 10, 2024",DAL vs. OKC,W,31,9,14,0.643,4,8,0.5,10,13,0.769,0,8,8,9,0,0,3,3,32,18,1,
22023,1629029,22300736,"FEB 08, 2024",DAL @ NYK,W,40,13,24,0.542,7,14,0.5,6,7,0.857,0,8,8,11,4,1,3,1,39,18,1,
22023,1629029,22300720,"FEB 06, 2024",DAL @ BKN,W,43,13,27,0.481,4,11,0.364,5,10,0.5,1,17,18,9,2,1,1,3,35,6,1,
22023,1629029,22300715,"FEB 05, 2024",DAL @ PHI,W,36,6,15,0.4,4,10,0.4,3,5,0.6,0,8,8,3,1,0,3,3,19,17,1,
22023,1629029,22300702,"FEB 03, 2024",DAL vs. MIL,L,42,13,26,0.5,4,12,0.333,10,11,0.909,1,8,9,11,1,0,9,4,40,-12,1,
22023,1629029,22300666,"JAN 29, 2024",DAL vs. ORL,W,43,12,23,0.522,3,8,0.375,18,21,0.857,0,9,9,15,2,0,4,4,45,3,1,
22023,1629029,22300651,"JAN 27, 2024",DAL vs. SAC,L,46,9,26,0.346,1,9,0.111,9,12,0.75,2,8,10,17,2,1,3,3,28,2,1,
22023,1629029,22300634,"JAN 26, 2024",DAL @ ATL,W,45,25,33,0.758,8,13,0.615,15,16,0.938,0,10,10,7,1,0,4,1,73,13,1,
22023,1629029,22300625,"JAN 24, 2024",DAL vs. PHX,L,39,11,24,0.458,4,11,0.364,8,12,0.667,1,7,8,9,1,2,5,1,34,-22,1,
22023,1629029,22300611,"JAN 22, 2024",DAL vs. BOS,L,40,12,30,0.4,2,8,0.25,7,11,0.636,5,13,18,13,2,0,3,5,33,-13,1,
22023,1629029,22300577,"JAN 17, 2024",DAL @ LAL,L,36,12,24,0.5,2,9,0.222,7,9,0.778,0,13,13,10,2,2,4,2,33,-15,1,
22023,1629029,22300515,"JAN 09, 2024",DAL vs. MEM,L,36,9,21,0.429,2,8,0.25,11,15,0.733,0,6,6,6,3,0,3,1,31,-14,1,
22023,1629029,22300501,"JAN 07, 2024",DAL vs. MIN,W,39,12,26,0.462,5,12,0.417,5,8,0.625,0,6,6,8,1,0,3,3,34,5,1,
22023,1629029,22300472,"JAN 03, 2024",DAL vs. POR,W,31,13,21,0.619,4,7,0.571,11,14,0.786,0,6,6,5,1,0,4,1,41,23,1,
22023,1629029,22300457,"JAN 01, 2024",DAL @ UTA,L,34,6,20,0.3,3,13,0.231,4,6,0.667,0,6,6,14,1,0,4,1,19,-17,1,
22023,1629029,22300444,"DEC 30, 2023",DAL @ GSW,W,38,14,29,0.483,5,13,0.385,6,7,0.857,0,8,8,10,1,1,4,3,39,9,1,
22023,1629029,22300420,"DEC 27, 2023",DAL vs. CLE,L,37,14,29,0.483,3,10,0.3,8,10,0.8,0,7,7,6,2,2,5,0,39,-9,1,
22023,1629029,22300405,"DEC 25, 2023",DAL @ PHX,W,44,15,25,0.6,8,16,0.5,12,12,1.0,1,5,6,15,4,3,4,2,50,16,1,
22023,1629029,22300398,"DEC 23, 2023",DAL vs. SAS,W,32,13,27,0.481,5,10,0.5,8,11,0.727,2,10,12,10,1,1,2,1,39,37,1,
22023,1629029,22300372,"DEC 20, 2023",DAL vs. LAC,L,44,9,25,0.36,2,11,0.182,8,14,0.571,1,8,9,10,1,0,5,1,28,-4,1,
22023,1629029,22300356,"DEC 18, 2023",DAL @ DEN,L,36,13,24,0.542,6,12,0.5,6,10,0.6,3,8,11,8,0,0,3,1,38,-29,1,
22023,1629029,22300341,"DEC 16, 2023",DAL @ POR,W,37,15,28,0.536,4,12,0.333,6,6,1.0,2,10,12,10,1,0,4,3,40,-4,1,
22023,1629029,22300321,"DEC 14, 2023",DAL vs. MIN,L,39,15,27,0.556,2,7,0.286,7,7,1.0,1,5,6,13,2,0,8,2,39,-12,1,
22023,1629029,22300306,"DEC 12, 2023",DAL vs. LAL,W,43,12,28,0.429,3,10,0.3,6,6,1.0,0,6,6,17,1,0,4,0,33,10,1,
22023,1629029,22300299,"DEC 11, 2023",DAL @ MEM,W,44,9,21,0.429,5,10,0.5,12,13,0.923,0,8,8,6,2,2,3,3,35,3,1,
22023,1629029,22301226,"DEC 08, 2023",DAL @ POR,W,41,11,28,0.393,3,14,0.214,7,8,0.875,0,6,6,10,1,1,5,1,32,13,1,
22023,1629029,22301213,"DEC 06, 2023",DAL vs. UTA,W,32,14,25,0.56,6,12,0.5,6,8,0.75,2,8,10,11,1,0,4,2,40,34,1,
22023,1629029,22300287,"DEC 02, 2023",DAL vs. OKC,L,46,11,22,0.5,5,13,0.385,9,14,0.643,2,13,15,18,2,2,7,2,36,-7,1,
22023,1629029,22300059,"NOV 28, 2023",DAL vs. HOU,W,38,15,29,0.517,3,10,0.3,8,9,0.889,0,9,9,9,2,0,0,3,41,12,1,
22023,1629029,22300244,"NOV 25, 2023",DAL @ LAC,L,38,12,27,0.444,1,8,0.125,5,5,1.0,0,3,3,4,2,2,4,4,30,-14,1,
22023,1629029,22300238,"NOV 22, 2023",DAL @ LAL,W,39,10,26,0.385,3,12,0.25,7,8,0.875,0,12,12,8,2,0,0,2,30,-11,1,
22023,1629029,22300212,"NOV 19, 2023",DAL vs. SAC,L,32,7,19,0.368,3,7,0.429,8,10,0.8,1,9,10,7,3,0,2,0,25,-14,1,
22023,1629029,22300205,"NOV 18, 2023",DAL @ MIL,L,35,15,26,0.577,4,9,0.444,1,4,0.25,1,8,9,9,0,0,3,1,35,-17,1,
22023,1629029,22300192,"NOV 15, 2023",DAL @ WAS,W,32,7,18,0.389,4,11,0.364,8,12,0.667,1,6,7,10,0,0,3,2,26,12,1,
22023,1629029,22300022,"NOV 14, 2023",DAL @ NOP,L,26,5,16,0.313,3,5,0.6,3,5,0.6,1,1,2,2,0,0,8,0,16,-26,1,
22023,1629029,22300183,"NOV 12, 2023",DAL @ NOP,W,28,11,18,0.611,4,9,0.444,4,5,0.8,0,4,4,9,1,0,2,0,30,14,1,
22023,1629029,22300014,"NOV 10, 2023",DAL vs. LAC,W,32,17,21,0.81,6,9,0.667,4,4,1.0,0,6,6,6,1,0,1,1,44,32,1,
22023,1629029,22300168,"NOV 08, 2023",DAL vs. TOR,L,38,11,26,0.423,2,10,0.2,7,10,0.7,0,7,7,8,4,1,4,3,31,-7,1,
22023,1629029,22300147,"NOV 06, 2023",DAL @ ORL,W,35,9,17,0.529,5,10,0.5,6,6,1.0,0,3,3,6,2,0,6,2,29,7,1,
22023,1629029,22300143,"NOV 05, 2023",DAL vs. CHA,W,36,8,19,0.421,1,9,0.111,6,7,0.857,1,11,12,9,0,1,4,3,23,3,1,
22023,1629029,22300006,"NOV 03, 2023",DAL @ DEN,L,38,11,24,0.458,6,11,0.545,6,7,0.857,3,7,10,8,0,1,9,2,34,-4,1,
22023,1629029,22300124,"NOV 01, 2023",DAL vs. CHI,W,40,5,16,0.313,1,8,0.125,7,9,0.778,0,7,7,10,2,1,6,2,18,11,1,
22023,1629029,22300106,"OCT 30, 2023",DAL @ MEM,W,40,11,22,0.5,6,12,0.5,7,10,0.7,0,12,12,12,1,1,6,4,35,6,1,
22023,1629029,22300084,"OCT 27, 2023",DAL vs. BKN,W,36,16,25,0.64,9,14,0.643,8,10,0.8,1,9,10,7,0,0,0,1,49,9,1,
22023,1629029,22300073,"OCT 25, 2023",DAL @ SAS,W,34,13,25,0.52,3,11,0.273,4,7,0.571,1,12,13,10,2,0,4,1,33,4,1,
22023,1629048,22300778,"FEB 14, 2024",ORL vs. NYK,W,5,0,0,0.0,0,0,0.0,0,0,0.0,0,1,1,0,0,0,1,2,0,-4,1,
22023,1629048,22300772,"FEB 13, 2024",ORL vs. OKC,L,2,0,0,0.0,0,0,0.0,0,0,0.0,0,1,1,1,0,0,0,0,0,3,1,
22023,1629048,22300752,"FEB 10, 2024",ORL vs. CHI,W,14,2,2,1.0,0,0,0.0,1,3,0.333,1,1,2,0,0,1,0,1,5,10,1,
22023,1629048,22300734,"FEB 08, 2024",ORL vs. SAS,W,3,0,0,0.0,0,0,0.0,0,0,0.0,0,0,0,0,0,0,0,0,0,-3,1,
22023,1629048,22300721,"FEB 06, 2024",ORL @ MIA,L,3,0,0,0.0,0,0,0.0,0,0,0.0,0,1,1,1,0,0,1,0,0,-2,1,
22023,1629048,22300666,"JAN 29, 2024",ORL @ DAL,L,0,0,0,0.0,0,0,0.0,0,0,0.0,0,0,0,0,0,0,0,0,0,0,1,
22023,1629048,22300655,"JAN 28, 2024",ORL vs. PHX,W,2,0,0,0.0,0,0,0.0,0,0,0.0,0,0,0,0,0,1,0,0,0,1,1,
22023,1629048,22300607,"JAN 22, 2024",ORL vs. CLE,L,9,1,1,1.0,0,0,0.0,0,0,0.0,1,0,1,1,0,0,0,1,2,4,1,
22023,1629048,22300585,"JAN 19, 2024",ORL vs. PHI,L,16,1,2,0.5,0,1,0.0,0,0,0.0,0,2,2,1,1,1,1,4,2,-12,1,
22023,1629048,22300570,"JAN 17, 2024",ORL @ ATL,L,24,5,8,0.625,0,1,0.0,0,0,0.0,7,3,10,3,1,2,1,3,10,-2,1,
22023,1629048,22300557,"JAN 15, 2024",ORL @ NYK,W,29,1,3,0.333,0,0,0.0,1,2,0.5,4,7,11,3,0,0,0,3,3,-10,1,
22023,1629048,22300546,"JAN 13, 2024",ORL @ OKC,L,22,4,6,0.667,0,1,0.0,0,0,0.0,2,7,9,2,2,0,1,2,8,-1,1,
22023,1629048,22300535,"JAN 12, 2024",ORL @ MIA,L,19,1,1,1.0,0,0,0.0,0,2,0.0,0,9,9,1,1,1,0,1,2,-10,1,
22023,1629048,22300513,"JAN 09, 2024",ORL vs. MIN,L,17,1,3,0.333,0,0,0.0,0,0,0.0,4,2,6,1,1,2,1,4,2,-8,1,
22023,1629048,22300499,"JAN 07, 2024",ORL vs. ATL,W,28,5,6,0.833,0,0,0.0,1,2,0.5,7,7,14,3,0,2,0,4,11,14,1,
22023,1629048,22300476,"JAN 03, 2024",ORL @ SAC,L,28,2,5,0.4,0,1,0.0,2,2,1.0,1,5,6,2,1,3,1,3,6,-15,1,
22023,1629048,22300463,"JAN 02, 2024",ORL @ GSW,L,26,6,6,1.0,1,1,1.0,0,0,0.0,3,4,7,1,1,1,0,3,13,-15,1,
22023,1629048,22300450,"DEC 31, 2023",ORL @ PHX,L,22,3,5,0.6,0,0,0.0,0,0,0.0,4,3,7,1,0,1,2,4,6,-15,1,
22023,1629048,22300429,"DEC 29, 2023",ORL vs. NYK,W,30,4,8,0.5,0,0,0.0,5,8,0.625,3,4,7,0,1,2,2,3,13,16,1,
22023,1629048,22300415,"DEC 27, 2023",ORL vs. PHI,L,9,1,1,1.0,0,0,0.0,0,0,0.0,0,1,1,0,0,4,0,0,2,-13,1,
22023,1629048,22300407,"DEC 26, 2023",ORL @ WAS,W,12,4,5,0.8,0,0,0.0,2,2,1.0,4,3,7,3,0,1,0,0,10,-1,1,
22023,1629048,22300391,"DEC 23, 2023",ORL @ IND,W,11,0,0,0.0,0,0,0.0,1,2,0.5,1,0,1,2,2,1,2,1,1,11,1,
22023,1629048,22300366,"DEC 20, 2023",ORL vs. MIA,L,12,2,3,0.667,0,0,0.0,0,0,0.0,3,3,6,1,0,2,1,0,4,0,1,
22023,1629048,22300344,"DEC 17, 2023",ORL @ BOS,L,26,2,6,0.333,0,0,0.0,0,0,0.0,2,6,8,1,2,3,1,3,4,1,1,
22023,1629048,22300329,"DEC 15, 2023",ORL @ BOS,L,27,7,8,0.875,0,0,0.0,1,2,0.5,5,6,11,1,0,0,4,2,15,-1,1,
22023,1629048,22300294,"DEC 11, 2023",ORL vs. CLE,W,29,6,8,0.75,0,0,0.0,3,4,0.75,3,4,7,2,0,4,0,3,15,8,1,
22023,1629048,22301217,"DEC 08, 2023",ORL vs. DET,W,28,6,7,0.857,0,0,0.0,1,1,1.0,4,4,8,2,0,4,1,1,13,26,1,
22023,1629048,22301205,"DEC 06, 2023",ORL @ CLE,L,25,3,4,0.75,0,1,0.0,0,1,0.0,0,3,3,3,0,1,0,3,6,-1,1,
22023,1629048,22300282,"DEC 02, 2023",ORL @ BKN,L,15,1,6,0.167,0,0,0.0,1,2,0.5,3,2,5,0,0,1,0,2,3,-4,1,
22023,1629048,22300274,"DEC 01, 2023",ORL vs. WAS,W,24,1,1,1.0,1,1,1.0,0,0,0.0,1,4,5,4,0,2,3,4,3,2,1,
22023,1629048,22300259,"NOV 29, 2023",ORL vs. WAS,W,24,2,5,0.4,0,0,0.0,4,4,1.0,1,6,7,2,0,1,1,1,8,7,1,
22023,1629048,22300248,"NOV 26, 2023",ORL vs. CHA,W,20,5,7,0.714,0,0,0.0,1,1,1.0,2,5,7,3,1,0,2,4,11,-1,1,
22023,1629048,22300043,"NOV 24, 2023",ORL vs. BOS,W,19,3,5,0.6,0,0,0.0,0,0,0.0,2,3,5,3,1,1,0,5,6,-2,1,
22023,1629048,22300226,"NOV 22, 2023",ORL vs. DEN,W,32,2,5,0.4,0,0,0.0,2,2,1.0,3,9,12,2,0,1,1,2,6,2,1,
22023,1629048,22300038,"NOV 21, 2023",ORL vs. TOR,W,31,2,6,0.333,0,0,0.0,1,4,0.25,3,4,7,6,2,5,1,1,5,9,1,
22023,1629048,22300209,"NOV 19, 2023",ORL @ IND,W,22,3,5,0.6,0,0,0.0,2,2,1.0,1,7,8,2,0,4,0,2,8,21,1,
22023,1629048,22300033,"NOV 17, 2023",ORL @ CHI,W,21,0,1,0.0,0,0,0.0,2,4,0.5,0,4,4,0,1,2,1,4,2,2,1,
22023,1629048,22300196,"NOV 15, 2023",ORL @ CHI,W,26,6,10,0.6,0,0,0.0,3,4,0.75,6,5,11,2,2,1,0,5,15,6,1,
22023,1629048,22300020,"NOV 14, 2023",ORL @ BKN,L,24,6,7,0.857,0,1,0.0,2,2,1.0,1,2,3,1,2,0,0,4,14,-14,1,
22023,1629048,22300173,"NOV 11, 2023",ORL vs. MIL,W,21,1,5,0.2,0,0,0.0,0,0,0.0,5,4,9,2,2,0,1,2,2,4,1,
22023,1629048,22300172,"NOV 09, 2023",ORL vs. ATL,L,21,5,7,0.714,0,0,0.0,2,4,0.5,2,3,5,0,0,2,1,2,12,7,1,
22023,1629048,22300147,"NOV 06, 2023",ORL vs. DAL,L,22,3,5,0.6,0,1,0.0,1,1,1.0,2,4,6,0,2,1,1,3,7,0,1,
22023,1629048,22300134,"NOV 04, 2023",ORL vs. LAL,W,26,3,6,0.5,0,1,0.0,4,4,1.0,4,6,10,2,0,5,0,2,10,27,1,
22023,1629048,22300114,"OCT 31, 2023",ORL @ LAC,L,4,0,0,0.0,0,0,0.0,1,2,0.5,1,0,1,3,0,0,0,0,1,-1,1,
22023,1629048,22300111,"OCT 30, 2023",ORL @ LAL,L,1,0,0,0.0,0,0,0.0,0,0,0.0,0,0,0,0,0,0,0,0,0,5,1,
22023,1629048,22300066,"OCT 25, 2023",ORL vs. HOU,W,5,2,2,1.0,0,0,0.0,3,4,0.75,1,2,3,0,1,0,1,1,7,9,1,
22023,1629052,22300780,"FEB 14, 2024",BOS vs. BKN,W,20,3,6,0.5,1,3,0.333,4,5,0.8,0,4,4,5,1,0,0,1,11,11,1,
22023,1629052,22300771,"FEB 13, 2024",BOS @ BKN,W,9,0,0,0.0,0,0,0.0,1,4,0.25,1,0,1,1,0,0,0,0,1,-13,1,
22023,1629052,22300759,"FEB 11, 2024",BOS @ MIA,W,2,0,0,0.0,0,0,0.0,0,0,0.0,0,1,1,1,0,0,0,0,0,4,1,
22023,1629052,22300729,"FEB 07, 2024",BOS vs. ATL,W,6,0,1,0.0,0,1,0.0,2,2,1.0,0,0,0,2,0,0,0,0,2,-1,1,
22023,1629052,22300706,"FEB 04, 2024",BOS vs. MEM,W,11,2,4,0.5,1,1,1.0,1,1,1.0,1,2,3,1,1,0,1,1,6,2,1,
22023,1629052,22300684,"FEB 01, 2024",BOS vs. LAL,L,2,0,1,0.0,0,1,0.0,0,0,0.0,1,0,1,0,0,0,0,0,0,4,1,
22023,1629052,22300670,"JAN 30, 2024",BOS vs. IND,W,6,0,0,0.0,0,0,0.0,0,0,0.0,0,1,1,0,0,0,0,1,0,3,1,
22023,1629052,22300659,"JAN 29, 2024",BOS vs. NOP,W,11,0,1,0.0,0,1,0.0,0,0,0.0,1,4,5,0,0,0,0,3,0,2,1,
22023,1629052,22300646,"JAN 27, 2024",BOS vs. LAC,L,16,2,5,0.4,0,1,0.0,1,2,0.5,1,4,5,2,0,0,1,0,5,9,1,
22023,1629052,22300630,"JAN 25, 2024",BOS @ MIA,W,3,2,2,1.0,0,0,0.0,0,0,0.0,1,1,2,0,0,0,0,0,4,-1,1,
22023,1629052,22300603,"JAN 21, 2024",BOS @ HOU,W,18,3,5,0.6,0,2,0.0,0,0,0.0,1,1,2,3,0,1,3,4,6,4,1,
22023,1629052,22300571,"JAN 17, 2024",BOS vs. SAS,W,13,2,5,0.4,0,1,0.0,3,4,0.75,1,3,4,1,0,0,1,0,7,4,1,
22023,1629052,22300563,"JAN 15, 2024",BOS @ TOR,W,7,2,4,0.5,1,1,1.0,2,2,1.0,2,1,3,0,0,0,0,1,7,5,1,
22023,1629052,22300542,"JAN 13, 2024",BOS vs. HOU,W,9,2,2,1.0,1,1,1.0,0,0,0.0,0,3,3,2,1,0,0,1,5,-1,1,
22023,1629052,22300528,"JAN 11, 2024",BOS @ MIL,L,17,4,8,0.5,0,3,0.0,5,6,0.833,0,2,2,1,0,0,0,0,13,-1,1,
22023,1629052,22300517,"JAN 10, 2024",BOS vs. MIN,W,5,0,0,0.0,0,0,0.0,0,0,0.0,0,2,2,0,0,0,0,1,0,-6,1,
22023,1629052,22300507,"JAN 08, 2024",BOS @ IND,L,16,1,4,0.25,1,4,0.25,3,6,0.5,2,4,6,0,2,0,0,3,6,5,1,
22023,1629052,22300493,"JAN 06, 2024",BOS @ IND,W,20,3,9,0.333,1,3,0.333,1,1,1.0,5,3,8,0,0,1,0,3,8,4,1,
22023,1629052,22300479,"JAN 05, 2024",BOS vs. UTA,W,17,2,5,0.4,0,2,0.0,2,2,1.0,1,2,3,2,2,0,0,3,6,1,1,
22023,1629052,22300448,"DEC 31, 2023",BOS @ SAS,W,21,2,5,0.4,0,0,0.0,0,1,0.0,3,3,6,0,2,0,0,2,4,9,1,
22023,1629052,22300432,"DEC 29, 2023",BOS vs. TOR,W,15,1,3,0.333,0,1,0.0,0,0,0.0,2,5,7,1,0,0,1,0,2,3,1,
22023,1629052,22300421,"DEC 28, 2023",BOS vs. DET,W,6,0,0,0.0,0,0,0.0,0,0,0.0,1,0,1,0,0,0,0,0,0,9,1,
22023,1629052,22300389,"DEC 23, 2023",BOS @ LAC,W,18,4,5,0.8,3,4,0.75,1,2,0.5,1,2,3,1,0,0,0,0,12,12,1,
22023,1629052,22300373,"DEC 20, 2023",BOS @ SAC,W,17,1,1,1.0,1,1,1.0,0,0,0.0,2,3,5,2,0,0,0,0,3,4,1,
22023,1629052,22300362,"DEC 19, 2023",BOS @ GSW,L,5,3,3,1.0,0,0,0.0,0,0,0.0,0,0,0,0,1,0,0,0,6,1,1,
22023,1629052,22300344,"DEC 17, 2023",BOS vs. ORL,W,2,0,0,0.0,0,0,0.0,0,0,0.0,0,2,2,0,0,0,0,0,0,-4,1,
22023,1629052,22300329,"DEC 15, 2023",BOS vs. ORL,W,16,4,4,1.0,1,1,1.0,2,2,1.0,1,0,1,1,0,0,2,4,11,-3,1,
22023,1629052,22301227,"DEC 08, 2023",BOS vs. NYK,W,0,0,0,0.0,0,0,0.0,0,0,0.0,0,0,0,0,0,0,0,0,0,-2,1,
22023,1629052,22300043,"NOV 24, 2023",BOS @ ORL,L,5,0,0,0.0,0,0,0.0,0,2,0.0,0,0,0,0,0,0,0,2,0,-11,1,
22023,1629052,22300217,"NOV 20, 2023",BOS @ CHA,L,17,0,0,0.0,0,0,0.0,1,2,0.5,2,5,7,1,0,0,0,2,1,17,1,
22023,1629052,22300174,"NOV 11, 2023",BOS vs. TOR,W,5,0,0,0.0,0,0,0.0,0,0,0.0,0,0,0,0,0,0,0,0,0,-7,1,
22023,1629052,22300010,"NOV 10, 2023",BOS vs. BKN,W,8,0,3,0.0,0,2,0.0,2,4,0.5,1,2,3,0,1,0,0,2,2,-6,1,
22023,1629052,22300136,"NOV 04, 2023",BOS @ BKN,W,11,1,4,0.25,1,4,0.25,2,2,1.0,1,2,3,1,0,0,0,0,5,-13,1,
22023,1629052,22300118,"NOV 01, 2023",BOS vs. IND,W,20,1,4,0.25,0,1,0.0,2,2,1.0,0,1,1,0,2,0,0,0,4,21,1,
22023,1629052,22300103,"OCT 30, 2023",BOS @ WAS,W,10,0,4,0.0,0,2,0.0,0,0,0.0,1,1,2,1,1,0,0,2,0,-10,1,
22023,1629052,22300080,"OCT 27, 2023",BOS vs. MIA,W,14,1,2,0.5,0,0,0.0,0,0,0.0,3,2,5,0,0,0,2,1,2,7,1,
22023,1629060,22300788,"FEB 14, 2024",LAL @ UTA,W,34,13,19,0.684,6,8,0.75,4,5,0.8,0,2,2,1,0,1,0,0,36,25,1,
22023,1629060,22300776,"FEB 13, 2024",LAL vs. DET,W,30,7,10,0.7,0,2,0.0,1,4,0.25,2,3,5,2,0,0,0,1,15,13,1,
22023,1629060,22300747,"FEB 09, 2024",LAL vs. NOP,W,37,9,13,0.692,2,5,0.4,1,2,0.5,0,5,5,1,0,1,0,3,21,21,1,
22023,1629060,22300740,"FEB 08, 2024",LAL vs. DEN,L,38,1,5,0.2,0,2,0.0,0,0,0.0,1,3,4,0,0,1,1,2,2,-12,1,
22023,1629060,22300713,"FEB 05, 2024",LAL @ CHA,W,29,4,6,0.667,1,3,0.333,0,0,0.0,1,4,5,0,1,0,0,1,9,6,1,
22023,1629060,22300701,"FEB 03, 2024",LAL @ NYK,W,19,3,5,0.6,0,2,0.0,1,2,0.5,0,4,4,1,0,0,1,2,7,3,1,
22023,1629060,22300684,"FEB 01, 2024",LAL @ BOS,W,33,5,14,0.357,3,6,0.5,2,2,1.0,2,6,8,4,0,1,2,3,15,4,1,
22023,1629060,22300669,"JAN 30, 2024",LAL @ ATL,L,23,7,11,0.636,2,4,0.5,0,2,0.0,2,2,4,0,2,0,1,0,16,-9,1,
22023,1629060,22300662,"JAN 29, 2024",LAL @ HOU,L,22,4,5,0.8,2,3,0.667,6,8,0.75,0,5,5,1,1,0,0,0,16,0,1,
22023,1629060,22300650,"JAN 27, 2024",LAL @ GSW,W,18,4,4,1.0,1,1,1.0,2,2,1.0,0,4,4,0,0,0,1,1,11,6,1,
22023,1629060,22300633,"JAN 25, 2024",LAL vs. CHI,W,19,3,3,1.0,2,2,1.0,2,2,1.0,0,3,3,2,1,0,1,3,10,4,1,
22023,1629060,22300618,"JAN 23, 2024",LAL @ LAC,L,30,5,8,0.625,1,1,1.0,0,0,0.0,1,2,3,2,1,1,0,1,11,-8,1,
22023,1629060,22300605,"JAN 21, 2024",LAL vs. POR,W,23,2,7,0.286,1,3,0.333,4,5,0.8,1,1,2,2,1,0,1,2,9,15,1,
22023,1629060,22300591,"JAN 19, 2024",LAL vs. BKN,L,15,0,6,0.0,0,3,0.0,0,0,0.0,1,1,2,1,0,0,1,0,0,-1,1,
22023,1629060,22300577,"JAN 17, 2024",LAL vs. DAL,W,22,2,6,0.333,1,4,0.25,1,2,0.5,1,3,4,1,2,0,0,1,6,-1,1,
22023,1629060,22300565,"JAN 15, 2024",LAL vs. OKC,W,20,5,8,0.625,2,3,0.667,0,0,0.0,1,2,3,0,0,2,1,1,12,6,1,
22023,1629060,22300549,"JAN 13, 2024",LAL @ UTA,L,19,6,12,0.5,0,2,0.0,5,6,0.833,1,2,3,1,1,0,0,0,17,12,1,
22023,1629060,22300446,"DEC 31, 2023",LAL @ NOP,L,8,1,1,1.0,0,0,0.0,2,2,1.0,0,1,1,1,1,0,1,0,4,-4,1,
22023,1629060,22300443,"DEC 30, 2023",LAL @ MIN,L,17,2,8,0.25,0,1,0.0,1,1,1.0,1,0,1,0,0,0,0,0,5,-11,1,
22023,1629060,22300428,"DEC 28, 2023",LAL vs. CHA,W,28,7,12,0.583,0,1,0.0,3,3,1.0,0,4,4,1,1,0,0,2,17,34,1,
22023,1629060,22300403,"DEC 25, 2023",LAL vs. BOS,L,29,5,14,0.357,2,9,0.222,0,0,0.0,0,3,3,0,0,0,1,2,12,5,1,
22023,1629060,22300397,"DEC 23, 2023",LAL @ OKC,W,30,8,14,0.571,3,5,0.6,2,2,1.0,0,6,6,2,1,0,0,0,21,1,1,
22023,1629060,22300380,"DEC 21, 2023",LAL @ MIN,L,34,7,12,0.583,2,5,0.4,2,6,0.333,1,3,4,0,1,0,2,3,18,-6,1,
22023,1629060,22300370,"DEC 20, 2023",LAL @ CHI,L,16,2,9,0.222,1,2,0.5,0,0,0.0,3,2,5,1,0,0,0,0,5,-12,1,
22023,1629060,22300359,"DEC 18, 2023",LAL vs. NYK,L,17,3,6,0.5,1,2,0.5,1,1,1.0,2,0,2,0,2,0,0,1,8,-9,1,
22023,1629060,22300331,"DEC 15, 2023",LAL @ SAS,L,34,8,15,0.533,0,5,0.0,4,5,0.8,0,5,5,4,0,1,0,1,20,1,1,
22023,1629060,22300316,"DEC 13, 2023",LAL @ SAS,W,24,6,10,0.6,1,2,0.5,0,0,0.0,0,7,7,1,0,1,3,2,13,15,1,
22023,1629060,22300306,"DEC 12, 2023",LAL @ DAL,L,29,3,9,0.333,1,2,0.5,0,0,0.0,0,3,3,2,1,0,1,3,7,-3,1,
22023,1629060,22301230,"DEC 07, 2023",LAL vs. NOP,W,21,5,9,0.556,1,3,0.333,1,2,0.5,0,1,1,2,0,0,0,3,12,9,1,
22023,1629060,22301203,"DEC 05, 2023",LAL vs. PHX,W,21,3,8,0.375,1,4,0.25,0,0,0.0,0,2,2,1,0,0,0,1,7,5,1,
22023,1629060,22300238,"NOV 22, 2023",LAL vs. DAL,L,26,4,11,0.364,1,2,0.5,0,0,0.0,2,1,3,1,0,0,1,3,9,-8,1,
22023,1629060,22300042,"NOV 21, 2023",LAL vs. UTA,W,28,4,13,0.308,2,5,0.4,2,2,1.0,2,4,6,1,0,0,1,3,12,21,1,
22023,1629060,22300216,"NOV 19, 2023",LAL vs. HOU,W,32,4,10,0.4,0,4,0.0,3,4,0.75,1,3,4,2,2,0,2,0,11,-2,1,
22023,1629060,22300036,"NOV 17, 2023",LAL @ POR,W,28,3,5,0.6,1,2,0.5,0,0,0.0,1,4,5,2,0,0,0,1,7,9,1,
22023,1629060,22300198,"NOV 15, 2023",LAL vs. SAC,L,18,2,5,0.4,1,1,1.0,0,0,0.0,0,0,0,0,0,0,0,0,5,-5,1,
22023,1629060,22300026,"NOV 14, 2023",LAL vs. MEM,W,24,8,10,0.8,3,3,1.0,4,4,1.0,0,3,3,0,0,0,5,2,23,6,1,
22023,1629060,22300187,"NOV 12, 2023",LAL vs. POR,W,33,6,10,0.6,1,3,0.333,6,6,1.0,1,4,5,2,2,0,1,1,19,17,1,
22023,1629060,22300015,"NOV 10, 2023",LAL @ PHX,W,20,3,6,0.5,1,3,0.333,0,1,0.0,0,3,3,1,4,1,1,3,7,6,1,
22023,1629060,22300163,"NOV 08, 2023",LAL @ HOU,L,26,10,15,0.667,2,3,0.667,2,5,0.4,1,7,8,2,2,1,0,0,24,-13,1,
22023,1629060,22300100,"OCT 29, 2023",LAL @ SAC,L,17,3,6,0.5,2,4,0.5,3,4,0.75,2,4,6,1,0,0,0,1,11,9,1,
22023,1629060,22300076,"OCT 26, 2023",LAL vs. PHX,W,12,2,3,0.667,1,2,0.5,2,2,1.0,0,0,0,0,1,1,1,2,7,-13,1,
22023,1629060,22300061,"OCT 24, 2023",LAL @ DEN,L,15,3,10,0.3,0,3,0.0,0,0,0.0,2,1,3,0,0,0,0,2,6,-8,1,
22023,1629111,22300754,"FEB 10, 2024",HOU @ ATL,L,13,0,3,0.0,0,1,0.0,2,2,1.0,3,6,9,2,0,0,2,1,2,5,1,
22023,1629111,22300709,"FEB 04, 2024",HOU @ MIN,L,7,2,4,0.5,0,0,0.0,0,0,0.0,0,0,0,0,0,1,0,0,4,-1,1,
22023,1629111,22300645,"JAN 27, 2024",HOU @ BKN,L,6,0,2,0.0,0,0,0.0,0,0,0.0,2,0,2,1,0,0,1,2,0,-5,1,
22023,1629111,22300635,"JAN 26, 2024",HOU @ CHA,W,15,3,5,0.6,0,0,0.0,0,0,0.0,4,2,6,2,1,1,0,2,6,16,1,
22023,1629111,22300623,"JAN 24, 2024",HOU vs. POR,L,13,2,2,1.0,0,0,0.0,2,3,0.667,3,0,3,2,0,0,0,2,6,8,1,
22023,1629111,22300603,"JAN 21, 2024",HOU vs. BOS,L,11,1,2,0.5,0,0,0.0,1,2,0.5,2,1,3,0,0,0,1,0,3,6,1,
22023,1629111,22300555,"JAN 15, 2024",HOU @ PHI,L,9,2,2,1.0,0,0,0.0,0,0,0.0,1,0,1,0,1,3,0,0,4,17,1,
22023,1629111,22300542,"JAN 13, 2024",HOU @ BOS,L,12,1,6,0.167,0,3,0.0,0,0,0.0,3,0,3,1,0,0,0,0,2,-6,1,
22023,1629111,22300485,"JAN 05, 2024",HOU vs. MIN,L,5,0,1,0.0,0,1,0.0,0,0,0.0,0,0,0,0,0,1,0,0,0,-4,1,
22023,1629111,22300453,"JAN 01, 2024",HOU vs. DET,W,7,0,0,0.0,0,0,0.0,0,0,0.0,0,0,0,0,0,0,0,0,0,-5,1,
22023,1629111,22300434,"DEC 29, 2023",HOU vs. PHI,L,8,2,5,0.4,0,0,0.0,2,2,1.0,1,0,1,0,0,1,0,4,6,-6,1,
22023,1629111,22300418,"DEC 27, 2023",HOU vs. PHX,L,12,2,4,0.5,0,0,0.0,1,2,0.5,3,2,5,0,0,0,0,2,5,4,1,
22023,1629111,22300385,"DEC 22, 2023",HOU vs. DAL,W,16,1,5,0.2,0,3,0.0,1,2,0.5,3,1,4,2,0,1,0,1,3,-9,1,
22023,1629111,22300349,"DEC 18, 2023",HOU @ CLE,L,4,0,0,0.0,0,0,0.0,0,0,0.0,0,1,1,0,1,0,0,1,0,-4,1,
22023,1629111,22300332,"DEC 15, 2023",HOU @ MEM,W,8,0,0,0.0,0,0,0.0,0,0,0.0,1,0,1,0,0,0,0,1,0,4,1,
22023,1629111,22300314,"DEC 13, 2023",HOU vs. MEM,W,10,1,2,0.5,0,0,0.0,0,0,0.0,2,1,3,0,0,0,0,2,2,13,1,
22023,1629111,22300291,"DEC 02, 2023",HOU @ LAL,L,3,0,0,0.0,0,0,0.0,0,0,0.0,0,0,0,0,0,1,0,0,0,8,1,
22023,1629111,22300263,"NOV 29, 2023",HOU @ DEN,L,14,2,4,0.5,0,1,0.0,2,2,1.0,0,1,1,0,1,0,1,2,6,4,1,
22023,1629111,22300231,"NOV 22, 2023",HOU vs. MEM,W,4,1,1,1.0,0,0,0.0,0,0,0.0,0,1,1,0,0,0,0,0,2,-3,1,
22023,1629111,22300224,"NOV 20, 2023",HOU @ GSW,L,4,0,1,0.0,0,0,0.0,0,0,0.0,0,1,1,0,0,0,0,0,0,-7,1,
22023,1629111,22300216,"NOV 19, 2023",HOU @ LAL,L,4,0,0,0.0,0,0,0.0,0,0,0.0,1,0,1,1,0,0,1,1,0,-6,1,
22023,1629111,22300037,"NOV 17, 2023",HOU @ LAC,L,7,1,2,0.5,0,0,0.0,0,0,0.0,0,3,3,0,0,0,1,0,2,15,1,
22023,1629111,22300182,"NOV 12, 2023",HOU vs. DEN,W,2,0,0,0.0,0,0,0.0,0,0,0.0,1,0,1,0,0,0,0,1,0,-4,1,
22023,1629111,22300011,"NOV 10, 2023",HOU vs. NOP,W,7,0,2,0.0,0,0,0.0,0,0,0.0,1,2,3,0,0,0,0,0,0,3,1,
22023,1629111,22300163,"NOV 08, 2023",HOU vs. LAL,W,12,1,3,0.333,0,1,0.0,0,0,0.0,1,2,3,0,0,1,1,0,2,6,1,
22023,1629111,22300153,"NOV 06, 2023",HOU vs. SAC,W,16,2,3,0.667,1,2,0.5,0,0,0.0,1,0,1,1,1,0,2,2,5,6,1,
22023,1629111,22300137,"NOV 04, 2023",HOU vs. SAC,W,12,0,1,0.0,0,1,0.0,0,0,0.0,1,2,3,3,1,0,0,1,0,-6,1,
22023,1629111,22300122,"NOV 01, 2023",HOU vs. CHA,W,19,1,7,0.143,0,3,0.0,2,2,1.0,3,2,5,1,1,1,1,1,4,2,1,
22023,1629111,22300066,"OCT 25, 2023",HOU @ ORL,L,9,1,2,0.5,1,2,0.5,0,0,0.0,0,0,0,2,0,0,1,1,3,-7,1,
22023,1629130,22300779,"FEB 14, 2024",MIA @ PHI,W,33,7,11,0.636,5,7,0.714,1,1,1.0,0,1,1,4,1,0,2,4,20,14,1,
22023,1629130,22300773,"FEB 13, 2024",MIA @ MIL,W,26,8,12,0.667,6,8,0.75,1,1,1.0,0,3,3,5,2,1,0,1,23,24,1,
22023,1629130,22300759,"FEB 11, 2024",MIA vs. BOS,L,33,5,11,0.455,3,8,0.375,2,2,1.0,0,2,2,1,0,0,1,5,15,-4,1,
22023,1629130,22300730,"FEB 07, 2024",MIA vs. SAS,W,19,1,6,0.167,1,6,0.167,3,3,1.0,0,2,2,2,1,0,2,2,6,-4,1,
22023,1629130,22300721,"FEB 06, 2024",MIA vs. ORL,W,22,4,7,0.571,1,4,0.25,0,0,0.0,0,1,1,1,0,1,0,2,9,10,1,
22023,1629130,22300661,"JAN 29, 2024",MIA vs. PHX,L,4,0,1,0.0,0,1,0.0,0,0,0.0,0,0,0,0,0,0,0,2,0,-11,1,
22023,1629130,22300643,"JAN 27, 2024",MIA @ NYK,L,26,6,14,0.429,5,11,0.455,2,2,1.0,0,1,1,3,1,0,3,4,19,-11,1,
22023,1629130,22300630,"JAN 25, 2024",MIA vs. BOS,L,20,2,6,0.333,1,5,0.2,0,0,0.0,0,0,0,2,0,0,0,3,5,-13,1,
22023,1629130,22300621,"JAN 24, 2024",MIA vs. MEM,L,16,3,9,0.333,1,5,0.2,0,0,0.0,0,3,3,0,0,0,2,4,7,3,1,
22023,1629130,22300601,"JAN 21, 2024",MIA @ ORL,L,21,1,6,0.167,0,3,0.0,4,4,1.0,0,1,1,1,2,0,2,2,6,-12,1,
22023,1629130,22300587,"JAN 19, 2024",MIA vs. ATL,L,22,5,8,0.625,4,7,0.571,0,0,0.0,0,2,2,1,0,0,2,0,14,6,1,
22023,1629130,22300574,"JAN 17, 2024",MIA @ TOR,L,21,6,11,0.545,2,5,0.4,0,0,0.0,1,2,3,1,0,0,2,0,14,-18,1,
22023,1629130,22300562,"JAN 15, 2024",MIA @ BKN,W,22,0,4,0.0,0,3,0.0,0,0,0.0,0,2,2,2,1,1,2,1,0,-11,1,
22023,1629130,22300551,"JAN 14, 2024",MIA vs. CHA,W,30,7,11,0.636,3,6,0.5,2,2,1.0,0,4,4,5,1,1,2,2,19,12,1,
22023,1629130,22300535,"JAN 12, 2024",MIA vs. ORL,W,41,9,19,0.474,4,10,0.4,1,1,1.0,1,3,4,3,1,0,3,1,23,13,1,
22023,1629130,22300522,"JAN 10, 2024",MIA vs. OKC,L,25,1,8,0.125,1,7,0.143,0,0,0.0,0,1,1,1,2,0,1,0,3,-18,1,
22023,1629130,22300509,"JAN 08, 2024",MIA vs. HOU,W,29,4,12,0.333,3,10,0.3,3,3,1.0,0,3,3,7,1,0,1,6,14,2,1,
22023,1629130,22300489,"JAN 05, 2024",MIA @ PHX,L,27,1,7,0.143,1,6,0.167,1,2,0.5,0,1,1,3,1,1,3,3,4,-3,1,
22023,1629130,22300475,"JAN 03, 2024",MIA @ LAL,W,30,5,14,0.357,3,12,0.25,0,0,0.0,0,0,0,2,1,0,1,3,13,0,1,
22023,1629130,22300458,"JAN 01, 2024",MIA @ LAC,L,26,3,8,0.375,3,7,0.429,6,6,1.0,0,1,1,2,0,0,1,1,15,-3,1,
22023,1629130,22300439,"DEC 30, 2023",MIA @ UTA,L,32,4,8,0.5,3,5,0.6,0,0,0.0,0,4,4,4,2,2,1,4,11,-10,1,
22023,1629130,22300426,"DEC 28, 2023",MIA @ GSW,W,30,2,11,0.182,1,6,0.167,0,0,0.0,1,1,2,4,0,0,0,3,5,5,1,
22023,1629130,22300404,"DEC 25, 2023",MIA vs. PHI,W,34,5,13,0.385,5,10,0.5,1,1,1.0,0,4,4,2,1,0,0,3,16,26,1,
22023,1629130,22300384,"DEC 22, 2023",MIA vs. ATL,W,25,8,11,0.727,4,7,0.571,7,7,1.0,1,2,3,3,1,0,2,0,27,14,1,
22023,1629130,22300366,"DEC 20, 2023",MIA @ ORL,W,23,4,5,0.8,1,1,1.0,3,3,1.0,0,3,3,6,0,0,1,3,12,16,1,
22023,1629130,22300353,"DEC 18, 2023",MIA vs. MIN,L,22,5,9,0.556,4,8,0.5,0,0,0.0,0,5,5,3,1,0,2,2,14,-7,1,
22023,1629130,22300337,"DEC 16, 2023",MIA vs. CHI,W,24,3,9,0.333,3,9,0.333,0,0,0.0,0,1,1,6,0,0,2,0,9,-15,1,
22023,1629130,22300320,"DEC 14, 2023",MIA vs. CHI,L,27,4,9,0.444,3,6,0.5,0,2,0.0,0,2,2,3,0,0,1,2,11,-13,1,
22023,1629130,22300312,"DEC 13, 2023",MIA vs. CHA,W,40,7,11,0.636,6,9,0.667,3,3,1.0,0,2,2,3,2,0,4,2,23,15,1,
22023,1629130,22300292,"DEC 11, 2023",MIA @ CHA,W,33,8,14,0.571,5,9,0.556,3,3,1.0,1,6,7,4,2,0,0,0,24,1,1,
22023,1629130,22301220,"DEC 08, 2023",MIA vs. CLE,L,23,0,7,0.0,0,6,0.0,1,2,0.5,0,0,0,1,0,0,6,4,1,-25,1,
22023,1629130,22301207,"DEC 06, 2023",MIA @ TOR,W,32,9,19,0.474,3,10,0.3,0,0,0.0,1,5,6,7,1,0,0,1,21,33,1,
22023,1629130,22300284,"DEC 02, 2023",MIA vs. IND,L,30,7,11,0.636,2,3,0.667,1,1,1.0,1,1,2,3,0,0,2,6,17,-9,1,
22023,1629130,22300267,"NOV 30, 2023",MIA vs. IND,W,29,5,9,0.556,4,6,0.667,2,2,1.0,0,1,1,2,1,0,1,3,16,9,1,
22023,1629130,22300056,"NOV 28, 2023",MIA vs. MIL,L,31,5,11,0.455,3,7,0.429,0,2,0.0,0,3,3,3,0,1,2,3,13,-14,1,
22023,1629130,22300229,"NOV 22, 2023",MIA @ CLE,W,24,3,7,0.429,1,3,0.333,0,0,0.0,0,2,2,3,0,0,0,3,7,32,1,
22023,1629130,22300220,"NOV 20, 2023",MIA @ CHI,W,30,7,11,0.636,6,9,0.667,2,2,1.0,0,2,2,2,0,0,0,3,22,7,1,
22023,1629130,22300204,"NOV 18, 2023",MIA @ CHI,L,35,5,9,0.556,4,5,0.8,3,4,0.75,0,3,3,7,0,0,1,2,17,3,1,
22023,1629130,22300200,"NOV 16, 2023",MIA vs. BKN,W,38,8,14,0.571,6,10,0.6,4,4,1.0,0,0,0,2,0,0,0,3,26,2,1,
22023,1629130,22300017,"NOV 14, 2023",MIA @ CHA,W,36,6,13,0.462,4,10,0.4,2,2,1.0,0,8,8,5,1,1,1,2,18,1,1,
22023,1629130,22300184,"NOV 12, 2023",MIA @ SAS,W,39,8,16,0.5,4,7,0.571,6,6,1.0,1,4,5,4,0,1,0,1,26,22,1,
22023,1629130,22300175,"NOV 11, 2023",MIA @ ATL,W,30,5,15,0.333,1,10,0.1,0,0,0.0,0,3,3,2,1,0,1,3,11,-1,1,
22023,1629130,22300164,"NOV 08, 2023",MIA @ MEM,W,35,3,7,0.429,2,5,0.4,1,2,0.5,0,3,3,2,0,0,5,3,9,2,1,
22023,1629130,22300150,"NOV 06, 2023",MIA vs. LAL,W,26,5,11,0.455,2,6,0.333,0,0,0.0,0,3,3,3,1,0,1,1,12,8,1,
22023,1629130,22300003,"NOV 03, 2023",MIA vs. WAS,W,30,7,11,0.636,4,8,0.5,0,0,0.0,0,1,1,6,1,0,2,0,18,2,1,
22023,1629130,22300119,"NOV 01, 2023",MIA vs. BKN,L,21,2,8,0.25,1,6,0.167,0,0,0.0,0,3,3,2,0,0,1,4,5,-4,1,
22023,1629130,22300107,"OCT 30, 2023",MIA @ MIL,L,22,6,10,0.6,3,7,0.429,0,0,0.0,1,0,1,1,0,0,0,5,15,-1,1,
22023,1629130,22300093,"OCT 28, 2023",MIA @ MIN,L,29,3,12,0.25,2,10,0.2,0,0,0.0,1,2,3,1,1,0,1,1,8,-18,1,
22023,1629130,22300080,"OCT 27, 2023",MIA @ BOS,L,24,3,7,0.429,3,6,0.5,0,0,0.0,0,1,1,0,0,0,0,2,9,-12,1,
22023,1629130,22300068,"OCT 25, 2023",MIA vs. DET,W,22,6,10,0.6,3,5,0.6,0,0,0.0,1,1,2,1,0,0,0,1,15,-3,1,
22023,1629162,22300791,"FEB 15, 2024",MIN @ POR,W,6,0,1,0.0,0,1,0.0,0,0,0.0,0,0,0,1,0,0,0,2,0,6,1,
22023,1629162,22300775,"FEB 13, 2024",MIN @ POR,W,4,0,1,0.0,0,0,0.0,0,0,0.0,0,0,0,0,0,0,0,1,0,-7,1,
22023,1629162,22300770,"FEB 12, 2024",MIN @ LAC,W,4,0,0,0.0,0,0,0.0,0,0,0.0,0,0,0,0,0,0,0,0,0,-1,1,
22023,1629162,22300723,"FEB 06, 2024",MIN @ CHI,L,7,1,3,0.333,1,1,1.0,0,0,0.0,0,1,1,1,0,0,0,1,3,-2,1,
22023,1629162,22300709,"FEB 04, 2024",MIN vs. HOU,W,17,1,4,0.25,1,3,0.333,1,2,0.5,1,3,4,2,0,0,1,0,4,-6,1,
22023,1629162,22300694,"FEB 02, 2024",MIN vs. ORL,L,5,2,3,0.667,2,3,0.667,0,0,0.0,0,0,0,1,2,0,0,0,6,3,1,
22023,1629162,22300680,"JAN 31, 2024",MIN vs. DAL,W,14,0,3,0.0,0,2,0.0,0,0,0.0,1,2,3,5,3,0,0,0,0,1,1,
22023,1629162,22300664,"JAN 29, 2024",MIN @ OKC,W,14,4,4,1.0,2,2,1.0,0,0,0.0,0,0,0,1,0,0,1,3,10,1,1,
22023,1629162,22300649,"JAN 27, 2024",MIN @ SAS,L,9,0,1,0.0,0,1,0.0,0,0,0.0,1,0,1,1,0,0,1,0,0,-11,1,
22023,1629162,22300629,"JAN 25, 2024",MIN @ BKN,W,11,1,2,0.5,0,0,0.0,0,0,0.0,0,0,0,1,0,0,1,0,2,7,1,
22023,1629162,22300620,"JAN 24, 2024",MIN @ WAS,W,13,2,4,0.5,1,1,1.0,0,0,0.0,1,1,2,2,1,0,0,1,5,1,1,
22023,1629162,22300610,"JAN 22, 2024",MIN vs. CHA,L,10,0,2,0.0,0,2,0.0,0,0,0.0,0,2,2,3,0,1,1,0,0,5,1,
22023,1629162,22300599,"JAN 20, 2024",MIN vs. OKC,L,13,3,7,0.429,2,3,0.667,0,0,0.0,2,0,2,3,2,0,0,1,8,7,1,
22023,1629162,22300582,"JAN 18, 2024",MIN vs. MEM,W,7,0,0,0.0,0,0,0.0,0,0,0.0,0,2,2,0,1,0,2,0,0,-4,1,
22023,1629162,22300569,"JAN 17, 2024",MIN @ DET,W,8,0,1,0.0,0,0,0.0,0,2,0.0,0,2,2,0,0,0,0,1,0,-3,1,
22023,1629162,22300538,"JAN 12, 2024",MIN vs. POR,W,13,1,3,0.333,0,2,0.0,0,0,0.0,0,0,0,5,1,0,2,2,2,-9,1,
22023,1629162,22300517,"JAN 10, 2024",MIN @ BOS,L,17,2,5,0.4,2,3,0.667,0,0,0.0,0,2,2,0,0,0,0,1,6,-5,1,
22023,1629162,22300513,"JAN 09, 2024",MIN @ ORL,W,15,2,3,0.667,0,1,0.0,0,0,0.0,0,0,0,5,1,0,1,1,4,-8,1,
22023,1629162,22300501,"JAN 07, 2024",MIN @ DAL,L,13,2,7,0.286,2,7,0.286,0,0,0.0,0,1,1,1,2,1,0,0,6,-4,1,
22023,1629162,22300485,"JAN 05, 2024",MIN @ HOU,W,13,1,1,1.0,1,1,1.0,0,0,0.0,0,3,3,3,2,0,0,0,3,19,1,
22023,1629162,22300471,"JAN 03, 2024",MIN vs. NOP,L,17,1,6,0.167,0,4,0.0,1,2,0.5,2,1,3,4,1,0,0,0,3,5,1,
22023,1629162,22300451,"JAN 01, 2024",MIN @ NYK,L,12,4,5,0.8,1,2,0.5,0,0,0.0,0,1,1,3,2,0,0,1,9,13,1,
22023,1629162,22300411,"DEC 26, 2023",MIN @ OKC,L,14,1,5,0.2,0,1,0.0,0,0,0.0,2,2,4,2,3,0,1,0,2,-8,1,
22023,1629162,22300400,"DEC 23, 2023",MIN @ SAC,W,2,0,0,0.0,0,0,0.0,0,0,0.0,0,0,0,2,0,0,0,0,0,-1,1,
22023,1629162,22300367,"DEC 20, 2023",MIN @ PHI,L,2,0,0,0.0,0,0,0.0,0,0,0.0,0,0,0,1,0,0,0,0,0,0,1,
22023,1629162,22300338,"DEC 16, 2023",MIN vs. IND,W,3,0,0,0.0,0,0,0.0,0,0,0.0,0,0,0,0,0,1,0,0,0,-5,1,
22023,1629162,22300321,"DEC 14, 2023",MIN @ DAL,W,2,0,0,0.0,0,0,0.0,0,0,0.0,0,0,0,1,0,0,0,0,0,-1,1,
22023,1629162,22300301,"DEC 11, 2023",MIN @ NOP,L,8,1,1,1.0,1,1,1.0,0,0,0.0,0,0,0,1,1,0,0,0,3,1,1,
22023,1629162,22300154,"NOV 06, 2023",MIN vs. BOS,W,4,0,0,0.0,0,0,0.0,2,2,1.0,0,0,0,0,0,1,0,0,2,3,1,
22023,1629162,22300138,"NOV 04, 2023",MIN vs. UTA,W,4,0,0,0.0,0,0,0.0,0,0,0.0,0,0,0,1,0,0,0,1,0,5,1,
22023,1629162,22300123,"NOV 01, 2023",MIN vs. DEN,W,4,0,1,0.0,0,1,0.0,0,0,0.0,0,0,0,0,0,0,0,0,0,2,1,
22023,1629162,22300104,"OCT 30, 2023",MIN @ ATL,L,1,0,0,0.0,0,0,0.0,0,0,0.0,0,0,0,0,0,1,0,0,0,4,1,
22023,1629162,22300093,"OCT 28, 2023",MIN vs. MIA,W,6,1,3,0.333,1,1,1.0,0,0,0.0,0,0,0,4,0,0,0,1,3,-4,1,
22023,1629216,22300370,"DEC 20, 2023",LAL @ CHI,L,14,1,4,0.25,1,3,0.333,0,0,0.0,0,1,1,3,0,0,0,2,3,-12,1,
22023,1629216,22300111,"OCT 30, 2023",LAL vs. ORL,W,25,4,7,0.571,1,3,0.333,0,0,0.0,0,0,0,2,1,0,0,2,9,10,1,
22023,1629216,22300100,"OCT 29, 2023",LAL @ SAC,L,32,1,3,0.333,0,2,0.0,0,0,0.0,0,0,0,2,1,0,0,4,2,4,1,
22023,1629216,22300076,"OCT 26, 2023",LAL vs. PHX,W,35,3,10,0.3,0,5,0.0,1,2,0.5,1,2,3,6,3,0,0,1,7,13,1,
22023,1629216,22300061,"OCT 24, 2023",LAL @ DEN,L,22,3,8,0.375,0,4,0.0,0,0,0.0,1,0,1,2,1,0,2,3,6,-17,1,
22023,1629232,22300108,"OCT 30, 2023",NOP vs. GSW,L,7,0,4,0.0,0,2,0.0,0,0,0.0,0,1,1,0,0,0,0,0,0,-2,1,
22023,1629234,22300787,"FEB 14, 2024",PHX vs. DET,W,18,3,8,0.375,0,0,0.0,0,0,0.0,3,3,6,0,2,1,2,0,6,5,1,
22023,1629234,22300774,"FEB 13, 2024",PHX vs. SAC,W,6,1,1,1.0,0,0,0.0,0,0,0.0,0,0,0,1,0,0,0,0,2,-14,1,
22023,1629234,22300757,"FEB 10, 2024",PHX @ GSW,L,16,1,1,1.0,0,0,0.0,2,2,1.0,1,3,4,1,2,2,0,0,4,3,1,
22023,1629234,22300739,"FEB 08, 2024",PHX vs. UTA,W,18,5,8,0.625,0,0,0.0,2,4,0.5,0,7,7,0,1,0,0,3,12,10,1,
22023,1629234,22300725,"FEB 06, 2024",PHX vs. MIL,W,16,1,3,0.333,0,0,0.0,0,0,0.0,1,4,5,0,1,1,0,0,2,-2,1,
22023,1629234,22300705,"FEB 04, 2024",PHX @ WAS,W,15,1,1,1.0,0,0,0.0,3,4,0.75,0,3,3,1,0,2,3,2,5,9,1,
22023,1629234,22300690,"FEB 02, 2024",PHX @ ATL,L,17,3,3,1.0,0,0,0.0,0,0,0.0,2,2,4,1,0,0,1,1,6,-7,1,
22023,1629234,22300677,"JAN 31, 2024",PHX @ BKN,W,18,3,4,0.75,0,0,0.0,0,2,0.0,0,6,6,2,0,1,0,1,6,0,1,
22023,1629234,22300661,"JAN 29, 2024",PHX @ MIA,W,21,5,5,1.0,0,0,0.0,1,1,1.0,3,2,5,1,0,1,0,2,11,24,1,
22023,1629234,22300655,"JAN 28, 2024",PHX @ ORL,L,29,2,2,1.0,0,0,0.0,0,0,0.0,1,7,8,3,1,1,2,3,4,-2,1,
22023,1629234,22300636,"JAN 26, 2024",PHX @ IND,L,16,4,4,1.0,0,0,0.0,0,0,0.0,2,3,5,1,0,0,1,1,8,12,1,
22023,1629234,22300625,"JAN 24, 2024",PHX @ DAL,W,9,1,2,0.5,0,0,0.0,0,0,0.0,0,0,0,0,0,0,1,1,2,-10,1,
22023,1629234,22300612,"JAN 22, 2024",PHX vs. CHI,W,22,4,4,1.0,0,0,0.0,2,2,1.0,2,6,8,4,0,0,0,3,10,19,1,
22023,1629234,22300604,"JAN 21, 2024",PHX vs. IND,W,11,1,1,1.0,0,0,0.0,1,2,0.5,0,2,2,0,0,0,1,2,3,-1,1,
22023,1629234,22300567,"JAN 16, 2024",PHX vs. SAC,W,10,1,1,1.0,0,0,0.0,1,1,1.0,3,1,4,0,1,0,0,0,3,-6,1,
22023,1629234,22300554,"JAN 14, 2024",PHX @ POR,W,4,0,1,0.0,0,0,0.0,0,0,0.0,0,1,1,0,0,0,0,0,0,4,1,
22023,1629234,22300511,"JAN 08, 2024",PHX @ LAC,L,16,0,1,0.0,0,0,0.0,0,0,0.0,2,2,4,0,0,2,0,2,0,-5,1,
22023,1629234,22300503,"JAN 07, 2024",PHX vs. MEM,L,13,2,3,0.667,0,0,0.0,4,5,0.8,3,4,7,0,0,0,2,1,8,0,1,
22023,1629234,22300489,"JAN 05, 2024",PHX vs. MIA,W,22,4,8,0.5,1,1,1.0,2,4,0.5,2,4,6,0,1,0,0,1,11,-5,1,
22023,1629234,22300473,"JAN 03, 2024",PHX vs. LAC,L,4,0,0,0.0,0,0,0.0,0,0,0.0,0,0,0,0,0,0,0,1,0,2,1,
22023,1629234,22300456,"JAN 01, 2024",PHX vs. POR,W,6,0,0,0.0,0,0,0.0,1,4,0.25,0,1,1,0,0,0,0,2,1,-5,1,
22023,1629234,22300405,"DEC 25, 2023",PHX vs. DAL,L,17,1,3,0.333,0,0,0.0,0,0,0.0,2,5,7,0,1,0,1,3,2,-14,1,
22023,1629234,22300387,"DEC 22, 2023",PHX @ SAC,L,15,1,3,0.333,0,0,0.0,0,0,0.0,1,1,2,0,1,0,2,2,2,-23,1,
22023,1629234,22300363,"DEC 19, 2023",PHX @ POR,L,17,2,2,1.0,0,0,0.0,1,2,0.5,3,3,6,1,1,3,1,1,5,0,1,
22023,1629234,22300347,"DEC 17, 2023",PHX vs. WAS,W,17,5,7,0.714,0,0,0.0,2,2,1.0,1,4,5,0,1,1,2,0,12,10,1,
22023,1629234,22300333,"DEC 15, 2023",PHX vs. NYK,L,15,3,4,0.75,0,0,0.0,2,2,1.0,1,2,3,0,1,2,1,1,8,-13,1,
22023,1629234,22300317,"DEC 13, 2023",PHX vs. BKN,L,4,0,1,0.0,0,0,0.0,0,0,0.0,0,0,0,0,0,0,0,0,0,-18,1,
22023,1629234,22300308,"DEC 12, 2023",PHX vs. GSW,W,17,1,1,1.0,0,0,0.0,1,1,1.0,1,5,6,1,1,2,3,1,3,-7,1,
22023,1629234,22301228,"DEC 08, 2023",PHX vs. SAC,L,16,4,8,0.5,0,0,0.0,0,0,0.0,2,4,6,0,0,0,1,3,8,-10,1,
22023,1629234,22301203,"DEC 05, 2023",PHX @ LAL,L,18,3,3,1.0,0,0,0.0,0,0,0.0,2,0,2,1,1,0,3,2,6,-16,1,
22023,1629234,22300288,"DEC 02, 2023",PHX vs. MEM,W,18,2,5,0.4,0,0,0.0,2,2,1.0,1,2,3,1,0,2,1,3,6,1,1,
22023,1629234,22300279,"DEC 01, 2023",PHX vs. DEN,L,15,0,1,0.0,0,0,0.0,0,0,0.0,0,6,6,1,0,0,0,2,0,-9,1,
22023,1629234,22300260,"NOV 29, 2023",PHX @ TOR,L,18,2,6,0.333,0,0,0.0,0,0,0.0,1,3,4,1,0,1,0,0,4,-9,1,
22023,1629234,22300247,"NOV 26, 2023",PHX @ NYK,W,15,1,2,0.5,0,0,0.0,1,2,0.5,4,2,6,1,0,0,2,4,3,2,1,
22023,1629234,22300236,"NOV 22, 2023",PHX vs. GSW,W,16,2,4,0.5,0,0,0.0,2,2,1.0,1,5,6,0,0,3,0,1,6,3,1,
22023,1629234,22300041,"NOV 21, 2023",PHX vs. POR,W,13,1,4,0.25,0,0,0.0,5,5,1.0,2,0,2,0,0,0,2,4,7,-3,1,
22023,1629234,22300214,"NOV 19, 2023",PHX @ UTA,W,17,2,4,0.5,0,0,0.0,0,0,0.0,0,0,0,1,0,0,0,1,4,-4,1,
22023,1629234,22300035,"NOV 17, 2023",PHX @ UTA,W,21,5,5,1.0,1,1,1.0,0,0,0.0,0,4,4,0,0,0,0,2,11,8,1,
22023,1629234,22300197,"NOV 15, 2023",PHX vs. MIN,W,20,6,9,0.667,1,1,1.0,0,0,0.0,2,2,4,3,0,0,1,2,13,11,1,
22023,1629234,22300185,"NOV 12, 2023",PHX vs. OKC,L,21,7,9,0.778,0,0,0.0,1,2,0.5,4,1,5,1,0,0,2,1,15,4,1,
22023,1629234,22300015,"NOV 10, 2023",PHX vs. LAL,L,14,1,3,0.333,0,0,0.0,0,0,0.0,2,3,5,1,0,1,2,2,2,-6,1,
22023,1629234,22300162,"NOV 08, 2023",PHX @ CHI,W,14,1,1,1.0,0,0,0.0,2,2,1.0,0,3,3,2,0,2,0,2,4,-12,1,
22023,1629234,22300140,"NOV 05, 2023",PHX @ DET,W,18,4,5,0.8,0,0,0.0,0,0,0.0,1,2,3,1,1,3,2,4,8,6,1,
22023,1629234,22300132,"NOV 04, 2023",PHX @ PHI,L,20,2,4,0.5,0,0,0.0,6,6,1.0,2,3,5,4,1,1,0,1,10,-13,1,
22023,1629234,22300131,"NOV 02, 2023",PHX vs. SAS,L,27,5,9,0.556,0,0,0.0,3,3,1.0,1,4,5,1,0,1,1,1,13,-9,1,
22023,1629234,22300113,"OCT 31, 2023",PHX vs. SAS,L,17,1,3,0.333,0,0,0.0,1,2,0.5,1,8,9,4,1,2,2,1,3,13,1,
22023,1629234,22300094,"OCT 28, 2023",PHX vs. UTA,W,19,6,7,0.857,0,0,0.0,0,0,0.0,2,3,5,2,0,2,0,3,12,11,1,
22023,1629234,22300076,"OCT 26, 2023",PHX @ LAL,L,17,1,2,0.5,0,0,0.0,0,0,0.0,1,3,4,2,0,0,2,3,2,-1,1,
22023,1629234,22300062,"OCT 24, 2023",PHX @ GSW,W,19,1,3,0.333,0,0,0.0,2,4,0.5,2,5,7,2,0,3,3,3,4,-2,1,
22023,1629312,22300779,"FEB 14, 2024",MIA @ PHI,W,36,5,13,0.385,4,10,0.4,2,2,1.0,1,1,2,1,2,1,1,1,16,6,1,
22023,1629312,22300773,"FEB 13, 2024",MIA @ MIL,W,23,1,4,0.25,0,2,0.0,0,0,0.0,0,4,4,0,2,1,0,1,2,4,1,
22023,1629312,22300759,"FEB 11, 2024",MIA vs. BOS,L,23,1,4,0.25,0,1,0.0,0,0,0.0,3,0,3,0,2,0,0,4,2,1,1,
22023,1629312,22300721,"FEB 06, 2024",MIA vs. ORL,W,3,0,0,0.0,0,0,0.0,0,0,0.0,0,0,0,0,0,0,0,0,0,2,1,
22023,1629312,22300708,"FEB 04, 2024",MIA vs. LAC,L,27,2,5,0.4,1,3,0.333,0,0,0.0,0,3,3,0,1,0,0,5,5,-3,1,
22023,1629312,22300689,"FEB 02, 2024",MIA @ WAS,W,15,2,6,0.333,0,4,0.0,0,0,0.0,1,1,2,0,0,0,1,2,4,1,1,
22023,1629312,22300678,"JAN 31, 2024",MIA vs. SAC,W,16,2,4,0.5,0,1,0.0,0,0,0.0,1,1,2,1,0,0,1,1,4,5,1,
22023,1629312,22300661,"JAN 29, 2024",MIA vs. PHX,L,15,1,3,0.333,0,2,0.0,1,1,1.0,0,2,2,0,0,0,0,3,3,-8,1,
22023,1629312,22300643,"JAN 27, 2024",MIA @ NYK,L,21,3,5,0.6,2,4,0.5,0,0,0.0,1,3,4,2,0,2,0,2,8,4,1,
22023,1629312,22300630,"JAN 25, 2024",MIA vs. BOS,L,26,5,7,0.714,4,4,1.0,0,0,0.0,1,2,3,1,0,0,1,3,14,-8,1,
22023,1629312,22300621,"JAN 24, 2024",MIA vs. MEM,L,24,3,6,0.5,2,4,0.5,0,0,0.0,1,3,4,1,2,1,1,1,8,-9,1,
22023,1629312,22300601,"JAN 21, 2024",MIA @ ORL,L,25,1,3,0.333,1,1,1.0,2,3,0.667,0,2,2,1,2,0,0,4,5,-6,1,
22023,1629312,22300587,"JAN 19, 2024",MIA vs. ATL,L,10,0,2,0.0,0,1,0.0,0,0,0.0,0,0,0,0,1,0,0,0,0,1,1,
22023,1629312,22300574,"JAN 17, 2024",MIA @ TOR,L,12,1,2,0.5,0,1,0.0,0,0,0.0,2,1,3,0,0,1,0,0,2,-19,1,
22023,1629312,22300562,"JAN 15, 2024",MIA @ BKN,W,12,0,2,0.0,0,1,0.0,0,0,0.0,0,1,1,0,0,0,0,2,0,-16,1,
22023,1629312,22300551,"JAN 14, 2024",MIA vs. CHA,W,31,3,5,0.6,1,1,1.0,0,0,0.0,0,2,2,2,2,1,0,0,7,11,1,
22023,1629312,22300535,"JAN 12, 2024",MIA vs. ORL,W,32,2,5,0.4,1,3,0.333,2,2,1.0,2,6,8,1,1,0,1,2,7,-5,1,
22023,1629312,22300522,"JAN 10, 2024",MIA vs. OKC,L,35,7,14,0.5,5,7,0.714,0,0,0.0,2,3,5,2,1,0,0,2,19,-1,1,
22023,1629312,22300509,"JAN 08, 2024",MIA vs. HOU,W,16,1,2,0.5,1,2,0.5,0,0,0.0,0,3,3,0,0,0,0,0,3,-4,1,
22023,1629312,22300439,"DEC 30, 2023",MIA @ UTA,L,26,1,5,0.2,0,4,0.0,2,2,1.0,0,6,6,1,2,1,2,2,4,4,1,
22023,1629312,22300426,"DEC 28, 2023",MIA @ GSW,W,18,1,3,0.333,1,2,0.5,0,0,0.0,0,0,0,0,1,0,0,4,3,4,1,
22023,1629312,22300384,"DEC 22, 2023",MIA vs. ATL,W,10,2,6,0.333,1,3,0.333,0,0,0.0,3,2,5,2,0,0,0,2,5,-4,1,
22023,1629312,22300366,"DEC 20, 2023",MIA @ ORL,W,30,5,12,0.417,4,9,0.444,1,2,0.5,4,2,6,2,2,0,1,3,15,6,1,
22023,1629312,22300353,"DEC 18, 2023",MIA vs. MIN,L,12,0,0,0.0,0,0,0.0,0,0,0.0,1,0,1,1,1,1,1,2,0,-10,1,
22023,1629312,22300337,"DEC 16, 2023",MIA vs. CHI,W,14,1,2,0.5,0,1,0.0,0,1,0.0,1,0,1,1,0,0,0,2,2,-10,1,
22023,1629312,22300284,"DEC 02, 2023",MIA vs. IND,L,3,0,1,0.0,0,1,0.0,0,0,0.0,0,0,0,0,0,0,1,1,0,-1,1,
22023,1629312,22300267,"NOV 30, 2023",MIA vs. IND,W,15,1,2,0.5,0,1,0.0,0,0,0.0,0,1,1,1,0,0,1,4,2,-12,1,
22023,1629312,22300240,"NOV 25, 2023",MIA @ BKN,L,15,3,7,0.429,2,3,0.667,0,0,0.0,1,3,4,0,0,1,1,2,8,-22,1,
22023,1629312,22300045,"NOV 24, 2023",MIA @ NYK,L,24,1,6,0.167,1,5,0.2,2,2,1.0,0,3,3,3,2,0,2,1,5,10,1,
22023,1629312,22300229,"NOV 22, 2023",MIA @ CLE,W,25,4,6,0.667,2,3,0.667,0,0,0.0,1,5,6,5,1,2,0,4,10,18,1,
22023,1629312,22300220,"NOV 20, 2023",MIA @ CHI,W,20,3,4,0.75,1,1,1.0,0,0,0.0,1,1,2,3,1,0,1,3,7,1,1,
22023,1629312,22300204,"NOV 18, 2023",MIA @ CHI,L,24,0,4,0.0,0,3,0.0,0,0,0.0,1,2,3,0,3,0,4,1,0,20,1,
22023,1629312,22300200,"NOV 16, 2023",MIA vs. BKN,W,23,2,5,0.4,0,3,0.0,2,2,1.0,0,1,1,0,0,0,1,3,6,3,1,
22023,1629312,22300017,"NOV 14, 2023",MIA @ CHA,W,33,5,8,0.625,2,5,0.4,0,0,0.0,1,3,4,2,5,2,0,1,12,6,1,
22023,1629312,22300184,"NOV 12, 2023",MIA @ SAS,W,26,0,4,0.0,0,3,0.0,0,0,0.0,1,3,4,1,0,0,0,3,0,-20,1,
22023,1629312,22300175,"NOV 11, 2023",MIA @ ATL,W,34,3,13,0.231,0,5,0.0,5,7,0.714,1,5,6,5,2,1,1,2,11,10,1,
22023,1629312,22300164,"NOV 08, 2023",MIA @ MEM,W,27,5,7,0.714,2,4,0.5,2,2,1.0,2,0,2,1,1,3,0,2,14,12,1,
22023,1629312,22300150,"NOV 06, 2023",MIA vs. LAL,W,22,2,6,0.333,1,5,0.2,0,0,0.0,0,1,1,0,1,1,0,2,5,10,1,
22023,1629312,22300003,"NOV 03, 2023",MIA vs. WAS,W,22,3,4,0.75,2,3,0.667,0,0,0.0,0,0,0,0,0,0,2,3,8,10,1,
22023,1629312,22300119,"NOV 01, 2023",MIA vs. BKN,L,22,3,5,0.6,3,4,0.75,0,0,0.0,0,4,4,2,1,1,1,0,9,-9,1,
22023,1629599,22300789,"FEB 14, 2024",LAC @ GSW,W,24,4,7,0.571,2,4,0.5,4,4,1.0,1,5,6,0,0,0,1,3,14,-5,2,
22023,1629599,22300770,"FEB 12, 2024",LAC vs. MIN,L,26,4,5,0.8,1,1,1.0,1,1,1.0,0,1,1,2,0,0,0,2,10,-18,1,
22023,1629599,22300749,"FEB 10, 2024",LAC vs. DET,W,27,3,8,0.375,2,5,0.4,4,4,1.0,0,1,1,0,1,1,0,1,12,5,1,
22023,1629599,22300731,"FEB 07, 2024",LAC vs. NOP,L,21,2,4,0.5,2,4,0.5,2,2,1.0,0,0,0,3,0,0,0,0,8,-7,1,
22023,1629599,22300716,"FEB 05, 2024",LAC @ ATL,W,26,4,8,0.5,2,4,0.5,3,4,0.75,0,0,0,2,0,1,0,3,13,-3,1,
22023,1629599,22300708,"FEB 04, 2024",LAC @ MIA,W,23,2,3,0.667,1,1,1.0,0,0,0.0,1,2,3,0,1,1,0,3,5,9,1,
22023,1629599,22300688,"FEB 02, 2024",LAC @ DET,W,24,5,7,0.714,1,1,1.0,3,3,1.0,0,4,4,0,4,1,1,0,14,9,1,
22023,1629599,22300676,"JAN 31, 2024",LAC @ WAS,W,21,5,7,0.714,2,2,1.0,5,5,1.0,0,1,1,1,1,0,1,1,17,15,1,
22023,1629599,22300658,"JAN 29, 2024",LAC @ CLE,L,27,5,9,0.556,2,5,0.4,1,2,0.5,0,1,1,1,1,0,0,1,13,-5,1,
22023,1629599,22300646,"JAN 27, 2024",LAC @ BOS,W,26,4,9,0.444,0,4,0.0,2,2,1.0,1,2,3,1,0,2,0,0,10,-7,1,
22023,1629599,22300637,"JAN 26, 2024",LAC @ TOR,W,19,1,2,0.5,0,1,0.0,3,3,1.0,0,2,2,2,0,0,1,6,5,0,1,
22023,1629599,22300618,"JAN 23, 2024",LAC vs. LAL,W,24,3,4,0.75,3,3,1.0,0,0,0.0,0,2,2,0,1,0,0,2,9,9,1,
22023,1629599,22300600,"JAN 21, 2024",LAC vs. BKN,W,15,2,2,1.0,1,1,1.0,0,0,0.0,0,1,1,1,1,0,0,2,5,-13,1,
22023,1629599,22300568,"JAN 16, 2024",LAC vs. OKC,W,16,3,4,0.75,3,3,1.0,0,0,0.0,1,2,3,0,0,0,0,2,9,-2,1,
22023,1629599,22300553,"JAN 14, 2024",LAC @ MIN,L,9,0,1,0.0,0,0,0.0,0,0,0.0,1,0,1,0,1,0,1,0,0,-1,1,
22023,1629599,22300537,"JAN 12, 2024",LAC @ MEM,W,26,6,6,1.0,1,1,1.0,0,1,0.0,0,2,2,1,2,0,1,0,13,-4,1,
22023,1629599,22300526,"JAN 10, 2024",LAC vs. TOR,W,18,3,5,0.6,0,2,0.0,0,0,0.0,0,1,1,1,1,0,0,1,6,3,1,
22023,1629599,22300511,"JAN 08, 2024",LAC vs. PHX,W,23,4,5,0.8,1,1,1.0,0,0,0.0,0,2,2,0,0,0,0,3,9,12,1,
22023,1629599,22300505,"JAN 07, 2024",LAC @ LAL,L,13,0,1,0.0,0,0,0.0,0,0,0.0,0,1,1,0,0,0,0,0,0,-7,1,
22023,1629599,22300486,"JAN 05, 2024",LAC @ NOP,W,21,2,4,0.5,0,2,0.0,0,0,0.0,1,2,3,0,1,0,2,1,4,0,1,
22023,1629599,22300473,"JAN 03, 2024",LAC @ PHX,W,13,1,1,1.0,0,0,0.0,1,2,0.5,0,0,0,1,0,0,0,1,3,0,1,
22023,1629599,22300458,"JAN 01, 2024",LAC vs. MIA,W,19,2,3,0.667,1,2,0.5,0,0,0.0,1,0,1,2,0,0,0,2,5,-7,1,
22023,1629599,22300438,"DEC 29, 2023",LAC vs. MEM,W,31,5,6,0.833,3,4,0.75,0,0,0.0,1,1,2,2,1,0,0,0,13,23,1,
22023,1629599,22300414,"DEC 26, 2023",LAC vs. CHA,W,23,1,3,0.333,0,1,0.0,2,2,1.0,0,2,2,0,0,0,0,0,4,-1,1,
22023,1629599,22300389,"DEC 23, 2023",LAC vs. BOS,L,17,1,3,0.333,0,1,0.0,0,0,0.0,0,2,2,1,0,0,1,0,2,-11,1,
22023,1629599,22300379,"DEC 21, 2023",LAC @ OKC,L,33,4,7,0.571,1,4,0.25,0,0,0.0,2,2,4,1,0,0,1,2,9,-8,1,
22023,1629599,22300372,"DEC 20, 2023",LAC @ DAL,W,39,3,6,0.5,2,5,0.4,4,4,1.0,0,5,5,3,1,0,3,5,12,-3,1,
22023,1629599,22300350,"DEC 18, 2023",LAC @ IND,W,18,0,1,0.0,0,1,0.0,0,0,0.0,0,3,3,2,0,0,0,2,0,-9,1,
22023,1629599,22300343,"DEC 16, 2023",LAC vs. NYK,W,17,1,3,0.333,1,3,0.333,0,0,0.0,0,1,1,0,0,0,0,3,3,1,1,
22023,1629599,22300325,"DEC 14, 2023",LAC vs. GSW,W,29,6,15,0.4,4,11,0.364,2,3,0.667,1,3,4,1,0,0,1,2,18,5,1,
22023,1629599,22300309,"DEC 12, 2023",LAC vs. SAC,W,9,1,1,1.0,0,0,0.0,0,0,0.0,1,0,1,0,0,0,0,0,2,-12,1,
22023,1629599,22300273,"NOV 30, 2023",LAC @ GSW,L,1,0,0,0.0,0,0,0.0,0,0,0.0,0,0,0,0,0,0,0,2,0,2,1,
22023,1629599,22300264,"NOV 29, 2023",LAC @ SAC,W,1,0,0,0.0,0,0,0.0,0,0,0.0,0,0,0,0,0,0,0,0,0,0,1,
22023,1629599,22300244,"NOV 25, 2023",LAC vs. DAL,W,5,0,0,0.0,0,0,0.0,0,0,0.0,1,0,1,1,0,0,0,1,0,-1,1,
22023,1629599,22300235,"NOV 22, 2023",LAC @ SAS,W,10,2,3,0.667,0,1,0.0,0,0,0.0,1,2,3,0,1,0,0,0,4,8,1,
22023,1629599,22300223,"NOV 20, 2023",LAC @ SAS,W,4,0,1,0.0,0,0,0.0,0,0,0.0,0,0,0,0,0,0,0,0,0,3,1,
22023,1629599,22300014,"NOV 10, 2023",LAC @ DAL,L,13,2,6,0.333,0,2,0.0,2,2,1.0,0,2,2,0,0,0,0,1,6,8,1,
22023,1629599,22300151,"NOV 06, 2023",LAC @ NYK,L,4,0,0,0.0,0,0,0.0,0,0,0.0,0,0,0,0,0,0,0,0,0,2,1,
22023,1629599,22300114,"OCT 31, 2023",LAC vs. ORL,W,10,0,1,0.0,0,0,0.0,0,0,0.0,0,0,0,0,0,0,1,1,0,-4,1,
22023,1629599,22300099,"OCT 29, 2023",LAC vs. SAS,W,6,0,0,0.0,0,0,0.0,0,0,0.0,0,1,1,1,0,0,1,0,0,10,1,
22023,1629599,22300074,"OCT 25, 2023",LAC vs. POR,W,4,0,1,0.0,0,0,0.0,2,2,1.0,0,0,0,1,0,0,0,0,2,-7,1,
22023,1629610,22300368,"DEC 20, 2023",NYK @ BKN,W,3,2,3,0.667,0,0,0.0,0,0,0.0,0,0,0,0,0,0,0,1,4,-6,1,
22023,1629610,22300343,"DEC 16, 2023",NYK @ LAC,L,6,0,1,0.0,0,1,0.0,0,0,0.0,0,2,2,1,0,0,0,0,0,2,1,
22023,1629610,22300333,"DEC 15, 2023",NYK @ PHX,W,1,0,0,0.0,0,0,0.0,0,0,0.0,0,0,0,0,0,0,0,0,0,-1,1,
22023,1629610,22300057,"NOV 28, 2023",NYK vs. CHA,W,1,0,0,0.0,0,0,0.0,0,0,0.0,0,0,0,0,0,0,0,0,0,-1,1,
22023,1629610,22300221,"NOV 20, 2023",NYK @ MIN,L,3,0,3,0.0,0,1,0.0,0,2,0.0,0,1,1,0,0,0,0,0,0,0,1,
22023,1629610,22300028,"NOV 17, 2023",NYK @ WAS,W,2,0,0,0.0,0,0,0.0,0,0,0.0,0,0,0,0,0,0,0,0,0,1,1,
22023,1629610,22300177,"NOV 12, 2023",NYK vs. CHA,W,3,1,1,1.0,0,0,0.0,0,0,0.0,0,0,0,1,0,0,0,0,2,-7,1,
22023,1629610,22300161,"NOV 08, 2023",NYK vs. SAS,W,2,0,1,0.0,0,1,0.0,0,0,0.0,0,1,1,0,0,0,1,0,0,-2,1,
22023,1629610,22300112,"OCT 31, 2023",NYK @ CLE,W,4,0,1,0.0,0,1,0.0,0,0,0.0,0,0,0,0,0,0,0,1,0,-5,1,
22023,1629610,22300090,"OCT 28, 2023",NYK @ NOP,L,3,2,2,1.0,1,1,1.0,0,0,0.0,0,1,1,0,0,0,0,0,5,10,1,
22023,1629611,22300789,"FEB 14, 2024",LAC @ GSW,W,28,3,8,0.375,1,6,0.167,2,4,0.5,2,3,5,4,0,0,1,2,9,-4,2,
22023,1629611,22300770,"FEB 12, 2024",LAC vs. MIN,L,25,1,3,0.333,0,0,0.0,0,0,0.0,0,2,2,1,1,0,1,1,2,-4,1,
22023,1629611,22300749,"FEB 10, 2024",LAC vs. DET,W,24,0,3,0.0,0,2,0.0,2,2,1.0,0,3,3,1,0,0,0,2,2,3,1,
22023,1629611,22300731,"FEB 07, 2024",LAC vs. NOP,L,25,2,5,0.4,1,1,1.0,0,0,0.0,2,3,5,1,0,0,2,4,5,-5,1,
22023,1629611,22300716,"FEB 05, 2024",LAC @ ATL,W,21,4,4,1.0,1,1,1.0,0,0,0.0,1,0,1,2,0,0,0,2,9,8,1,
22023,1629611,22300708,"FEB 04, 2024",LAC @ MIA,W,20,3,5,0.6,1,2,0.5,0,0,0.0,2,3,5,1,0,0,0,1,7,-1,1,
22023,1629611,22300688,"FEB 02, 2024",LAC @ DET,W,24,4,4,1.0,0,0,0.0,4,4,1.0,1,0,1,0,0,0,1,1,12,-20,1,
22023,1629611,22300676,"JAN 31, 2024",LAC @ WAS,W,31,2,6,0.333,0,3,0.0,2,2,1.0,1,2,3,2,0,0,0,1,6,7,1,
22023,1629611,22300658,"JAN 29, 2024",LAC @ CLE,L,19,2,4,0.5,1,2,0.5,0,0,0.0,0,0,0,1,2,0,0,2,5,-11,1,
22023,1629611,22300646,"JAN 27, 2024",LAC @ BOS,W,24,6,12,0.5,1,3,0.333,1,2,0.5,3,3,6,3,0,0,0,2,14,27,1,
22023,1629611,22300637,"JAN 26, 2024",LAC @ TOR,W,29,3,6,0.5,0,1,0.0,0,0,0.0,1,2,3,2,0,0,0,1,6,20,1,
22023,1629611,22300618,"JAN 23, 2024",LAC vs. LAL,W,23,7,10,0.7,2,4,0.5,1,2,0.5,1,0,1,1,1,0,2,4,17,1,1,
22023,1629611,22300600,"JAN 21, 2024",LAC vs. BKN,W,26,4,6,0.667,2,3,0.667,3,3,1.0,0,3,3,2,1,0,0,1,13,-4,1,
22023,1629611,22300568,"JAN 16, 2024",LAC vs. OKC,W,24,3,6,0.5,1,2,0.5,0,0,0.0,2,1,3,4,0,2,1,4,7,5,1,
22023,1629611,22300553,"JAN 14, 2024",LAC @ MIN,L,19,1,2,0.5,0,1,0.0,0,0,0.0,2,1,3,0,0,0,0,3,2,-6,1,
22023,1629611,22300537,"JAN 12, 2024",LAC @ MEM,W,26,3,8,0.375,1,4,0.25,0,0,0.0,2,3,5,0,0,0,1,0,7,2,1,
22023,1629611,22300526,"JAN 10, 2024",LAC vs. TOR,W,24,5,5,1.0,3,3,1.0,0,0,0.0,2,0,2,1,0,0,1,1,13,6,1,
22023,1629611,22300511,"JAN 08, 2024",LAC vs. PHX,W,28,5,9,0.556,3,6,0.5,1,2,0.5,3,2,5,3,0,0,1,2,14,14,1,
22023,1629611,22300505,"JAN 07, 2024",LAC @ LAL,L,25,2,5,0.4,2,3,0.667,0,0,0.0,0,0,0,3,0,0,1,2,6,1,1,
22023,1629611,22300486,"JAN 05, 2024",LAC @ NOP,W,17,2,3,0.667,2,3,0.667,2,2,1.0,1,2,3,1,1,0,0,2,8,11,1,
22023,1629611,22300473,"JAN 03, 2024",LAC @ PHX,W,23,5,8,0.625,2,4,0.5,0,0,0.0,2,1,3,1,2,0,0,1,12,17,1,
22023,1629611,22300458,"JAN 01, 2024",LAC vs. MIA,W,18,5,7,0.714,1,2,0.5,1,1,1.0,1,2,3,0,0,0,1,2,12,8,1,
22023,1629611,22300438,"DEC 29, 2023",LAC vs. MEM,W,23,3,10,0.3,0,6,0.0,5,6,0.833,1,2,3,2,1,0,0,1,11,10,1,
22023,1629611,22300414,"DEC 26, 2023",LAC vs. CHA,W,20,1,4,0.25,0,1,0.0,2,2,1.0,1,0,1,0,0,0,1,2,4,2,1,
22023,1629611,22300389,"DEC 23, 2023",LAC vs. BOS,L,24,0,10,0.0,0,6,0.0,0,0,0.0,1,3,4,3,0,0,0,2,0,-33,1,
22023,1629611,22300379,"DEC 21, 2023",LAC @ OKC,L,24,2,8,0.25,1,4,0.25,0,0,0.0,0,1,1,1,3,1,1,3,5,-31,1,
22023,1629611,22300372,"DEC 20, 2023",LAC @ DAL,W,29,3,8,0.375,1,2,0.5,0,0,0.0,1,3,4,1,0,1,1,3,7,1,1,
22023,1629611,22300350,"DEC 18, 2023",LAC @ IND,W,28,2,5,0.4,0,3,0.0,0,0,0.0,1,1,2,1,0,1,1,0,4,10,1,
22023,1629611,22300343,"DEC 16, 2023",LAC vs. NYK,W,27,4,8,0.5,2,4,0.5,3,3,1.0,0,1,1,4,0,0,0,1,13,19,1,
22023,1629611,22300325,"DEC 14, 2023",LAC vs. GSW,W,20,1,5,0.2,0,4,0.0,0,0,0.0,1,2,3,2,1,0,0,1,2,-22,1,
22023,1629611,22300309,"DEC 12, 2023",LAC vs. SAC,W,30,3,6,0.5,2,3,0.667,2,2,1.0,1,4,5,2,1,0,1,1,10,7,1,
22023,1629611,22300304,"DEC 11, 2023",LAC vs. POR,W,29,3,6,0.5,1,4,0.25,2,2,1.0,2,1,3,4,0,0,0,2,9,5,1,
22023,1629611,22301225,"DEC 08, 2023",LAC @ UTA,W,30,4,9,0.444,2,5,0.4,0,2,0.0,1,3,4,1,1,1,2,3,10,17,1,
22023,1629611,22301215,"DEC 06, 2023",LAC vs. DEN,W,20,1,2,0.5,0,0,0.0,0,0,0.0,0,1,1,0,0,0,0,1,2,-16,1,
22023,1629611,22300280,"DEC 02, 2023",LAC vs. GSW,W,24,1,6,0.167,1,5,0.2,0,0,0.0,1,1,2,2,1,0,0,1,3,-5,1,
22023,1629611,22300273,"NOV 30, 2023",LAC @ GSW,L,34,4,10,0.4,1,4,0.25,0,0,0.0,3,2,5,1,1,0,2,1,9,13,1,
22023,1629611,22300264,"NOV 29, 2023",LAC @ SAC,W,31,8,12,0.667,1,3,0.333,1,1,1.0,0,3,3,1,0,0,0,1,18,12,1,
22023,1629611,22300257,"NOV 27, 2023",LAC vs. DEN,L,30,2,3,0.667,0,1,0.0,1,2,0.5,1,2,3,0,0,1,1,2,5,-11,1,
22023,1629611,22300244,"NOV 25, 2023",LAC vs. DAL,W,32,7,14,0.5,0,4,0.0,3,4,0.75,2,1,3,1,0,1,0,0,17,19,1,
22023,1629611,22300052,"NOV 24, 2023",LAC vs. NOP,L,24,3,4,0.75,1,1,1.0,0,0,0.0,0,2,2,5,2,1,0,5,7,-4,1,
22023,1629611,22300235,"NOV 22, 2023",LAC @ SAS,W,23,2,5,0.4,0,3,0.0,2,4,0.5,0,2,2,1,2,1,1,3,6,3,1,
22023,1629611,22300223,"NOV 20, 2023",LAC @ SAS,W,25,0,6,0.0,0,4,0.0,0,0,0.0,0,6,6,2,4,0,1,0,0,7,1,
22023,1629611,22300037,"NOV 17, 2023",LAC vs. HOU,W,21,0,3,0.0,0,2,0.0,1,2,0.5,1,5,6,3,1,1,0,3,1,15,1,
22023,1629611,22300024,"NOV 14, 2023",LAC @ DEN,L,28,0,1,0.0,0,0,0.0,0,0,0.0,4,2,6,5,0,0,1,3,0,-3,1,
22023,1629611,22300179,"NOV 12, 2023",LAC vs. MEM,L,27,3,7,0.429,1,3,0.333,0,0,0.0,1,2,3,3,0,0,1,2,7,13,1,
22023,1629611,22300014,"NOV 10, 2023",LAC @ DAL,L,29,5,8,0.625,1,3,0.333,0,0,0.0,3,3,6,3,0,0,0,4,11,-10,1,
22023,1629611,22300160,"NOV 08, 2023",LAC @ BKN,L,19,0,2,0.0,0,2,0.0,0,0,0.0,0,4,4,1,0,0,2,1,0,-2,1,
22023,1629614,22300782,"FEB 14, 2024",IND @ TOR,W,33,5,8,0.625,2,3,0.667,2,3,0.667,1,2,3,5,2,0,1,2,14,5,1,
22023,1629614,22300761,"FEB 12, 2024",IND @ CHA,L,33,5,7,0.714,0,1,0.0,0,0,0.0,0,2,2,7,3,0,0,2,10,8,1,
22023,1629614,22300755,"FEB 10, 2024",IND @ NYK,W,34,3,6,0.5,1,1,1.0,0,0,0.0,1,0,1,4,0,0,0,3,7,14,1,
22023,1629614,22300733,"FEB 08, 2024",IND vs. GSW,L,25,4,8,0.5,2,4,0.5,0,0,0.0,0,1,1,3,1,1,2,1,10,-9,1,
22023,1629614,22300719,"FEB 06, 2024",IND vs. HOU,W,31,4,5,0.8,1,1,1.0,0,0,0.0,1,1,2,5,1,0,1,1,9,-2,1,
22023,1629614,22300707,"FEB 04, 2024",IND @ CHA,W,27,0,4,0.0,0,4,0.0,0,0,0.0,0,2,2,3,1,0,1,1,0,19,1,
22023,1629614,22300691,"FEB 02, 2024",IND vs. SAC,L,0,0,0,0.0,0,0,0.0,0,0,0.0,0,0,0,0,0,0,0,0,0,-2,1,
22023,1629614,22300685,"FEB 01, 2024",IND @ NYK,L,26,4,12,0.333,1,3,0.333,1,2,0.5,0,3,3,6,0,0,0,2,10,-9,1,
22023,1629614,22300670,"JAN 30, 2024",IND @ BOS,L,28,6,13,0.462,1,5,0.2,2,2,1.0,1,3,4,5,0,0,0,2,15,-3,1,
22023,1629614,22300652,"JAN 28, 2024",IND vs. MEM,W,37,5,14,0.357,2,5,0.4,4,4,1.0,2,2,4,9,1,0,1,3,16,5,1,
22023,1629614,22300636,"JAN 26, 2024",IND vs. PHX,W,30,10,16,0.625,1,2,0.5,1,1,1.0,1,0,1,8,1,0,1,1,22,7,1,
22023,1629614,22300627,"JAN 25, 2024",IND vs. PHI,W,29,8,15,0.533,1,3,0.333,2,2,1.0,0,2,2,8,1,1,6,3,19,18,1,
22023,1629614,22300614,"JAN 23, 2024",IND vs. DEN,L,27,7,9,0.778,1,3,0.333,0,0,0.0,0,1,1,7,0,0,2,1,15,-15,1,
22023,1629614,22300604,"JAN 21, 2024",IND @ PHX,L,25,3,9,0.333,0,0,0.0,3,4,0.75,0,0,0,6,1,0,4,3,9,2,1,
22023,1629614,22300564,"JAN 15, 2024",IND @ UTA,L,23,5,10,0.5,1,3,0.333,3,3,1.0,0,0,0,4,1,0,2,2,14,-20,1,
22023,1629614,22300550,"JAN 14, 2024",IND @ DEN,L,29,4,8,0.5,0,1,0.0,4,6,0.667,1,1,2,7,0,0,2,0,12,-16,1,
22023,1629614,22300533,"JAN 12, 2024",IND @ ATL,W,23,4,6,0.667,2,2,1.0,0,0,0.0,0,4,4,6,2,0,4,2,10,4,1,
22023,1629614,22300520,"JAN 10, 2024",IND vs. WAS,W,26,1,8,0.125,0,1,0.0,0,0,0.0,2,0,2,5,2,0,5,3,2,1,1,
22023,1629614,22300507,"JAN 08, 2024",IND vs. BOS,W,12,4,6,0.667,1,2,0.5,0,0,0.0,0,0,0,3,0,0,2,5,9,-8,1,
22023,1629614,22300454,"JAN 01, 2024",IND @ MIL,W,8,1,2,0.5,0,0,0.0,0,0,0.0,0,0,0,0,0,0,2,0,2,-21,1,
22023,1629614,22300441,"DEC 30, 2023",IND vs. NYK,W,33,5,10,0.5,2,4,0.5,2,2,1.0,3,2,5,5,2,0,4,4,14,20,1,
22023,1629614,22300422,"DEC 28, 2023",IND @ CHI,W,24,4,13,0.308,0,3,0.0,0,0,0.0,1,2,3,4,1,0,1,3,8,-19,1,
22023,1629614,22300409,"DEC 26, 2023",IND @ HOU,W,34,5,6,0.833,1,1,1.0,0,0,0.0,0,2,2,6,0,0,6,1,11,10,1,
22023,1629614,22300391,"DEC 23, 2023",IND vs. ORL,L,36,8,10,0.8,1,1,1.0,0,0,0.0,1,0,1,5,0,0,1,2,17,14,1,
22023,1629614,22300377,"DEC 21, 2023",IND @ MEM,L,16,2,4,0.5,2,3,0.667,0,0,0.0,0,1,1,1,2,0,1,2,6,-10,1,
22023,1629614,22301229,"DEC 07, 2023",IND @ MIL,W,14,4,5,0.8,0,0,0.0,0,0,0.0,0,0,0,2,1,1,0,0,8,6,1,
22023,1629614,22301202,"DEC 04, 2023",IND vs. BOS,W,5,0,2,0.0,0,0,0.0,1,2,0.5,0,1,1,1,0,0,0,1,1,-7,1,
22023,1629614,22300284,"DEC 02, 2023",IND @ MIA,W,23,1,9,0.111,0,4,0.0,2,2,1.0,0,1,1,11,1,0,0,1,4,10,1,
22023,1629614,22300267,"NOV 30, 2023",IND @ MIA,L,22,1,4,0.25,0,1,0.0,0,0,0.0,0,1,1,5,2,0,2,6,2,0,1,
22023,1629614,22300254,"NOV 27, 2023",IND vs. POR,L,21,4,6,0.667,0,1,0.0,0,0,0.0,2,1,3,3,1,0,2,3,8,-4,1,
22023,1629614,22300047,"NOV 24, 2023",IND vs. DET,W,20,6,13,0.462,1,3,0.333,0,1,0.0,3,0,3,4,1,0,2,1,13,25,1,
22023,1629614,22300019,"NOV 14, 2023",IND @ PHI,W,10,1,3,0.333,0,1,0.0,0,0,0.0,1,1,2,4,1,0,0,1,2,-8,1,
22023,1629614,22300180,"NOV 12, 2023",IND @ PHI,L,14,2,4,0.5,0,2,0.0,0,0,0.0,0,0,0,1,0,0,3,0,4,-15,1,
22023,1629614,22300171,"NOV 09, 2023",IND vs. MIL,W,20,4,5,0.8,2,2,1.0,0,0,0.0,0,2,2,2,1,0,1,3,10,2,1,
22023,1629614,22300158,"NOV 08, 2023",IND vs. UTA,W,19,4,4,1.0,1,1,1.0,0,0,0.0,1,3,4,7,1,0,0,2,9,16,1,
22023,1629614,22300146,"NOV 06, 2023",IND vs. SAS,W,16,3,7,0.429,3,5,0.6,0,0,0.0,0,2,2,8,0,0,2,3,9,11,1,
22023,1629614,22300133,"NOV 04, 2023",IND vs. CHA,L,18,3,9,0.333,1,3,0.333,0,0,0.0,1,0,1,2,2,0,0,0,7,-7,1,
22023,1629614,22300001,"NOV 03, 2023",IND vs. CLE,W,18,2,5,0.4,0,0,0.0,2,2,1.0,0,0,0,3,0,0,2,0,6,-7,1,
22023,1629614,22300118,"NOV 01, 2023",IND @ BOS,L,20,6,17,0.353,1,7,0.143,1,2,0.5,0,2,2,1,0,0,1,0,14,-22,1,
22023,1629614,22300102,"OCT 30, 2023",IND vs. CHI,L,21,3,7,0.429,0,4,0.0,0,0,0.0,0,1,1,2,2,0,4,4,6,-2,1,
22023,1629614,22300091,"OCT 28, 2023",IND @ CLE,W,25,2,5,0.4,0,2,0.0,0,0,0.0,0,2,2,4,2,0,1,4,4,21,1,
22023,1629614,22300064,"OCT 25, 2023",IND vs. WAS,W,22,6,9,0.667,0,1,0.0,0,0,0.0,1,3,4,10,0,0,2,4,12,12,1,
22023,1629618,22300631,"JAN 25, 2024",DEN @ NYK,L,7,1,3,0.333,0,2,0.0,0,0,0.0,0,0,0,2,0,0,0,0,2,-1,1,
22023,1629618,22300455,"JAN 01, 2024",DEN vs. CHA,W,4,0,1,0.0,0,1,0.0,0,0,0.0,0,0,0,0,0,0,0,0,0,-6,1,
22023,1629618,22300435,"DEC 29, 2023",DEN vs. OKC,L,3,0,1,0.0,0,0,0.0,0,0,0.0,0,0,0,0,0,0,0,1,0,-6,1,
22023,1629618,22300425,"DEC 28, 2023",DEN vs. MEM,W,6,1,2,0.5,1,2,0.5,0,0,0.0,0,1,1,2,0,0,0,0,3,3,1,
22023,1629618,22300322,"DEC 14, 2023",DEN vs. BKN,W,2,1,1,1.0,1,1,1.0,0,0,0.0,0,0,0,1,0,0,0,0,3,6,1,
22023,1629618,22300263,"NOV 29, 2023",DEN vs. HOU,W,3,0,1,0.0,0,1,0.0,0,0,0.0,0,0,0,0,0,0,0,0,0,-9,1,
22023,1629618,22300252,"NOV 26, 2023",DEN vs. SAS,W,2,0,0,0.0,0,0,0.0,0,0,0.0,0,0,0,0,0,0,1,1,0,-4,1,
22023,1629618,22300226,"NOV 22, 2023",DEN @ ORL,L,8,0,4,0.0,0,3,0.0,0,0,0.0,0,1,1,0,0,0,1,0,0,1,1,
22023,1629618,22300218,"NOV 20, 2023",DEN @ DET,W,7,1,1,1.0,0,0,0.0,0,0,0.0,1,1,2,1,1,0,0,1,2,1,1,
22023,1629618,22300210,"NOV 19, 2023",DEN @ CLE,L,19,2,4,0.5,2,3,0.667,2,2,1.0,0,2,2,3,1,0,1,0,8,7,1,
22023,1629618,22300034,"NOV 17, 2023",DEN @ NOP,L,10,0,2,0.0,0,2,0.0,0,0,0.0,0,1,1,1,0,0,1,2,0,9,1,
22023,1629618,22300024,"NOV 14, 2023",DEN vs. LAC,W,17,2,3,0.667,1,2,0.5,0,0,0.0,0,2,2,2,1,0,2,2,5,-4,1,
22023,1629618,22300156,"NOV 06, 2023",DEN vs. NOP,W,1,1,1,1.0,1,1,1.0,0,0,0.0,0,0,0,0,0,0,0,0,3,3,1,
22023,1629618,22300139,"NOV 04, 2023",DEN vs. CHI,W,2,1,1,1.0,1,1,1.0,0,0,0.0,0,0,0,0,0,0,0,0,3,-1,1,
22023,1629618,22300123,"NOV 01, 2023",DEN @ MIN,L,5,1,2,0.5,0,1,0.0,0,0,0.0,0,2,2,0,0,0,0,1,2,0,1,
22023,1629618,22300061,"OCT 24, 2023",DEN vs. LAL,W,1,1,1,1.0,0,0,0.0,0,0,0.0,0,0,0,0,0,0,0,0,2,0,1,
22023,1629622,22300781,"FEB 14, 2024",CLE vs. CHI,W,30,3,8,0.375,1,6,0.167,0,0,0.0,0,3,3,3,1,0,1,4,7,-8,1,
22023,1629622,22300762,"FEB 12, 2024",CLE vs. PHI,L,30,4,7,0.571,2,5,0.4,0,0,0.0,2,2,4,4,0,0,1,3,10,5,1,
22023,1629622,22300756,"FEB 10, 2024",CLE @ TOR,W,29,6,11,0.545,2,6,0.333,0,0,0.0,1,1,2,7,0,0,0,2,14,0,1,
22023,1629622,22300735,"FEB 08, 2024",CLE @ BKN,W,21,3,5,0.6,0,1,0.0,0,0,0.0,1,4,5,2,1,0,1,2,6,20,1,
22023,1629622,22300728,"FEB 07, 2024",CLE @ WAS,W,28,1,5,0.2,0,4,0.0,0,2,0.0,2,5,7,3,0,1,0,1,2,-8,1,
22023,1629622,22300714,"FEB 05, 2024",CLE vs. SAC,W,26,8,13,0.615,6,10,0.6,0,0,0.0,1,4,5,2,2,0,0,0,22,20,1,
22023,1629622,22300703,"FEB 03, 2024",CLE @ SAS,W,29,2,9,0.222,2,7,0.286,0,0,0.0,0,3,3,3,1,1,1,0,6,11,1,
22023,1629622,22300687,"FEB 01, 2024",CLE @ MEM,W,29,4,8,0.5,2,4,0.5,1,2,0.5,4,6,10,4,1,0,0,1,11,13,1,
22023,1629622,22300675,"JAN 31, 2024",CLE vs. DET,W,31,1,6,0.167,0,4,0.0,0,0,0.0,0,4,4,1,1,0,2,4,2,5,1,
22023,1629622,22300658,"JAN 29, 2024",CLE vs. LAC,W,35,4,8,0.5,3,7,0.429,3,3,1.0,1,6,7,4,0,0,2,5,14,10,1,
22023,1629622,22300639,"JAN 26, 2024",CLE @ MIL,W,35,3,10,0.3,2,7,0.286,3,4,0.75,2,5,7,4,2,0,1,2,11,0,1,
22023,1629622,22300624,"JAN 24, 2024",CLE @ MIL,L,34,6,11,0.545,2,6,0.333,0,0,0.0,0,4,4,2,2,0,1,5,14,-6,1,
22023,1629622,22300607,"JAN 22, 2024",CLE @ ORL,W,27,4,7,0.571,2,4,0.5,0,0,0.0,1,3,4,4,1,0,1,0,10,16,1,
22023,1629622,22300595,"JAN 20, 2024",CLE @ ATL,W,20,5,10,0.5,1,4,0.25,2,2,1.0,2,1,3,7,1,0,2,1,13,15,1,
22023,1629622,22300572,"JAN 17, 2024",CLE vs. MIL,W,22,2,4,0.5,0,1,0.0,2,2,1.0,0,6,6,3,0,1,0,1,6,33,1,
22023,1629622,22300561,"JAN 15, 2024",CLE vs. CHI,W,35,1,8,0.125,0,6,0.0,0,0,0.0,1,4,5,4,0,1,2,2,2,19,1,
22023,1629622,22300527,"JAN 11, 2024",CLE vs. BKN,W,7,0,2,0.0,0,2,0.0,0,0,0.0,0,0,0,0,0,0,0,0,0,8,1,
22023,1629622,22300497,"JAN 07, 2024",CLE vs. SAS,W,37,3,11,0.273,2,9,0.222,0,0,0.0,1,4,5,4,2,0,2,2,8,-9,1,
22023,1629622,22300482,"JAN 05, 2024",CLE vs. WAS,W,30,4,6,0.667,1,3,0.333,0,0,0.0,0,5,5,3,0,0,3,1,9,10,1,
22023,1629622,22300465,"JAN 03, 2024",CLE vs. WAS,W,28,9,13,0.692,6,8,0.75,0,0,0.0,2,2,4,3,1,1,1,4,24,32,1,
22023,1629622,22300452,"JAN 01, 2024",CLE @ TOR,L,37,2,7,0.286,2,5,0.4,0,0,0.0,0,6,6,3,1,1,3,4,6,9,1,
22023,1629622,22300433,"DEC 29, 2023",CLE vs. MIL,L,36,5,18,0.278,2,11,0.182,0,0,0.0,1,3,4,2,4,2,1,3,12,-5,1,
22023,1629622,22300420,"DEC 27, 2023",CLE @ DAL,W,34,3,10,0.3,2,8,0.25,0,0,0.0,1,4,5,6,1,1,2,3,8,4,1,
22023,1629622,22300396,"DEC 23, 2023",CLE @ CHI,W,41,9,22,0.409,5,17,0.294,3,3,1.0,0,1,1,7,2,1,3,2,26,14,1,
22023,1629622,22300375,"DEC 21, 2023",CLE vs. NOP,L,33,4,16,0.25,2,12,0.167,3,5,0.6,0,3,3,5,0,0,3,2,13,-15,1,
22023,1629622,22300364,"DEC 20, 2023",CLE vs. UTA,W,33,6,15,0.4,6,12,0.5,0,0,0.0,1,3,4,4,0,0,5,3,18,-5,1,
22023,1629622,22300349,"DEC 18, 2023",CLE vs. HOU,W,34,5,13,0.385,3,9,0.333,4,5,0.8,0,3,3,2,0,0,0,3,17,2,1,
22023,1629622,22300336,"DEC 16, 2023",CLE vs. ATL,W,34,4,13,0.308,1,8,0.125,2,2,1.0,1,5,6,5,1,1,1,2,11,12,1,
22023,1629622,22300319,"DEC 14, 2023",CLE @ BOS,L,31,2,5,0.4,1,4,0.25,0,0,0.0,2,2,4,2,0,0,1,5,5,-4,1,
22023,1629622,22300305,"DEC 12, 2023",CLE @ BOS,L,37,6,15,0.4,5,11,0.455,0,0,0.0,0,9,9,3,0,0,1,4,17,1,1,
22023,1629622,22300294,"DEC 11, 2023",CLE @ ORL,L,26,1,9,0.111,0,5,0.0,4,6,0.667,1,1,2,3,1,0,3,4,6,0,1,
22023,1629622,22301220,"DEC 08, 2023",CLE @ MIA,W,34,4,17,0.235,2,11,0.182,1,1,1.0,2,5,7,1,1,0,0,3,11,18,1,
22023,1629622,22301205,"DEC 06, 2023",CLE vs. ORL,W,31,5,10,0.5,4,8,0.5,3,4,0.75,1,4,5,6,1,0,1,5,17,4,1,
22023,1629622,22300283,"DEC 02, 2023",CLE @ DET,W,38,9,16,0.563,4,10,0.4,0,0,0.0,0,5,5,5,1,0,1,4,22,10,1,
22023,1629622,22300265,"NOV 30, 2023",CLE vs. POR,L,36,4,11,0.364,1,6,0.167,0,0,0.0,0,3,3,3,2,0,2,6,9,-10,1,
22023,1629622,22300055,"NOV 28, 2023",CLE vs. ATL,W,35,4,11,0.364,3,7,0.429,0,0,0.0,2,1,3,7,2,2,0,2,11,30,1,
22023,1629622,22300251,"NOV 26, 2023",CLE vs. TOR,W,37,8,16,0.5,4,9,0.444,0,0,0.0,1,10,11,5,0,1,2,4,20,-4,1,
22023,1629622,22300242,"NOV 25, 2023",CLE vs. LAL,L,34,5,11,0.455,3,7,0.429,0,0,0.0,0,4,4,2,1,0,3,2,13,-19,1,
22023,1629622,22300229,"NOV 22, 2023",CLE vs. MIA,L,25,2,6,0.333,2,4,0.5,0,0,0.0,0,3,3,3,0,1,2,0,6,-11,1,
22023,1629622,22300040,"NOV 21, 2023",CLE @ PHI,W,44,7,15,0.467,5,10,0.5,1,2,0.5,2,3,5,6,2,1,2,5,20,-4,1,
22023,1629622,22300210,"NOV 19, 2023",CLE vs. DEN,W,32,3,7,0.429,2,6,0.333,3,4,0.75,1,5,6,5,0,1,3,3,11,14,1,
22023,1629622,22300030,"NOV 17, 2023",CLE vs. DET,W,39,7,15,0.467,4,8,0.5,0,0,0.0,1,6,7,3,4,1,2,1,18,9,1,
22023,1629622,22300199,"NOV 15, 2023",CLE @ POR,W,37,5,12,0.417,1,7,0.143,3,3,1.0,1,2,3,7,1,0,5,3,14,25,1,
22023,1629622,22300191,"NOV 13, 2023",CLE @ SAC,L,34,7,12,0.583,5,9,0.556,0,0,0.0,2,3,5,4,1,0,1,3,19,10,1,
22023,1629622,22300176,"NOV 11, 2023",CLE @ GSW,W,33,6,9,0.667,2,3,0.667,2,2,1.0,1,7,8,4,1,0,0,2,16,6,1,
22023,1629622,22300167,"NOV 08, 2023",CLE @ OKC,L,32,4,7,0.571,4,6,0.667,0,0,0.0,2,5,7,3,0,1,0,2,12,-5,1,
22023,1629622,22300142,"NOV 05, 2023",CLE vs. GSW,W,36,6,13,0.462,3,10,0.3,0,0,0.0,0,4,4,4,1,0,0,3,15,4,1,
22023,1629622,22300001,"NOV 03, 2023",CLE @ IND,L,28,4,9,0.444,1,6,0.167,1,2,0.5,0,1,1,0,1,1,1,2,10,3,1,
22023,1629622,22300120,"NOV 01, 2023",CLE @ NYK,W,35,3,9,0.333,0,5,0.0,3,3,1.0,0,4,4,4,0,2,5,3,9,3,1,
22023,1629622,22300112,"OCT 31, 2023",CLE vs. NYK,L,33,2,9,0.222,1,7,0.143,1,2,0.5,0,3,3,3,0,0,0,2,6,-12,1,
22023,1629622,22300091,"OCT 28, 2023",CLE vs. IND,L,42,7,20,0.35,4,9,0.444,3,3,1.0,1,10,11,6,0,0,1,2,21,-5,1,
22023,1629622,22300081,"OCT 27, 2023",CLE vs. OKC,L,38,3,14,0.214,2,11,0.182,0,0,0.0,0,5,5,4,2,1,2,1,8,8,1,
22023,1629622,22300067,"OCT 25, 2023",CLE @ BKN,W,39,9,17,0.529,7,13,0.538,2,2,1.0,0,12,12,2,1,1,0,4,27,13,1,
22023,1629626,22300787,"FEB 14, 2024",PHX vs. DET,W,14,4,5,0.8,1,1,1.0,0,0,0.0,1,4,5,1,0,2,0,2,9,3,1,
22023,1629626,22300774,"FEB 13, 2024",PHX vs. SAC,W,2,0,1,0.0,0,1,0.0,0,0,0.0,0,0,0,0,0,0,0,0,0,-8,1,
22023,1629626,22300757,"FEB 10, 2024",PHX @ GSW,L,9,1,2,0.5,0,0,0.0,1,1,1.0,0,2,2,1,0,0,0,0,3,2,1,
22023,1629626,22300739,"FEB 08, 2024",PHX vs. UTA,W,14,3,5,0.6,0,2,0.0,0,0,0.0,0,1,1,0,0,2,0,3,6,-5,1,
22023,1629626,22300725,"FEB 06, 2024",PHX vs. MIL,W,17,2,3,0.667,0,1,0.0,0,0,0.0,0,6,6,1,0,1,1,2,4,8,1,
22023,1629626,22300705,"FEB 04, 2024",PHX @ WAS,W,15,4,7,0.571,0,2,0.0,0,0,0.0,2,5,7,0,1,0,2,0,8,14,1,
22023,1629626,22300531,"JAN 11, 2024",PHX @ LAL,W,17,2,3,0.667,0,0,0.0,2,2,1.0,2,4,6,2,2,2,0,1,6,9,1,
22023,1629626,22300489,"JAN 05, 2024",PHX vs. MIA,W,10,2,2,1.0,0,0,0.0,0,1,0.0,1,2,3,1,0,1,0,1,4,0,1,
22023,1629626,22300473,"JAN 03, 2024",PHX vs. LAC,L,19,6,7,0.857,2,2,1.0,0,0,0.0,3,2,5,2,1,0,2,2,14,8,1,
22023,1629626,22300456,"JAN 01, 2024",PHX vs. POR,W,20,4,6,0.667,1,2,0.5,2,2,1.0,2,7,9,1,0,0,2,5,11,10,1,
22023,1629626,22300418,"DEC 27, 2023",PHX @ HOU,W,2,0,0,0.0,0,0,0.0,0,0,0.0,0,0,0,0,0,2,0,0,0,-2,1,
22023,1629626,22300387,"DEC 22, 2023",PHX @ SAC,L,3,1,2,0.5,0,0,0.0,0,0,0.0,1,0,1,0,0,0,0,0,2,4,1,
22023,1629626,22300333,"DEC 15, 2023",PHX vs. NYK,L,2,1,1,1.0,0,0,0.0,0,0,0.0,0,0,0,0,0,0,0,0,2,2,1,
22023,1629626,22300308,"DEC 12, 2023",PHX vs. GSW,W,5,0,1,0.0,0,1,0.0,0,0,0.0,0,2,2,0,0,0,0,1,0,-16,1,
22023,1629626,22301228,"DEC 08, 2023",PHX vs. SAC,L,1,0,0,0.0,0,0,0.0,0,0,0.0,0,0,0,0,0,0,0,0,0,4,1,
22023,1629626,22300162,"NOV 08, 2023",PHX @ CHI,W,0,0,0,0.0,0,0,0.0,0,0,0.0,0,0,0,0,0,0,0,0,0,0,1,
22023,1629626,22300140,"NOV 05, 2023",PHX @ DET,W,3,1,1,1.0,0,0,0.0,0,0,0.0,0,0,0,0,0,0,0,0,2,-5,1,
22023,1629626,22300094,"OCT 28, 2023",PHX vs. UTA,W,4,0,0,0.0,0,0,0.0,0,0,0.0,0,1,1,0,0,1,2,0,0,-4,1,
22023,1629628,22300782,"FEB 14, 2024",TOR vs. IND,L,34,9,17,0.529,1,3,0.333,4,8,0.5,3,6,9,3,1,1,3,1,23,-13,1,
22023,1629628,22300764,"FEB 12, 2024",TOR vs. SAS,L,24,6,10,0.6,0,2,0.0,1,2,0.5,2,3,5,2,1,0,4,3,13,-30,1,
22023,1629628,22300756,"FEB 10, 2024",TOR vs. CLE,L,33,5,14,0.357,0,2,0.0,4,7,0.571,2,5,7,1,1,0,2,0,14,-12,1,
22023,1629628,22300744,"FEB 09, 2024",TOR vs. HOU,W,36,8,12,0.667,1,3,0.333,4,5,0.8,1,4,5,7,1,0,2,2,21,8,1,
22023,1629628,22300726,"FEB 07, 2024",TOR @ CHA,W,33,9,15,0.6,4,6,0.667,1,1,1.0,0,6,6,5,0,1,1,4,23,0,1,
22023,1629628,22300710,"FEB 04, 2024",TOR @ OKC,L,43,9,16,0.563,2,5,0.4,3,4,0.75,1,6,7,4,1,1,4,3,23,-13,1,
22023,1629628,22300637,"JAN 26, 2024",TOR vs. LAC,L,36,9,19,0.474,0,2,0.0,4,8,0.5,2,4,6,4,1,0,3,1,22,-27,1,
22023,1629628,22300609,"JAN 22, 2024",TOR vs. MEM,L,37,12,18,0.667,0,2,0.0,5,6,0.833,1,8,9,1,0,1,2,3,29,-9,1,
22023,1629628,22300596,"JAN 20, 2024",TOR @ NYK,L,29,8,15,0.533,1,3,0.333,3,9,0.333,2,6,8,4,1,0,0,2,20,-14,1,
22023,1629628,22300580,"JAN 18, 2024",TOR vs. CHI,L,35,6,16,0.375,1,6,0.167,4,5,0.8,0,4,4,6,1,0,1,2,17,-5,1,
22023,1629628,22300574,"JAN 17, 2024",TOR vs. MIA,W,36,9,14,0.643,1,3,0.333,7,13,0.538,3,5,8,3,0,0,0,1,26,20,1,
22023,1629628,22300563,"JAN 15, 2024",TOR vs. BOS,L,36,11,19,0.579,0,4,0.0,2,3,0.667,0,9,9,4,0,0,0,4,24,-4,1,
22023,1629628,22300540,"JAN 12, 2024",TOR @ UTA,L,30,2,9,0.222,0,2,0.0,0,0,0.0,0,7,7,2,1,3,2,4,4,-16,1,
22023,1629628,22300526,"JAN 10, 2024",TOR @ LAC,L,37,10,16,0.625,4,6,0.667,0,0,0.0,1,4,5,4,0,0,4,4,24,0,1,
22023,1629628,22300516,"JAN 09, 2024",TOR @ LAL,L,35,10,13,0.769,1,3,0.333,2,3,0.667,1,9,10,5,2,0,3,4,23,10,1,
22023,1629628,22300504,"JAN 07, 2024",TOR @ GSW,W,36,13,20,0.65,5,8,0.625,6,8,0.75,0,6,6,6,1,0,0,3,37,26,1,
22023,1629628,22300492,"JAN 05, 2024",TOR @ SAC,L,27,4,8,0.5,2,4,0.5,4,4,1.0,1,3,4,2,0,1,0,2,14,-19,1,
22023,1629628,22300470,"JAN 03, 2024",TOR @ MEM,W,33,5,12,0.417,2,5,0.4,2,3,0.667,0,7,7,3,1,0,3,3,14,-2,1,
22023,1629628,22300452,"JAN 01, 2024",TOR vs. CLE,W,29,6,12,0.5,1,2,0.5,6,8,0.75,3,6,9,1,0,0,5,5,19,-7,1,
22023,1629628,22300429,"DEC 29, 2023",NYK @ ORL,L,37,7,17,0.412,1,5,0.2,4,5,0.8,2,4,6,2,1,0,2,4,19,-22,1,
22023,1629628,22300419,"DEC 27, 2023",NYK @ OKC,L,30,5,14,0.357,1,7,0.143,3,6,0.5,0,4,4,4,0,0,5,5,14,-9,1,
22023,1629628,22300401,"DEC 25, 2023",NYK vs. MIL,W,28,8,14,0.571,2,5,0.4,3,4,0.75,1,5,6,1,1,0,3,3,21,-6,1,
22023,1629628,22300388,"DEC 23, 2023",NYK vs. MIL,L,29,5,17,0.294,2,5,0.4,1,2,0.5,1,6,7,1,0,1,1,1,13,-8,1,
22023,1629628,22300368,"DEC 20, 2023",NYK @ BKN,W,27,5,11,0.455,0,1,0.0,4,4,1.0,0,5,5,2,1,1,2,2,14,13,1,
22023,1629628,22300359,"DEC 18, 2023",NYK @ LAL,W,30,3,10,0.3,0,2,0.0,6,6,1.0,1,4,5,4,0,1,1,2,12,-7,1,
22023,1629628,22300343,"DEC 16, 2023",NYK @ LAC,L,28,7,15,0.467,2,7,0.286,2,2,1.0,1,4,5,0,0,1,1,1,18,-30,1,
22023,1629628,22300333,"DEC 15, 2023",NYK @ PHX,W,29,6,10,0.6,1,2,0.5,8,8,1.0,1,1,2,3,0,1,1,2,21,0,1,
22023,1629628,22300318,"DEC 13, 2023",NYK @ UTA,L,24,3,16,0.188,0,7,0.0,3,4,0.75,1,5,6,2,0,0,0,2,9,-4,1,
22023,1629628,22300297,"DEC 11, 2023",NYK vs. TOR,W,32,11,21,0.524,3,8,0.375,2,4,0.5,0,3,3,2,1,1,1,1,27,1,1,
22023,1629628,22301227,"DEC 08, 2023",NYK @ BOS,L,31,9,16,0.563,2,5,0.4,3,4,0.75,1,2,3,3,1,0,0,0,23,-12,1,
22023,1629628,22301201,"DEC 05, 2023",NYK @ MIL,L,31,7,18,0.389,1,4,0.25,8,8,1.0,3,5,8,1,0,0,2,0,23,-6,1,
22023,1629628,22300276,"DEC 01, 2023",NYK @ TOR,W,27,6,18,0.333,1,6,0.167,2,3,0.667,1,3,4,6,0,0,2,1,15,-5,1,
22023,1629628,22300268,"NOV 30, 2023",NYK vs. DET,W,24,5,12,0.417,1,6,0.167,4,6,0.667,0,1,1,2,0,0,2,2,15,-5,1,
22023,1629628,22300057,"NOV 28, 2023",NYK vs. CHA,W,28,3,13,0.231,1,4,0.25,9,9,1.0,0,3,3,2,1,0,1,1,16,0,1,
22023,1629628,22300247,"NOV 26, 2023",NYK vs. PHX,L,31,3,11,0.273,0,2,0.0,3,4,0.75,0,2,2,1,0,1,0,3,9,-5,1,
22023,1629628,22300045,"NOV 24, 2023",NYK vs. MIA,W,34,7,14,0.5,1,5,0.2,3,3,1.0,0,7,7,1,0,0,3,2,18,9,1,
22023,1629628,22300221,"NOV 20, 2023",NYK @ MIN,L,22,4,13,0.308,3,4,0.75,3,4,0.75,2,5,7,1,1,0,4,5,14,-14,1,
22023,1629628,22300202,"NOV 18, 2023",NYK @ CHA,W,26,5,15,0.333,1,5,0.2,4,5,0.8,0,3,3,3,1,0,1,0,15,16,1,
22023,1629628,22300177,"NOV 12, 2023",NYK vs. CHA,W,31,9,16,0.563,4,6,0.667,2,3,0.667,0,4,4,2,1,1,1,1,24,26,1,
22023,1629628,22300161,"NOV 08, 2023",NYK vs. SAS,W,32,8,17,0.471,5,9,0.556,3,3,1.0,0,2,2,6,1,0,0,2,24,26,1,
22023,1629628,22300151,"NOV 06, 2023",NYK vs. LAC,W,31,9,16,0.563,2,4,0.5,6,6,1.0,1,5,6,4,0,0,5,1,26,13,1,
22023,1629628,22300112,"OCT 31, 2023",NYK @ CLE,W,25,5,13,0.385,3,5,0.6,3,4,0.75,1,2,3,0,0,0,1,2,16,14,1,
22023,1629628,22300090,"OCT 28, 2023",NYK @ NOP,L,30,7,16,0.438,1,6,0.167,3,4,0.75,0,3,3,2,0,1,3,0,18,-15,1,
22023,1629628,22300079,"OCT 27, 2023",NYK @ ATL,W,34,9,15,0.6,3,5,0.6,5,6,0.833,1,2,3,6,1,0,3,2,26,6,1,
22023,1629628,22300065,"OCT 25, 2023",NYK vs. BOS,L,36,8,20,0.4,2,5,0.4,6,7,0.857,1,2,3,2,1,0,2,0,24,6,1,
22023,1629629,22300618,"JAN 23, 2024",LAL @ LAC,L,16,3,5,0.6,2,4,0.5,1,4,0.25,0,0,0,1,1,3,1,1,9,-1,1,
22023,1629629,22300605,"JAN 21, 2024",LAL vs. POR,W,21,5,8,0.625,0,2,0.0,0,0,0.0,0,4,4,1,2,0,0,2,10,10,1,
22023,1629629,22300549,"JAN 13, 2024",LAL @ UTA,L,11,0,1,0.0,0,1,0.0,0,0,0.0,0,1,1,0,0,0,0,0,0,3,1,
22023,1629629,22300531,"JAN 11, 2024",LAL vs. PHX,L,8,0,1,0.0,0,1,0.0,0,0,0.0,0,0,0,0,0,0,0,1,0,-5,1,
22023,1629629,22300516,"JAN 09, 2024",LAL vs. TOR,W,23,4,7,0.571,4,6,0.667,1,2,0.5,0,1,1,0,1,1,2,1,13,-7,1,
22023,1629629,22300505,"JAN 07, 2024",LAL vs. LAC,W,20,2,6,0.333,2,3,0.667,1,2,0.5,1,3,4,1,2,0,5,1,7,-8,1,
22023,1629629,22300491,"JAN 05, 2024",LAL vs. MEM,L,32,3,8,0.375,2,3,0.667,0,0,0.0,1,1,2,0,1,0,0,0,8,-20,1,
22023,1629629,22300475,"JAN 03, 2024",LAL vs. MIA,L,19,0,1,0.0,0,1,0.0,0,0,0.0,0,0,0,1,0,0,4,2,0,-7,1,
22023,1629629,22300443,"DEC 30, 2023",LAL @ MIN,L,22,2,7,0.286,0,1,0.0,0,0,0.0,1,2,3,4,0,0,0,0,4,1,1,
22023,1629629,22300403,"DEC 25, 2023",LAL vs. BOS,L,18,1,2,0.5,1,1,1.0,2,2,1.0,0,0,0,0,0,0,2,2,5,-12,1,
22023,1629629,22300397,"DEC 23, 2023",LAL @ OKC,W,28,2,7,0.286,0,4,0.0,0,0,0.0,1,3,4,7,1,0,0,2,4,13,1,
22023,1629629,22300380,"DEC 21, 2023",LAL @ MIN,L,37,3,8,0.375,0,2,0.0,2,2,1.0,1,0,1,2,1,0,1,1,8,-6,1,
22023,1629629,22300370,"DEC 20, 2023",LAL @ CHI,L,28,5,14,0.357,3,8,0.375,0,0,0.0,1,3,4,2,2,0,1,1,13,-1,1,
22023,1629629,22300359,"DEC 18, 2023",LAL vs. NYK,L,27,2,9,0.222,0,4,0.0,0,0,0.0,1,1,2,1,3,0,0,5,4,-6,1,
22023,1629629,22300316,"DEC 13, 2023",LAL @ SAS,W,24,4,7,0.571,2,3,0.667,0,0,0.0,0,2,2,3,3,1,1,0,10,12,1,
22023,1629629,22300306,"DEC 12, 2023",LAL @ DAL,L,22,2,4,0.5,0,0,0.0,0,0,0.0,1,2,3,2,0,1,2,3,4,-10,1,
22023,1629629,22301230,"DEC 07, 2023",LAL vs. NOP,W,23,3,6,0.5,1,2,0.5,2,2,1.0,2,3,5,2,0,0,1,1,9,31,1,
22023,1629629,22301203,"DEC 05, 2023",LAL vs. PHX,W,30,0,4,0.0,0,2,0.0,4,4,1.0,1,1,2,1,1,0,0,4,4,-7,1,
22023,1629629,22300291,"DEC 02, 2023",LAL vs. HOU,W,24,4,7,0.571,0,1,0.0,3,3,1.0,1,4,5,1,0,1,0,3,11,-1,1,
22023,1629629,22300258,"NOV 29, 2023",LAL @ DET,W,20,0,3,0.0,0,2,0.0,0,0,0.0,0,3,3,2,0,0,1,2,0,13,1,
22023,1629629,22300042,"NOV 21, 2023",LAL vs. UTA,W,5,0,0,0.0,0,0,0.0,0,0,0.0,0,0,0,0,0,0,0,1,0,4,1,
22023,1629629,22300216,"NOV 19, 2023",LAL vs. HOU,W,39,3,9,0.333,1,5,0.2,0,0,0.0,0,3,3,3,3,0,1,2,7,13,1,
22023,1629629,22300036,"NOV 17, 2023",LAL @ POR,W,31,2,4,0.5,1,2,0.5,3,4,0.75,1,1,2,1,3,1,1,0,8,1,1,
22023,1629629,22300198,"NOV 15, 2023",LAL vs. SAC,L,32,7,14,0.5,2,5,0.4,0,0,0.0,0,2,2,0,5,0,1,1,16,0,1,
22023,1629629,22300026,"NOV 14, 2023",LAL vs. MEM,W,25,3,7,0.429,3,5,0.6,1,2,0.5,0,1,1,2,0,0,0,2,10,16,1,
22023,1629629,22300187,"NOV 12, 2023",LAL vs. POR,W,38,7,10,0.7,1,3,0.333,3,3,1.0,1,6,7,2,3,1,1,1,18,10,1,
22023,1629629,22300015,"NOV 10, 2023",LAL @ PHX,W,28,5,10,0.5,5,8,0.625,2,2,1.0,1,2,3,0,3,0,0,3,17,7,1,
22023,1629629,22300163,"NOV 08, 2023",LAL @ HOU,L,25,2,7,0.286,0,3,0.0,3,4,0.75,0,1,1,0,3,0,0,0,7,-20,1,
22023,1629629,22300150,"NOV 06, 2023",LAL @ MIA,L,29,2,5,0.4,0,0,0.0,3,4,0.75,2,2,4,2,1,0,2,0,7,-4,1,
22023,1629629,22300134,"NOV 04, 2023",LAL @ ORL,L,24,1,5,0.2,0,1,0.0,0,0,0.0,0,3,3,0,0,0,1,4,2,-15,1,
22023,1629629,22300127,"NOV 01, 2023",LAL vs. LAC,W,37,2,7,0.286,1,5,0.2,3,4,0.75,0,4,4,4,3,1,0,5,8,-4,1,
22023,1629629,22300111,"OCT 30, 2023",LAL vs. ORL,W,14,0,1,0.0,0,1,0.0,0,0,0.0,0,2,2,2,1,0,1,0,0,-3,1,
22023,1629629,22300100,"OCT 29, 2023",LAL @ SAC,L,5,0,2,0.0,0,1,0.0,0,0,0.0,0,1,1,0,0,0,0,0,0,-7,1,
22023,1629629,22300076,"OCT 26, 2023",LAL vs. PHX,W,12,2,5,0.4,0,3,0.0,0,0,0.0,0,1,1,0,0,0,1,2,4,-12,1,
22023,1629629,22300061,"OCT 24, 2023",LAL @ DEN,L,18,2,4,0.5,1,2,0.5,2,2,1.0,2,2,4,0,0,1,0,2,7,7,1,
22023,1629630,22300491,"JAN 05, 2024",MEM @ LAL,W,35,7,17,0.412,3,7,0.429,4,5,0.8,2,5,7,7,1,1,2,3,21,15,1,
22023,1629630,22300470,"JAN 03, 2024",MEM vs. TOR,L,35,10,18,0.556,3,6,0.5,5,6,0.833,1,7,8,9,1,0,2,1,28,-7,1,
22023,1629630,22300460,"JAN 02, 2024",MEM vs. SAS,W,35,7,15,0.467,3,9,0.333,9,12,0.75,0,5,5,10,1,0,4,3,26,-1,1,
22023,1629630,22300449,"DEC 31, 2023",MEM vs. SAC,L,31,4,12,0.333,2,4,0.5,7,8,0.875,0,3,3,3,0,0,0,3,17,-9,1,
22023,1629630,22300438,"DEC 29, 2023",MEM @ LAC,L,37,7,19,0.368,0,7,0.0,5,6,0.833,0,6,6,10,0,0,3,4,19,-19,1,
22023,1629630,22300410,"DEC 26, 2023",MEM @ NOP,W,40,12,24,0.5,1,7,0.143,6,8,0.75,0,4,4,7,1,2,6,2,31,3,1,
22023,1629630,22300393,"DEC 23, 2023",MEM @ ATL,W,36,14,25,0.56,1,3,0.333,1,1,1.0,0,6,6,11,1,1,3,1,30,2,1,
22023,1629630,22300377,"DEC 21, 2023",MEM vs. IND,W,34,7,16,0.438,1,3,0.333,5,6,0.833,0,5,5,8,0,0,2,0,20,15,1,
22023,1629630,22300360,"DEC 19, 2023",MEM @ NOP,W,35,12,24,0.5,0,5,0.0,10,12,0.833,3,3,6,8,2,1,5,2,34,12,1,
22023,1629631,22300777,"FEB 14, 2024",ATL @ CHA,L,28,6,12,0.5,2,4,0.5,7,7,1.0,0,3,3,1,1,0,0,4,21,-4,1,
22023,1629631,22300763,"FEB 12, 2024",ATL vs. CHI,L,28,6,14,0.429,4,7,0.571,7,7,1.0,2,4,6,0,1,2,2,4,23,3,1,
22023,1629631,22300742,"FEB 09, 2024",ATL @ PHI,W,24,3,6,0.5,3,4,0.75,2,2,1.0,0,2,2,2,1,0,3,1,11,-3,1,
22023,1629631,22300729,"FEB 07, 2024",ATL @ BOS,L,23,3,9,0.333,1,4,0.25,3,3,1.0,0,1,1,1,0,0,1,3,10,-13,1,
22023,1629631,22300716,"FEB 05, 2024",ATL vs. LAC,L,19,10,12,0.833,3,5,0.6,4,5,0.8,2,5,7,3,0,0,0,2,27,3,1,
22023,1629631,22300699,"FEB 03, 2024",ATL vs. GSW,W,16,2,5,0.4,0,2,0.0,2,5,0.4,0,1,1,0,1,0,0,1,6,-5,1,
22023,1629631,22300669,"JAN 30, 2024",ATL vs. LAL,W,16,2,5,0.4,2,5,0.4,0,0,0.0,0,1,1,1,0,0,2,0,6,1,1,
22023,1629631,22300371,"DEC 20, 2023",ATL @ HOU,W,28,5,10,0.5,1,4,0.25,0,0,0.0,0,1,1,3,0,0,0,2,11,-19,1,
22023,1629631,22300352,"DEC 18, 2023",ATL vs. DET,W,29,7,15,0.467,5,6,0.833,0,0,0.0,1,5,6,2,1,2,4,5,19,9,1,
22023,1629631,22300336,"DEC 16, 2023",ATL @ CLE,L,26,5,7,0.714,2,2,1.0,6,6,1.0,0,2,2,0,1,0,0,1,18,-3,1,
22023,1629631,22301218,"DEC 08, 2023",ATL @ PHI,L,37,9,18,0.5,4,7,0.571,2,2,1.0,1,6,7,1,0,0,3,2,24,-13,1,
22023,1629631,22301209,"DEC 06, 2023",ATL vs. BKN,L,36,6,15,0.4,1,3,0.333,1,1,1.0,0,4,4,2,0,0,1,1,14,3,1,
22023,1629631,22300286,"DEC 02, 2023",ATL @ MIL,L,31,3,10,0.3,0,2,0.0,6,6,1.0,0,1,1,0,2,0,2,2,12,6,1,
22023,1629631,22300272,"NOV 30, 2023",ATL @ SAS,W,22,3,8,0.375,2,4,0.5,4,4,1.0,0,6,6,2,1,0,3,6,12,-5,1,
22023,1629631,22300055,"NOV 28, 2023",ATL @ CLE,L,26,5,12,0.417,1,6,0.167,7,7,1.0,0,4,4,2,0,0,0,4,18,-18,1,
22023,1629631,22300246,"NOV 26, 2023",ATL @ BOS,L,40,7,14,0.5,5,11,0.455,5,5,1.0,0,4,4,2,1,1,2,4,24,-11,1,
22023,1629631,22300241,"NOV 25, 2023",ATL @ WAS,W,31,7,11,0.636,3,5,0.6,3,3,1.0,1,3,4,0,2,0,2,4,20,21,1,
22023,1629631,22300227,"NOV 22, 2023",ATL vs. BKN,W,39,8,16,0.5,2,7,0.286,7,7,1.0,3,8,11,0,1,2,1,3,25,-3,1,
22023,1629631,22300039,"NOV 21, 2023",ATL vs. IND,L,27,3,7,0.429,1,2,0.5,0,0,0.0,2,2,4,1,1,0,3,2,7,-11,1,
22023,1629631,22300029,"NOV 17, 2023",ATL vs. PHI,L,18,4,7,0.571,1,2,0.5,0,0,0.0,0,1,1,0,0,0,0,1,9,-10,1,
22023,1629631,22300193,"NOV 15, 2023",ATL vs. NYK,L,26,2,7,0.286,1,3,0.333,0,0,0.0,1,1,2,1,0,0,1,3,5,-12,1,
22023,1629631,22300018,"NOV 14, 2023",ATL @ DET,W,35,6,14,0.429,2,5,0.4,2,3,0.667,2,3,5,5,1,0,1,3,16,2,1,
22023,1629631,22300175,"NOV 11, 2023",ATL vs. MIA,L,36,4,11,0.364,0,4,0.0,2,2,1.0,0,5,5,2,1,1,3,4,10,-9,1,
22023,1629631,22300172,"NOV 09, 2023",ATL @ ORL,W,26,3,9,0.333,2,5,0.4,4,5,0.8,0,0,0,1,1,1,2,4,12,6,1,
22023,1629631,22300155,"NOV 06, 2023",ATL @ OKC,L,33,2,13,0.154,1,7,0.143,3,4,0.75,0,2,2,0,0,0,0,2,8,-3,1,
22023,1629631,22300135,"NOV 04, 2023",ATL @ NOP,W,30,1,3,0.333,1,2,0.5,1,2,0.5,1,4,5,1,0,1,2,3,4,17,1,
22023,1629631,22300117,"NOV 01, 2023",ATL vs. WAS,W,33,8,16,0.5,2,7,0.286,5,6,0.833,0,7,7,3,2,0,5,5,23,3,1,
22023,1629631,22300104,"OCT 30, 2023",ATL vs. MIN,W,30,6,10,0.6,3,5,0.6,1,2,0.5,0,4,4,2,1,0,0,0,16,4,1,
22023,1629631,22300097,"OCT 29, 2023",ATL @ MIL,W,24,6,10,0.6,2,4,0.5,1,1,1.0,1,2,3,1,4,0,2,3,15,17,1,
22023,1629631,22300079,"OCT 27, 2023",ATL vs. NYK,L,32,8,13,0.615,3,7,0.429,8,8,1.0,0,6,6,1,0,1,0,3,27,-1,1,
22023,1629631,22300063,"OCT 25, 2023",ATL @ CHA,L,31,4,9,0.444,1,4,0.25,0,1,0.0,2,2,4,1,0,0,0,6,9,-13,1,
22023,1629636,22300781,"FEB 14, 2024",CLE vs. CHI,W,31,4,10,0.4,2,5,0.4,2,2,1.0,0,1,1,7,1,0,2,1,12,0,1,
22023,1629636,22300762,"FEB 12, 2024",CLE vs. PHI,L,31,9,16,0.563,3,8,0.375,0,0,0.0,0,0,0,9,1,0,0,0,21,-8,1,
22023,1629636,22300756,"FEB 10, 2024",CLE @ TOR,W,29,4,11,0.364,1,5,0.2,2,2,1.0,1,2,3,8,1,0,2,0,11,14,1,
22023,1629636,22300735,"FEB 08, 2024",CLE @ BKN,W,29,6,10,0.6,0,3,0.0,2,2,1.0,0,0,0,7,1,0,2,2,14,23,1,
22023,1629636,22300728,"FEB 07, 2024",CLE @ WAS,W,28,4,12,0.333,1,5,0.2,4,4,1.0,0,0,0,4,0,0,3,0,13,9,1,
22023,1629636,22300714,"FEB 05, 2024",CLE vs. SAC,W,28,4,7,0.571,2,4,0.5,1,1,1.0,1,1,2,5,0,0,2,1,11,4,1,
22023,1629636,22300703,"FEB 03, 2024",CLE @ SAS,W,23,1,3,0.333,0,2,0.0,2,2,1.0,0,3,3,4,1,0,3,2,4,-1,1,
22023,1629636,22300687,"FEB 01, 2024",CLE @ MEM,W,24,4,10,0.4,1,3,0.333,0,0,0.0,0,2,2,7,1,0,3,0,9,2,1,
22023,1629636,22300675,"JAN 31, 2024",CLE vs. DET,W,20,7,12,0.583,2,6,0.333,3,3,1.0,0,0,0,3,2,0,1,1,19,-16,1,
22023,1629636,22300319,"DEC 14, 2023",CLE @ BOS,L,36,8,19,0.421,3,7,0.429,0,0,0.0,1,1,2,3,2,0,5,2,19,-11,1,
22023,1629636,22300305,"DEC 12, 2023",CLE @ BOS,L,38,11,23,0.478,4,8,0.5,0,0,0.0,0,2,2,7,1,0,2,1,26,-3,1,
22023,1629636,22300294,"DEC 11, 2023",CLE @ ORL,L,39,11,23,0.478,3,9,0.333,11,12,0.917,1,5,6,5,2,0,3,0,36,6,1,
22023,1629636,22301220,"DEC 08, 2023",CLE @ MIA,W,26,6,11,0.545,1,4,0.25,5,7,0.714,0,2,2,6,4,0,2,4,18,20,1,
22023,1629636,22301205,"DEC 06, 2023",CLE vs. ORL,W,40,10,18,0.556,1,4,0.25,5,5,1.0,2,1,3,9,0,0,0,1,26,8,1,
22023,1629636,22300283,"DEC 02, 2023",CLE @ DET,W,34,9,23,0.391,2,7,0.286,2,3,0.667,0,2,2,5,3,1,2,1,22,13,1,
22023,1629636,22300265,"NOV 30, 2023",CLE vs. POR,L,37,6,18,0.333,2,8,0.25,1,1,1.0,1,3,4,7,1,0,8,0,15,2,1,
22023,1629636,22300055,"NOV 28, 2023",CLE vs. ATL,W,38,7,15,0.467,2,5,0.4,3,4,0.75,1,1,2,8,2,0,2,1,19,22,1,
22023,1629636,22300251,"NOV 26, 2023",CLE vs. TOR,W,41,10,16,0.625,3,6,0.5,1,1,1.0,0,2,2,8,0,0,5,2,24,12,1,
22023,1629636,22300242,"NOV 25, 2023",CLE vs. LAL,L,14,2,6,0.333,0,1,0.0,2,2,1.0,0,1,1,3,1,0,2,1,6,-3,1,
22023,1629636,22300229,"NOV 22, 2023",CLE vs. MIA,L,27,6,11,0.545,1,2,0.5,1,2,0.5,0,1,1,3,1,0,3,3,14,-24,1,
22023,1629636,22300040,"NOV 21, 2023",CLE @ PHI,W,43,10,25,0.4,2,6,0.333,10,11,0.909,1,4,5,8,3,0,4,1,32,4,1,
22023,1629636,22300210,"NOV 19, 2023",CLE vs. DEN,W,33,10,16,0.625,2,4,0.5,4,5,0.8,0,3,3,6,1,1,4,0,26,18,1,
22023,1629636,22300030,"NOV 17, 2023",CLE vs. DET,W,34,10,19,0.526,2,5,0.4,6,8,0.75,1,2,3,3,0,0,5,1,28,-6,1,
22023,1629636,22300191,"NOV 13, 2023",CLE @ SAC,L,34,5,14,0.357,3,8,0.375,3,4,0.75,0,3,3,6,0,0,1,1,16,-14,1,
22023,1629636,22300176,"NOV 11, 2023",CLE @ GSW,W,36,6,13,0.462,3,5,0.6,4,6,0.667,2,4,6,4,5,0,4,2,19,5,1,
22023,1629636,22300167,"NOV 08, 2023",CLE @ OKC,L,36,7,11,0.636,1,3,0.333,0,1,0.0,1,2,3,9,2,1,8,4,15,-1,1,
22023,1629636,22300142,"NOV 05, 2023",CLE vs. GSW,W,30,6,17,0.353,0,5,0.0,12,13,0.923,0,3,3,7,0,0,6,3,24,15,1,
22023,1629636,22300001,"NOV 03, 2023",CLE @ IND,L,32,5,11,0.455,0,2,0.0,4,4,1.0,0,0,0,6,2,1,4,1,14,-10,1,
22023,1629636,22300067,"OCT 25, 2023",CLE @ BKN,W,32,6,12,0.5,1,5,0.2,2,2,1.0,1,1,2,5,2,0,6,2,15,6,1,
22023,1629637,22300788,"FEB 14, 2024",LAL @ UTA,W,12,2,2,1.0,0,0,0.0,0,0,0.0,0,0,0,1,2,0,0,1,4,-2,1,
22023,1629637,22300776,"FEB 13, 2024",LAL vs. DET,W,13,0,0,0.0,0,0,0.0,2,2,1.0,0,7,7,1,1,1,1,1,2,5,1,
22023,1629637,22300747,"FEB 09, 2024",LAL vs. NOP,W,17,3,4,0.75,0,0,0.0,0,0,0.0,3,5,8,0,2,1,0,1,6,17,1,
22023,1629637,22300740,"FEB 08, 2024",LAL vs. DEN,L,17,4,6,0.667,0,1,0.0,1,2,0.5,5,1,6,1,1,2,0,1,9,-4,1,
22023,1629637,22300713,"FEB 05, 2024",LAL @ CHA,W,11,0,1,0.0,0,0,0.0,0,0,0.0,1,2,3,0,1,0,0,1,0,-10,1,
22023,1629637,22300701,"FEB 03, 2024",LAL @ NYK,W,13,3,3,1.0,0,0,0.0,4,5,0.8,0,1,1,3,1,0,0,0,10,1,1,
22023,1629637,22300684,"FEB 01, 2024",LAL @ BOS,W,34,6,8,0.75,0,0,0.0,4,5,0.8,6,4,10,2,3,0,0,0,16,3,1,
22023,1629637,22300669,"JAN 30, 2024",LAL @ ATL,L,24,3,4,0.75,0,0,0.0,0,0,0.0,1,5,6,1,4,1,2,4,6,-11,1,
22023,1629637,22300662,"JAN 29, 2024",LAL @ HOU,L,14,4,4,1.0,0,0,0.0,1,1,1.0,1,1,2,0,1,1,1,2,9,4,1,
22023,1629637,22300618,"JAN 23, 2024",LAL @ LAC,L,1,0,0,0.0,0,0,0.0,0,0,0.0,0,0,0,0,0,0,0,0,0,0,1,
22023,1629637,22300605,"JAN 21, 2024",LAL vs. POR,W,4,2,2,1.0,0,0,0.0,0,0,0.0,0,1,1,0,0,0,0,2,4,1,1,
22023,1629637,22300591,"JAN 19, 2024",LAL vs. BKN,L,3,0,1,0.0,0,1,0.0,0,0,0.0,0,0,0,0,0,0,0,0,0,0,1,
22023,1629637,22300577,"JAN 17, 2024",LAL vs. DAL,W,5,0,1,0.0,0,0,0.0,0,0,0.0,0,0,0,1,1,0,0,1,0,-6,1,
22023,1629637,22300531,"JAN 11, 2024",LAL vs. PHX,L,13,3,3,1.0,0,0,0.0,0,0,0.0,1,1,2,1,0,2,2,6,6,1,1,
22023,1629637,22300475,"JAN 03, 2024",LAL vs. MIA,L,1,0,0,0.0,0,0,0.0,0,0,0.0,0,0,0,0,0,0,0,0,0,0,1,
22023,1629637,22300446,"DEC 31, 2023",LAL @ NOP,L,10,0,1,0.0,0,0,0.0,0,0,0.0,0,2,2,0,0,0,0,2,0,-6,1,
22023,1629637,22300428,"DEC 28, 2023",LAL vs. CHA,W,7,5,7,0.714,0,0,0.0,0,0,0.0,1,1,2,0,0,0,0,0,10,-2,1,
22023,1629637,22300403,"DEC 25, 2023",LAL vs. BOS,L,9,0,1,0.0,0,0,0.0,0,2,0.0,0,1,1,0,0,0,0,0,0,-5,1,
22023,1629637,22300397,"DEC 23, 2023",LAL @ OKC,W,6,0,0,0.0,0,0,0.0,0,0,0.0,0,0,0,1,0,0,0,0,0,6,1,
22023,1629637,22300380,"DEC 21, 2023",LAL @ MIN,L,11,1,1,1.0,0,0,0.0,1,1,1.0,1,2,3,1,0,0,1,2,3,-8,1,
22023,1629637,22300370,"DEC 20, 2023",LAL @ CHI,L,1,1,1,1.0,0,0,0.0,0,0,0.0,0,1,1,0,0,0,0,0,2,0,1,
22023,1629637,22300359,"DEC 18, 2023",LAL vs. NYK,L,8,1,1,1.0,0,0,0.0,0,0,0.0,0,2,2,0,0,0,0,1,2,4,1,
22023,1629637,22300331,"DEC 15, 2023",LAL @ SAS,L,20,3,4,0.75,0,0,0.0,2,3,0.667,3,4,7,0,1,1,0,5,8,-13,1,
22023,1629637,22300316,"DEC 13, 2023",LAL @ SAS,W,7,2,3,0.667,0,0,0.0,0,0,0.0,0,1,1,0,0,0,1,1,4,2,1,
22023,1629637,22300306,"DEC 12, 2023",LAL @ DAL,L,13,0,1,0.0,0,0,0.0,0,0,0.0,2,2,4,1,0,0,0,4,0,-1,1,
22023,1629637,22301230,"DEC 07, 2023",LAL vs. NOP,W,17,2,3,0.667,0,1,0.0,0,1,0.0,0,4,4,0,0,0,1,4,4,9,1,
22023,1629637,22301203,"DEC 05, 2023",LAL vs. PHX,W,9,0,2,0.0,0,0,0.0,0,0,0.0,1,1,2,0,1,0,0,2,0,4,1,
22023,1629637,22300291,"DEC 02, 2023",LAL vs. HOU,W,6,1,2,0.5,0,1,0.0,0,0,0.0,0,0,0,0,0,0,0,3,2,-6,1,
22023,1629637,22300258,"NOV 29, 2023",LAL @ DET,W,7,0,0,0.0,0,0,0.0,0,0,0.0,0,1,1,0,0,1,0,0,0,-4,1,
22023,1629637,22300255,"NOV 27, 2023",LAL @ PHI,L,19,3,6,0.5,0,2,0.0,1,1,1.0,2,0,2,1,0,1,2,3,7,-33,1,
22023,1629637,22300242,"NOV 25, 2023",LAL @ CLE,W,21,5,5,1.0,0,0,0.0,0,0,0.0,0,3,3,1,0,1,1,3,10,14,1,
22023,1629637,22300238,"NOV 22, 2023",LAL vs. DAL,L,11,1,1,1.0,0,0,0.0,0,2,0.0,1,3,4,0,0,0,0,1,2,7,1,
22023,1629637,22300042,"NOV 21, 2023",LAL vs. UTA,W,19,4,4,1.0,0,0,0.0,2,3,0.667,0,2,2,1,0,1,2,1,10,-2,1,
22023,1629637,22300216,"NOV 19, 2023",LAL vs. HOU,W,5,0,0,0.0,0,0,0.0,0,0,0.0,1,1,2,0,0,0,0,1,0,-4,1,
22023,1629637,22300036,"NOV 17, 2023",LAL @ POR,W,8,0,0,0.0,0,0,0.0,0,1,0.0,0,1,1,0,1,0,0,0,0,5,1,
22023,1629637,22300198,"NOV 15, 2023",LAL vs. SAC,L,13,0,0,0.0,0,0,0.0,3,4,0.75,0,1,1,0,1,0,2,4,3,-2,1,
22023,1629637,22300026,"NOV 14, 2023",LAL vs. MEM,W,21,4,4,1.0,0,0,0.0,3,4,0.75,1,0,1,1,1,3,0,2,11,6,1,
22023,1629637,22300187,"NOV 12, 2023",LAL vs. POR,W,7,1,4,0.25,0,0,0.0,0,2,0.0,0,0,0,1,0,0,1,3,2,-11,1,
22023,1629637,22300015,"NOV 10, 2023",LAL @ PHX,W,5,1,1,1.0,0,0,0.0,0,0,0.0,0,1,1,0,0,0,1,1,2,-5,1,
22023,1629637,22300134,"NOV 04, 2023",LAL @ ORL,L,11,1,4,0.25,0,0,0.0,0,0,0.0,1,0,1,1,0,1,2,3,2,-10,1,
22023,1629637,22300127,"NOV 01, 2023",LAL vs. LAC,W,14,1,1,1.0,0,0,0.0,1,2,0.5,1,1,2,1,0,1,0,1,3,0,1,
22023,1629637,22300111,"OCT 30, 2023",LAL vs. ORL,W,10,0,0,0.0,0,0,0.0,0,0,0.0,0,2,2,0,0,0,0,2,0,5,1,
22023,1629637,22300100,"OCT 29, 2023",LAL @ SAC,L,7,1,1,1.0,0,0,0.0,2,2,1.0,0,2,2,0,0,0,0,1,4,1,1,
22023,1629637,22300076,"OCT 26, 2023",LAL vs. PHX,W,6,0,0,0.0,0,0,0.0,0,0,0.0,0,2,2,0,1,0,2,3,0,3,1,
22023,1629637,22300061,"OCT 24, 2023",LAL @ DEN,L,7,0,0,0.0,0,0,0.0,0,0,0.0,0,1,1,0,0,0,0,1,0,-7,1,
22023,1629638,22300791,"FEB 15, 2024",MIN @ POR,W,21,1,6,0.167,0,4,0.0,0,0,0.0,0,2,2,1,0,0,1,3,2,26,1,
22023,1629638,22300775,"FEB 13, 2024",MIN @ POR,W,26,6,7,0.857,5,6,0.833,1,1,1.0,0,3,3,2,0,1,2,2,18,22,1,
22023,1629638,22300770,"FEB 12, 2024",MIN @ LAC,W,24,6,9,0.667,3,3,1.0,0,0,0.0,0,2,2,5,2,0,2,2,15,0,1,
22023,1629638,22300738,"FEB 08, 2024",MIN @ MIL,W,25,2,7,0.286,1,4,0.25,2,2,1.0,1,2,3,4,0,0,1,0,7,20,1,
22023,1629638,22300723,"FEB 06, 2024",MIN @ CHI,L,19,1,4,0.25,1,3,0.333,0,0,0.0,0,1,1,2,1,0,0,2,3,-8,1,
22023,1629638,22300709,"FEB 04, 2024",MIN vs. HOU,W,21,2,7,0.286,1,4,0.25,0,0,0.0,1,6,7,1,1,0,2,2,5,13,1,
22023,1629638,22300694,"FEB 02, 2024",MIN vs. ORL,L,27,2,7,0.286,1,5,0.2,2,2,1.0,0,1,1,0,1,0,1,2,7,0,1,
22023,1629638,22300680,"JAN 31, 2024",MIN vs. DAL,W,23,3,7,0.429,1,5,0.2,2,2,1.0,0,0,0,3,0,0,0,5,9,15,1,
22023,1629638,22300664,"JAN 29, 2024",MIN @ OKC,W,35,4,12,0.333,2,7,0.286,2,2,1.0,0,2,2,3,2,0,1,2,12,10,1,
22023,1629638,22300649,"JAN 27, 2024",MIN @ SAS,L,33,4,7,0.571,3,4,0.75,0,0,0.0,1,3,4,7,1,0,1,1,11,2,1,
22023,1629638,22300629,"JAN 25, 2024",MIN @ BKN,W,17,2,4,0.5,1,3,0.333,1,2,0.5,0,1,1,4,0,0,0,2,6,1,1,
22023,1629638,22300620,"JAN 24, 2024",MIN @ WAS,W,31,2,4,0.5,1,3,0.333,1,2,0.5,1,4,5,5,1,0,0,2,6,8,1,
22023,1629638,22300610,"JAN 22, 2024",MIN vs. CHA,L,30,6,9,0.667,4,6,0.667,2,2,1.0,0,0,0,2,1,0,1,2,18,-5,1,
22023,1629638,22300599,"JAN 20, 2024",MIN vs. OKC,L,19,1,3,0.333,1,2,0.5,0,0,0.0,0,5,5,2,1,1,2,1,3,8,1,
22023,1629638,22300582,"JAN 18, 2024",MIN vs. MEM,W,25,3,5,0.6,1,3,0.333,0,0,0.0,0,2,2,5,0,0,2,0,7,13,1,
22023,1629638,22300569,"JAN 17, 2024",MIN @ DET,W,23,3,6,0.5,1,3,0.333,0,0,0.0,0,0,0,1,1,1,0,2,7,-6,1,
22023,1629638,22300553,"JAN 14, 2024",MIN vs. LAC,W,20,2,6,0.333,2,5,0.4,0,0,0.0,0,0,0,1,0,1,0,4,6,-4,1,
22023,1629638,22300538,"JAN 12, 2024",MIN vs. POR,W,19,1,3,0.333,0,2,0.0,0,0,0.0,0,2,2,3,2,0,2,1,2,1,1,
22023,1629638,22300517,"JAN 10, 2024",MIN @ BOS,L,40,5,8,0.625,3,5,0.6,2,2,1.0,2,2,4,3,1,1,1,4,15,-4,1,
22023,1629638,22300513,"JAN 09, 2024",MIN @ ORL,W,18,0,5,0.0,0,4,0.0,0,0,0.0,0,2,2,3,0,1,2,1,0,11,1,
22023,1629638,22300501,"JAN 07, 2024",MIN @ DAL,L,13,1,5,0.2,1,4,0.25,0,0,0.0,1,0,1,1,0,0,0,0,3,-6,1,
22023,1629638,22300485,"JAN 05, 2024",MIN @ HOU,W,18,4,6,0.667,2,4,0.5,1,2,0.5,1,2,3,3,2,2,0,2,11,17,1,
22023,1629638,22300471,"JAN 03, 2024",MIN vs. NOP,L,19,1,3,0.333,0,2,0.0,2,2,1.0,0,0,0,1,0,0,1,0,4,-5,1,
22023,1629638,22300451,"JAN 01, 2024",MIN @ NYK,L,17,1,3,0.333,1,2,0.5,0,0,0.0,0,0,0,2,0,0,0,2,3,4,1,
22023,1629638,22300443,"DEC 30, 2023",MIN vs. LAL,W,16,2,4,0.5,2,4,0.5,0,0,0.0,0,2,2,2,1,0,2,4,6,-1,1,
22023,1629638,22300423,"DEC 28, 2023",MIN vs. DAL,W,24,1,3,0.333,1,3,0.333,0,0,0.0,0,0,0,3,4,1,0,0,3,-3,1,
22023,1629638,22300411,"DEC 26, 2023",MIN @ OKC,L,19,3,3,1.0,2,2,1.0,0,0,0.0,1,0,1,3,1,0,0,3,8,-13,1,
22023,1629638,22300400,"DEC 23, 2023",MIN @ SAC,W,23,1,4,0.25,0,2,0.0,0,0,0.0,0,0,0,0,0,0,0,2,2,-1,1,
22023,1629638,22300380,"DEC 21, 2023",MIN vs. LAL,W,15,2,6,0.333,1,5,0.2,0,0,0.0,0,1,1,3,3,0,1,2,5,6,1,
22023,1629638,22300367,"DEC 20, 2023",MIN @ PHI,L,16,2,3,0.667,0,1,0.0,0,0,0.0,0,2,2,2,0,1,0,1,4,-23,1,
22023,1629638,22300353,"DEC 18, 2023",MIN @ MIA,W,22,2,5,0.4,2,4,0.5,2,2,1.0,1,0,1,3,1,0,0,2,8,13,1,
22023,1629638,22300338,"DEC 16, 2023",MIN vs. IND,W,26,1,6,0.167,1,2,0.5,0,0,0.0,0,2,2,1,1,0,1,0,3,2,1,
22023,1629638,22300321,"DEC 14, 2023",MIN @ DAL,W,20,5,6,0.833,3,4,0.75,0,0,0.0,1,0,1,1,0,1,1,2,13,20,1,
22023,1629638,22300301,"DEC 11, 2023",MIN @ NOP,L,24,2,7,0.286,1,4,0.25,2,2,1.0,0,1,1,5,1,1,3,4,7,-13,1,
22023,1629638,22301221,"DEC 08, 2023",MIN @ MEM,W,34,4,9,0.444,4,8,0.5,2,2,1.0,2,0,2,2,0,1,2,2,14,23,1,
22023,1629638,22301210,"DEC 06, 2023",MIN vs. SAS,W,20,3,8,0.375,1,6,0.167,0,0,0.0,0,2,2,0,0,0,1,1,7,2,1,
22023,1629638,22300281,"DEC 02, 2023",MIN @ CHA,W,30,2,5,0.4,0,2,0.0,2,2,1.0,0,2,2,2,0,0,1,1,6,-7,1,
22023,1629638,22300270,"NOV 30, 2023",MIN vs. UTA,W,36,8,16,0.5,4,8,0.5,0,0,0.0,2,3,5,7,5,2,4,4,20,15,1,
22023,1629638,22300058,"NOV 28, 2023",MIN vs. OKC,W,26,1,7,0.143,1,5,0.2,0,0,0.0,1,1,2,1,0,0,2,2,3,-4,1,
22023,1629638,22300249,"NOV 26, 2023",MIN @ MEM,W,34,3,7,0.429,2,6,0.333,1,3,0.333,0,1,1,3,1,0,1,2,9,17,1,
22023,1629638,22300050,"NOV 24, 2023",MIN vs. SAC,L,22,2,8,0.25,2,7,0.286,0,0,0.0,1,0,1,2,2,1,0,4,6,-12,1,
22023,1629638,22300232,"NOV 22, 2023",MIN vs. PHI,W,29,3,6,0.5,1,4,0.25,0,0,0.0,2,4,6,4,0,1,0,4,7,22,1,
22023,1629638,22300221,"NOV 20, 2023",MIN vs. NYK,W,33,4,8,0.5,3,6,0.5,0,0,0.0,1,2,3,3,0,0,0,2,11,15,1,
22023,1629638,22300203,"NOV 18, 2023",MIN @ NOP,W,18,4,7,0.571,2,4,0.5,0,0,0.0,0,1,1,3,1,1,2,2,10,6,1,
22023,1629638,22300197,"NOV 15, 2023",MIN @ PHX,L,23,3,6,0.5,2,5,0.4,0,0,0.0,0,0,0,0,0,1,0,1,8,-5,1,
22023,1629638,22300025,"NOV 14, 2023",MIN @ GSW,W,25,2,5,0.4,1,4,0.25,0,0,0.0,0,0,0,1,1,1,2,1,5,-16,1,
22023,1629638,22300186,"NOV 12, 2023",MIN @ GSW,W,17,4,6,0.667,2,3,0.667,0,0,0.0,0,2,2,1,2,0,0,2,10,0,1,
22023,1629638,22300013,"NOV 10, 2023",MIN @ SAS,W,19,3,4,0.75,1,1,1.0,2,2,1.0,0,3,3,4,0,1,0,0,9,11,1,
22023,1629638,22300166,"NOV 08, 2023",MIN vs. NOP,W,18,0,1,0.0,0,1,0.0,0,0,0.0,0,4,4,8,1,0,2,0,0,-13,1,
22023,1629638,22300154,"NOV 06, 2023",MIN vs. BOS,W,20,3,6,0.5,2,4,0.5,0,1,0.0,0,1,1,3,1,0,1,3,8,13,1,
22023,1629638,22300138,"NOV 04, 2023",MIN vs. UTA,W,18,0,3,0.0,0,1,0.0,0,1,0.0,1,2,3,1,2,3,0,0,0,1,1,
22023,1629638,22300123,"NOV 01, 2023",MIN vs. DEN,W,21,2,6,0.333,1,2,0.5,0,0,0.0,0,0,0,1,0,1,0,2,5,2,1,
22023,1629638,22300104,"OCT 30, 2023",MIN @ ATL,L,13,1,3,0.333,1,3,0.333,0,2,0.0,0,0,0,2,0,0,1,1,3,-9,1,
22023,1629638,22300093,"OCT 28, 2023",MIN vs. MIA,W,23,2,8,0.25,1,6,0.167,0,0,0.0,0,3,3,3,1,2,3,3,5,8,1,
22023,1629638,22300069,"OCT 25, 2023",MIN @ TOR,L,23,1,5,0.2,0,3,0.0,0,0,0.0,0,4,4,2,1,0,1,3,2,-17,1,
22023,1629639,22300779,"FEB 14, 2024",MIA @ PHI,W,38,10,23,0.435,1,8,0.125,2,3,0.667,1,6,7,7,0,0,3,1,23,-1,1,
22023,1629639,22300773,"FEB 13, 2024",MIA @ MIL,W,30,7,16,0.438,3,8,0.375,2,2,1.0,0,3,3,5,0,0,1,0,19,15,1,
22023,1629639,22300759,"FEB 11, 2024",MIA vs. BOS,L,39,10,21,0.476,4,12,0.333,0,0,0.0,0,5,5,4,0,0,1,1,24,-4,1,
22023,1629639,22300730,"FEB 07, 2024",MIA vs. SAS,W,29,10,15,0.667,4,7,0.571,0,0,0.0,1,5,6,7,0,0,1,1,24,16,1,
22023,1629639,22300721,"FEB 06, 2024",MIA vs. ORL,W,26,6,13,0.462,2,5,0.4,0,0,0.0,0,3,3,4,0,0,1,0,14,22,1,
22023,1629639,22300689,"FEB 02, 2024",MIA @ WAS,W,32,6,19,0.316,3,8,0.375,0,0,0.0,0,4,4,5,0,0,2,2,15,-3,1,
22023,1629639,22300678,"JAN 31, 2024",MIA vs. SAC,W,31,4,9,0.444,2,4,0.5,4,6,0.667,1,7,8,8,0,0,2,1,14,-1,1,
22023,1629639,22300661,"JAN 29, 2024",MIA vs. PHX,L,34,5,18,0.278,5,12,0.417,2,2,1.0,0,6,6,4,0,0,0,1,17,6,1,
22023,1629639,22300643,"JAN 27, 2024",MIA @ NYK,L,35,7,18,0.389,4,11,0.364,0,0,0.0,0,1,1,3,0,0,1,2,18,-17,1,
22023,1629639,22300630,"JAN 25, 2024",MIA vs. BOS,L,29,7,14,0.5,5,10,0.5,0,0,0.0,0,3,3,6,1,0,1,0,19,-24,1,
22023,1629639,22300621,"JAN 24, 2024",MIA vs. MEM,L,38,8,15,0.533,2,6,0.333,0,0,0.0,0,6,6,3,0,0,4,1,18,-9,1,
22023,1629639,22300601,"JAN 21, 2024",MIA @ ORL,L,33,4,14,0.286,4,11,0.364,0,0,0.0,1,0,1,2,1,0,2,1,12,-16,1,
22023,1629639,22300587,"JAN 19, 2024",MIA vs. ATL,L,35,10,19,0.526,4,9,0.444,1,1,1.0,0,6,6,2,1,0,2,4,25,0,1,
22023,1629639,22300574,"JAN 17, 2024",MIA @ TOR,L,32,7,20,0.35,2,9,0.222,0,0,0.0,1,6,7,3,0,0,3,2,16,-8,1,
22023,1629639,22300562,"JAN 15, 2024",MIA @ BKN,W,38,11,22,0.5,4,11,0.364,3,4,0.75,1,10,11,2,0,0,4,3,29,16,1,
22023,1629639,22300551,"JAN 14, 2024",MIA vs. CHA,W,28,7,15,0.467,4,9,0.444,3,4,0.75,1,6,7,4,1,0,3,1,21,12,1,
22023,1629639,22300522,"JAN 10, 2024",MIA vs. OKC,L,36,7,21,0.333,1,5,0.2,2,4,0.5,0,5,5,6,3,0,1,1,17,9,1,
22023,1629639,22300509,"JAN 08, 2024",MIA vs. HOU,W,34,10,20,0.5,5,10,0.5,3,3,1.0,2,1,3,3,0,0,1,2,28,1,1,
22023,1629639,22300489,"JAN 05, 2024",MIA @ PHX,L,35,4,17,0.235,1,7,0.143,0,0,0.0,0,4,4,6,0,0,1,2,9,-25,1,
22023,1629639,22300475,"JAN 03, 2024",MIA @ LAL,W,28,7,19,0.368,4,8,0.5,3,3,1.0,0,6,6,4,3,0,2,3,21,5,1,
22023,1629639,22300458,"JAN 01, 2024",MIA @ LAC,L,35,4,13,0.308,4,8,0.5,0,0,0.0,0,6,6,6,2,0,3,1,12,-29,1,
22023,1629639,22300439,"DEC 30, 2023",MIA @ UTA,L,39,9,22,0.409,2,7,0.286,5,5,1.0,2,4,6,6,1,1,1,2,25,-1,1,
22023,1629639,22300426,"DEC 28, 2023",MIA @ GSW,W,31,10,18,0.556,3,7,0.429,3,4,0.75,0,7,7,2,1,0,2,0,26,11,1,
22023,1629639,22300404,"DEC 25, 2023",MIA vs. PHI,W,38,8,25,0.32,4,11,0.364,2,3,0.667,2,4,6,5,1,1,4,1,22,-5,1,
22023,1629639,22300384,"DEC 22, 2023",MIA vs. ATL,W,34,11,21,0.524,7,13,0.538,1,2,0.5,0,7,7,2,1,0,4,1,30,7,1,
22023,1629639,22300366,"DEC 20, 2023",MIA @ ORL,W,36,10,17,0.588,4,5,0.8,4,4,1.0,1,7,8,7,0,0,4,1,28,10,1,
22023,1629639,22300353,"DEC 18, 2023",MIA vs. MIN,L,33,10,18,0.556,1,6,0.167,4,4,1.0,1,2,3,2,2,0,2,1,25,-1,1,
22023,1629639,22300164,"NOV 08, 2023",MIA @ MEM,W,8,2,4,0.5,0,0,0.0,2,3,0.667,0,1,1,2,1,0,0,2,6,6,1,
22023,1629639,22300150,"NOV 06, 2023",MIA vs. LAL,W,34,8,20,0.4,2,10,0.2,4,4,1.0,1,4,5,5,3,0,6,1,22,-9,1,
22023,1629639,22300003,"NOV 03, 2023",MIA vs. WAS,W,37,9,17,0.529,4,7,0.571,2,2,1.0,0,10,10,9,2,0,3,3,24,7,1,
22023,1629639,22300119,"NOV 01, 2023",MIA vs. BKN,L,36,12,23,0.522,6,10,0.6,0,1,0.0,0,3,3,5,0,0,3,2,30,-1,1,
22023,1629639,22300107,"OCT 30, 2023",MIA @ MIL,L,42,12,21,0.571,2,5,0.4,9,10,0.9,1,7,8,3,1,0,3,1,35,-3,1,
22023,1629639,22300093,"OCT 28, 2023",MIA @ MIN,L,40,8,23,0.348,4,10,0.4,2,2,1.0,0,5,5,4,0,0,0,1,22,-16,1,
22023,1629639,22300080,"OCT 27, 2023",MIA @ BOS,L,40,10,20,0.5,5,12,0.417,3,3,1.0,1,5,6,6,1,0,3,2,28,-1,1,
22023,1629639,22300068,"OCT 25, 2023",MIA vs. DET,W,35,7,24,0.292,2,7,0.286,0,0,0.0,0,2,2,3,3,0,2,1,16,6,1,
22023,1629640,22300785,"FEB 14, 2024",SAS @ DAL,L,20,1,11,0.091,1,8,0.125,0,0,0.0,0,2,2,0,0,1,1,1,3,-27,1,
22023,1629640,22300764,"FEB 12, 2024",SAS @ TOR,W,28,4,8,0.5,0,2,0.0,4,5,0.8,0,4,4,6,3,1,0,1,12,27,1,
22023,1629640,22300750,"FEB 10, 2024",SAS @ BKN,L,30,7,14,0.5,3,6,0.5,2,2,1.0,1,3,4,1,0,1,2,2,19,-17,1,
22023,1629640,22300734,"FEB 08, 2024",SAS @ ORL,L,24,5,12,0.417,2,7,0.286,0,0,0.0,0,4,4,1,0,0,1,1,12,5,1,
22023,1629640,22300730,"FEB 07, 2024",SAS @ MIA,L,25,3,10,0.3,0,4,0.0,1,1,1.0,3,3,6,0,0,1,0,3,7,-15,1,
22023,1629640,22300703,"FEB 03, 2024",SAS vs. CLE,L,22,7,11,0.636,2,3,0.667,1,2,0.5,2,3,5,0,1,0,1,2,17,-15,1,
22023,1629640,22300665,"JAN 29, 2024",SAS vs. WAS,L,31,5,10,0.5,2,5,0.4,2,2,1.0,0,5,5,3,3,0,2,1,14,-4,1,
22023,1629640,22300649,"JAN 27, 2024",SAS vs. MIN,W,27,6,14,0.429,1,3,0.333,1,2,0.5,5,2,7,2,2,2,1,2,14,0,1,
22023,1629640,22300641,"JAN 26, 2024",SAS vs. POR,W,30,9,15,0.6,0,2,0.0,3,4,0.75,8,8,16,1,1,2,1,2,21,8,1,
22023,1629640,22300622,"JAN 24, 2024",SAS vs. OKC,L,19,3,8,0.375,0,2,0.0,1,1,1.0,0,0,0,1,1,1,2,0,7,-32,1,
22023,1629640,22300608,"JAN 22, 2024",SAS @ PHI,L,21,4,12,0.333,0,4,0.0,0,0,0.0,0,2,2,0,0,0,1,3,8,4,1,
22023,1629640,22300594,"JAN 20, 2024",SAS @ WAS,W,28,7,15,0.467,0,3,0.0,5,7,0.714,4,5,9,2,0,0,1,2,19,5,1,
22023,1629640,22300584,"JAN 19, 2024",SAS @ CHA,L,29,9,15,0.6,4,8,0.5,3,4,0.75,0,4,4,3,0,0,1,3,25,-3,1,
22023,1629640,22300571,"JAN 17, 2024",SAS @ BOS,L,23,2,4,0.5,1,2,0.5,0,0,0.0,0,2,2,1,1,0,0,1,5,-17,1,
22023,1629640,22300559,"JAN 15, 2024",SAS @ ATL,L,26,1,11,0.091,0,5,0.0,3,5,0.6,2,4,6,0,1,0,5,4,5,-4,1,
22023,1629640,22300548,"JAN 13, 2024",SAS vs. CHI,L,30,8,14,0.571,4,5,0.8,6,6,1.0,0,4,4,5,0,1,2,2,26,-1,1,
22023,1629640,22300541,"JAN 12, 2024",SAS vs. CHA,W,19,3,11,0.273,2,7,0.286,2,2,1.0,0,2,2,1,1,0,2,2,10,6,1,
22023,1629640,22300519,"JAN 10, 2024",SAS @ DET,W,25,4,8,0.5,1,2,0.5,8,8,1.0,0,1,1,3,2,1,0,2,17,12,1,
22023,1629640,22300497,"JAN 07, 2024",SAS @ CLE,L,33,6,16,0.375,3,6,0.5,3,4,0.75,3,1,4,2,1,0,0,3,18,-12,1,
22023,1629640,22300477,"JAN 04, 2024",SAS vs. MIL,L,30,5,17,0.294,2,8,0.25,2,2,1.0,2,8,10,1,0,0,1,1,14,7,1,
22023,1629640,22300460,"JAN 02, 2024",SAS @ MEM,L,31,7,16,0.438,1,4,0.25,4,5,0.8,1,5,6,4,1,0,3,4,19,-15,1,
22023,1629640,22300437,"DEC 29, 2023",SAS @ POR,L,32,9,18,0.5,3,8,0.375,8,11,0.727,2,5,7,7,1,0,1,4,29,6,1,
22023,1629640,22300427,"DEC 28, 2023",SAS @ POR,W,31,4,11,0.364,1,6,0.167,0,0,0.0,0,3,3,2,1,0,2,5,9,1,1,
22023,1629640,22300412,"DEC 26, 2023",SAS vs. UTA,L,30,9,20,0.45,3,7,0.429,5,6,0.833,2,2,4,3,0,0,1,0,26,-14,1,
22023,1629640,22300398,"DEC 23, 2023",SAS @ DAL,L,23,6,16,0.375,2,8,0.25,2,4,0.5,2,3,5,2,0,0,2,2,16,-8,1,
22023,1629640,22300376,"DEC 21, 2023",SAS @ CHI,L,32,5,13,0.385,0,2,0.0,1,3,0.333,2,4,6,2,0,0,3,3,11,-10,1,
22023,1629640,22300361,"DEC 19, 2023",SAS @ MIL,L,35,9,13,0.692,0,1,0.0,10,12,0.833,2,10,12,1,0,0,5,2,28,-5,1,
22023,1629640,22300345,"DEC 17, 2023",SAS vs. NOP,L,32,6,18,0.333,0,4,0.0,1,2,0.5,4,4,8,3,4,0,5,2,13,-30,1,
22023,1629640,22300331,"DEC 15, 2023",SAS vs. LAL,W,31,6,16,0.375,3,8,0.375,2,2,1.0,1,1,2,6,0,0,2,1,17,4,1,
22023,1629640,22300316,"DEC 13, 2023",SAS vs. LAL,L,36,10,14,0.714,4,4,1.0,4,4,1.0,1,4,5,8,0,0,1,3,28,1,1,
22023,1629640,22300298,"DEC 11, 2023",SAS @ HOU,L,37,3,14,0.214,0,9,0.0,6,6,1.0,2,5,7,2,4,0,3,1,12,-18,1,
22023,1629640,22301223,"DEC 08, 2023",SAS vs. CHI,L,35,6,11,0.545,6,11,0.545,2,2,1.0,0,2,2,5,0,1,0,3,20,-7,1,
22023,1629640,22301210,"DEC 06, 2023",SAS @ MIN,L,32,8,15,0.533,1,2,0.5,4,5,0.8,1,9,10,3,2,1,4,4,21,-3,1,
22023,1629640,22300278,"DEC 01, 2023",SAS @ NOP,L,33,4,7,0.571,1,3,0.333,2,2,1.0,1,6,7,3,1,0,2,2,11,-7,1,
22023,1629640,22300272,"NOV 30, 2023",SAS vs. ATL,L,33,8,15,0.533,2,3,0.667,4,5,0.8,4,7,11,3,1,0,2,2,22,-1,1,
22023,1629640,22300252,"NOV 26, 2023",SAS @ DEN,L,31,3,7,0.429,0,2,0.0,4,5,0.8,0,1,1,2,0,0,0,1,10,-16,1,
22023,1629640,22300051,"NOV 24, 2023",SAS @ GSW,L,34,8,13,0.615,3,7,0.429,3,5,0.6,4,8,12,4,2,0,3,3,22,5,1,
22023,1629640,22300235,"NOV 22, 2023",SAS vs. LAC,L,36,5,13,0.385,2,8,0.25,3,3,1.0,2,1,3,6,0,1,0,4,15,0,1,
22023,1629640,22300223,"NOV 20, 2023",SAS vs. LAC,L,32,9,16,0.563,2,8,0.25,2,4,0.5,2,8,10,5,1,0,1,2,22,-10,1,
22023,1629640,22300206,"NOV 18, 2023",SAS vs. MEM,L,33,8,14,0.571,4,7,0.571,2,3,0.667,0,3,3,1,0,0,0,1,22,-13,1,
22023,1629640,22300032,"NOV 17, 2023",SAS vs. SAC,L,36,7,16,0.438,5,9,0.556,2,2,1.0,0,9,9,7,1,1,3,1,21,-12,1,
22023,1629640,22300184,"NOV 12, 2023",SAS vs. MIA,L,37,8,18,0.444,3,10,0.3,1,1,1.0,0,12,12,6,1,1,1,2,20,7,1,
22023,1629640,22300013,"NOV 10, 2023",SAS vs. MIN,L,33,2,10,0.2,0,3,0.0,2,4,0.5,0,5,5,1,0,0,1,2,6,-9,1,
22023,1629640,22300161,"NOV 08, 2023",SAS @ NYK,L,33,4,9,0.444,1,4,0.25,0,2,0.0,0,7,7,8,0,0,3,4,9,-21,1,
22023,1629640,22300146,"NOV 06, 2023",SAS @ IND,L,23,6,12,0.5,0,0,0.0,4,5,0.8,1,2,3,3,0,0,1,1,16,-19,1,
22023,1629640,22300141,"NOV 05, 2023",SAS vs. TOR,L,38,11,18,0.611,2,4,0.5,2,2,1.0,1,5,6,3,2,0,0,1,26,-17,1,
22023,1629640,22300131,"NOV 02, 2023",SAS @ PHX,W,35,3,11,0.273,1,6,0.167,0,0,0.0,1,6,7,6,2,1,0,5,7,11,1,
22023,1629640,22300113,"OCT 31, 2023",SAS @ PHX,W,33,10,20,0.5,4,9,0.444,3,4,0.75,1,2,3,4,2,0,0,1,27,1,1,
22023,1629640,22300099,"OCT 29, 2023",SAS @ LAC,L,24,1,9,0.111,1,5,0.2,2,2,1.0,0,5,5,1,1,0,0,4,5,-27,1,
22023,1629640,22300083,"OCT 27, 2023",SAS vs. HOU,W,35,8,14,0.571,3,7,0.429,1,2,0.5,2,2,4,4,0,1,3,5,20,-2,1,
22023,1629640,22300073,"OCT 25, 2023",SAS vs. DAL,L,32,7,15,0.467,1,3,0.333,2,3,0.667,2,7,9,7,0,0,3,4,17,0,1,
22023,1629642,22300787,"FEB 14, 2024",PHX vs. DET,W,10,0,3,0.0,0,1,0.0,0,0,0.0,0,3,3,0,0,0,0,1,0,-11,1,
22023,1629642,22300774,"FEB 13, 2024",PHX vs. SAC,W,10,1,3,0.333,1,2,0.5,0,0,0.0,0,2,2,0,0,1,1,0,3,0,1,
22023,1629642,22300739,"FEB 08, 2024",PHX vs. UTA,W,16,1,2,0.5,1,2,0.5,0,0,0.0,0,3,3,1,0,1,0,4,3,4,1,
22023,1629642,22300705,"FEB 04, 2024",PHX @ WAS,W,8,0,2,0.0,0,2,0.0,0,0,0.0,0,1,1,2,0,0,0,0,0,-1,1,
22023,1629642,22300677,"JAN 31, 2024",PHX @ BKN,W,1,0,0,0.0,0,0,0.0,0,0,0.0,0,0,0,0,0,0,0,0,0,0,1,
22023,1629642,22300655,"JAN 28, 2024",PHX @ ORL,L,2,0,0,0.0,0,0,0.0,0,0,0.0,0,1,1,0,0,0,0,0,0,1,1,
22023,1629642,22300625,"JAN 24, 2024",PHX @ DAL,W,4,1,2,0.5,0,1,0.0,0,0,0.0,0,0,0,0,0,0,0,0,2,2,1,
22023,1629642,22300588,"JAN 19, 2024",PHX @ NOP,W,4,0,1,0.0,0,1,0.0,0,0,0.0,0,0,0,0,0,0,0,0,0,-10,1,
22023,1629642,22300531,"JAN 11, 2024",PHX @ LAL,W,4,1,1,1.0,0,0,0.0,1,1,1.0,0,0,0,0,0,0,1,0,3,-5,1,
22023,1629642,22300418,"DEC 27, 2023",PHX @ HOU,W,16,3,6,0.5,0,3,0.0,1,1,1.0,0,6,6,0,0,0,1,1,7,2,1,
22023,1629642,22300405,"DEC 25, 2023",PHX vs. DAL,L,3,0,0,0.0,0,0,0.0,0,0,0.0,0,0,0,0,0,0,0,1,0,-6,1,
22023,1629642,22300387,"DEC 22, 2023",PHX @ SAC,L,16,3,8,0.375,0,3,0.0,0,0,0.0,0,0,0,0,1,0,1,3,6,0,1,
22023,1629642,22300363,"DEC 19, 2023",PHX @ POR,L,19,1,2,0.5,1,1,1.0,1,2,0.5,0,2,2,0,0,0,0,1,4,-12,1,
22023,1629642,22300347,"DEC 17, 2023",PHX vs. WAS,W,23,2,3,0.667,1,2,0.5,0,0,0.0,2,5,7,1,0,0,1,2,5,-9,1,
22023,1629642,22300333,"DEC 15, 2023",PHX vs. NYK,L,26,2,5,0.4,1,3,0.333,0,0,0.0,2,2,4,1,0,0,0,2,5,-5,1,
22023,1629642,22300317,"DEC 13, 2023",PHX vs. BKN,L,27,4,7,0.571,2,5,0.4,0,0,0.0,2,5,7,3,0,0,2,2,10,13,1,
22023,1629642,22301228,"DEC 08, 2023",PHX vs. SAC,L,4,0,0,0.0,0,0,0.0,0,0,0.0,0,1,1,0,0,0,0,0,0,-1,1,
22023,1629642,22301203,"DEC 05, 2023",PHX @ LAL,L,14,2,4,0.5,1,1,1.0,0,0,0.0,1,1,2,2,0,0,1,1,5,-11,1,
22023,1629642,22300288,"DEC 02, 2023",PHX vs. MEM,W,15,1,5,0.2,0,2,0.0,2,2,1.0,1,1,2,2,0,0,1,0,4,-1,1,
22023,1629642,22300279,"DEC 01, 2023",PHX vs. DEN,L,19,1,1,1.0,0,0,0.0,0,0,0.0,0,2,2,0,0,1,0,0,2,-6,1,
22023,1629642,22300247,"NOV 26, 2023",PHX @ NYK,W,20,4,9,0.444,3,6,0.5,0,0,0.0,0,2,2,0,0,2,1,1,11,-15,1,
22023,1629642,22300044,"NOV 24, 2023",PHX @ MEM,W,16,0,1,0.0,0,1,0.0,2,2,1.0,0,4,4,0,1,0,1,2,2,1,1,
22023,1629642,22300236,"NOV 22, 2023",PHX vs. GSW,W,27,4,9,0.444,0,3,0.0,2,2,1.0,1,4,5,3,2,0,0,1,10,-9,1,
22023,1629642,22300041,"NOV 21, 2023",PHX vs. POR,W,22,4,6,0.667,1,3,0.333,4,4,1.0,2,3,5,0,1,1,0,1,13,2,1,
22023,1629642,22300214,"NOV 19, 2023",PHX @ UTA,W,20,4,7,0.571,2,5,0.4,0,2,0.0,2,1,3,2,0,3,0,4,10,2,1,
22023,1629642,22300035,"NOV 17, 2023",PHX @ UTA,W,11,2,3,0.667,1,2,0.5,0,0,0.0,0,1,1,1,0,0,0,0,5,8,1,
22023,1629642,22300197,"NOV 15, 2023",PHX vs. MIN,W,4,1,1,1.0,0,0,0.0,0,0,0.0,0,0,0,0,0,0,0,1,2,-3,1,
22023,1629642,22300132,"NOV 04, 2023",PHX @ PHI,L,4,0,0,0.0,0,0,0.0,2,2,1.0,1,0,1,0,0,0,0,0,2,3,1,
22023,1629642,22300113,"OCT 31, 2023",PHX vs. SAS,L,18,2,3,0.667,2,2,1.0,0,0,0.0,0,2,2,1,2,0,1,5,6,2,1,
22023,1629642,22300094,"OCT 28, 2023",PHX vs. UTA,W,21,3,8,0.375,0,5,0.0,0,0,0.0,0,1,1,0,1,0,0,2,6,-1,1,
22023,1629642,22300076,"OCT 26, 2023",PHX @ LAL,L,13,0,2,0.0,0,2,0.0,2,2,1.0,0,2,2,0,1,1,1,0,2,-9,1,
22023,1629642,22300062,"OCT 24, 2023",PHX @ GSW,W,3,1,1,1.0,1,1,1.0,0,0,0.0,0,1,1,0,1,0,0,1,3,-3,1,
22023,1629643,22300778,"FEB 14, 2024",ORL vs. NYK,W,5,0,0,0.0,0,0,0.0,0,0,0.0,0,1,1,0,0,0,0,0,0,-5,1,
22023,1629643,22300772,"FEB 13, 2024",ORL vs. OKC,L,2,1,1,1.0,1,1,1.0,0,0,0.0,0,0,0,0,0,0,0,0,3,3,1,
22023,1629643,22300734,"FEB 08, 2024",ORL vs. SAS,W,3,0,1,0.0,0,0,0.0,0,0,0.0,0,0,0,0,0,0,1,1,0,-3,1,
22023,1629643,22300721,"FEB 06, 2024",ORL @ MIA,L,3,1,2,0.5,0,0,0.0,0,0,0.0,0,0,0,0,0,0,0,0,2,-2,1,
22023,1629643,22300666,"JAN 29, 2024",ORL @ DAL,L,9,0,1,0.0,0,1,0.0,0,0,0.0,0,0,0,0,0,0,0,2,0,5,1,
22023,1629643,22300655,"JAN 28, 2024",ORL vs. PHX,W,2,0,1,0.0,0,1,0.0,0,0,0.0,0,0,0,0,0,0,0,0,0,1,1,
22023,1629643,22300607,"JAN 22, 2024",ORL vs. CLE,L,21,1,6,0.167,1,6,0.167,0,0,0.0,0,1,1,0,0,0,0,1,3,-9,1,
22023,1629643,22300601,"JAN 21, 2024",ORL vs. MIA,W,3,0,2,0.0,0,2,0.0,0,0,0.0,0,2,2,0,0,0,0,0,0,-4,1,
22023,1629643,22300585,"JAN 19, 2024",ORL vs. PHI,L,20,3,4,0.75,1,1,1.0,1,2,0.5,0,1,1,0,1,0,1,3,8,-8,1,
22023,1629643,22300570,"JAN 17, 2024",ORL @ ATL,L,30,3,9,0.333,0,4,0.0,0,0,0.0,3,4,7,1,3,1,1,1,6,-8,1,
22023,1629643,22300557,"JAN 15, 2024",ORL @ NYK,W,26,5,7,0.714,4,5,0.8,1,1,1.0,2,1,3,0,0,1,0,1,15,-5,1,
22023,1629643,22300546,"JAN 13, 2024",ORL @ OKC,L,19,2,6,0.333,1,5,0.2,0,0,0.0,1,3,4,2,0,0,0,1,5,-3,1,
22023,1629643,22300535,"JAN 12, 2024",ORL @ MIA,L,29,6,10,0.6,4,8,0.5,0,0,0.0,2,2,4,2,0,1,1,0,16,-17,1,
22023,1629643,22300513,"JAN 09, 2024",ORL vs. MIN,L,27,1,10,0.1,1,8,0.125,0,0,0.0,2,8,10,1,0,1,0,2,3,-9,1,
22023,1629643,22300499,"JAN 07, 2024",ORL vs. ATL,W,38,1,5,0.2,1,5,0.2,0,0,0.0,0,7,7,2,0,0,1,0,3,17,1,
22023,1629643,22300488,"JAN 05, 2024",ORL @ DEN,W,29,1,3,0.333,1,3,0.333,0,2,0.0,3,4,7,1,1,1,4,1,3,-2,1,
22023,1629643,22300476,"JAN 03, 2024",ORL @ SAC,L,27,4,5,0.8,3,4,0.75,0,0,0.0,1,6,7,3,0,1,0,2,11,4,1,
22023,1629643,22300450,"DEC 31, 2023",ORL @ PHX,L,0,0,0,0.0,0,0,0.0,0,0,0.0,0,0,0,0,0,0,0,0,0,-2,1,
22023,1629643,22300429,"DEC 29, 2023",ORL vs. NYK,W,12,1,5,0.2,0,4,0.0,0,0,0.0,0,0,0,1,0,0,0,1,2,5,1,
22023,1629643,22300415,"DEC 27, 2023",ORL vs. PHI,L,15,1,3,0.333,1,2,0.5,0,0,0.0,1,3,4,0,0,1,0,2,3,-2,1,
22023,1629643,22300366,"DEC 20, 2023",ORL vs. MIA,L,5,2,3,0.667,1,2,0.5,0,0,0.0,0,2,2,1,1,0,0,1,5,14,1,
22023,1629643,22300344,"DEC 17, 2023",ORL @ BOS,L,2,0,0,0.0,0,0,0.0,0,0,0.0,0,1,1,0,0,0,0,0,0,4,1,
22023,1629643,22300329,"DEC 15, 2023",ORL @ BOS,L,3,0,1,0.0,0,0,0.0,0,0,0.0,0,0,0,0,0,0,0,0,0,3,1,
22023,1629643,22301217,"DEC 08, 2023",ORL vs. DET,W,13,1,1,1.0,0,0,0.0,0,0,0.0,0,4,4,0,1,0,1,0,2,4,1,
22023,1629643,22300282,"DEC 02, 2023",ORL @ BKN,L,4,0,2,0.0,0,2,0.0,0,0,0.0,0,0,0,0,0,0,1,0,0,-5,1,
22023,1629643,22300259,"NOV 29, 2023",ORL vs. WAS,W,5,0,2,0.0,0,1,0.0,0,0,0.0,0,0,0,2,0,0,0,0,0,-1,1,
22023,1629643,22300038,"NOV 21, 2023",ORL vs. TOR,W,4,2,3,0.667,2,3,0.667,0,0,0.0,0,0,0,0,0,0,0,0,6,-4,1,
22023,1629643,22300209,"NOV 19, 2023",ORL @ IND,W,8,1,2,0.5,1,1,1.0,0,0,0.0,0,1,1,0,0,0,0,0,3,-15,1,
22023,1629643,22300020,"NOV 14, 2023",ORL @ BKN,L,2,0,0,0.0,0,0,0.0,0,0,0.0,0,0,0,0,0,0,0,0,0,-5,1,
22023,1629643,22300172,"NOV 09, 2023",ORL vs. ATL,L,2,0,1,0.0,0,1,0.0,0,0,0.0,1,0,1,0,0,0,0,0,0,-1,1,
22023,1629643,22300134,"NOV 04, 2023",ORL vs. LAL,W,3,0,1,0.0,0,1,0.0,0,0,0.0,1,0,1,1,0,0,0,0,0,3,1,
22023,1629643,22300114,"OCT 31, 2023",ORL @ LAC,L,4,1,1,1.0,0,0,0.0,0,0,0.0,1,0,1,0,0,0,1,0,2,-1,1,
22023,1629643,22300066,"OCT 25, 2023",ORL vs. HOU,W,5,0,1,0.0,0,1,0.0,0,0,0.0,0,3,3,0,0,0,0,0,0,9,1,
22023,1629646,22300278,"DEC 01, 2023",SAS @ NOP,L,19,4,4,1.0,0,0,0.0,0,0,0.0,1,10,11,3,0,3,1,4,8,5,1,
22023,1629646,22300272,"NOV 30, 2023",SAS vs. ATL,L,4,0,0,0.0,0,0,0.0,0,0,0.0,1,0,1,0,0,2,0,3,0,3,1,
22023,1629646,22300252,"NOV 26, 2023",SAS @ DEN,L,15,3,5,0.6,0,0,0.0,3,3,1.0,2,4,6,2,0,1,1,3,9,-7,1,
22023,1629646,22300051,"NOV 24, 2023",SAS @ GSW,L,7,0,0,0.0,0,0,0.0,0,0,0.0,0,0,0,2,0,1,0,0,0,0,1,
22023,1629646,22300235,"NOV 22, 2023",SAS vs. LAC,L,2,0,0,0.0,0,0,0.0,0,0,0.0,0,0,0,0,0,0,3,0,0,-7,1,
22023,1629646,22300223,"NOV 20, 2023",SAS vs. LAC,L,18,1,3,0.333,0,0,0.0,0,0,0.0,4,8,12,3,0,4,3,2,2,3,1,
22023,1629646,22300206,"NOV 18, 2023",SAS vs. MEM,L,4,0,0,0.0,0,0,0.0,0,0,0.0,0,1,1,0,0,0,1,3,0,1,1,
22023,1629646,22300032,"NOV 17, 2023",SAS vs. SAC,L,2,1,1,1.0,0,0,0.0,0,0,0.0,0,1,1,0,0,0,0,0,2,-6,1,
22023,1629646,22300021,"NOV 14, 2023",SAS @ OKC,L,17,3,5,0.6,0,0,0.0,0,0,0.0,2,5,7,1,0,0,0,1,6,-3,1,
22023,1629646,22300184,"NOV 12, 2023",SAS vs. MIA,L,6,1,2,0.5,0,0,0.0,1,2,0.5,3,2,5,1,1,0,1,2,3,-4,1,
22023,1629646,22300013,"NOV 10, 2023",SAS vs. MIN,L,11,1,3,0.333,0,1,0.0,0,0,0.0,2,4,6,2,0,2,0,1,2,-4,1,
22023,1629646,22300161,"NOV 08, 2023",SAS @ NYK,L,15,3,3,1.0,0,0,0.0,0,0,0.0,1,3,4,1,1,2,0,1,6,-4,1,
22023,1629646,22300146,"NOV 06, 2023",SAS @ IND,L,17,5,5,1.0,0,0,0.0,0,0,0.0,2,1,3,1,3,0,1,3,10,-26,1,
22023,1629646,22300141,"NOV 05, 2023",SAS vs. TOR,L,9,1,1,1.0,0,0,0.0,0,0,0.0,1,1,2,0,0,0,1,1,2,8,1,
22023,1629646,22300131,"NOV 02, 2023",SAS @ PHX,W,6,1,1,1.0,0,0,0.0,1,1,1.0,0,1,1,1,1,0,1,0,3,8,1,
22023,1629646,22300113,"OCT 31, 2023",SAS @ PHX,W,15,1,2,0.5,0,0,0.0,0,0,0.0,1,2,3,1,0,1,1,4,2,-13,1,
22023,1629646,22300099,"OCT 29, 2023",SAS @ LAC,L,16,3,4,0.75,0,0,0.0,0,0,0.0,1,4,5,1,1,1,0,2,6,9,1,
22023,1629646,22300083,"OCT 27, 2023",SAS vs. HOU,W,7,0,0,0.0,0,0,0.0,0,0,0.0,1,2,3,0,0,0,0,1,0,-3,1,
22023,1629646,22300073,"OCT 25, 2023",SAS vs. DAL,L,13,1,1,1.0,0,0,0.0,0,0,0.0,1,4,5,2,1,0,1,0,2,-6,1,
22023,1629650,22300456,"JAN 01, 2024",POR @ PHX,L,16,1,2,0.5,0,0,0.0,0,0,0.0,0,6,6,1,0,1,2,2,2,-5,1,
22023,1629650,22300437,"DEC 29, 2023",POR vs. SAS,W,4,0,0,0.0,0,0,0.0,0,0,0.0,0,4,4,0,0,0,0,1,0,-2,1,
22023,1629650,22300427,"DEC 28, 2023",POR vs. SAS,L,14,2,6,0.333,0,0,0.0,0,0,0.0,5,2,7,0,0,0,0,3,4,-8,1,
22023,1629650,22300413,"DEC 26, 2023",POR vs. SAC,W,14,0,1,0.0,0,0,0.0,0,2,0.0,5,6,11,0,1,1,1,3,0,-5,1,
22023,1629650,22300323,"DEC 14, 2023",POR vs. UTA,L,5,0,0,0.0,0,0,0.0,0,0,0.0,0,1,1,0,0,0,0,0,0,-6,1,
22023,1629650,22300304,"DEC 11, 2023",POR @ LAC,L,16,3,7,0.429,0,0,0.0,0,0,0.0,4,8,12,0,0,0,1,1,6,1,1,
22023,1629650,22300041,"NOV 21, 2023",POR @ PHX,L,2,0,1,0.0,0,0,0.0,0,0,0.0,1,0,1,0,0,0,0,0,0,3,1,
22023,1629650,22300215,"NOV 19, 2023",POR vs. OKC,L,7,1,1,1.0,0,0,0.0,0,0,0.0,1,0,1,0,1,0,0,0,2,-4,1,
22023,1629650,22300170,"NOV 08, 2023",POR @ SAC,L,5,2,3,0.667,0,0,0.0,0,2,0.0,2,1,3,1,0,1,0,1,4,-8,1,
22023,1629651,22300780,"FEB 14, 2024",BKN @ BOS,L,21,3,6,0.5,0,0,0.0,0,0,0.0,2,6,8,3,0,0,1,0,6,-26,1,
22023,1629651,22300771,"FEB 13, 2024",BKN vs. BOS,L,28,4,5,0.8,0,0,0.0,2,4,0.5,2,6,8,1,0,2,1,4,10,-21,1,
22023,1629651,22300750,"FEB 10, 2024",BKN vs. SAS,W,27,10,15,0.667,0,1,0.0,0,0,0.0,3,8,11,0,1,2,0,3,20,12,1,
22023,1629651,22300735,"FEB 08, 2024",BKN vs. CLE,L,25,3,10,0.3,0,0,0.0,0,0,0.0,2,5,7,1,0,1,2,4,6,-18,1,
22023,1629651,22300720,"FEB 06, 2024",BKN vs. DAL,L,35,3,9,0.333,0,0,0.0,3,3,1.0,2,9,11,2,0,5,2,3,9,-15,1,
22023,1629651,22300717,"FEB 05, 2024",BKN vs. GSW,L,32,7,9,0.778,0,0,0.0,1,2,0.5,2,3,5,1,0,7,0,1,15,-8,1,
22023,1629651,22300698,"FEB 03, 2024",BKN @ PHI,W,26,4,4,1.0,0,0,0.0,4,6,0.667,3,12,15,4,0,4,1,1,12,18,1,
22023,1629651,22300677,"JAN 31, 2024",BKN vs. PHX,L,30,6,12,0.5,0,0,0.0,0,0,0.0,1,8,9,4,1,0,1,3,12,-11,1,
22023,1629651,22300660,"JAN 29, 2024",BKN vs. UTA,W,26,5,11,0.455,0,0,0.0,1,1,1.0,4,6,10,2,1,3,2,1,11,2,1,
22023,1629651,22300645,"JAN 27, 2024",BKN vs. HOU,W,37,5,7,0.714,0,1,0.0,0,4,0.0,1,12,13,4,1,1,3,5,10,-7,1,
22023,1629651,22300629,"JAN 25, 2024",BKN vs. MIN,L,39,8,10,0.8,0,0,0.0,0,0,0.0,2,9,11,4,2,2,0,2,16,2,1,
22023,1629651,22300615,"JAN 23, 2024",BKN vs. NYK,L,39,4,9,0.444,0,0,0.0,0,0,0.0,6,11,17,1,2,1,3,1,8,-6,1,
22023,1629651,22300600,"JAN 21, 2024",BKN @ LAC,L,31,7,10,0.7,0,1,0.0,2,4,0.5,2,4,6,3,1,2,0,5,16,-9,1,
22023,1629651,22300591,"JAN 19, 2024",BKN @ LAL,W,33,11,16,0.688,0,0,0.0,0,0,0.0,2,12,14,1,1,2,0,3,22,8,1,
22023,1629651,22300578,"JAN 17, 2024",BKN @ POR,L,32,4,5,0.8,0,0,0.0,4,10,0.4,2,10,12,0,3,1,1,3,12,-4,1,
22023,1629651,22300562,"JAN 15, 2024",BKN vs. MIA,L,43,4,9,0.444,0,0,0.0,1,1,1.0,2,11,13,2,0,2,1,1,9,-4,1,
22023,1629651,22300527,"JAN 11, 2024",BKN @ CLE,L,33,6,9,0.667,0,0,0.0,1,2,0.5,3,8,11,1,1,0,4,3,13,0,1,
22023,1629651,22300498,"JAN 07, 2024",BKN vs. POR,L,36,8,8,1.0,0,0,0.0,0,2,0.0,2,9,11,3,2,4,5,5,16,-2,1,
22023,1629651,22300481,"JAN 05, 2024",BKN vs. OKC,W,34,8,11,0.727,0,0,0.0,7,10,0.7,8,5,13,3,1,0,3,1,23,5,1,
22023,1629651,22300469,"JAN 03, 2024",BKN @ HOU,L,28,6,8,0.75,0,0,0.0,0,0,0.0,5,8,13,0,1,2,1,5,12,-8,1,
22023,1629651,22300461,"JAN 02, 2024",BKN @ NOP,L,23,4,7,0.571,0,0,0.0,0,0,0.0,0,3,3,1,0,2,0,1,8,-19,1,
22023,1629651,22300447,"DEC 31, 2023",BKN @ OKC,L,37,5,11,0.455,0,0,0.0,5,10,0.5,6,10,16,5,1,1,0,2,15,-21,1,
22023,1629651,22300430,"DEC 29, 2023",BKN @ WAS,L,30,4,10,0.4,0,0,0.0,3,5,0.6,4,8,12,2,0,3,1,0,11,7,1,
22023,1629651,22300406,"DEC 26, 2023",BKN @ DET,W,26,5,5,1.0,0,0,0.0,1,3,0.333,2,9,11,2,0,3,0,2,11,-9,1,
22023,1629651,22300394,"DEC 23, 2023",BKN vs. DET,W,30,4,8,0.5,0,0,0.0,3,4,0.75,2,5,7,2,2,2,2,2,11,3,1,
22023,1629651,22300383,"DEC 22, 2023",BKN vs. DEN,L,28,4,8,0.5,0,0,0.0,2,4,0.5,1,15,16,6,0,3,1,1,10,-10,1,
22023,1629651,22300368,"DEC 20, 2023",BKN vs. NYK,L,26,3,5,0.6,0,0,0.0,0,0,0.0,4,4,8,2,0,4,0,5,6,-21,1,
22023,1629651,22300357,"DEC 18, 2023",BKN @ UTA,L,26,4,5,0.8,0,0,0.0,3,4,0.75,2,5,7,0,0,4,3,3,11,-18,1,
22023,1629651,22300339,"DEC 16, 2023",BKN @ GSW,L,33,8,12,0.667,0,0,0.0,3,3,1.0,5,7,12,1,0,4,2,1,19,-5,1,
22023,1629651,22300322,"DEC 14, 2023",BKN @ DEN,L,17,5,9,0.556,0,0,0.0,0,0,0.0,1,8,9,2,0,0,2,5,10,-16,1,
22023,1629651,22300317,"DEC 13, 2023",BKN @ PHX,W,33,6,10,0.6,1,1,1.0,1,2,0.5,0,7,7,1,0,1,0,4,14,-6,1,
22023,1629651,22300303,"DEC 11, 2023",BKN @ SAC,L,26,3,6,0.5,0,0,0.0,2,2,1.0,4,6,10,0,0,3,0,2,8,-24,1,
22023,1629651,22301219,"DEC 08, 2023",BKN vs. WAS,W,26,6,8,0.75,0,0,0.0,1,2,0.5,4,11,15,0,0,2,1,3,13,15,1,
22023,1629651,22301209,"DEC 06, 2023",BKN @ ATL,W,28,1,5,0.2,0,0,0.0,2,4,0.5,2,8,10,4,1,1,0,1,4,-5,1,
22023,1629651,22300282,"DEC 02, 2023",BKN vs. ORL,W,24,3,4,0.75,0,0,0.0,0,0,0.0,4,3,7,1,0,1,1,4,6,3,1,
22023,1629651,22300266,"NOV 30, 2023",BKN vs. CHA,L,29,9,13,0.692,0,0,0.0,2,2,1.0,9,5,14,2,1,2,1,1,20,-7,1,
22023,1629651,22300054,"NOV 28, 2023",BKN vs. TOR,W,32,7,10,0.7,0,0,0.0,1,4,0.25,2,6,8,0,0,4,0,1,15,20,1,
22023,1629651,22300240,"NOV 25, 2023",BKN vs. MIA,W,24,5,7,0.714,0,0,0.0,3,4,0.75,2,4,6,0,2,3,0,1,13,3,1,
22023,1629651,22300227,"NOV 22, 2023",BKN @ ATL,L,37,10,15,0.667,0,0,0.0,2,2,1.0,7,4,11,3,1,3,2,6,22,-6,1,
22023,1629651,22300208,"NOV 19, 2023",BKN vs. PHI,L,23,5,6,0.833,0,0,0.0,0,3,0.0,0,9,9,1,0,1,2,3,10,-17,1,
22023,1629651,22300200,"NOV 16, 2023",BKN @ MIA,L,26,7,7,1.0,0,0,0.0,2,4,0.5,1,5,6,2,1,3,1,2,16,-7,1,
22023,1629651,22300020,"NOV 14, 2023",BKN vs. ORL,W,21,3,5,0.6,0,0,0.0,2,2,1.0,2,4,6,0,1,2,1,4,8,20,1,
22023,1629651,22300178,"NOV 12, 2023",BKN vs. WAS,W,28,5,7,0.714,0,0,0.0,0,0,0.0,4,9,13,2,0,4,0,2,10,8,1,
22023,1629651,22300067,"OCT 25, 2023",BKN vs. CLE,L,28,3,10,0.3,0,0,0.0,1,1,1.0,4,3,7,4,0,3,0,1,7,-12,1,
22023,1629652,22300772,"FEB 13, 2024",OKC @ ORL,W,31,3,5,0.6,2,4,0.5,0,0,0.0,0,4,4,4,2,0,1,1,8,1,1,
22023,1629652,22300760,"FEB 11, 2024",OKC vs. SAC,W,33,5,9,0.556,3,5,0.6,4,4,1.0,2,7,9,0,3,1,2,3,17,31,1,
22023,1629652,22300748,"FEB 10, 2024",OKC @ DAL,L,18,2,7,0.286,1,6,0.167,0,0,0.0,0,0,0,2,0,0,2,3,5,-8,1,
22023,1629652,22300724,"FEB 06, 2024",OKC @ UTA,L,30,3,8,0.375,2,5,0.4,2,3,0.667,0,1,1,1,1,1,0,5,10,-12,1,
22023,1629652,22300710,"FEB 04, 2024",OKC vs. TOR,W,41,8,19,0.421,5,12,0.417,1,1,1.0,2,5,7,4,1,0,2,2,22,7,1,
22023,1629652,22300695,"FEB 02, 2024",OKC vs. CHA,W,19,3,4,0.75,2,3,0.667,0,0,0.0,1,1,2,1,0,1,0,3,8,16,1,
22023,1629652,22300682,"JAN 31, 2024",OKC vs. DEN,W,36,3,11,0.273,1,6,0.167,0,1,0.0,0,7,7,1,1,0,1,2,7,3,1,
22023,1629652,22300664,"JAN 29, 2024",OKC vs. MIN,L,25,0,7,0.0,0,6,0.0,2,2,1.0,0,3,3,1,0,0,0,2,2,0,1,
22023,1629652,22300654,"JAN 28, 2024",OKC @ DET,L,23,2,5,0.4,2,5,0.4,0,0,0.0,0,1,1,1,0,1,0,3,6,0,1,
22023,1629652,22300640,"JAN 26, 2024",OKC @ NOP,W,26,1,6,0.167,0,3,0.0,2,2,1.0,0,2,2,0,0,1,0,3,4,9,1,
22023,1629652,22300622,"JAN 24, 2024",OKC @ SAS,W,25,1,6,0.167,0,5,0.0,0,0,0.0,1,2,3,1,2,1,1,2,2,12,1,
22023,1629652,22300617,"JAN 23, 2024",OKC vs. POR,W,24,2,6,0.333,1,5,0.2,1,2,0.5,1,2,3,1,0,0,3,4,6,15,1,
22023,1629652,22300599,"JAN 20, 2024",OKC @ MIN,W,33,5,12,0.417,3,7,0.429,1,2,0.5,2,3,5,1,2,0,1,4,14,11,1,
22023,1629652,22300568,"JAN 16, 2024",OKC @ LAC,L,33,6,10,0.6,5,8,0.625,2,2,1.0,0,1,1,1,0,0,3,2,19,-15,1,
22023,1629652,22300565,"JAN 15, 2024",OKC @ LAL,L,29,4,9,0.444,3,8,0.375,0,0,0.0,4,3,7,1,1,0,1,2,11,-2,1,
22023,1629652,22300546,"JAN 13, 2024",OKC vs. ORL,W,32,4,8,0.5,2,5,0.4,2,2,1.0,1,2,3,2,1,1,1,5,12,0,1,
22023,1629652,22300529,"JAN 11, 2024",OKC vs. POR,W,19,3,7,0.429,3,5,0.6,2,2,1.0,0,3,3,1,1,1,1,2,11,45,1,
22023,1629652,22300522,"JAN 10, 2024",OKC @ MIA,W,26,5,10,0.5,2,4,0.5,2,4,0.5,0,2,2,0,0,0,0,3,14,-3,1,
22023,1629652,22300508,"JAN 08, 2024",OKC @ WAS,W,27,2,5,0.4,0,3,0.0,3,4,0.75,0,3,3,1,0,1,2,4,7,0,1,
22023,1629652,22300481,"JAN 05, 2024",OKC @ BKN,L,28,5,8,0.625,2,5,0.4,0,0,0.0,2,2,4,3,3,0,1,4,12,-5,1,
22023,1629652,22300467,"JAN 03, 2024",OKC @ ATL,L,29,3,7,0.429,2,3,0.667,6,6,1.0,3,1,4,3,0,0,0,4,14,11,1,
22023,1629652,22300462,"JAN 02, 2024",OKC vs. BOS,W,37,4,14,0.286,1,7,0.143,0,0,0.0,5,3,8,1,1,3,0,2,9,8,1,
22023,1629652,22300447,"DEC 31, 2023",OKC vs. BKN,W,30,7,10,0.7,4,5,0.8,0,0,0.0,0,4,4,3,0,1,0,4,18,15,1,
22023,1629652,22300435,"DEC 29, 2023",OKC @ DEN,W,32,2,6,0.333,0,3,0.0,0,0,0.0,1,3,4,1,3,1,1,3,4,24,1,
22023,1629652,22300419,"DEC 27, 2023",OKC vs. NYK,W,27,2,9,0.222,1,4,0.25,0,0,0.0,0,2,2,2,0,0,0,4,5,13,1,
22023,1629652,22300411,"DEC 26, 2023",OKC vs. MIN,W,33,7,9,0.778,5,6,0.833,1,2,0.5,0,4,4,0,2,2,2,4,20,14,1,
22023,1629652,22300397,"DEC 23, 2023",OKC vs. LAL,L,30,3,9,0.333,2,6,0.333,0,0,0.0,1,4,5,0,0,1,2,2,8,-18,1,
22023,1629652,22300379,"DEC 21, 2023",OKC vs. LAC,W,31,8,12,0.667,3,6,0.5,2,2,1.0,1,2,3,4,0,1,0,2,21,20,1,
22023,1629652,22300355,"DEC 18, 2023",OKC vs. MEM,W,21,4,7,0.571,3,6,0.5,0,0,0.0,0,2,2,2,0,1,0,2,11,24,1,
22023,1629652,22300340,"DEC 16, 2023",OKC @ DEN,W,26,4,8,0.5,2,3,0.667,3,4,0.75,2,2,4,2,0,0,0,4,13,5,1,
22023,1629652,22300324,"DEC 14, 2023",OKC @ SAC,L,32,5,8,0.625,3,5,0.6,4,5,0.8,2,2,4,0,3,2,1,4,17,3,1,
22023,1629652,22301222,"DEC 08, 2023",OKC vs. GSW,W,39,4,9,0.444,0,3,0.0,8,8,1.0,4,1,5,1,0,1,1,4,16,6,1,
22023,1629652,22301212,"DEC 06, 2023",OKC @ HOU,L,15,0,5,0.0,0,3,0.0,4,4,1.0,2,1,3,0,0,0,1,1,4,-27,1,
22023,1629652,22300287,"DEC 02, 2023",OKC @ DAL,W,33,4,13,0.308,1,6,0.167,1,2,0.5,1,4,5,3,0,0,2,4,10,-10,1,
22023,1629652,22300271,"NOV 30, 2023",OKC vs. LAL,W,28,5,9,0.556,2,5,0.4,0,0,0.0,3,4,7,3,2,1,0,2,12,11,1,
22023,1629652,22300058,"NOV 28, 2023",OKC @ MIN,L,25,1,5,0.2,1,2,0.5,0,0,0.0,0,3,3,1,0,0,1,5,3,-6,1,
22023,1629652,22300239,"NOV 25, 2023",OKC vs. PHI,L,25,2,5,0.4,1,3,0.333,0,1,0.0,1,1,2,0,0,0,1,3,5,-13,1,
22023,1629652,22300234,"NOV 22, 2023",OKC vs. CHI,W,27,1,6,0.167,0,4,0.0,0,0,0.0,0,2,2,2,0,2,2,6,2,9,1,
22023,1629652,22300215,"NOV 19, 2023",OKC @ POR,W,23,4,6,0.667,2,3,0.667,2,2,1.0,0,0,0,1,0,0,0,1,12,27,1,
22023,1629652,22300207,"NOV 18, 2023",OKC @ GSW,W,27,1,6,0.167,1,4,0.25,0,0,0.0,1,5,6,2,0,0,0,2,3,-11,1,
22023,1629652,22300201,"NOV 16, 2023",OKC @ GSW,W,24,2,5,0.4,1,3,0.333,0,0,0.0,0,2,2,0,1,0,1,2,5,-1,1,
22023,1629652,22300021,"NOV 14, 2023",OKC vs. SAS,W,24,2,6,0.333,1,3,0.333,1,2,0.5,1,2,3,0,1,1,0,2,6,22,1,
22023,1629652,22300185,"NOV 12, 2023",OKC @ PHX,W,33,3,10,0.3,0,5,0.0,3,4,0.75,2,4,6,1,2,1,0,5,9,8,1,
22023,1629652,22300016,"NOV 10, 2023",OKC @ SAC,L,25,2,5,0.4,2,3,0.667,2,2,1.0,2,4,6,2,3,1,2,4,8,-11,1,
22023,1629652,22300167,"NOV 08, 2023",OKC vs. CLE,W,36,3,9,0.333,3,5,0.6,5,6,0.833,1,3,4,3,2,3,3,3,14,-5,1,
22023,1629652,22300155,"NOV 06, 2023",OKC vs. ATL,W,32,6,10,0.6,2,5,0.4,5,5,1.0,2,7,9,3,0,2,2,1,19,7,1,
22023,1629652,22300005,"NOV 03, 2023",OKC vs. GSW,L,30,9,12,0.75,6,6,1.0,5,7,0.714,2,3,5,0,0,0,1,4,29,-5,1,
22023,1629652,22300121,"NOV 01, 2023",OKC vs. NOP,L,30,3,7,0.429,3,6,0.5,0,0,0.0,1,1,2,0,1,0,1,4,9,-3,1,
22023,1629652,22300109,"OCT 30, 2023",OKC vs. DET,W,26,3,7,0.429,1,4,0.25,0,0,0.0,0,2,2,0,2,1,0,1,7,12,1,
22023,1629652,22300095,"OCT 29, 2023",OKC vs. DEN,L,21,3,7,0.429,1,5,0.2,3,3,1.0,1,0,1,0,1,1,0,2,10,-18,1,
22023,1629652,22300081,"OCT 27, 2023",OKC @ CLE,W,39,9,13,0.692,3,4,0.75,4,6,0.667,3,3,6,2,1,1,1,5,25,-6,1,
22023,1629652,22300070,"OCT 25, 2023",OKC @ CHI,W,33,3,8,0.375,2,5,0.4,0,0,0.0,0,7,7,2,2,1,2,1,8,13,1,
22023,1629655,22300785,"FEB 14, 2024",DAL vs. SAS,W,23,5,7,0.714,0,0,0.0,0,0,0.0,2,8,10,2,0,1,2,4,10,2,1,
22023,1629655,22300768,"FEB 12, 2024",DAL vs. WAS,W,24,7,13,0.538,0,0,0.0,2,3,0.667,7,10,17,2,2,5,2,0,16,-6,1,
22023,1629655,22300748,"FEB 10, 2024",DAL vs. OKC,W,17,7,11,0.636,0,0,0.0,5,6,0.833,4,5,9,0,0,1,0,2,19,9,1,
22023,1629655,22300728,"FEB 07, 2024",WAS vs. CLE,L,35,7,12,0.583,0,0,0.0,0,0,0.0,4,9,13,0,1,4,1,2,14,11,1,
22023,1629655,22300705,"FEB 04, 2024",WAS vs. PHX,L,25,7,7,1.0,0,0,0.0,1,2,0.5,4,3,7,1,0,2,0,4,15,-22,1,
22023,1629655,22300689,"FEB 02, 2024",WAS vs. MIA,L,32,4,8,0.5,0,0,0.0,3,4,0.75,4,10,14,2,1,1,1,4,11,14,1,
22023,1629655,22300676,"JAN 31, 2024",WAS vs. LAC,L,22,2,5,0.4,0,0,0.0,2,2,1.0,4,4,8,2,1,5,1,3,6,-16,1,
22023,1629655,22300665,"JAN 29, 2024",WAS @ SAS,W,28,6,8,0.75,0,0,0.0,4,8,0.5,8,5,13,2,2,1,1,2,16,3,1,
22023,1629655,22300642,"JAN 27, 2024",WAS @ DET,W,28,7,10,0.7,0,0,0.0,1,2,0.5,6,7,13,1,3,0,0,2,15,5,1,
22023,1629655,22300628,"JAN 25, 2024",WAS vs. UTA,L,31,6,7,0.857,0,0,0.0,1,2,0.5,2,7,9,1,1,4,0,2,13,0,1,
22023,1629655,22300620,"JAN 24, 2024",WAS vs. MIN,L,21,5,5,1.0,0,0,0.0,0,0,0.0,1,3,4,1,1,2,2,6,10,-13,1,
22023,1629655,22300602,"JAN 21, 2024",WAS vs. DEN,L,30,7,10,0.7,0,0,0.0,1,2,0.5,3,4,7,2,2,1,2,5,15,-8,1,
22023,1629655,22300558,"JAN 15, 2024",WAS vs. DET,L,26,4,6,0.667,0,0,0.0,0,0,0.0,3,3,6,3,1,2,2,3,8,-12,1,
22023,1629655,22300543,"JAN 13, 2024",WAS @ ATL,W,30,4,4,1.0,0,0,0.0,2,2,1.0,0,6,6,0,1,2,1,0,10,26,1,
22023,1629655,22300520,"JAN 10, 2024",WAS @ IND,L,37,4,6,0.667,0,0,0.0,4,6,0.667,1,7,8,2,2,6,3,4,12,-3,1,
22023,1629655,22300508,"JAN 08, 2024",WAS vs. OKC,L,26,3,7,0.429,0,0,0.0,3,3,1.0,4,5,9,1,0,1,0,2,9,1,1,
22023,1629655,22300494,"JAN 06, 2024",WAS vs. NYK,L,31,2,2,1.0,0,0,0.0,2,4,0.5,4,8,12,3,1,1,1,5,6,-8,1,
22023,1629655,22300482,"JAN 05, 2024",WAS @ CLE,L,24,1,2,0.5,0,0,0.0,2,2,1.0,0,4,4,1,0,1,0,2,4,-18,1,
22023,1629655,22300465,"JAN 03, 2024",WAS @ CLE,L,20,6,8,0.75,0,0,0.0,0,1,0.0,3,2,5,1,0,1,0,2,12,-13,1,
22023,1629655,22300445,"DEC 31, 2023",WAS vs. ATL,L,28,3,4,0.75,0,0,0.0,4,4,1.0,2,7,9,0,2,4,0,2,10,13,1,
22023,1629655,22300430,"DEC 29, 2023",WAS vs. BKN,W,17,1,4,0.25,0,0,0.0,2,2,1.0,1,4,5,0,1,0,1,4,4,-15,1,
22023,1629655,22300416,"DEC 27, 2023",WAS vs. TOR,L,30,5,9,0.556,0,0,0.0,2,2,1.0,2,6,8,1,4,1,0,2,12,-21,1,
22023,1629655,22300407,"DEC 26, 2023",WAS vs. ORL,L,32,6,7,0.857,0,0,0.0,1,2,0.5,6,7,13,3,2,3,3,4,13,-1,1,
22023,1629655,22300386,"DEC 22, 2023",WAS @ GSW,L,23,5,7,0.714,0,0,0.0,5,6,0.833,1,3,4,1,1,0,1,1,15,-3,1,
22023,1629655,22300381,"DEC 21, 2023",WAS @ POR,W,31,7,10,0.7,0,0,0.0,2,3,0.667,3,5,8,0,4,6,1,6,16,9,1,
22023,1629655,22300358,"DEC 18, 2023",WAS @ SAC,L,25,3,5,0.6,0,0,0.0,2,2,1.0,2,3,5,1,0,3,0,4,8,-27,1,
22023,1629655,22300347,"DEC 17, 2023",WAS @ PHX,L,35,10,13,0.769,0,0,0.0,6,7,0.857,7,10,17,3,0,2,1,4,26,4,1,
22023,1629655,22300328,"DEC 15, 2023",WAS vs. IND,W,28,3,6,0.5,0,0,0.0,3,4,0.75,5,5,10,4,0,3,2,4,9,19,1,
22023,1629655,22300311,"DEC 13, 2023",WAS vs. NOP,L,24,5,6,0.833,0,0,0.0,3,4,0.75,2,5,7,0,1,2,1,3,13,-4,1,
22023,1629655,22301219,"DEC 08, 2023",WAS @ BKN,L,22,1,5,0.2,0,0,0.0,1,2,0.5,2,0,2,2,0,2,1,1,3,-23,1,
22023,1629655,22301208,"DEC 06, 2023",WAS vs. PHI,L,23,8,10,0.8,0,0,0.0,2,2,1.0,2,4,6,4,1,2,0,6,18,-8,1,
22023,1629655,22300274,"DEC 01, 2023",WAS @ ORL,L,27,7,10,0.7,0,0,0.0,4,7,0.571,4,7,11,3,0,3,1,5,18,-1,1,
22023,1629655,22300259,"NOV 29, 2023",WAS @ ORL,L,26,2,2,1.0,0,0,0.0,0,0,0.0,1,2,3,4,1,2,0,3,4,-6,1,
22023,1629655,22300253,"NOV 27, 2023",WAS @ DET,W,27,4,5,0.8,0,0,0.0,2,2,1.0,3,6,9,2,2,4,2,3,10,10,1,
22023,1629655,22300241,"NOV 25, 2023",WAS vs. ATL,L,18,6,8,0.75,0,0,0.0,0,0,0.0,1,3,4,0,0,2,0,2,12,-18,1,
22023,1629655,22300049,"NOV 24, 2023",WAS @ MIL,L,29,3,6,0.5,0,0,0.0,2,3,0.667,5,4,9,4,1,2,1,5,8,-6,1,
22023,1629655,22300225,"NOV 22, 2023",WAS @ CHA,L,34,7,9,0.778,0,0,0.0,1,2,0.5,5,11,16,1,1,0,2,4,15,15,1,
22023,1629655,22300219,"NOV 20, 2023",WAS vs. MIL,L,29,7,13,0.538,0,0,0.0,0,0,0.0,1,4,5,2,0,2,0,3,14,-1,1,
22023,1629655,22300028,"NOV 17, 2023",WAS vs. NYK,L,28,4,8,0.5,0,0,0.0,2,2,1.0,4,3,7,0,1,0,1,4,10,-15,1,
22023,1629655,22300192,"NOV 15, 2023",WAS vs. DAL,L,24,5,6,0.833,0,0,0.0,0,1,0.0,2,7,9,2,0,0,0,1,10,-16,1,
22023,1629655,22300189,"NOV 13, 2023",WAS @ TOR,L,26,6,7,0.857,0,0,0.0,2,2,1.0,1,8,9,3,1,3,2,2,14,7,1,
22023,1629655,22300178,"NOV 12, 2023",WAS @ BKN,L,16,2,3,0.667,0,0,0.0,1,2,0.5,2,3,5,0,2,0,1,1,5,-4,1,
22023,1629655,22300009,"NOV 10, 2023",WAS vs. CHA,L,30,4,7,0.571,0,0,0.0,2,3,0.667,4,5,9,1,2,4,2,4,10,-16,1,
22023,1629655,22300157,"NOV 08, 2023",WAS @ CHA,W,13,2,3,0.667,0,0,0.0,1,2,0.5,3,2,5,1,0,2,1,4,5,3,1,
22023,1629655,22300148,"NOV 06, 2023",WAS @ PHI,L,30,6,7,0.857,0,0,0.0,0,0,0.0,3,4,7,3,0,5,4,5,12,-3,1,
22023,1629655,22300003,"NOV 03, 2023",WAS @ MIA,L,20,1,1,1.0,0,0,0.0,2,3,0.667,1,4,5,1,0,2,2,5,4,-10,1,
22023,1629655,22300089,"OCT 28, 2023",WAS vs. MEM,W,28,3,4,0.75,0,0,0.0,4,6,0.667,4,7,11,0,0,2,1,2,10,8,1,
22023,1629655,22300064,"OCT 25, 2023",WAS @ IND,L,21,2,2,1.0,0,0,0.0,2,4,0.5,1,4,5,0,0,2,0,5,6,-23,1,
22023,1629656,22300671,"JAN 30, 2024",NYK vs. UTA,W,20,4,10,0.4,2,6,0.333,2,2,1.0,0,6,6,2,1,0,0,1,12,6,1,
22023,1629656,22300657,"JAN 29, 2024",NYK @ CHA,W,32,3,11,0.273,1,6,0.167,0,0,0.0,0,2,2,2,0,0,0,1,7,3,1,
22023,1629656,22300643,"JAN 27, 2024",NYK vs. MIA,W,24,3,6,0.5,2,5,0.4,4,8,0.5,1,3,4,1,1,0,0,2,12,10,1,
22023,1629656,22300631,"JAN 25, 2024",NYK vs. DEN,W,23,7,11,0.636,2,5,0.4,3,3,1.0,0,5,5,0,0,0,2,0,19,13,1,
22023,1629656,22300615,"JAN 23, 2024",NYK @ BKN,W,20,2,5,0.4,1,4,0.25,0,0,0.0,0,1,1,2,1,0,0,2,5,5,1,
22023,1629656,22300596,"JAN 20, 2024",NYK vs. TOR,W,20,2,8,0.25,0,4,0.0,0,0,0.0,1,3,4,1,1,1,1,3,4,8,1,
22023,1629656,22300579,"JAN 18, 2024",NYK vs. WAS,W,19,0,5,0.0,0,5,0.0,0,0,0.0,0,1,1,2,0,0,0,1,0,-12,1,
22023,1629656,22300573,"JAN 17, 2024",NYK vs. HOU,W,17,2,8,0.25,2,6,0.333,5,5,1.0,2,1,3,1,0,0,0,1,11,-1,1,
22023,1629656,22300557,"JAN 15, 2024",NYK vs. ORL,L,14,3,4,0.75,2,3,0.667,0,0,0.0,0,2,2,1,1,0,2,2,8,-12,1,
22023,1629656,22300544,"JAN 13, 2024",NYK @ MEM,W,15,1,5,0.2,1,4,0.25,0,0,0.0,0,2,2,1,0,0,0,1,3,4,1,
22023,1629656,22300530,"JAN 11, 2024",NYK @ DAL,L,15,3,6,0.5,3,6,0.5,0,2,0.0,0,0,0,3,0,0,0,1,9,-8,1,
22023,1629656,22300514,"JAN 09, 2024",NYK vs. POR,W,21,5,11,0.455,4,9,0.444,3,3,1.0,0,4,4,1,3,0,2,1,17,9,1,
22023,1629656,22300494,"JAN 06, 2024",NYK @ WAS,W,15,2,5,0.4,2,4,0.5,0,0,0.0,0,1,1,1,1,0,1,1,6,-6,1,
22023,1629656,22300483,"JAN 05, 2024",NYK @ PHI,W,24,6,13,0.462,4,9,0.444,3,3,1.0,2,6,8,2,1,1,1,3,19,37,1,
22023,1629656,22300468,"JAN 03, 2024",NYK vs. CHI,W,18,3,9,0.333,2,6,0.333,0,0,0.0,0,1,1,0,1,0,0,0,8,-20,1,
22023,1629656,22300451,"JAN 01, 2024",NYK vs. MIN,W,18,3,4,0.75,2,3,0.667,2,2,1.0,2,1,3,1,0,0,0,1,10,-6,1,
22023,1629656,22300429,"DEC 29, 2023",NYK @ ORL,L,14,1,3,0.333,1,3,0.333,0,0,0.0,0,2,2,0,1,0,0,1,3,1,1,
22023,1629656,22300419,"DEC 27, 2023",NYK @ OKC,L,11,2,2,1.0,2,2,1.0,0,0,0.0,0,3,3,1,0,0,0,1,6,0,1,
22023,1629656,22300401,"DEC 25, 2023",NYK vs. MIL,W,12,1,2,0.5,0,1,0.0,0,1,0.0,0,1,1,2,0,0,0,0,2,-1,1,
22023,1629656,22300388,"DEC 23, 2023",NYK vs. MIL,L,16,1,3,0.333,0,1,0.0,0,0,0.0,0,2,2,0,1,0,0,2,2,-5,1,
22023,1629656,22300368,"DEC 20, 2023",NYK @ BKN,W,18,2,7,0.286,1,4,0.25,0,0,0.0,0,1,1,0,1,1,0,1,5,-2,1,
22023,1629656,22300359,"DEC 18, 2023",NYK @ LAL,W,11,1,5,0.2,1,4,0.25,0,0,0.0,0,0,0,2,1,0,0,0,3,4,1,
22023,1629656,22300343,"DEC 16, 2023",NYK @ LAC,L,24,3,8,0.375,2,5,0.4,0,0,0.0,0,1,1,0,1,0,0,3,8,-5,1,
22023,1629656,22300333,"DEC 15, 2023",NYK @ PHX,W,15,3,7,0.429,3,6,0.5,0,0,0.0,2,0,2,1,0,0,0,2,9,12,1,
22023,1629656,22300318,"DEC 13, 2023",NYK @ UTA,L,16,1,4,0.25,0,3,0.0,0,2,0.0,0,2,2,1,0,0,1,1,2,-27,1,
22023,1629656,22300297,"DEC 11, 2023",NYK vs. TOR,W,27,7,11,0.636,5,7,0.714,0,0,0.0,0,3,3,1,0,0,0,0,19,10,1,
22023,1629656,22301227,"DEC 08, 2023",NYK @ BOS,L,19,5,10,0.5,3,7,0.429,0,0,0.0,0,1,1,2,0,0,2,1,13,12,1,
22023,1629656,22301201,"DEC 05, 2023",NYK @ MIL,L,18,0,1,0.0,0,1,0.0,0,0,0.0,0,1,1,0,1,0,0,4,0,-3,1,
22023,1629656,22300276,"DEC 01, 2023",NYK @ TOR,W,21,1,3,0.333,0,2,0.0,2,2,1.0,1,0,1,2,0,0,0,2,4,0,1,
22023,1629656,22300268,"NOV 30, 2023",NYK vs. DET,W,16,0,5,0.0,0,3,0.0,0,0,0.0,0,1,1,0,2,0,0,1,0,-2,1,
22023,1629656,22300057,"NOV 28, 2023",NYK vs. CHA,W,19,2,4,0.5,2,3,0.667,0,0,0.0,1,0,1,1,0,0,1,0,6,2,1,
22023,1629656,22300247,"NOV 26, 2023",NYK vs. PHX,L,20,1,5,0.2,1,3,0.333,0,0,0.0,1,2,3,2,0,0,1,2,3,-8,1,
22023,1629656,22300045,"NOV 24, 2023",NYK vs. MIA,W,21,1,4,0.25,1,3,0.333,0,0,0.0,0,0,0,2,1,0,0,3,3,-20,1,
22023,1629656,22300221,"NOV 20, 2023",NYK @ MIN,L,25,0,6,0.0,0,6,0.0,0,0,0.0,0,1,1,2,2,0,0,2,0,-18,1,
22023,1629656,22300193,"NOV 15, 2023",NYK @ ATL,W,29,4,11,0.364,3,8,0.375,0,0,0.0,0,1,1,1,1,0,3,3,11,2,1,
22023,1629656,22300188,"NOV 13, 2023",NYK @ BOS,L,28,4,6,0.667,4,6,0.667,0,0,0.0,0,0,0,1,0,0,0,2,12,-10,1,
22023,1629656,22300177,"NOV 12, 2023",NYK vs. CHA,W,23,2,5,0.4,2,5,0.4,0,0,0.0,0,1,1,1,1,0,0,1,6,5,1,
22023,1629656,22300161,"NOV 08, 2023",NYK vs. SAS,W,19,3,5,0.6,2,4,0.5,0,0,0.0,0,1,1,3,0,0,0,0,8,26,1,
22023,1629656,22300151,"NOV 06, 2023",NYK vs. LAC,W,21,1,4,0.25,1,4,0.25,0,0,0.0,0,1,1,0,1,0,1,1,3,-6,1,
22023,1629656,22300002,"NOV 03, 2023",NYK @ MIL,L,34,6,11,0.545,5,10,0.5,0,0,0.0,0,4,4,2,0,0,1,3,17,3,1,
22023,1629656,22300120,"NOV 01, 2023",NYK vs. CLE,L,22,2,7,0.286,1,6,0.167,0,0,0.0,0,2,2,1,1,0,1,0,5,-9,1,
22023,1629656,22300112,"OCT 31, 2023",NYK @ CLE,W,22,2,4,0.5,1,3,0.333,0,0,0.0,0,1,1,1,2,0,0,3,5,8,1,
22023,1629656,22300090,"OCT 28, 2023",NYK @ NOP,L,27,2,9,0.222,1,6,0.167,0,0,0.0,0,2,2,1,2,0,0,1,5,-2,1,
22023,1629656,22300079,"OCT 27, 2023",NYK @ ATL,W,25,2,6,0.333,2,5,0.4,0,0,0.0,1,0,1,1,0,0,1,3,6,8,1,
22023,1629656,22300065,"OCT 25, 2023",NYK vs. BOS,L,23,4,7,0.571,3,6,0.5,0,1,0.0,0,1,1,0,0,0,0,2,11,-1,1,
22023,1629659,22300576,"FEB 15, 2024",UTA vs. GSW,L,5,1,2,0.5,1,1,1.0,0,0,0.0,0,0,0,1,0,0,0,2,3,-9,1,
22023,1629659,22300788,"FEB 14, 2024",UTA vs. LAL,L,16,2,5,0.4,1,4,0.25,2,2,1.0,1,1,2,4,0,0,1,1,7,-10,1,
22023,1629659,22300769,"FEB 12, 2024",UTA vs. GSW,L,16,5,9,0.556,1,3,0.333,2,2,1.0,1,2,3,4,2,0,2,2,13,6,1,
22023,1629659,22300739,"FEB 08, 2024",UTA @ PHX,L,14,1,6,0.167,0,2,0.0,5,9,0.556,3,1,4,2,0,0,0,2,7,-6,1,
22023,1629659,22300660,"JAN 29, 2024",UTA @ BKN,L,8,2,3,0.667,1,1,1.0,0,0,0.0,0,0,0,2,0,0,0,0,5,-11,1,
22023,1629659,22300616,"JAN 23, 2024",UTA @ NOP,L,8,2,7,0.286,0,2,0.0,4,4,1.0,0,3,3,2,1,0,0,0,8,-5,1,
22023,1629659,22300479,"JAN 05, 2024",UTA @ BOS,L,12,4,10,0.4,0,1,0.0,3,6,0.5,0,1,1,0,2,0,0,1,11,3,1,
22023,1629659,22300424,"DEC 28, 2023",UTA @ NOP,L,6,0,3,0.0,0,1,0.0,2,2,1.0,0,0,0,0,0,0,0,0,2,0,1,
22023,1629659,22300364,"DEC 20, 2023",UTA @ CLE,L,30,6,13,0.462,0,1,0.0,7,8,0.875,0,1,1,11,1,0,1,3,19,5,1,
22023,1629659,22300357,"DEC 18, 2023",UTA vs. BKN,W,31,11,19,0.579,5,7,0.714,0,0,0.0,0,3,3,6,2,0,1,2,27,18,1,
22023,1629659,22300342,"DEC 16, 2023",UTA @ SAC,L,26,4,11,0.364,2,4,0.5,2,3,0.667,1,2,3,5,3,0,1,0,12,-2,1,
22023,1629659,22300323,"DEC 14, 2023",UTA @ POR,W,30,9,19,0.474,0,6,0.0,5,6,0.833,1,1,2,4,4,0,3,2,23,31,1,
22023,1629659,22300318,"DEC 13, 2023",UTA vs. NYK,W,24,7,14,0.5,1,3,0.333,0,2,0.0,0,4,4,3,0,0,2,2,15,-8,1,
22023,1629659,22300302,"DEC 11, 2023",UTA @ OKC,L,15,3,7,0.429,1,3,0.333,4,4,1.0,0,1,1,2,0,1,2,5,11,-19,1,
22023,1629659,22301225,"DEC 08, 2023",UTA vs. LAC,L,22,6,11,0.545,1,4,0.25,2,3,0.667,0,1,1,5,1,1,2,0,15,4,1,
22023,1629659,22301213,"DEC 06, 2023",UTA @ DAL,L,16,4,9,0.444,3,3,1.0,0,0,0.0,0,2,2,1,0,0,1,1,11,-2,1,
22023,1629659,22300289,"DEC 02, 2023",UTA vs. POR,W,21,5,8,0.625,3,5,0.6,1,2,0.5,0,2,2,4,3,0,1,3,14,5,1,
22023,1629659,22300270,"NOV 30, 2023",UTA @ MIN,L,19,3,7,0.429,1,3,0.333,0,0,0.0,0,1,1,1,0,0,0,1,7,1,1,
22023,1629659,22300261,"NOV 29, 2023",UTA @ MEM,L,24,2,12,0.167,1,5,0.2,0,0,0.0,1,3,4,3,1,1,2,2,5,-7,1,
22023,1629659,22300256,"NOV 27, 2023",UTA vs. NOP,W,19,2,9,0.222,0,3,0.0,1,1,1.0,0,3,3,7,0,0,0,2,5,0,1,
22023,1629659,22300243,"NOV 25, 2023",UTA vs. NOP,W,22,2,5,0.4,1,3,0.333,0,0,0.0,0,3,3,4,0,0,2,1,5,9,1,
22023,1629659,22300237,"NOV 22, 2023",UTA @ POR,L,14,1,4,0.25,0,2,0.0,3,4,0.75,0,0,0,1,0,0,3,4,5,-15,1,
22023,1629659,22300042,"NOV 21, 2023",UTA @ LAL,L,23,1,10,0.1,0,5,0.0,4,4,1.0,0,3,3,7,2,1,1,1,6,-16,1,
22023,1629659,22300214,"NOV 19, 2023",UTA vs. PHX,L,29,9,18,0.5,4,10,0.4,3,3,1.0,2,2,4,3,2,0,1,4,25,1,1,
22023,1629659,22300035,"NOV 17, 2023",UTA vs. PHX,L,19,2,5,0.4,1,4,0.25,4,4,1.0,0,3,3,4,0,1,3,4,9,-5,1,
22023,1629659,22300023,"NOV 14, 2023",UTA vs. POR,W,21,2,5,0.4,0,1,0.0,0,0,0.0,1,2,3,3,1,0,2,3,4,8,1,
22023,1629659,22300012,"NOV 10, 2023",UTA @ MEM,W,18,4,7,0.571,3,5,0.6,2,2,1.0,1,2,3,2,1,1,1,2,13,5,1,
22023,1629659,22300158,"NOV 08, 2023",UTA @ IND,L,20,3,8,0.375,0,1,0.0,0,0,0.0,2,2,4,5,0,1,4,1,6,2,1,
22023,1629659,22300152,"NOV 06, 2023",UTA @ CHI,L,23,2,5,0.4,1,3,0.333,0,0,0.0,0,6,6,4,0,0,5,0,5,-7,1,
22023,1629659,22300138,"NOV 04, 2023",UTA @ MIN,L,24,6,20,0.3,2,6,0.333,0,0,0.0,2,2,4,5,2,1,2,1,14,-10,1,
22023,1629659,22300130,"NOV 02, 2023",UTA vs. ORL,L,31,7,14,0.5,1,4,0.25,0,0,0.0,0,3,3,8,3,1,2,4,15,3,1,
22023,1629659,22300125,"NOV 01, 2023",UTA vs. MEM,W,23,4,8,0.5,0,3,0.0,1,1,1.0,1,4,5,7,0,0,5,3,9,2,1,
22023,1629659,22300110,"OCT 30, 2023",UTA @ DEN,L,30,7,12,0.583,2,3,0.667,0,0,0.0,0,3,3,8,0,0,1,4,16,2,1,
22023,1629659,22300094,"OCT 28, 2023",UTA @ PHX,L,16,1,7,0.143,0,3,0.0,2,4,0.5,0,0,0,1,1,0,0,4,4,-13,1,
22023,1629659,22300085,"OCT 27, 2023",UTA vs. LAC,W,27,3,10,0.3,2,5,0.4,2,2,1.0,0,3,3,8,3,1,2,1,10,4,1,
22023,1629659,22300072,"OCT 25, 2023",UTA vs. SAC,L,22,3,9,0.333,2,4,0.5,0,0,0.0,0,1,1,4,0,1,1,1,8,-5,1,
22023,1629660,22300081,"OCT 27, 2023",CLE vs. OKC,L,9,1,3,0.333,0,1,0.0,0,0,0.0,1,0,1,3,0,0,1,1,2,-7,1,
22023,1629660,22300067,"OCT 25, 2023",CLE @ BKN,W,6,1,1,1.0,0,0,0.0,0,0,0.0,0,0,0,0,0,0,0,1,2,-7,1,
22023,1629661,22300780,"FEB 14, 2024",BKN @ BOS,L,18,1,5,0.2,1,3,0.333,1,2,0.5,0,3,3,2,0,1,1,0,4,-20,1,
22023,1629661,22300717,"FEB 05, 2024",BKN vs. GSW,L,27,5,9,0.556,3,6,0.5,0,0,0.0,1,7,8,4,1,2,1,5,13,-6,1,
22023,1629661,22300698,"FEB 03, 2024",BKN @ PHI,W,33,5,12,0.417,2,9,0.222,1,1,1.0,2,5,7,3,2,1,3,0,13,-1,1,
22023,1629661,22300677,"JAN 31, 2024",BKN vs. PHX,L,29,6,12,0.5,3,7,0.429,3,3,1.0,0,2,2,1,2,1,3,3,18,3,1,
22023,1629661,22300660,"JAN 29, 2024",BKN vs. UTA,W,30,6,10,0.6,3,4,0.75,2,2,1.0,0,6,6,3,1,0,1,0,17,14,1,
22023,1629661,22300629,"JAN 25, 2024",BKN vs. MIN,L,22,2,5,0.4,1,3,0.333,0,0,0.0,0,4,4,3,0,0,1,2,5,-6,1,
22023,1629661,22300615,"JAN 23, 2024",BKN vs. NYK,L,25,7,14,0.5,4,6,0.667,1,1,1.0,2,3,5,2,0,0,0,1,19,1,1,
22023,1629661,22300600,"JAN 21, 2024",BKN @ LAC,L,29,3,11,0.273,2,7,0.286,1,2,0.5,0,4,4,6,1,0,0,1,9,-8,1,
22023,1629661,22300591,"JAN 19, 2024",BKN @ LAL,W,23,4,9,0.444,2,4,0.5,0,0,0.0,3,1,4,5,1,0,0,1,10,16,1,
22023,1629661,22300578,"JAN 17, 2024",BKN @ POR,L,27,6,9,0.667,1,3,0.333,0,0,0.0,1,2,3,5,0,1,0,1,13,1,1,
22023,1629661,22300562,"JAN 15, 2024",BKN vs. MIA,L,23,3,13,0.231,0,8,0.0,0,0,0.0,0,2,2,0,0,0,0,3,6,-12,1,
22023,1629661,22300527,"JAN 11, 2024",BKN @ CLE,L,23,1,7,0.143,1,5,0.2,0,2,0.0,1,1,2,1,1,0,3,3,3,-11,1,
22023,1629661,22300498,"JAN 07, 2024",BKN vs. POR,L,34,5,11,0.455,3,8,0.375,4,5,0.8,1,5,6,3,1,1,0,3,17,-3,1,
22023,1629661,22300481,"JAN 05, 2024",BKN vs. OKC,W,32,3,15,0.2,3,10,0.3,0,0,0.0,1,2,3,2,1,0,0,4,9,-6,1,
22023,1629661,22300469,"JAN 03, 2024",BKN @ HOU,L,32,6,13,0.462,3,6,0.5,0,2,0.0,0,6,6,5,0,1,0,0,15,-5,1,
22023,1629661,22300461,"JAN 02, 2024",BKN @ NOP,L,26,6,12,0.5,5,9,0.556,0,0,0.0,0,4,4,2,1,0,1,2,17,-16,1,
22023,1629661,22300447,"DEC 31, 2023",BKN @ OKC,L,34,5,11,0.455,2,6,0.333,1,2,0.5,1,5,6,0,1,0,1,4,13,-8,1,
22023,1629661,22300430,"DEC 29, 2023",BKN @ WAS,L,33,6,11,0.545,3,5,0.6,1,1,1.0,1,6,7,3,0,0,1,1,16,6,1,
22023,1629661,22300406,"DEC 26, 2023",BKN @ DET,W,26,9,13,0.692,4,6,0.667,2,4,0.5,0,2,2,1,1,0,0,0,24,-6,1,
22023,1629661,22300394,"DEC 23, 2023",BKN vs. DET,W,28,6,10,0.6,2,5,0.4,4,4,1.0,0,2,2,2,2,0,1,3,18,6,1,
22023,1629661,22300383,"DEC 22, 2023",BKN vs. DEN,L,25,6,9,0.667,3,6,0.5,2,3,0.667,0,1,1,2,1,0,1,2,17,-13,1,
22023,1629661,22300368,"DEC 20, 2023",BKN vs. NYK,L,28,8,14,0.571,4,6,0.667,0,1,0.0,0,4,4,2,0,0,0,3,20,-5,1,
22023,1629661,22300357,"DEC 18, 2023",BKN @ UTA,L,27,2,9,0.222,1,5,0.2,2,2,1.0,1,4,5,1,1,0,1,1,7,-6,1,
22023,1629661,22300339,"DEC 16, 2023",BKN @ GSW,L,29,5,12,0.417,3,7,0.429,0,1,0.0,0,2,2,5,0,0,0,4,13,-2,1,
22023,1629661,22300322,"DEC 14, 2023",BKN @ DEN,L,22,4,10,0.4,2,7,0.286,0,0,0.0,1,2,3,0,0,0,1,2,10,-6,1,
22023,1629661,22300317,"DEC 13, 2023",BKN @ PHX,W,34,5,10,0.5,3,7,0.429,2,2,1.0,1,4,5,4,2,2,1,1,15,2,1,
22023,1629661,22300303,"DEC 11, 2023",BKN @ SAC,L,32,6,13,0.462,3,4,0.75,0,0,0.0,0,4,4,2,1,0,1,0,15,-5,1,
22023,1629661,22301219,"DEC 08, 2023",BKN vs. WAS,W,25,3,8,0.375,1,5,0.2,0,0,0.0,2,3,5,0,0,0,1,3,7,14,1,
22023,1629661,22301209,"DEC 06, 2023",BKN @ ATL,W,30,7,13,0.538,3,6,0.5,0,0,0.0,1,5,6,3,1,0,0,2,17,-5,1,
22023,1629661,22300282,"DEC 02, 2023",BKN vs. ORL,W,30,5,10,0.5,3,6,0.5,1,2,0.5,3,4,7,3,0,0,0,2,14,10,1,
22023,1629661,22300266,"NOV 30, 2023",BKN vs. CHA,L,28,6,18,0.333,3,9,0.333,0,0,0.0,6,0,6,2,0,0,2,1,15,-4,1,
22023,1629661,22300054,"NOV 28, 2023",BKN vs. TOR,W,27,6,11,0.545,1,4,0.25,5,5,1.0,1,8,9,3,0,0,2,1,18,8,1,
22023,1629661,22300250,"NOV 26, 2023",BKN vs. CHI,W,22,4,8,0.5,2,5,0.4,0,0,0.0,2,2,4,6,0,0,0,2,10,-1,1,
22023,1629661,22300240,"NOV 25, 2023",BKN vs. MIA,W,35,8,13,0.615,2,6,0.333,1,2,0.5,1,9,10,5,2,0,1,2,19,29,1,
22023,1629661,22300227,"NOV 22, 2023",BKN @ ATL,L,38,8,13,0.615,5,8,0.625,2,2,1.0,2,3,5,5,2,0,2,1,23,12,1,
22023,1629661,22300208,"NOV 19, 2023",BKN vs. PHI,L,28,3,12,0.25,1,5,0.2,2,2,1.0,3,2,5,2,0,1,2,2,9,-28,1,
22023,1629661,22300200,"NOV 16, 2023",BKN @ MIA,L,27,5,10,0.5,3,6,0.5,3,3,1.0,0,4,4,3,1,0,1,5,16,18,1,
22023,1629661,22300020,"NOV 14, 2023",BKN vs. ORL,W,29,7,11,0.636,3,7,0.429,3,4,0.75,1,4,5,2,3,0,1,1,20,21,1,
22023,1629661,22300178,"NOV 12, 2023",BKN vs. WAS,W,35,5,16,0.313,2,11,0.182,2,2,1.0,1,5,6,1,0,0,3,0,14,15,1,
22023,1629661,22300010,"NOV 10, 2023",BKN @ BOS,L,25,4,13,0.308,3,6,0.5,0,0,0.0,2,3,5,0,0,0,1,3,11,-22,1,
22023,1629661,22300067,"OCT 25, 2023",BKN vs. CLE,L,26,5,10,0.5,1,4,0.25,1,2,0.5,2,3,5,3,2,0,2,1,12,-1,1,
22023,1629667,22300764,"FEB 12, 2024",TOR vs. SAS,L,6,0,1,0.0,0,1,0.0,0,0,0.0,0,1,1,1,0,0,0,0,0,4,1,
22023,1629667,22300756,"FEB 10, 2024",TOR vs. CLE,L,3,0,0,0.0,0,0,0.0,0,0,0.0,0,1,1,0,0,0,1,0,0,-3,1,
22023,1629667,22300718,"FEB 05, 2024",TOR @ NOP,L,12,1,5,0.2,0,2,0.0,0,0,0.0,1,2,3,0,0,0,4,3,2,-4,1,
22023,1629667,22300692,"FEB 02, 2024",TOR @ HOU,L,14,1,3,0.333,1,2,0.5,0,0,0.0,0,1,1,0,0,0,4,1,3,-13,1,
22023,1629667,22300672,"JAN 30, 2024",TOR @ CHI,W,14,3,6,0.5,2,3,0.667,0,0,0.0,1,2,3,2,1,0,1,1,8,6,1,
22023,1629667,22300637,"JAN 26, 2024",TOR vs. LAC,L,2,0,1,0.0,0,1,0.0,0,0,0.0,0,0,0,0,0,0,0,0,0,-4,1,
22023,1629667,22300596,"JAN 20, 2024",TOR @ NYK,L,4,1,4,0.25,0,2,0.0,0,0,0.0,0,0,0,0,0,0,0,0,2,-2,1,
22023,1629667,22300574,"JAN 17, 2024",TOR vs. MIA,W,2,0,1,0.0,0,1,0.0,0,0,0.0,0,0,0,0,1,0,0,0,0,2,1,
22023,1629667,22300563,"JAN 15, 2024",TOR vs. BOS,L,12,2,5,0.4,1,3,0.333,0,2,0.0,1,1,2,0,0,0,0,0,5,-12,1,
22023,1629667,22300540,"JAN 12, 2024",TOR @ UTA,L,8,4,5,0.8,0,0,0.0,7,10,0.7,2,1,3,0,1,0,1,0,15,-8,1,
22023,1629667,22300526,"JAN 10, 2024",TOR @ LAC,L,13,1,2,0.5,0,0,0.0,0,0,0.0,0,3,3,1,1,0,0,2,2,0,1,
22023,1629667,22300504,"JAN 07, 2024",TOR @ GSW,W,4,0,0,0.0,0,0,0.0,0,0,0.0,0,0,0,1,0,0,0,0,0,-5,1,
22023,1629667,22300492,"JAN 05, 2024",TOR @ SAC,L,7,1,2,0.5,0,1,0.0,0,0,0.0,0,0,0,0,0,0,0,1,2,-5,1,
22023,1629667,22300440,"DEC 30, 2023",TOR @ DET,L,17,0,3,0.0,0,1,0.0,2,2,1.0,0,1,1,0,0,0,1,3,2,-7,1,
22023,1629667,22300432,"DEC 29, 2023",TOR @ BOS,L,15,5,10,0.5,2,7,0.286,1,2,0.5,0,0,0,2,1,0,0,4,13,8,1,
22023,1629667,22300416,"DEC 27, 2023",TOR @ WAS,W,19,2,7,0.286,0,4,0.0,2,2,1.0,0,4,4,1,1,0,0,2,6,11,1,
22023,1629667,22300382,"DEC 22, 2023",TOR @ PHI,L,2,1,1,1.0,1,1,1.0,0,0,0.0,0,2,2,0,0,0,0,0,3,3,1,
22023,1629667,22300330,"DEC 15, 2023",TOR vs. ATL,L,3,0,3,0.0,0,2,0.0,0,0,0.0,0,0,0,0,0,0,0,0,0,1,1,
22023,1629667,22300276,"DEC 01, 2023",TOR vs. NYK,L,7,1,4,0.25,0,2,0.0,0,0,0.0,1,1,2,1,0,0,0,1,2,8,1,
22023,1629667,22300260,"NOV 29, 2023",TOR vs. PHX,W,9,0,1,0.0,0,1,0.0,0,0,0.0,0,0,0,0,0,0,2,2,0,-3,1,
22023,1629667,22300054,"NOV 28, 2023",TOR @ BKN,L,13,2,4,0.5,1,1,1.0,0,0,0.0,1,1,2,1,2,1,0,2,5,2,1,
22023,1629667,22300038,"NOV 21, 2023",TOR @ ORL,L,7,1,1,1.0,1,1,1.0,2,2,1.0,1,0,1,1,0,0,1,1,5,5,1,
22023,1629667,22300211,"NOV 19, 2023",TOR vs. DET,W,8,2,4,0.5,0,1,0.0,0,0,0.0,0,1,1,1,0,0,1,1,4,-5,1,
22023,1629667,22300031,"NOV 17, 2023",TOR vs. BOS,L,7,2,5,0.4,0,1,0.0,0,0,0.0,0,0,0,0,0,0,0,0,4,-8,1,
22023,1629667,22300195,"NOV 15, 2023",TOR vs. MIL,L,18,3,10,0.3,1,4,0.25,0,0,0.0,0,4,4,1,1,1,1,0,7,21,1,
22023,1629667,22300189,"NOV 13, 2023",TOR vs. WAS,W,5,0,1,0.0,0,0,0.0,0,0,0.0,0,0,0,0,0,0,0,0,0,-6,1,
22023,1629667,22300174,"NOV 11, 2023",TOR @ BOS,L,9,0,2,0.0,0,0,0.0,0,0,0.0,0,1,1,0,0,0,0,2,0,2,1,
22023,1629667,22300141,"NOV 05, 2023",TOR @ SAS,W,5,0,3,0.0,0,1,0.0,0,0,0.0,0,1,1,0,0,0,1,0,0,-4,1,
22023,1629667,22300128,"NOV 02, 2023",TOR @ PHI,L,9,2,3,0.667,1,2,0.5,0,0,0.0,0,1,1,0,0,0,0,0,5,4,1,
22023,1629667,22300105,"OCT 30, 2023",TOR vs. POR,L,5,0,1,0.0,0,1,0.0,0,0,0.0,0,0,0,1,0,0,0,1,0,-4,1,
22023,1629667,22300092,"OCT 28, 2023",TOR vs. PHI,L,3,0,0,0.0,0,0,0.0,0,0,0.0,0,0,0,0,0,0,0,0,0,-5,1,
22023,1629667,22300082,"OCT 27, 2023",TOR @ CHI,L,18,0,4,0.0,0,4,0.0,0,0,0.0,1,2,3,1,1,0,0,1,0,-25,1,
22023,1629667,22300069,"OCT 25, 2023",TOR vs. MIN,W,16,0,3,0.0,0,3,0.0,0,0,0.0,0,2,2,2,1,1,0,2,0,-3,1,
22023,1629670,22300782,"FEB 14, 2024",TOR vs. IND,L,5,0,1,0.0,0,0,0.0,0,0,0.0,0,2,2,1,0,0,0,2,0,0,1,
22023,1629670,22300764,"FEB 12, 2024",TOR vs. SAS,L,7,0,2,0.0,0,1,0.0,3,4,0.75,0,3,3,1,1,0,0,1,3,5,1,
22023,1629670,22300756,"FEB 10, 2024",TOR vs. CLE,L,3,0,1,0.0,0,1,0.0,0,0,0.0,0,0,0,0,0,0,0,1,0,-3,1,
22023,1629670,22300744,"FEB 09, 2024",TOR vs. HOU,W,7,0,2,0.0,0,1,0.0,0,0,0.0,0,1,1,0,0,0,1,0,0,-12,1,
22023,1629670,22300718,"FEB 05, 2024",TOR @ NOP,L,24,3,7,0.429,1,2,0.5,0,0,0.0,1,2,3,5,1,0,3,1,7,-6,1,
22023,1629670,22300692,"FEB 02, 2024",TOR @ HOU,L,16,3,5,0.6,0,1,0.0,2,2,1.0,0,1,1,0,2,1,0,2,8,-21,1,
22023,1629670,22300672,"JAN 30, 2024",TOR @ CHI,W,19,5,7,0.714,4,5,0.8,3,3,1.0,0,2,2,0,0,1,0,2,17,-6,1,
22023,1629670,22300653,"JAN 28, 2024",TOR @ ATL,L,31,7,16,0.438,3,7,0.429,7,8,0.875,3,6,9,6,1,0,1,4,24,11,1,
22023,1629670,22300637,"JAN 26, 2024",TOR vs. LAC,L,8,0,3,0.0,0,3,0.0,0,0,0.0,1,0,1,1,0,0,2,1,0,-2,1,
22023,1629670,22300596,"JAN 20, 2024",TOR @ NYK,L,4,1,1,1.0,1,1,1.0,0,0,0.0,0,0,0,0,0,0,0,0,3,-2,1,
22023,1629670,22300564,"JAN 15, 2024",IND @ UTA,L,17,3,10,0.3,0,4,0.0,1,2,0.5,1,2,3,2,0,0,1,2,7,-19,1,
22023,1629670,22300550,"JAN 14, 2024",IND @ DEN,L,13,1,5,0.2,1,4,0.25,0,0,0.0,0,1,1,1,1,0,0,1,3,3,1,
22023,1629670,22300533,"JAN 12, 2024",IND @ ATL,W,4,0,1,0.0,0,0,0.0,0,0,0.0,0,1,1,2,0,0,0,0,0,-2,1,
22023,1629670,22300520,"JAN 10, 2024",IND vs. WAS,W,17,4,7,0.571,1,2,0.5,0,0,0.0,0,5,5,0,0,0,0,3,9,5,1,
22023,1629670,22300493,"JAN 06, 2024",IND vs. BOS,L,1,0,0,0.0,0,0,0.0,0,0,0.0,0,0,0,0,0,0,0,0,0,0,1,
22023,1629670,22300480,"JAN 05, 2024",IND vs. ATL,W,10,2,3,0.667,1,2,0.5,2,2,1.0,0,1,1,2,0,0,1,1,7,4,1,
22023,1629670,22300466,"JAN 03, 2024",IND vs. MIL,W,1,0,0,0.0,0,0,0.0,0,0,0.0,0,0,0,0,0,0,0,0,0,-3,1,
22023,1629670,22300441,"DEC 30, 2023",IND vs. NYK,W,1,0,0,0.0,0,0,0.0,0,0,0.0,0,0,0,0,0,0,0,0,0,-3,1,
22023,1629670,22300365,"DEC 20, 2023",IND vs. CHA,W,9,2,5,0.4,0,1,0.0,2,2,1.0,0,0,0,1,0,0,0,3,6,1,1,
22023,1629670,22300350,"DEC 18, 2023",IND vs. LAC,L,16,4,8,0.5,1,4,0.25,0,0,0.0,0,3,3,0,0,0,0,1,9,-5,1,
22023,1629670,22300338,"DEC 16, 2023",IND @ MIN,L,10,3,4,0.75,0,1,0.0,1,1,1.0,0,1,1,3,0,0,1,0,7,7,1,
22023,1629670,22300328,"DEC 15, 2023",IND @ WAS,L,4,2,3,0.667,2,2,1.0,0,0,0.0,0,1,1,0,0,0,1,0,6,3,1,
22023,1629670,22300315,"DEC 13, 2023",IND @ MIL,L,6,2,2,1.0,1,1,1.0,0,0,0.0,1,1,2,1,1,0,1,0,5,4,1,
22023,1629670,22300230,"NOV 22, 2023",IND vs. TOR,L,14,0,5,0.0,0,2,0.0,0,0,0.0,3,1,4,1,1,0,1,3,0,-16,1,
22023,1629670,22300209,"NOV 19, 2023",IND vs. ORL,L,23,8,11,0.727,2,5,0.4,1,1,1.0,2,3,5,1,3,0,1,3,19,18,1,
22023,1629670,22300146,"NOV 06, 2023",IND vs. SAS,W,9,2,3,0.667,1,2,0.5,1,2,0.5,0,4,4,0,0,0,2,0,6,6,1,
22023,1629670,22300118,"NOV 01, 2023",IND @ BOS,L,21,2,8,0.25,0,4,0.0,1,1,1.0,0,1,1,3,0,0,3,2,5,-22,1,
22023,1629670,22300064,"OCT 25, 2023",IND vs. WAS,W,6,2,7,0.286,1,2,0.5,0,0,0.0,1,0,1,1,0,1,0,0,5,3,1,
22023,1629673,22300784,"FEB 14, 2024",WAS @ NOP,L,35,7,15,0.467,5,10,0.5,0,0,0.0,2,3,5,6,3,0,4,5,19,9,1,
22023,1629673,22300768,"FEB 12, 2024",WAS @ DAL,L,27,1,12,0.083,1,6,0.167,0,0,0.0,0,6,6,3,3,1,1,4,3,4,1,
22023,1629673,22300753,"FEB 10, 2024",WAS vs. PHI,L,29,4,8,0.5,2,4,0.5,1,2,0.5,1,3,4,4,2,0,2,4,11,3,1,
22023,1629673,22300743,"FEB 09, 2024",WAS @ BOS,L,37,7,19,0.368,3,10,0.3,2,3,0.667,0,2,2,5,1,0,3,5,19,1,1,
22023,1629673,22300728,"FEB 07, 2024",WAS vs. CLE,L,25,0,5,0.0,0,4,0.0,0,0,0.0,0,2,2,5,1,0,1,6,0,-4,1,
22023,1629673,22300705,"FEB 04, 2024",WAS vs. PHX,L,20,1,7,0.143,0,3,0.0,2,2,1.0,0,5,5,7,0,0,1,3,4,-16,1,
22023,1629673,22300689,"FEB 02, 2024",WAS vs. MIA,L,33,6,21,0.286,2,14,0.143,2,3,0.667,0,4,4,10,2,1,1,3,16,-3,1,
22023,1629673,22300665,"JAN 29, 2024",WAS @ SAS,W,33,6,13,0.462,1,5,0.2,0,0,0.0,0,1,1,3,2,1,4,2,13,5,1,
22023,1629673,22300642,"JAN 27, 2024",WAS @ DET,W,29,6,12,0.5,3,6,0.5,2,2,1.0,1,0,1,2,1,0,0,1,17,25,1,
22023,1629673,22300628,"JAN 25, 2024",WAS vs. UTA,L,28,6,12,0.5,3,7,0.429,3,4,0.75,0,2,2,2,2,2,0,5,18,-3,1,
22023,1629673,22300620,"JAN 24, 2024",WAS vs. MIN,L,28,2,11,0.182,1,4,0.25,2,2,1.0,0,2,2,3,0,0,4,3,7,-10,1,
22023,1629673,22300602,"JAN 21, 2024",WAS vs. DEN,L,28,1,7,0.143,1,4,0.25,1,1,1.0,0,1,1,0,0,0,2,4,4,-10,1,
22023,1629673,22300594,"JAN 20, 2024",WAS vs. SAS,L,29,7,15,0.467,0,3,0.0,2,2,1.0,0,0,0,2,2,1,1,4,16,-15,1,
22023,1629673,22300579,"JAN 18, 2024",WAS @ NYK,L,34,7,19,0.368,2,9,0.222,8,8,1.0,0,4,4,2,1,0,0,1,24,-8,1,
22023,1629673,22300558,"JAN 15, 2024",WAS vs. DET,L,32,6,14,0.429,2,7,0.286,2,2,1.0,0,0,0,2,0,0,1,3,16,-9,1,
22023,1629673,22300543,"JAN 13, 2024",WAS @ ATL,W,26,8,16,0.5,2,6,0.333,2,2,1.0,0,2,2,2,1,1,1,1,20,19,1,
22023,1629673,22300520,"JAN 10, 2024",WAS @ IND,L,34,11,21,0.524,2,7,0.286,4,6,0.667,1,3,4,7,3,0,1,3,28,0,1,
22023,1629673,22300508,"JAN 08, 2024",WAS vs. OKC,L,29,8,17,0.471,4,8,0.5,4,5,0.8,0,0,0,5,0,0,1,5,24,3,1,
22023,1629673,22300494,"JAN 06, 2024",WAS vs. NYK,L,30,4,10,0.4,1,5,0.2,1,2,0.5,0,3,3,4,2,0,2,3,10,-1,1,
22023,1629673,22300482,"JAN 05, 2024",WAS @ CLE,L,23,0,4,0.0,0,2,0.0,2,2,1.0,0,0,0,1,0,1,0,4,2,-14,1,
22023,1629673,22300465,"JAN 03, 2024",WAS @ CLE,L,23,3,11,0.273,2,4,0.5,0,0,0.0,3,0,3,2,0,0,1,3,8,-22,1,
22023,1629673,22300445,"DEC 31, 2023",WAS vs. ATL,L,29,6,14,0.429,1,7,0.143,0,0,0.0,0,3,3,6,0,1,0,3,13,6,1,
22023,1629673,22300430,"DEC 29, 2023",WAS vs. BKN,W,25,2,6,0.333,1,4,0.25,0,0,0.0,0,0,0,5,0,0,1,4,5,-16,1,
22023,1629673,22300416,"DEC 27, 2023",WAS vs. TOR,L,28,5,12,0.417,1,7,0.143,3,4,0.75,2,2,4,4,0,1,2,1,14,-17,1,
22023,1629673,22300407,"DEC 26, 2023",WAS vs. ORL,L,33,11,20,0.55,6,11,0.545,2,2,1.0,0,2,2,3,3,0,3,3,30,-18,1,
22023,1629673,22300386,"DEC 22, 2023",WAS @ GSW,L,27,7,21,0.333,3,12,0.25,8,9,0.889,1,2,3,3,2,0,1,3,25,-9,1,
22023,1629673,22300381,"DEC 21, 2023",WAS @ POR,W,34,4,13,0.308,0,4,0.0,5,5,1.0,0,2,2,6,1,0,3,2,13,5,1,
22023,1629673,22300358,"DEC 18, 2023",WAS @ SAC,L,29,10,18,0.556,8,13,0.615,0,0,0.0,0,0,0,2,0,0,1,4,28,-8,1,
22023,1629673,22300347,"DEC 17, 2023",WAS @ PHX,L,32,5,17,0.294,2,9,0.222,2,2,1.0,0,4,4,4,1,0,4,4,14,4,1,
22023,1629673,22300328,"DEC 15, 2023",WAS vs. IND,W,32,12,18,0.667,3,4,0.75,3,4,0.75,0,4,4,8,1,0,2,4,30,15,1,
22023,1629673,22300311,"DEC 13, 2023",WAS vs. NOP,L,31,5,12,0.417,1,5,0.2,0,0,0.0,0,1,1,4,2,1,4,2,11,-10,1,
22023,1629673,22300295,"DEC 11, 2023",WAS @ PHI,L,26,3,11,0.273,1,3,0.333,4,4,1.0,0,0,0,3,0,0,3,1,11,-30,1,
22023,1629673,22301219,"DEC 08, 2023",WAS @ BKN,L,24,3,7,0.429,0,2,0.0,2,2,1.0,0,2,2,2,0,0,3,3,8,-16,1,
22023,1629673,22301208,"DEC 06, 2023",WAS vs. PHI,L,32,10,16,0.625,3,5,0.6,0,0,0.0,0,1,1,2,1,0,3,3,23,-10,1,
22023,1629673,22300274,"DEC 01, 2023",WAS @ ORL,L,30,3,12,0.25,0,5,0.0,8,9,0.889,0,4,4,4,1,0,2,5,14,-4,1,
22023,1629673,22300259,"NOV 29, 2023",WAS @ ORL,L,26,5,12,0.417,4,7,0.571,5,6,0.833,0,5,5,2,2,1,2,3,19,-6,1,
22023,1629673,22300253,"NOV 27, 2023",WAS @ DET,W,25,3,9,0.333,0,2,0.0,4,4,1.0,0,0,0,3,1,0,4,3,10,10,1,
22023,1629673,22300049,"NOV 24, 2023",WAS @ MIL,L,34,9,20,0.45,1,6,0.167,7,9,0.778,1,4,5,7,0,0,2,5,26,-3,1,
22023,1629673,22300225,"NOV 22, 2023",WAS @ CHA,L,33,8,21,0.381,4,11,0.364,4,4,1.0,2,3,5,2,3,0,3,1,24,-14,1,
22023,1629673,22300219,"NOV 20, 2023",WAS vs. MIL,L,33,11,26,0.423,3,9,0.333,5,5,1.0,0,1,1,1,0,0,0,4,30,-26,1,
22023,1629673,22300028,"NOV 17, 2023",WAS vs. NYK,L,29,2,11,0.182,0,6,0.0,4,4,1.0,0,1,1,4,0,0,5,2,8,-18,1,
22023,1629673,22300192,"NOV 15, 2023",WAS vs. DAL,L,32,6,17,0.353,2,7,0.286,2,2,1.0,1,4,5,3,1,0,5,4,16,-10,1,
22023,1629673,22300189,"NOV 13, 2023",WAS @ TOR,L,35,6,16,0.375,2,6,0.333,0,0,0.0,2,2,4,6,3,1,4,5,14,-12,1,
22023,1629673,22300178,"NOV 12, 2023",WAS @ BKN,L,32,5,12,0.417,2,8,0.25,0,1,0.0,0,5,5,2,0,1,3,6,12,-22,1,
22023,1629673,22300009,"NOV 10, 2023",WAS vs. CHA,L,31,6,14,0.429,1,5,0.2,1,1,1.0,0,2,2,6,0,0,3,4,14,-17,1,
22023,1629673,22300157,"NOV 08, 2023",WAS @ CHA,W,20,3,12,0.25,1,5,0.2,4,5,0.8,1,1,2,1,0,0,1,2,11,-5,1,
22023,1629673,22300148,"NOV 06, 2023",WAS @ PHI,L,31,8,15,0.533,4,9,0.444,3,3,1.0,0,1,1,6,0,1,2,4,23,-3,1,
22023,1629673,22300003,"NOV 03, 2023",WAS @ MIA,L,28,8,14,0.571,3,4,0.75,0,1,0.0,0,1,1,6,4,0,2,3,19,-21,1,
22023,1629673,22300117,"NOV 01, 2023",WAS @ ATL,L,20,5,13,0.385,2,6,0.333,1,1,1.0,0,0,0,1,1,0,1,1,13,-22,1,
22023,1629673,22300103,"OCT 30, 2023",WAS vs. BOS,L,25,5,11,0.455,1,5,0.2,0,0,0.0,2,1,3,2,3,1,3,3,11,-29,1,
22023,1629673,22300089,"OCT 28, 2023",WAS vs. MEM,W,36,8,23,0.348,4,12,0.333,7,9,0.778,0,4,4,2,1,1,5,2,27,13,1,
22023,1629673,22300064,"OCT 25, 2023",WAS @ IND,L,26,7,18,0.389,0,6,0.0,4,5,0.8,0,2,2,5,1,1,4,1,18,-12,1,
22023,1629674,22300780,"FEB 14, 2024",BOS vs. BKN,W,13,4,6,0.667,0,0,0.0,0,0,0.0,2,2,4,0,1,0,1,3,8,9,1,
22023,1629674,22300706,"FEB 04, 2024",BOS vs. MEM,W,10,4,4,1.0,0,0,0.0,0,0,0.0,4,4,8,0,2,0,0,0,8,18,1,
22023,1629674,22300684,"FEB 01, 2024",BOS vs. LAL,L,13,3,5,0.6,0,0,0.0,1,1,1.0,4,3,7,1,0,1,0,2,7,7,1,
22023,1629674,22300670,"JAN 30, 2024",BOS vs. IND,W,14,2,3,0.667,0,0,0.0,0,1,0.0,0,1,1,1,0,2,1,1,4,15,1,
22023,1629674,22300659,"JAN 29, 2024",BOS vs. NOP,W,10,2,4,0.5,0,0,0.0,0,0,0.0,0,2,2,1,0,1,1,1,4,-3,1,
22023,1629674,22300646,"JAN 27, 2024",BOS vs. LAC,L,12,4,4,1.0,0,0,0.0,0,0,0.0,2,3,5,1,0,2,0,0,8,15,1,
22023,1629674,22300630,"JAN 25, 2024",BOS @ MIA,W,4,0,0,0.0,0,0,0.0,0,0,0.0,0,1,1,0,0,1,0,2,0,3,1,
22023,1629674,22300603,"JAN 21, 2024",BOS @ HOU,W,3,0,0,0.0,0,0,0.0,0,0,0.0,0,0,0,0,1,0,0,2,0,-1,1,
22023,1629674,22300571,"JAN 17, 2024",BOS vs. SAS,W,12,2,4,0.5,0,0,0.0,2,2,1.0,4,4,8,0,0,2,0,5,6,6,1,
22023,1629674,22300528,"JAN 11, 2024",BOS @ MIL,L,13,2,4,0.5,0,0,0.0,0,0,0.0,1,2,3,0,0,1,1,1,4,-4,1,
22023,1629674,22300479,"JAN 05, 2024",BOS vs. UTA,W,4,0,1,0.0,0,0,0.0,0,0,0.0,0,0,0,0,0,0,0,2,0,-5,1,
22023,1629674,22300448,"DEC 31, 2023",BOS @ SAS,W,5,2,2,1.0,0,0,0.0,1,1,1.0,0,2,2,0,0,1,0,0,5,1,1,
22023,1629674,22300432,"DEC 29, 2023",BOS vs. TOR,W,14,3,3,1.0,0,0,0.0,0,0,0.0,1,4,5,1,0,0,0,0,6,3,1,
22023,1629674,22300421,"DEC 28, 2023",BOS vs. DET,W,20,2,2,1.0,0,0,0.0,1,2,0.5,0,2,2,0,1,0,0,4,5,-3,1,
22023,1629674,22300403,"DEC 25, 2023",BOS @ LAL,W,7,0,0,0.0,0,0,0.0,0,0,0.0,0,1,1,1,1,0,0,3,0,-10,1,
22023,1629674,22300389,"DEC 23, 2023",BOS @ LAC,W,23,4,7,0.571,0,0,0.0,6,8,0.75,6,6,12,3,0,0,1,5,14,14,1,
22023,1629674,22300373,"DEC 20, 2023",BOS @ SAC,W,19,3,8,0.375,0,0,0.0,0,0,0.0,4,4,8,0,1,0,1,5,6,3,1,
22023,1629674,22300362,"DEC 19, 2023",BOS @ GSW,L,21,5,8,0.625,0,0,0.0,0,0,0.0,6,4,10,1,1,0,0,0,10,10,1,
22023,1629674,22300344,"DEC 17, 2023",BOS vs. ORL,W,16,1,2,0.5,0,0,0.0,0,0,0.0,0,3,3,0,0,0,0,1,2,8,1,
22023,1629674,22300329,"DEC 15, 2023",BOS vs. ORL,W,18,2,3,0.667,0,0,0.0,0,0,0.0,2,1,3,1,1,3,1,6,4,13,1,
22023,1629674,22300275,"DEC 01, 2023",BOS vs. PHI,W,10,1,1,1.0,0,0,0.0,3,4,0.75,2,3,5,0,0,0,2,1,5,3,1,
22023,1629674,22300246,"NOV 26, 2023",BOS vs. ATL,W,15,3,8,0.375,0,0,0.0,1,1,1.0,6,4,10,0,1,0,0,0,7,5,1,
22023,1629674,22300213,"NOV 19, 2023",BOS @ MEM,W,5,0,1,0.0,0,0,0.0,0,0,0.0,0,2,2,0,0,0,0,1,0,-3,1,
22023,1629675,22300791,"FEB 15, 2024",MIN @ POR,W,22,4,8,0.5,2,2,1.0,0,0,0.0,1,2,3,0,0,0,0,4,10,16,1,
22023,1629675,22300775,"FEB 13, 2024",MIN @ POR,W,25,4,8,0.5,1,3,0.333,1,2,0.5,0,3,3,1,1,2,0,2,10,18,1,
22023,1629675,22300770,"FEB 12, 2024",MIN @ LAC,W,27,5,9,0.556,1,2,0.5,0,0,0.0,0,7,7,1,0,0,2,3,11,17,1,
22023,1629675,22300738,"FEB 08, 2024",MIN @ MIL,W,24,6,11,0.545,2,4,0.5,3,3,1.0,1,3,4,0,1,1,1,1,17,6,1,
22023,1629675,22300723,"FEB 06, 2024",MIN @ CHI,L,20,4,11,0.364,2,6,0.333,0,0,0.0,0,4,4,2,0,1,0,1,10,3,1,
22023,1629675,22300709,"FEB 04, 2024",MIN vs. HOU,W,22,5,11,0.455,1,4,0.25,2,3,0.667,0,6,6,0,1,2,1,2,13,4,1,
22023,1629675,22300694,"FEB 02, 2024",MIN vs. ORL,L,22,4,5,0.8,1,2,0.5,0,0,0.0,0,5,5,1,0,0,2,1,9,4,1,
22023,1629675,22300680,"JAN 31, 2024",MIN vs. DAL,W,26,4,10,0.4,3,5,0.6,1,4,0.25,1,7,8,2,1,1,0,3,12,23,1,
22023,1629675,22300664,"JAN 29, 2024",MIN @ OKC,W,21,3,10,0.3,3,5,0.6,0,0,0.0,0,5,5,2,0,0,2,0,9,-7,1,
22023,1629675,22300649,"JAN 27, 2024",MIN @ SAS,L,22,5,12,0.417,2,5,0.4,1,2,0.5,0,2,2,0,0,3,1,2,13,5,1,
22023,1629675,22300629,"JAN 25, 2024",MIN @ BKN,W,23,2,7,0.286,1,3,0.333,0,0,0.0,1,3,4,2,0,1,1,3,5,8,1,
22023,1629675,22300620,"JAN 24, 2024",MIN @ WAS,W,21,2,9,0.222,1,3,0.333,0,0,0.0,0,3,3,2,1,1,0,1,5,4,1,
22023,1629675,22300610,"JAN 22, 2024",MIN vs. CHA,L,15,2,5,0.4,1,4,0.25,0,0,0.0,0,0,0,0,1,0,1,3,5,6,1,
22023,1629675,22300599,"JAN 20, 2024",MIN vs. OKC,L,26,7,13,0.538,4,8,0.5,0,0,0.0,0,3,3,0,0,4,4,3,18,17,1,
22023,1629675,22300582,"JAN 18, 2024",MIN vs. MEM,W,24,8,13,0.615,4,5,0.8,0,0,0.0,0,3,3,1,2,1,0,2,20,16,1,
22023,1629675,22300569,"JAN 17, 2024",MIN @ DET,W,23,3,9,0.333,1,4,0.25,2,4,0.5,0,4,4,1,3,0,1,0,9,3,1,
22023,1629675,22300553,"JAN 14, 2024",MIN vs. LAC,W,14,3,5,0.6,2,3,0.667,0,0,0.0,0,1,1,1,2,0,1,2,8,6,1,
22023,1629675,22300538,"JAN 12, 2024",MIN vs. POR,W,21,5,10,0.5,2,6,0.333,2,5,0.4,1,2,3,1,2,0,0,2,14,-4,1,
22023,1629675,22300517,"JAN 10, 2024",MIN @ BOS,L,37,7,15,0.467,3,7,0.429,2,2,1.0,3,7,10,3,0,3,1,4,19,2,1,
22023,1629675,22300513,"JAN 09, 2024",MIN @ ORL,W,21,5,8,0.625,2,4,0.5,1,2,0.5,2,8,10,2,0,0,3,3,13,1,1,
22023,1629675,22300501,"JAN 07, 2024",MIN @ DAL,L,27,7,12,0.583,1,4,0.25,0,2,0.0,4,5,9,0,0,0,0,2,15,-1,1,
22023,1629675,22300485,"JAN 05, 2024",MIN @ HOU,W,25,6,11,0.545,3,6,0.5,1,2,0.5,1,6,7,2,0,1,0,1,16,21,1,
22023,1629675,22300471,"JAN 03, 2024",MIN vs. NOP,L,25,3,8,0.375,2,5,0.4,0,0,0.0,0,6,6,2,0,2,1,2,8,3,1,
22023,1629675,22300451,"JAN 01, 2024",MIN @ NYK,L,19,2,6,0.333,1,4,0.25,0,0,0.0,0,2,2,0,0,0,0,5,5,-5,1,
22023,1629675,22300443,"DEC 30, 2023",MIN vs. LAL,W,27,8,11,0.727,2,5,0.4,3,4,0.75,0,5,5,1,2,2,2,3,21,13,1,
22023,1629675,22300423,"DEC 28, 2023",MIN vs. DAL,W,18,3,5,0.6,3,5,0.6,0,0,0.0,0,4,4,2,0,0,3,4,9,12,1,
22023,1629675,22300411,"DEC 26, 2023",MIN @ OKC,L,19,2,4,0.5,2,3,0.667,0,0,0.0,1,6,7,0,0,0,4,1,6,-9,1,
22023,1629675,22300400,"DEC 23, 2023",MIN @ SAC,W,19,2,4,0.5,0,1,0.0,2,2,1.0,0,2,2,2,2,0,1,0,6,-13,1,
22023,1629675,22300380,"DEC 21, 2023",MIN vs. LAL,W,21,3,9,0.333,3,6,0.5,0,0,0.0,2,3,5,2,1,1,3,6,9,5,1,
22023,1629675,22300367,"DEC 20, 2023",MIN @ PHI,L,20,4,9,0.444,2,6,0.333,0,0,0.0,1,1,2,1,0,1,4,3,10,-27,1,
22023,1629675,22300353,"DEC 18, 2023",MIN @ MIA,W,21,5,13,0.385,1,6,0.167,2,2,1.0,1,3,4,1,1,1,1,2,13,2,1,
22023,1629675,22300338,"DEC 16, 2023",MIN vs. IND,W,27,6,8,0.75,3,5,0.6,2,2,1.0,0,5,5,0,0,0,1,2,17,25,1,
22023,1629675,22300321,"DEC 14, 2023",MIN @ DAL,W,31,8,14,0.571,7,11,0.636,4,4,1.0,2,4,6,3,1,0,2,2,27,16,1,
22023,1629675,22300301,"DEC 11, 2023",MIN @ NOP,L,24,7,15,0.467,3,7,0.429,0,0,0.0,3,3,6,2,1,0,0,3,17,0,1,
22023,1629675,22301221,"DEC 08, 2023",MIN @ MEM,W,24,5,12,0.417,0,5,0.0,0,0,0.0,0,9,9,2,1,1,1,2,10,7,1,
22023,1629675,22301210,"DEC 06, 2023",MIN vs. SAS,W,29,7,18,0.389,1,7,0.143,0,0,0.0,4,5,9,2,0,1,1,2,15,10,1,
22023,1629675,22300281,"DEC 02, 2023",MIN @ CHA,W,25,9,14,0.643,3,6,0.5,2,2,1.0,2,3,5,2,1,0,2,0,23,-7,1,
22023,1629675,22300270,"NOV 30, 2023",MIN vs. UTA,W,22,3,9,0.333,0,4,0.0,0,0,0.0,1,2,3,0,1,1,0,2,6,-2,1,
22023,1629675,22300058,"NOV 28, 2023",MIN vs. OKC,W,25,6,9,0.667,3,4,0.75,0,0,0.0,1,6,7,2,0,2,1,2,15,1,1,
22023,1629675,22300249,"NOV 26, 2023",MIN @ MEM,W,22,4,9,0.444,1,2,0.5,3,4,0.75,2,4,6,0,1,0,1,4,12,4,1,
22023,1629675,22300050,"NOV 24, 2023",MIN vs. SAC,L,18,4,7,0.571,1,3,0.333,0,0,0.0,0,1,1,0,0,2,3,0,9,-19,1,
22023,1629675,22300232,"NOV 22, 2023",MIN vs. PHI,W,22,6,13,0.462,1,4,0.25,0,1,0.0,1,3,4,0,3,1,0,1,13,4,1,
22023,1629675,22300221,"NOV 20, 2023",MIN vs. NYK,W,18,3,8,0.375,1,6,0.167,3,3,1.0,0,3,3,1,1,0,3,6,10,3,1,
22023,1629675,22300203,"NOV 18, 2023",MIN @ NOP,W,18,2,8,0.25,2,6,0.333,2,2,1.0,0,1,1,0,0,1,1,0,8,-8,1,
22023,1629675,22300197,"NOV 15, 2023",MIN @ PHX,L,19,4,7,0.571,1,2,0.5,4,4,1.0,2,2,4,0,1,0,0,0,13,-5,1,
22023,1629675,22300025,"NOV 14, 2023",MIN @ GSW,W,16,4,5,0.8,2,3,0.667,0,0,0.0,0,2,2,0,0,0,1,4,10,-8,1,
22023,1629675,22300186,"NOV 12, 2023",MIN @ GSW,W,19,3,8,0.375,2,5,0.4,2,2,1.0,1,5,6,2,0,0,2,2,10,10,1,
22023,1629675,22300013,"NOV 10, 2023",MIN @ SAS,W,18,3,7,0.429,1,3,0.333,0,0,0.0,1,2,3,0,0,2,0,1,7,7,1,
22023,1629675,22300166,"NOV 08, 2023",MIN vs. NOP,W,22,4,8,0.5,1,4,0.25,0,0,0.0,1,3,4,0,1,0,0,2,9,17,1,
22023,1629675,22300154,"NOV 06, 2023",MIN vs. BOS,W,25,5,9,0.556,2,4,0.5,2,2,1.0,1,3,4,2,2,2,3,0,14,-2,1,
22023,1629675,22300138,"NOV 04, 2023",MIN vs. UTA,W,22,5,9,0.556,3,5,0.6,3,4,0.75,2,3,5,1,0,0,1,0,16,9,1,
22023,1629675,22300123,"NOV 01, 2023",MIN vs. DEN,W,19,6,9,0.667,1,3,0.333,3,3,1.0,1,4,5,1,1,0,1,0,16,4,1,
22023,1629675,22300104,"OCT 30, 2023",MIN @ ATL,L,24,5,12,0.417,3,7,0.429,0,0,0.0,0,1,1,0,0,0,1,1,13,-21,1,
22023,1629675,22300093,"OCT 28, 2023",MIN vs. MIA,W,28,10,14,0.714,4,7,0.571,1,1,1.0,1,7,8,1,2,0,0,3,25,30,1,
22023,1629675,22300069,"OCT 25, 2023",MIN @ TOR,L,24,3,8,0.375,0,2,0.0,4,4,1.0,1,3,4,1,0,0,1,0,10,1,1,
22023,1629677,22300788,"FEB 14, 2024",UTA vs. LAL,L,2,1,1,1.0,1,1,1.0,0,0,0.0,0,1,1,0,0,0,0,0,3,7,1,
22023,1629677,22300769,"FEB 12, 2024",UTA vs. GSW,L,2,0,0,0.0,0,0,0.0,0,0,0.0,0,1,1,0,0,0,0,1,0,-2,1,
22023,1629677,22300739,"FEB 08, 2024",UTA @ PHX,L,2,0,0,0.0,0,0,0.0,0,0,0.0,0,0,0,0,0,0,0,0,0,0,1,
22023,1629677,22300724,"FEB 06, 2024",UTA vs. OKC,W,6,0,3,0.0,0,2,0.0,3,4,0.75,1,1,2,0,0,0,2,1,3,-4,1,
22023,1629677,22300660,"JAN 29, 2024",UTA @ BKN,L,8,1,1,1.0,0,0,0.0,3,4,0.75,0,1,1,0,0,1,0,1,5,-11,1,
22023,1629677,22300628,"JAN 25, 2024",UTA @ WAS,W,1,0,0,0.0,0,0,0.0,0,0,0.0,0,0,0,0,0,0,0,0,0,-3,1,
22023,1629677,22300616,"JAN 23, 2024",UTA @ NOP,L,5,0,1,0.0,0,1,0.0,0,0,0.0,0,0,0,0,0,0,0,0,0,-3,1,
22023,1629677,22300564,"JAN 15, 2024",UTA vs. IND,W,3,0,0,0.0,0,0,0.0,0,0,0.0,0,1,1,0,0,0,0,1,0,7,1,
22023,1629677,22300540,"JAN 12, 2024",UTA vs. TOR,W,6,1,2,0.5,0,0,0.0,2,2,1.0,0,1,1,0,0,0,1,2,4,13,1,
22023,1629677,22300524,"JAN 10, 2024",UTA vs. DEN,W,3,0,0,0.0,0,0,0.0,1,2,0.5,0,0,0,1,0,0,0,0,1,-5,1,
22023,1629677,22300479,"JAN 05, 2024",UTA @ BOS,L,12,1,3,0.333,0,1,0.0,4,5,0.8,2,3,5,0,0,0,2,0,6,3,1,
22023,1629677,22300457,"JAN 01, 2024",UTA vs. DAL,W,4,1,4,0.25,0,0,0.0,0,0,0.0,1,0,1,0,0,0,0,0,2,1,1,
22023,1629677,22300412,"DEC 26, 2023",UTA @ SAS,W,2,0,0,0.0,0,0,0.0,0,0,0.0,0,0,0,0,0,0,0,0,0,-7,1,
22023,1629677,22300374,"DEC 21, 2023",UTA @ DET,W,10,0,5,0.0,0,1,0.0,2,2,1.0,1,4,5,0,0,0,0,1,2,4,1,
22023,1629677,22300357,"DEC 18, 2023",UTA vs. BKN,W,2,2,2,1.0,1,1,1.0,0,0,0.0,0,1,1,0,0,0,0,1,5,-2,1,
22023,1629677,22300302,"DEC 11, 2023",UTA @ OKC,L,17,6,10,0.6,1,4,0.25,1,1,1.0,0,7,7,1,0,0,2,3,14,22,1,
22023,1629677,22301213,"DEC 06, 2023",UTA @ DAL,L,7,1,5,0.2,0,2,0.0,0,0,0.0,0,1,1,0,0,0,0,0,2,-7,1,
22023,1629677,22300289,"DEC 02, 2023",UTA vs. POR,W,12,1,5,0.2,0,2,0.0,0,0,0.0,1,2,3,0,0,1,0,3,2,1,1,
22023,1629677,22300270,"NOV 30, 2023",UTA @ MIN,L,12,1,4,0.25,0,1,0.0,0,0,0.0,1,3,4,0,0,0,2,0,2,-2,1,
22023,1629677,22300261,"NOV 29, 2023",UTA @ MEM,L,6,2,2,1.0,1,1,1.0,0,0,0.0,1,1,2,0,0,1,1,0,5,6,1,
22023,1629677,22300042,"NOV 21, 2023",UTA @ LAL,L,9,0,3,0.0,0,2,0.0,0,0,0.0,0,3,3,1,0,0,1,1,0,-5,1,
22023,1629677,22300023,"NOV 14, 2023",UTA vs. POR,W,1,0,0,0.0,0,0,0.0,0,0,0.0,0,0,0,0,0,0,0,0,0,0,1,
22023,1629677,22300152,"NOV 06, 2023",UTA @ CHI,L,4,1,2,0.5,1,2,0.5,0,0,0.0,0,1,1,1,0,0,0,1,3,5,1,
22023,1629677,22300138,"NOV 04, 2023",UTA @ MIN,L,4,1,2,0.5,0,1,0.0,1,1,1.0,0,2,2,0,0,0,0,0,3,-5,1,
22023,1629677,22300094,"OCT 28, 2023",UTA @ PHX,L,6,2,4,0.5,1,1,1.0,0,0,0.0,0,1,1,0,1,0,0,0,5,4,1,
22023,1629677,22300072,"OCT 25, 2023",UTA vs. SAC,L,2,1,2,0.5,0,1,0.0,0,0,0.0,0,0,0,0,0,0,0,0,2,2,1,
22023,1629678,22300778,"FEB 14, 2024",ORL vs. NYK,W,3,1,1,1.0,1,1,1.0,0,0,0.0,0,1,1,1,0,0,0,0,3,0,1,
22023,1629678,22300607,"JAN 22, 2024",ORL vs. CLE,L,3,0,2,0.0,0,1,0.0,0,0,0.0,0,1,1,0,0,0,0,0,0,5,1,
22023,1629678,22300488,"JAN 05, 2024",ORL @ DEN,W,9,2,3,0.667,1,2,0.5,0,0,0.0,1,0,1,1,0,0,0,0,5,0,1,
22023,1629678,22300476,"JAN 03, 2024",ORL @ SAC,L,6,0,0,0.0,0,0,0.0,0,0,0.0,0,0,0,1,0,0,0,1,0,5,1,
22023,1629678,22300415,"DEC 27, 2023",ORL vs. PHI,L,1,0,0,0.0,0,0,0.0,0,0,0.0,0,0,0,0,0,0,0,0,0,3,1,
22023,1629678,22300344,"DEC 17, 2023",ORL @ BOS,L,2,0,0,0.0,0,0,0.0,0,0,0.0,0,0,0,1,0,0,0,0,0,4,1,
22023,1629678,22300329,"DEC 15, 2023",ORL @ BOS,L,3,0,1,0.0,0,0,0.0,0,0,0.0,0,2,2,0,0,0,1,1,0,3,1,
22023,1629678,22301217,"DEC 08, 2023",ORL vs. DET,W,4,1,2,0.5,0,0,0.0,0,0,0.0,0,2,2,0,0,0,2,3,2,1,1,
22023,1629678,22300282,"DEC 02, 2023",ORL @ BKN,L,4,0,2,0.0,0,2,0.0,0,0,0.0,0,1,1,1,0,0,0,0,0,-5,1,
22023,1629678,22300259,"NOV 29, 2023",ORL vs. WAS,W,4,0,0,0.0,0,0,0.0,0,0,0.0,0,0,0,0,0,0,0,1,0,0,1,
22023,1629678,22300038,"NOV 21, 2023",ORL vs. TOR,W,2,0,0,0.0,0,0,0.0,0,0,0.0,0,0,0,0,0,0,0,0,0,2,1,
22023,1629678,22300209,"NOV 19, 2023",ORL @ IND,W,5,0,1,0.0,0,1,0.0,0,2,0.0,0,0,0,0,0,0,1,1,0,-12,1,
22023,1629678,22300134,"NOV 04, 2023",ORL vs. LAL,W,3,2,4,0.5,1,3,0.333,0,0,0.0,0,0,0,0,0,0,0,0,5,3,1,
22023,1629680,22300791,"FEB 15, 2024",POR vs. MIN,L,11,0,4,0.0,0,2,0.0,0,0,0.0,0,0,0,0,1,0,0,2,0,-25,1,
22023,1629680,22300775,"FEB 13, 2024",POR vs. MIN,L,19,0,5,0.0,0,3,0.0,0,0,0.0,1,1,2,1,1,0,1,2,0,-3,1,
22023,1629680,22300758,"FEB 10, 2024",POR vs. NOP,L,29,2,6,0.333,1,5,0.2,2,2,1.0,1,1,2,1,2,0,1,0,7,-13,1,
22023,1629680,22300741,"FEB 08, 2024",POR vs. DET,L,38,1,6,0.167,0,2,0.0,0,0,0.0,0,1,1,7,5,2,0,5,2,4,1,
22023,1629680,22300712,"FEB 04, 2024",POR @ DEN,L,34,2,7,0.286,1,5,0.2,1,2,0.5,0,1,1,3,3,0,0,1,6,4,1,
22023,1629680,22300697,"FEB 02, 2024",POR @ DEN,L,23,1,5,0.2,1,4,0.25,0,0,0.0,0,1,1,0,1,1,0,2,3,5,1,
22023,1629680,22300683,"JAN 31, 2024",POR vs. MIL,W,19,2,6,0.333,2,6,0.333,0,0,0.0,1,2,3,1,1,0,0,2,6,13,1,
22023,1629680,22300668,"JAN 29, 2024",POR vs. PHI,W,19,1,6,0.167,1,5,0.2,0,0,0.0,0,1,1,0,0,0,1,0,3,0,1,
22023,1629680,22300656,"JAN 28, 2024",POR vs. CHI,L,32,3,5,0.6,1,3,0.333,0,0,0.0,0,2,2,1,0,1,3,3,7,-3,1,
22023,1629680,22300641,"JAN 26, 2024",POR @ SAS,L,27,2,5,0.4,1,4,0.25,0,0,0.0,1,0,1,4,2,0,1,4,5,-6,1,
22023,1629680,22300623,"JAN 24, 2024",POR @ HOU,W,22,5,7,0.714,3,4,0.75,0,0,0.0,1,3,4,1,3,0,1,3,13,-9,1,
22023,1629680,22300617,"JAN 23, 2024",POR @ OKC,L,20,3,6,0.5,2,5,0.4,0,0,0.0,1,2,3,1,1,1,0,2,8,8,1,
22023,1629680,22300605,"JAN 21, 2024",POR @ LAL,L,12,0,1,0.0,0,1,0.0,0,0,0.0,0,0,0,2,3,0,0,0,0,-8,1,
22023,1629680,22300590,"JAN 19, 2024",POR vs. IND,W,28,1,2,0.5,0,1,0.0,2,2,1.0,0,1,1,2,1,2,0,3,4,-14,1,
22023,1629680,22300578,"JAN 17, 2024",POR vs. BKN,W,21,1,4,0.25,1,3,0.333,0,0,0.0,0,0,0,3,0,0,0,3,3,-3,1,
22023,1629680,22300538,"JAN 12, 2024",POR @ MIN,L,14,1,3,0.333,1,2,0.5,0,0,0.0,0,1,1,0,2,0,0,1,3,-14,1,
22023,1629680,22300529,"JAN 11, 2024",POR @ OKC,L,19,1,5,0.2,0,4,0.0,2,2,1.0,0,0,0,1,1,0,0,1,4,-10,1,
22023,1629680,22300514,"JAN 09, 2024",POR @ NYK,L,12,0,1,0.0,0,1,0.0,0,0,0.0,0,1,1,0,1,1,0,0,0,-12,1,
22023,1629680,22300487,"JAN 05, 2024",POR @ DAL,L,14,0,2,0.0,0,1,0.0,0,0,0.0,0,2,2,0,1,1,0,0,0,-14,1,
22023,1629680,22300472,"JAN 03, 2024",POR @ DAL,L,23,4,6,0.667,4,6,0.667,0,0,0.0,0,2,2,1,1,0,0,4,12,-2,1,
22023,1629680,22300456,"JAN 01, 2024",POR @ PHX,L,29,1,5,0.2,1,4,0.25,0,0,0.0,1,3,4,0,2,2,0,2,3,-10,1,
22023,1629680,22300437,"DEC 29, 2023",POR vs. SAS,W,27,3,6,0.5,1,4,0.25,0,0,0.0,0,1,1,0,1,2,1,1,7,10,1,
22023,1629680,22300427,"DEC 28, 2023",POR vs. SAS,L,28,1,7,0.143,1,7,0.143,1,2,0.5,0,2,2,1,2,0,0,1,4,-6,1,
22023,1629680,22300413,"DEC 26, 2023",POR vs. SAC,W,26,2,5,0.4,2,4,0.5,0,0,0.0,1,3,4,4,2,2,1,3,6,26,1,
22023,1629680,22300399,"DEC 23, 2023",POR @ GSW,L,16,2,6,0.333,1,5,0.2,0,0,0.0,1,1,2,2,1,0,0,0,5,-14,1,
22023,1629680,22300381,"DEC 21, 2023",POR vs. WAS,L,30,0,3,0.0,0,2,0.0,0,0,0.0,2,2,4,2,3,3,0,2,0,19,1,
22023,1629680,22300363,"DEC 19, 2023",POR vs. PHX,W,21,2,3,0.667,2,3,0.667,2,2,1.0,0,1,1,0,3,1,0,0,8,17,1,
22023,1629680,22300348,"DEC 17, 2023",POR vs. GSW,L,18,1,4,0.25,1,4,0.25,0,0,0.0,1,3,4,1,3,2,0,1,3,4,1,
22023,1629680,22300341,"DEC 16, 2023",POR vs. DAL,L,19,2,6,0.333,1,4,0.25,0,0,0.0,1,3,4,0,2,1,1,0,5,-16,1,
22023,1629680,22300323,"DEC 14, 2023",POR vs. UTA,L,17,1,5,0.2,1,4,0.25,0,0,0.0,0,3,3,2,1,0,0,1,3,-24,1,
22023,1629680,22300304,"DEC 11, 2023",POR @ LAC,L,31,4,6,0.667,3,5,0.6,0,0,0.0,0,1,1,0,1,0,0,3,11,-9,1,
22023,1629680,22301226,"DEC 08, 2023",POR vs. DAL,L,36,3,7,0.429,3,5,0.6,0,0,0.0,3,5,8,1,3,1,2,0,9,-11,1,
22023,1629680,22301214,"DEC 06, 2023",POR @ GSW,L,31,3,6,0.5,3,5,0.6,0,0,0.0,0,1,1,1,3,1,1,1,9,-2,1,
22023,1629680,22300289,"DEC 02, 2023",POR @ UTA,L,33,2,5,0.4,2,4,0.5,0,0,0.0,0,3,3,2,1,2,0,1,6,9,1,
22023,1629680,22300265,"NOV 30, 2023",POR @ CLE,W,24,4,8,0.5,2,5,0.4,0,0,0.0,1,1,2,0,1,0,0,1,10,10,1,
22023,1629680,22300254,"NOV 27, 2023",POR @ IND,W,29,0,2,0.0,0,2,0.0,0,0,0.0,0,1,1,1,1,1,2,3,0,10,1,
22023,1629680,22300245,"NOV 26, 2023",POR @ MIL,L,26,1,4,0.25,1,4,0.25,2,2,1.0,0,1,1,1,4,1,2,1,5,4,1,
22023,1629680,22300237,"NOV 22, 2023",POR vs. UTA,W,32,5,9,0.556,3,6,0.5,0,1,0.0,1,0,1,2,3,2,3,2,13,24,1,
22023,1629680,22300041,"NOV 21, 2023",POR @ PHX,L,22,0,2,0.0,0,2,0.0,0,0,0.0,1,1,2,0,1,1,0,1,0,4,1,
22023,1629680,22300215,"NOV 19, 2023",POR vs. OKC,L,19,1,3,0.333,0,2,0.0,0,0,0.0,0,1,1,2,2,0,0,0,2,-27,1,
22023,1629680,22300036,"NOV 17, 2023",POR vs. LAL,L,24,2,3,0.667,1,2,0.5,0,0,0.0,1,3,4,1,2,0,2,1,5,-10,1,
22023,1629680,22300199,"NOV 15, 2023",POR vs. CLE,L,26,5,6,0.833,3,4,0.75,0,0,0.0,0,3,3,3,3,1,0,1,13,-4,1,
22023,1629680,22300023,"NOV 14, 2023",POR @ UTA,L,22,2,5,0.4,2,5,0.4,0,0,0.0,0,2,2,1,0,0,0,1,6,-13,1,
22023,1629680,22300187,"NOV 12, 2023",POR @ LAL,L,20,5,9,0.556,4,8,0.5,0,0,0.0,0,2,2,3,1,2,0,2,14,-6,1,
22023,1629680,22300170,"NOV 08, 2023",POR @ SAC,L,34,4,8,0.5,1,4,0.25,4,5,0.8,1,1,2,1,4,0,2,1,13,-2,1,
22023,1629680,22300144,"NOV 05, 2023",POR vs. MEM,L,19,2,3,0.667,2,3,0.667,0,0,0.0,0,3,3,1,1,2,1,1,6,0,1,
22023,1629680,22300007,"NOV 03, 2023",POR vs. MEM,W,19,2,4,0.5,1,3,0.333,0,0,0.0,0,0,0,0,0,2,0,1,5,-3,1,
22023,1629680,22300115,"NOV 01, 2023",POR @ DET,W,17,0,3,0.0,0,3,0.0,0,0,0.0,0,1,1,1,1,0,0,1,0,-3,1,
22023,1629680,22300105,"OCT 30, 2023",POR @ TOR,W,19,3,4,0.75,3,4,0.75,0,0,0.0,0,0,0,2,0,0,0,1,9,-5,1,
22023,1629680,22300098,"OCT 29, 2023",POR @ PHI,L,11,1,3,0.333,0,2,0.0,0,0,0.0,0,0,0,0,0,0,0,1,2,-14,1,
22023,1629680,22300086,"OCT 27, 2023",POR vs. ORL,L,17,0,1,0.0,0,1,0.0,0,0,0.0,0,2,2,0,1,1,0,2,0,-15,1,
22023,1629680,22300074,"OCT 25, 2023",POR @ LAC,L,20,3,7,0.429,2,6,0.333,0,0,0.0,1,0,1,1,1,0,2,0,8,-12,1,
22023,1629716,22300346,"DEC 17, 2023",MIL vs. HOU,W,0,0,0,0.0,0,0,0.0,0,0,0.0,0,0,0,0,0,0,0,0,0,-3,1,
22023,1629716,22300027,"NOV 17, 2023",MIL @ CHA,W,3,0,0,0.0,0,0,0.0,0,0,0.0,0,2,2,0,0,0,0,1,0,11,1,
22023,1629717,22300469,"JAN 03, 2024",BKN @ HOU,L,3,0,0,0.0,0,0,0.0,0,0,0.0,0,1,1,0,0,0,0,0,0,4,1,
22023,1629717,22300461,"JAN 02, 2024",BKN @ NOP,L,8,2,5,0.4,1,4,0.25,0,0,0.0,1,0,1,0,0,0,0,1,5,0,1,
22023,1629717,22300417,"DEC 27, 2023",BKN vs. MIL,L,29,4,14,0.286,3,9,0.333,1,2,0.5,2,2,4,2,1,0,2,1,12,-12,1,
22023,1629717,22300322,"DEC 14, 2023",BKN @ DEN,L,15,2,9,0.222,2,6,0.333,0,0,0.0,2,0,2,2,0,1,0,0,6,1,1,
22023,1629717,22300303,"DEC 11, 2023",BKN @ SAC,L,4,1,1,1.0,0,0,0.0,0,0,0.0,0,0,0,1,0,0,0,0,2,4,1,
22023,1629717,22300250,"NOV 26, 2023",BKN vs. CHI,W,4,0,2,0.0,0,2,0.0,0,0,0.0,0,1,1,0,0,0,0,1,0,-2,1,
22023,1629717,22300240,"NOV 25, 2023",BKN vs. MIA,W,4,0,3,0.0,0,2,0.0,0,0,0.0,1,2,3,0,0,0,0,0,0,-3,1,
22023,1629717,22300010,"NOV 10, 2023",BKN @ BOS,L,19,0,5,0.0,0,3,0.0,0,0,0.0,1,3,4,0,0,0,1,0,0,4,1,
22023,1629717,22300136,"NOV 04, 2023",BKN vs. BOS,L,1,0,0,0.0,0,0,0.0,0,0,0.0,0,0,0,0,0,0,0,0,0,2,1,
22023,1629717,22300119,"NOV 01, 2023",BKN @ MIA,W,16,6,7,0.857,5,6,0.833,0,0,0.0,0,2,2,0,0,0,0,0,17,30,1,
22023,1629718,22300778,"FEB 14, 2024",NYK @ ORL,L,5,0,0,0.0,0,0,0.0,0,0,0.0,0,0,0,0,0,0,0,0,0,5,1,
22023,1629718,22300736,"FEB 08, 2024",NYK vs. DAL,L,22,1,5,0.2,1,3,0.333,0,0,0.0,1,1,2,0,0,1,0,4,3,-11,1,
22023,1629718,22300657,"JAN 29, 2024",NYK @ CHA,W,2,0,0,0.0,0,0,0.0,0,0,0.0,0,0,0,0,0,1,0,1,0,3,1,
22023,1629718,22300441,"DEC 30, 2023",NYK @ IND,L,1,1,2,0.5,1,1,1.0,0,0,0.0,0,0,0,0,0,0,0,0,3,3,1,
22023,1629718,22300388,"DEC 23, 2023",NYK vs. MIL,L,1,0,1,0.0,0,1,0.0,0,0,0.0,0,0,0,0,0,0,0,0,0,-3,1,
22023,1629718,22301201,"DEC 05, 2023",NYK @ MIL,L,2,0,1,0.0,0,1,0.0,0,0,0.0,0,0,0,0,0,0,2,0,0,-4,1,
22023,1629723,22300783,"FEB 14, 2024",MEM vs. HOU,W,20,3,4,0.75,2,2,1.0,0,0,0.0,0,3,3,2,1,2,2,3,8,-8,1,
22023,1629723,22300766,"FEB 12, 2024",MEM vs. NOP,L,15,1,2,0.5,0,1,0.0,0,0,0.0,0,3,3,2,2,1,1,1,2,-10,1,
22023,1629723,22300751,"FEB 10, 2024",MEM @ CHA,L,35,4,8,0.5,0,3,0.0,0,0,0.0,4,6,10,2,4,1,1,2,8,-4,1,
22023,1629723,22300737,"FEB 08, 2024",MEM vs. CHI,L,30,2,5,0.4,0,3,0.0,0,0,0.0,1,2,3,1,0,1,0,2,4,7,1,
22023,1629723,22300722,"FEB 06, 2024",MEM @ NYK,L,26,2,4,0.5,1,3,0.333,0,0,0.0,1,3,4,5,0,0,0,1,5,-14,1,
22023,1629723,22300693,"FEB 02, 2024",MEM vs. GSW,L,28,1,7,0.143,1,3,0.333,0,0,0.0,4,8,12,5,1,0,2,2,3,-3,1,
22023,1629723,22300687,"FEB 01, 2024",MEM vs. CLE,L,32,3,4,0.75,0,1,0.0,2,2,1.0,0,6,6,0,1,2,1,3,8,-8,1,
22023,1629723,22300652,"JAN 28, 2024",MEM @ IND,L,30,4,5,0.8,1,2,0.5,0,0,0.0,2,5,7,4,0,2,2,1,9,-5,1,
22023,1629723,22300638,"JAN 26, 2024",MEM vs. ORL,W,26,3,5,0.6,1,2,0.5,0,0,0.0,1,0,1,2,3,2,1,2,7,8,1,
22023,1629723,22300621,"JAN 24, 2024",MEM @ MIA,W,31,5,7,0.714,1,3,0.333,0,0,0.0,3,7,10,2,1,1,2,4,11,-6,1,
22023,1629723,22300609,"JAN 22, 2024",MEM @ TOR,W,28,3,6,0.5,0,1,0.0,0,1,0.0,4,1,5,4,0,5,1,2,6,0,1,
22023,1629723,22300597,"JAN 20, 2024",MEM @ CHI,L,27,1,4,0.25,0,2,0.0,0,0,0.0,0,5,5,6,0,2,2,0,2,-9,1,
22023,1629723,22300582,"JAN 18, 2024",MEM @ MIN,L,27,2,2,1.0,1,1,1.0,0,0,0.0,0,3,3,2,1,0,1,4,5,14,1,
22023,1629723,22300544,"JAN 13, 2024",MEM vs. NYK,L,20,0,4,0.0,0,3,0.0,0,0,0.0,1,2,3,1,1,2,0,1,0,-9,1,
22023,1629723,22300537,"JAN 12, 2024",MEM vs. LAC,L,6,0,1,0.0,0,1,0.0,0,0,0.0,0,1,1,1,0,0,0,1,0,-11,1,
22023,1629723,22300515,"JAN 09, 2024",MEM @ DAL,W,25,1,3,0.333,0,2,0.0,2,2,1.0,3,4,7,3,0,1,0,0,4,18,1,
22023,1629723,22300503,"JAN 07, 2024",MEM @ PHX,W,3,0,1,0.0,0,1,0.0,0,0,0.0,0,1,1,0,0,0,0,0,0,-5,1,
22023,1629723,22300470,"JAN 03, 2024",MEM vs. TOR,L,8,0,2,0.0,0,0,0.0,0,0,0.0,0,2,2,1,2,1,1,0,0,2,1,
22023,1629723,22300460,"JAN 02, 2024",MEM vs. SAS,W,0,0,0,0.0,0,0,0.0,0,0,0.0,0,0,0,0,0,0,0,0,0,-4,1,
22023,1629723,22300449,"DEC 31, 2023",MEM vs. SAC,L,5,0,0,0.0,0,0,0.0,0,0,0.0,0,0,0,0,0,0,0,0,0,-6,1,
22023,1629723,22300425,"DEC 28, 2023",MEM @ DEN,L,25,4,9,0.444,1,5,0.2,1,1,1.0,3,4,7,3,2,1,1,1,10,-30,1,
22023,1629723,22300393,"DEC 23, 2023",MEM @ ATL,W,13,2,3,0.667,1,2,0.5,0,0,0.0,1,4,5,2,0,2,0,1,5,3,1,
22023,1629723,22300377,"DEC 21, 2023",MEM vs. IND,W,21,2,4,0.5,2,4,0.5,0,0,0.0,1,5,6,1,1,2,0,1,6,11,1,
22023,1629723,22300360,"DEC 19, 2023",MEM @ NOP,W,22,0,2,0.0,0,2,0.0,0,0,0.0,1,7,8,0,0,0,1,3,0,-6,1,
22023,1629723,22300355,"DEC 18, 2023",MEM @ OKC,L,17,1,3,0.333,1,3,0.333,2,2,1.0,1,1,2,2,2,0,2,2,5,-20,1,
22023,1629723,22300314,"DEC 13, 2023",MEM @ HOU,L,7,0,1,0.0,0,1,0.0,0,0,0.0,0,0,0,1,1,0,0,0,0,-13,1,
22023,1629723,22300299,"DEC 11, 2023",MEM vs. DAL,L,25,2,5,0.4,2,5,0.4,0,0,0.0,2,4,6,2,1,1,2,2,6,-2,1,
22023,1629723,22301221,"DEC 08, 2023",MEM vs. MIN,L,17,1,5,0.2,1,4,0.25,0,0,0.0,0,3,3,0,1,1,0,1,3,-13,1,
22023,1629723,22301206,"DEC 06, 2023",MEM @ DET,W,22,3,4,0.75,2,2,1.0,1,2,0.5,1,6,7,2,2,1,0,0,9,22,1,
22023,1629723,22300288,"DEC 02, 2023",MEM @ PHX,L,20,2,5,0.4,0,2,0.0,2,2,1.0,2,2,4,0,1,1,2,0,6,-2,1,
22023,1629723,22300277,"DEC 01, 2023",MEM @ DAL,W,2,0,0,0.0,0,0,0.0,0,0,0.0,0,0,0,0,0,0,0,1,0,-4,1,
22023,1629723,22300249,"NOV 26, 2023",MEM vs. MIN,L,2,0,0,0.0,0,0,0.0,0,0,0.0,0,0,0,0,0,0,0,0,0,-3,1,
22023,1629723,22300044,"NOV 24, 2023",MEM vs. PHX,L,18,0,2,0.0,0,1,0.0,1,2,0.5,0,3,3,1,0,0,0,1,1,-3,1,
22023,1629723,22300231,"NOV 22, 2023",MEM @ HOU,L,29,0,6,0.0,0,4,0.0,0,0,0.0,5,6,11,2,0,2,0,3,0,-11,1,
22023,1629723,22300213,"NOV 19, 2023",MEM vs. BOS,L,26,1,3,0.333,0,0,0.0,0,0,0.0,2,3,5,3,1,1,1,2,2,-13,1,
22023,1629723,22300206,"NOV 18, 2023",MEM @ SAS,W,23,2,5,0.4,1,4,0.25,0,0,0.0,0,3,3,2,1,1,1,2,5,-7,1,
22023,1629723,22300026,"NOV 14, 2023",MEM @ LAL,L,18,2,4,0.5,2,3,0.667,0,0,0.0,1,2,3,6,1,0,0,1,6,0,1,
22023,1629723,22300179,"NOV 12, 2023",MEM @ LAC,W,5,0,1,0.0,0,1,0.0,0,0,0.0,0,2,2,0,0,0,1,2,0,-12,1,
22023,1629723,22300012,"NOV 10, 2023",MEM vs. UTA,L,21,2,6,0.333,2,4,0.5,0,0,0.0,0,1,1,2,2,0,0,0,6,-7,1,
22023,1629723,22300007,"NOV 03, 2023",MEM @ POR,L,11,1,2,0.5,0,0,0.0,0,0,0.0,0,1,1,0,0,1,0,0,2,13,1,
22023,1629723,22300125,"NOV 01, 2023",MEM @ UTA,L,18,3,6,0.5,1,2,0.5,0,0,0.0,3,4,7,2,0,0,0,1,7,-8,1,
22023,1629723,22300106,"OCT 30, 2023",MEM vs. DAL,L,19,1,2,0.5,1,2,0.5,0,0,0.0,1,3,4,1,0,0,0,2,3,-3,1,
22023,1629723,22300089,"OCT 28, 2023",MEM @ WAS,L,22,2,4,0.5,1,3,0.333,0,0,0.0,3,6,9,1,2,2,1,0,5,1,1,
22023,1629723,22300078,"OCT 27, 2023",MEM vs. DEN,L,30,1,2,0.5,0,1,0.0,0,0,0.0,0,6,6,2,1,2,0,1,2,3,1,
22023,1629726,22300777,"FEB 14, 2024",ATL @ CHA,L,16,0,3,0.0,0,3,0.0,0,0,0.0,0,0,0,0,1,0,0,1,0,5,1,
22023,1629726,22300763,"FEB 12, 2024",ATL vs. CHI,L,4,0,0,0.0,0,0,0.0,0,0,0.0,0,1,1,0,0,0,0,0,0,-2,1,
22023,1629726,22300754,"FEB 10, 2024",ATL vs. HOU,W,9,1,1,1.0,1,1,1.0,0,0,0.0,0,2,2,1,0,0,0,1,3,1,1,
22023,1629726,22300742,"FEB 09, 2024",ATL @ PHI,W,14,2,3,0.667,1,2,0.5,3,3,1.0,0,1,1,1,0,0,0,3,8,5,1,
22023,1629726,22300729,"FEB 07, 2024",ATL @ BOS,L,14,1,1,1.0,1,1,1.0,0,0,0.0,0,0,0,0,1,0,0,2,3,-7,1,
22023,1629726,22300699,"FEB 03, 2024",ATL vs. GSW,W,16,2,5,0.4,1,4,0.25,3,3,1.0,1,2,3,0,0,1,0,1,8,14,1,
22023,1629726,22300669,"JAN 30, 2024",ATL vs. LAL,W,6,0,1,0.0,0,1,0.0,0,0,0.0,0,1,1,0,0,0,0,4,0,4,1,
22023,1629726,22300653,"JAN 28, 2024",ATL vs. TOR,W,8,0,2,0.0,0,1,0.0,0,0,0.0,0,0,0,0,0,0,0,2,0,-21,1,
22023,1629726,22300634,"JAN 26, 2024",ATL vs. DAL,L,14,2,2,1.0,2,2,1.0,2,2,1.0,1,1,2,0,0,0,0,1,8,5,1,
22023,1629726,22300626,"JAN 24, 2024",ATL @ GSW,L,20,1,7,0.143,0,6,0.0,1,2,0.5,0,0,0,1,0,0,1,3,3,-23,1,
22023,1629726,22300613,"JAN 22, 2024",ATL @ SAC,L,23,3,5,0.6,3,5,0.6,0,0,0.0,0,1,1,0,0,0,2,5,9,2,1,
22023,1629726,22300595,"JAN 20, 2024",ATL vs. CLE,L,14,1,3,0.333,1,3,0.333,1,1,1.0,0,2,2,2,0,0,0,0,4,-3,1,
22023,1629726,22300587,"JAN 19, 2024",ATL @ MIA,W,20,3,5,0.6,3,4,0.75,0,0,0.0,0,3,3,3,0,0,1,2,9,12,1,
22023,1629726,22300570,"JAN 17, 2024",ATL vs. ORL,W,13,2,3,0.667,2,3,0.667,0,0,0.0,2,2,4,0,1,0,2,1,6,4,1,
22023,1629726,22300559,"JAN 15, 2024",ATL vs. SAS,W,13,2,4,0.5,2,4,0.5,0,0,0.0,0,0,0,0,0,0,0,0,6,17,1,
22023,1629726,22300543,"JAN 13, 2024",ATL vs. WAS,L,15,3,6,0.5,2,5,0.4,0,2,0.0,0,2,2,1,0,0,1,1,8,-4,1,
22023,1629726,22300499,"JAN 07, 2024",ATL @ ORL,L,2,0,0,0.0,0,0,0.0,0,0,0.0,0,0,0,0,0,0,0,0,0,-1,1,
22023,1629726,22300480,"JAN 05, 2024",ATL @ IND,L,19,2,3,0.667,2,3,0.667,0,0,0.0,1,2,3,2,0,0,1,1,6,-9,1,
22023,1629726,22300467,"JAN 03, 2024",ATL vs. OKC,W,17,2,3,0.667,1,2,0.5,0,1,0.0,0,0,0,2,0,0,1,1,5,-8,1,
22023,1629726,22300445,"DEC 31, 2023",ATL @ WAS,W,14,0,0,0.0,0,0,0.0,0,0,0.0,1,1,2,1,0,1,0,1,0,4,1,
22023,1629726,22300431,"DEC 29, 2023",ATL vs. SAC,L,8,1,2,0.5,1,2,0.5,0,0,0.0,0,1,1,0,1,0,0,1,3,7,1,
22023,1629726,22300408,"DEC 26, 2023",ATL @ CHI,L,13,2,2,1.0,2,2,1.0,0,0,0.0,0,1,1,0,0,0,0,3,6,-3,1,
22023,1629726,22300393,"DEC 23, 2023",ATL vs. MEM,L,14,0,3,0.0,0,2,0.0,0,0,0.0,0,1,1,1,1,0,0,3,0,-6,1,
22023,1629726,22300384,"DEC 22, 2023",ATL @ MIA,L,18,0,3,0.0,0,3,0.0,0,0,0.0,0,1,1,1,0,0,0,4,0,-2,1,
22023,1629726,22300371,"DEC 20, 2023",ATL @ HOU,W,17,2,4,0.5,2,4,0.5,0,0,0.0,0,1,1,0,0,0,1,1,6,16,1,
22023,1629726,22300352,"DEC 18, 2023",ATL vs. DET,W,23,2,5,0.4,2,5,0.4,0,1,0.0,1,2,3,0,0,2,2,5,6,-8,1,
22023,1629726,22300336,"DEC 16, 2023",ATL @ CLE,L,14,2,2,1.0,2,2,1.0,0,0,0.0,0,0,0,0,0,0,1,4,6,-10,1,
22023,1629726,22300330,"DEC 15, 2023",ATL @ TOR,W,18,2,2,1.0,2,2,1.0,0,0,0.0,0,1,1,0,1,0,0,2,6,1,1,
22023,1629726,22300313,"DEC 13, 2023",ATL @ TOR,L,19,2,2,1.0,2,2,1.0,0,0,0.0,0,2,2,0,1,0,0,2,6,3,1,
22023,1629726,22300296,"DEC 11, 2023",ATL vs. DEN,L,17,1,5,0.2,1,5,0.2,0,0,0.0,0,0,0,1,1,0,0,1,3,-9,1,
22023,1629726,22301218,"DEC 08, 2023",ATL @ PHI,L,3,0,1,0.0,0,1,0.0,0,0,0.0,0,1,1,0,0,0,0,0,0,-8,1,
22023,1629726,22301209,"DEC 06, 2023",ATL vs. BKN,L,7,0,0,0.0,0,0,0.0,0,0,0.0,0,1,1,0,1,0,1,3,0,-10,1,
22023,1629726,22300286,"DEC 02, 2023",ATL @ MIL,L,7,0,0,0.0,0,0,0.0,0,0,0.0,1,0,1,0,0,0,1,1,0,-5,1,
22023,1629726,22300272,"NOV 30, 2023",ATL @ SAS,W,12,1,4,0.25,1,4,0.25,0,0,0.0,0,1,1,0,1,0,0,1,3,0,1,
22023,1629726,22300055,"NOV 28, 2023",ATL @ CLE,L,4,0,1,0.0,0,1,0.0,0,0,0.0,0,1,1,0,0,0,0,0,0,0,1,
22023,1629726,22300241,"NOV 25, 2023",ATL @ WAS,W,14,2,3,0.667,2,3,0.667,0,0,0.0,1,1,2,1,0,0,0,1,6,1,1,
22023,1629726,22300018,"NOV 14, 2023",ATL @ DET,W,2,1,1,1.0,1,1,1.0,0,0,0.0,0,1,1,0,0,0,0,0,3,5,1,
22023,1629726,22300155,"NOV 06, 2023",ATL @ OKC,L,4,0,2,0.0,0,2,0.0,0,0,0.0,0,1,1,0,0,0,0,0,0,-5,1,
22023,1629726,22300135,"NOV 04, 2023",ATL @ NOP,W,4,0,0,0.0,0,0,0.0,0,0,0.0,0,0,0,0,0,0,0,1,0,-6,1,
22023,1629731,22300756,"FEB 10, 2024",CLE @ TOR,W,14,0,5,0.0,0,4,0.0,0,0,0.0,0,4,4,0,1,0,0,2,0,26,1,
22023,1629731,22300735,"FEB 08, 2024",CLE @ BKN,W,16,3,4,0.75,3,4,0.75,0,0,0.0,0,1,1,0,0,2,0,2,9,-4,1,
22023,1629731,22300728,"FEB 07, 2024",CLE @ WAS,W,12,2,6,0.333,2,6,0.333,0,0,0.0,0,2,2,0,1,0,0,2,6,8,1,
22023,1629731,22300714,"FEB 05, 2024",CLE vs. SAC,W,15,2,2,1.0,2,2,1.0,0,0,0.0,0,5,5,2,0,0,0,0,6,9,1,
22023,1629731,22300703,"FEB 03, 2024",CLE @ SAS,W,14,0,2,0.0,0,2,0.0,0,0,0.0,0,2,2,1,0,1,0,2,0,6,1,
22023,1629731,22300687,"FEB 01, 2024",CLE @ MEM,W,28,2,5,0.4,2,5,0.4,0,0,0.0,0,5,5,1,2,2,0,1,6,19,1,
22023,1629731,22300675,"JAN 31, 2024",CLE vs. DET,W,12,0,3,0.0,0,2,0.0,0,0,0.0,0,1,1,0,0,1,1,2,0,-7,1,
22023,1629731,22300658,"JAN 29, 2024",CLE vs. LAC,W,26,2,8,0.25,2,8,0.25,0,0,0.0,2,2,4,2,0,0,1,1,6,20,1,
22023,1629731,22300639,"JAN 26, 2024",CLE @ MIL,W,21,3,5,0.6,3,4,0.75,0,0,0.0,0,5,5,0,0,1,0,1,9,2,1,
22023,1629731,22300624,"JAN 24, 2024",CLE @ MIL,L,23,2,4,0.5,2,4,0.5,0,0,0.0,0,5,5,0,0,1,1,1,6,-10,1,
22023,1629731,22300607,"JAN 22, 2024",CLE @ ORL,W,24,3,4,0.75,3,3,1.0,0,0,0.0,0,3,3,0,2,0,0,2,9,24,1,
22023,1629731,22300595,"JAN 20, 2024",CLE @ ATL,W,26,6,7,0.857,5,6,0.833,0,0,0.0,1,4,5,0,1,0,0,1,17,11,1,
22023,1629731,22300572,"JAN 17, 2024",CLE vs. MIL,W,21,2,5,0.4,1,4,0.25,0,1,0.0,0,3,3,0,1,0,2,0,5,40,1,
22023,1629731,22300561,"JAN 15, 2024",CLE vs. CHI,W,26,4,10,0.4,4,10,0.4,0,0,0.0,1,6,7,3,3,0,0,2,12,15,1,
22023,1629731,22300527,"JAN 11, 2024",CLE vs. BKN,W,27,0,1,0.0,0,1,0.0,4,4,1.0,0,1,1,2,2,0,0,5,4,8,1,
22023,1629731,22300497,"JAN 07, 2024",CLE vs. SAS,W,11,0,3,0.0,0,2,0.0,0,0,0.0,0,2,2,1,0,0,1,2,0,-21,1,
22023,1629731,22300482,"JAN 05, 2024",CLE vs. WAS,W,22,2,4,0.5,2,3,0.667,0,0,0.0,0,5,5,1,1,0,0,0,6,20,1,
22023,1629731,22300465,"JAN 03, 2024",CLE vs. WAS,W,20,1,3,0.333,0,1,0.0,0,0,0.0,0,3,3,1,0,0,0,1,2,15,1,
22023,1629731,22300452,"JAN 01, 2024",CLE @ TOR,L,21,1,2,0.5,0,1,0.0,0,0,0.0,0,3,3,0,1,0,0,2,2,5,1,
22023,1629731,22300433,"DEC 29, 2023",CLE vs. MIL,L,17,0,3,0.0,0,2,0.0,0,0,0.0,0,5,5,1,1,0,2,1,0,-8,1,
22023,1629731,22300420,"DEC 27, 2023",CLE @ DAL,W,32,1,5,0.2,1,5,0.2,0,0,0.0,1,7,8,0,0,0,0,2,3,15,1,
22023,1629731,22300396,"DEC 23, 2023",CLE @ CHI,W,36,4,12,0.333,3,10,0.3,0,0,0.0,1,6,7,1,2,0,1,1,11,12,1,
22023,1629731,22300375,"DEC 21, 2023",CLE vs. NOP,L,26,7,11,0.636,6,8,0.75,0,0,0.0,0,9,9,0,0,2,0,3,20,-4,1,
22023,1629731,22300364,"DEC 20, 2023",CLE vs. UTA,W,30,1,3,0.333,1,3,0.333,0,0,0.0,2,5,7,2,0,0,0,4,3,-3,1,
22023,1629731,22300349,"DEC 18, 2023",CLE vs. HOU,W,22,4,5,0.8,2,3,0.667,2,2,1.0,2,1,3,1,1,2,2,3,12,-1,1,
22023,1629731,22300336,"DEC 16, 2023",CLE vs. ATL,W,22,5,8,0.625,4,7,0.571,2,2,1.0,1,4,5,3,1,0,0,5,16,6,1,
22023,1629731,22300319,"DEC 14, 2023",CLE @ BOS,L,16,1,5,0.2,1,5,0.2,2,2,1.0,1,3,4,0,0,0,0,0,5,-11,1,
22023,1629731,22300305,"DEC 12, 2023",CLE @ BOS,L,20,2,6,0.333,2,6,0.333,2,2,1.0,1,2,3,3,0,1,0,3,8,2,1,
22023,1629731,22300294,"DEC 11, 2023",CLE @ ORL,L,29,3,5,0.6,2,3,0.667,1,2,0.5,4,2,6,0,3,0,2,2,9,-14,1,
22023,1629731,22301220,"DEC 08, 2023",CLE @ MIA,W,25,2,5,0.4,1,4,0.25,0,0,0.0,3,3,6,0,3,0,1,1,5,23,1,
22023,1629731,22301205,"DEC 06, 2023",CLE vs. ORL,W,14,3,6,0.5,2,5,0.4,0,0,0.0,1,4,5,0,0,0,0,2,8,-4,1,
22023,1629731,22300040,"NOV 21, 2023",CLE @ PHI,W,31,0,4,0.0,0,4,0.0,0,0,0.0,4,4,8,2,3,0,1,5,0,-12,1,
22023,1629731,22300210,"NOV 19, 2023",CLE vs. DEN,W,24,2,4,0.5,2,4,0.5,0,0,0.0,1,9,10,2,2,0,0,1,6,25,1,
22023,1629731,22300030,"NOV 17, 2023",CLE vs. DET,W,22,1,1,1.0,1,1,1.0,0,0,0.0,0,1,1,0,0,0,0,1,3,0,1,
22023,1629731,22300199,"NOV 15, 2023",CLE @ POR,W,33,0,3,0.0,0,3,0.0,0,0,0.0,1,2,3,2,0,1,0,1,0,6,1,
22023,1629731,22300191,"NOV 13, 2023",CLE @ SAC,L,13,0,1,0.0,0,1,0.0,0,0,0.0,0,0,0,1,0,0,0,1,0,-18,1,
22023,1629731,22300176,"NOV 11, 2023",CLE @ GSW,W,17,2,4,0.5,2,4,0.5,2,2,1.0,0,7,7,0,0,0,0,6,8,20,1,
22023,1629731,22300167,"NOV 08, 2023",CLE @ OKC,L,11,0,1,0.0,0,1,0.0,0,2,0.0,2,4,6,0,1,1,2,4,0,-8,1,
22023,1629731,22300142,"NOV 05, 2023",CLE vs. GSW,W,13,1,3,0.333,1,3,0.333,0,0,0.0,1,3,4,0,3,0,0,1,3,8,1,
22023,1629731,22300001,"NOV 03, 2023",CLE @ IND,L,3,0,0,0.0,0,0,0.0,0,0,0.0,0,0,0,0,0,0,0,1,0,-9,1,
22023,1629731,22300120,"NOV 01, 2023",CLE @ NYK,W,20,2,3,0.667,2,3,0.667,0,0,0.0,1,2,3,0,0,0,0,0,6,-1,1,
22023,1629731,22300112,"OCT 31, 2023",CLE vs. NYK,L,16,0,5,0.0,0,4,0.0,0,0,0.0,2,1,3,1,0,0,1,3,0,-5,1,
22023,1629731,22300091,"OCT 28, 2023",CLE vs. IND,L,37,2,5,0.4,2,5,0.4,0,0,0.0,0,3,3,3,0,1,0,2,6,3,1,
22023,1629731,22300081,"OCT 27, 2023",CLE vs. OKC,L,27,3,6,0.5,2,5,0.4,0,0,0.0,0,5,5,0,2,0,1,3,8,-9,1,
22023,1630162,22300791,"FEB 15, 2024",MIN @ POR,W,33,12,21,0.571,3,7,0.429,7,8,0.875,1,5,6,7,2,1,1,1,34,36,1,
22023,1630162,22300775,"FEB 13, 2024",MIN @ POR,W,34,16,27,0.593,4,8,0.5,5,5,1.0,0,4,4,2,2,1,2,1,41,16,1,
22023,1630162,22300770,"FEB 12, 2024",MIN @ LAC,W,32,8,18,0.444,1,11,0.091,6,6,1.0,0,7,7,8,1,0,1,2,23,18,1,
22023,1630162,22300738,"FEB 08, 2024",MIN @ MIL,W,36,9,20,0.45,4,11,0.364,4,6,0.667,0,3,3,9,1,0,0,3,26,16,1,
22023,1630162,22300723,"FEB 06, 2024",MIN @ CHI,L,44,12,26,0.462,5,9,0.556,9,11,0.818,0,12,12,5,2,1,5,5,38,-4,1,
22023,1630162,22300709,"FEB 04, 2024",MIN vs. HOU,W,34,11,22,0.5,4,8,0.5,6,8,0.75,1,5,6,1,1,1,4,3,32,27,1,
22023,1630162,22300694,"FEB 02, 2024",MIN vs. ORL,L,35,9,18,0.5,2,8,0.25,2,3,0.667,0,1,1,5,1,0,3,1,22,6,1,
22023,1630162,22300680,"JAN 31, 2024",MIN vs. DAL,W,30,3,5,0.6,1,2,0.5,2,2,1.0,0,5,5,5,0,0,2,1,9,18,1,
22023,1630162,22300664,"JAN 29, 2024",MIN @ OKC,W,40,10,20,0.5,3,5,0.6,4,4,1.0,0,4,4,4,1,0,4,4,27,-1,1,
22023,1630162,22300649,"JAN 27, 2024",MIN @ SAS,L,38,12,18,0.667,6,8,0.75,2,4,0.5,1,5,6,12,1,0,4,0,32,7,1,
22023,1630162,22300629,"JAN 25, 2024",MIN @ BKN,W,36,8,23,0.348,3,7,0.429,5,6,0.833,0,1,1,3,1,0,3,3,24,-5,1,
22023,1630162,22300620,"JAN 24, 2024",MIN @ WAS,W,34,11,28,0.393,3,10,0.3,13,14,0.929,1,2,3,5,1,0,4,4,38,6,1,
22023,1630162,22300610,"JAN 22, 2024",MIN vs. CHA,L,37,3,11,0.273,1,5,0.2,2,2,1.0,0,5,5,11,0,0,1,1,9,7,1,
22023,1630162,22300599,"JAN 20, 2024",MIN vs. OKC,L,38,6,10,0.6,1,3,0.333,6,10,0.6,0,5,5,5,0,0,5,2,19,-13,1,
22023,1630162,22300582,"JAN 18, 2024",MIN vs. MEM,W,34,11,19,0.579,1,6,0.167,5,6,0.833,0,5,5,5,1,0,3,2,28,10,1,
22023,1630162,22300569,"JAN 17, 2024",MIN @ DET,W,33,10,24,0.417,3,8,0.375,4,4,1.0,0,5,5,8,0,0,3,3,27,5,1,
22023,1630162,22300553,"JAN 14, 2024",MIN vs. LAC,W,38,10,16,0.625,2,4,0.5,11,12,0.917,1,8,9,6,2,0,5,1,33,13,1,
22023,1630162,22300538,"JAN 12, 2024",MIN vs. POR,W,27,4,9,0.444,0,3,0.0,1,2,0.5,0,3,3,6,1,1,0,2,9,41,1,
22023,1630162,22300517,"JAN 10, 2024",MIN @ BOS,L,46,11,25,0.44,3,6,0.5,4,4,1.0,0,6,6,3,0,0,5,1,29,-1,1,
22023,1630162,22300513,"JAN 09, 2024",MIN @ ORL,W,26,2,7,0.286,0,2,0.0,2,3,0.667,1,3,4,3,0,0,5,3,6,1,1,
22023,1630162,22300501,"JAN 07, 2024",MIN @ DAL,L,37,14,27,0.519,3,6,0.5,5,7,0.714,5,5,10,3,3,1,2,3,36,-5,1,
22023,1630162,22300485,"JAN 05, 2024",MIN @ HOU,W,33,8,17,0.471,2,5,0.4,6,6,1.0,0,3,3,5,2,0,5,2,24,14,1,
22023,1630162,22300471,"JAN 03, 2024",MIN vs. NOP,L,37,11,22,0.5,4,7,0.571,9,10,0.9,2,2,4,5,1,1,6,1,35,-15,1,
22023,1630162,22300451,"JAN 01, 2024",MIN @ NYK,L,38,11,21,0.524,4,9,0.444,9,10,0.9,0,4,4,2,0,2,4,1,35,2,1,
22023,1630162,22300443,"DEC 30, 2023",MIN vs. LAL,W,38,10,23,0.435,2,8,0.25,9,11,0.818,0,3,3,3,0,3,3,3,31,8,1,
22023,1630162,22300423,"DEC 28, 2023",MIN vs. DAL,W,38,12,23,0.522,6,11,0.545,14,18,0.778,0,3,3,4,3,1,6,2,44,11,1,
22023,1630162,22300411,"DEC 26, 2023",MIN @ OKC,L,34,7,16,0.438,2,5,0.4,9,13,0.692,1,6,7,6,1,0,4,3,25,-16,1,
22023,1630162,22300400,"DEC 23, 2023",MIN @ SAC,W,39,13,27,0.481,3,12,0.25,5,5,1.0,0,5,5,10,1,1,5,1,34,8,1,
22023,1630162,22300380,"DEC 21, 2023",MIN vs. LAL,W,38,9,19,0.474,2,6,0.333,7,8,0.875,0,7,7,5,3,1,5,0,27,2,1,
22023,1630162,22300367,"DEC 20, 2023",MIN @ PHI,L,36,9,20,0.45,2,6,0.333,7,8,0.875,1,6,7,5,0,0,1,2,27,-10,1,
22023,1630162,22300353,"DEC 18, 2023",MIN @ MIA,W,40,13,25,0.52,2,9,0.222,4,4,1.0,0,8,8,5,3,2,1,1,32,6,1,
22023,1630162,22300338,"DEC 16, 2023",MIN vs. IND,W,34,14,23,0.609,7,10,0.7,2,2,1.0,0,2,2,4,3,0,4,3,37,17,1,
22023,1630162,22300321,"DEC 14, 2023",MIN @ DAL,W,35,3,19,0.158,0,3,0.0,3,6,0.5,1,1,2,11,2,0,5,2,9,20,1,
22023,1630162,22301221,"DEC 08, 2023",MIN @ MEM,W,4,0,1,0.0,0,0,0.0,0,0,0.0,0,0,0,1,0,0,0,0,0,-3,1,
22023,1630162,22301210,"DEC 06, 2023",MIN vs. SAS,W,37,4,17,0.235,2,5,0.4,7,8,0.875,1,6,7,6,1,1,3,2,17,14,1,
22023,1630162,22300058,"NOV 28, 2023",MIN vs. OKC,W,28,7,16,0.438,3,6,0.5,4,6,0.667,0,5,5,1,0,1,2,2,21,0,1,
22023,1630162,22300249,"NOV 26, 2023",MIN @ MEM,W,34,8,14,0.571,1,4,0.25,7,7,1.0,0,5,5,7,0,1,2,3,24,23,1,
22023,1630162,22300050,"NOV 24, 2023",MIN vs. SAC,L,40,8,21,0.381,2,9,0.222,17,18,0.944,0,7,7,5,2,2,4,2,35,5,1,
22023,1630162,22300232,"NOV 22, 2023",MIN vs. PHI,W,36,11,22,0.5,5,9,0.556,4,4,1.0,2,4,6,6,2,0,2,2,31,19,1,
22023,1630162,22300221,"NOV 20, 2023",MIN vs. NYK,W,39,9,21,0.429,1,6,0.167,4,4,1.0,2,8,10,5,2,0,3,1,23,9,1,
22023,1630162,22300203,"NOV 18, 2023",MIN @ NOP,W,30,9,19,0.474,5,10,0.5,0,0,0.0,0,3,3,4,0,0,3,6,23,13,1,
22023,1630162,22300197,"NOV 15, 2023",MIN @ PHX,L,31,4,16,0.25,1,3,0.333,4,4,1.0,1,3,4,4,1,1,1,0,13,-29,1,
22023,1630162,22300025,"NOV 14, 2023",MIN @ GSW,W,36,7,16,0.438,3,6,0.5,3,5,0.6,0,4,4,4,3,0,5,1,20,-9,1,
22023,1630162,22300186,"NOV 12, 2023",MIN @ GSW,W,38,11,27,0.407,1,9,0.111,10,10,1.0,1,5,6,7,2,0,4,0,33,15,1,
22023,1630162,22300013,"NOV 10, 2023",MIN @ SAS,W,37,9,21,0.429,2,8,0.25,8,11,0.727,2,5,7,5,2,1,4,1,28,3,1,
22023,1630162,22300166,"NOV 08, 2023",MIN vs. NOP,W,33,10,22,0.455,2,8,0.25,4,5,0.8,0,3,3,8,3,2,3,1,26,35,1,
22023,1630162,22300154,"NOV 06, 2023",MIN vs. BOS,W,38,15,25,0.6,2,8,0.25,6,7,0.857,0,9,9,7,1,0,3,5,38,18,1,
22023,1630162,22300138,"NOV 04, 2023",MIN vs. UTA,W,36,13,19,0.684,2,4,0.5,3,5,0.6,0,8,8,6,1,0,6,0,31,27,1,
22023,1630162,22300123,"NOV 01, 2023",MIN vs. DEN,W,32,8,16,0.5,1,4,0.25,7,8,0.875,0,2,2,1,2,0,4,1,24,11,1,
22023,1630162,22300104,"OCT 30, 2023",MIN @ ATL,L,38,13,21,0.619,5,8,0.625,0,1,0.0,0,5,5,7,1,0,5,4,31,-9,1,
22023,1630162,22300093,"OCT 28, 2023",MIN vs. MIA,W,33,7,15,0.467,3,5,0.6,2,2,1.0,0,2,2,7,0,0,2,3,19,21,1,
22023,1630162,22300069,"OCT 25, 2023",MIN @ TOR,L,38,8,27,0.296,4,7,0.571,6,6,1.0,5,9,14,1,0,0,2,1,26,0,1,
22023,1630163,22300635,"JAN 26, 2024",CHA vs. HOU,L,23,6,16,0.375,2,9,0.222,1,2,0.5,0,2,2,8,2,0,3,4,15,-25,1,
22023,1630163,22300619,"JAN 24, 2024",CHA @ DET,L,32,6,21,0.286,1,8,0.125,4,4,1.0,1,3,4,7,1,0,4,6,17,-24,1,
22023,1630163,22300610,"JAN 22, 2024",CHA @ MIN,W,35,7,18,0.389,1,6,0.167,3,4,0.75,2,4,6,13,3,0,1,1,18,10,1,
22023,1630163,22300584,"JAN 19, 2024",CHA vs. SAS,W,32,10,13,0.769,4,6,0.667,4,5,0.8,1,0,1,8,3,0,4,4,28,13,1,
22023,1630163,22300575,"JAN 17, 2024",CHA @ NOP,L,31,8,19,0.421,4,12,0.333,9,10,0.9,0,5,5,7,2,0,4,5,29,-12,1,
22023,1630163,22300551,"JAN 14, 2024",CHA @ MIA,L,30,9,24,0.375,3,13,0.231,0,0,0.0,2,8,10,5,3,0,2,3,21,8,1,
22023,1630163,22300541,"JAN 12, 2024",CHA @ SAS,L,27,5,14,0.357,3,9,0.333,15,16,0.938,0,3,3,5,5,0,6,4,28,-16,1,
22023,1630163,22300248,"NOV 26, 2023",CHA @ ORL,L,15,3,6,0.5,1,3,0.333,0,0,0.0,0,1,1,2,0,0,1,0,7,-2,1,
22023,1630163,22300225,"NOV 22, 2023",CHA vs. WAS,W,40,13,31,0.419,6,16,0.375,2,3,0.667,2,6,8,13,1,0,4,2,34,4,1,
22023,1630163,22300217,"NOV 20, 2023",CHA vs. BOS,W,41,15,27,0.556,5,11,0.455,1,1,1.0,2,7,9,8,2,1,5,5,36,3,1,
22023,1630163,22300202,"NOV 18, 2023",CHA vs. NYK,L,36,12,22,0.545,8,13,0.615,2,2,1.0,0,5,5,9,1,0,3,3,34,-16,1,
22023,1630163,22300027,"NOV 17, 2023",CHA vs. MIL,L,35,12,28,0.429,2,9,0.222,11,12,0.917,0,5,5,5,1,0,6,2,37,-18,1,
22023,1630163,22300017,"NOV 14, 2023",CHA vs. MIA,L,39,9,26,0.346,4,10,0.4,6,6,1.0,2,4,6,11,3,0,8,5,28,2,1,
22023,1630163,22300177,"NOV 12, 2023",CHA @ NYK,L,33,13,20,0.65,4,8,0.5,2,2,1.0,3,4,7,6,1,1,2,2,32,-32,1,
22023,1630163,22300009,"NOV 10, 2023",CHA @ WAS,W,38,9,19,0.474,4,8,0.5,3,4,0.75,3,3,6,6,2,0,2,5,25,0,1,
22023,1630163,22300157,"NOV 08, 2023",CHA vs. WAS,L,36,13,22,0.591,3,9,0.333,5,7,0.714,3,1,4,7,1,0,6,3,34,-3,1,
22023,1630163,22300143,"NOV 05, 2023",CHA @ DAL,L,39,11,23,0.478,5,10,0.5,3,3,1.0,2,8,10,13,1,1,3,6,30,1,1,
22023,1630163,22300133,"NOV 04, 2023",CHA @ IND,W,31,4,15,0.267,2,7,0.286,1,1,1.0,1,1,2,11,2,0,6,5,11,-15,1,
22023,1630163,22300122,"NOV 01, 2023",CHA @ HOU,L,33,7,15,0.467,2,6,0.333,3,4,0.75,1,0,1,5,1,0,3,4,19,-14,1,
22023,1630163,22300101,"OCT 30, 2023",CHA vs. BKN,L,22,3,12,0.25,0,6,0.0,2,2,1.0,0,3,3,8,2,0,3,6,8,-3,1,
22023,1630163,22300077,"OCT 27, 2023",CHA vs. DET,L,33,4,17,0.235,2,7,0.286,10,12,0.833,3,6,9,9,2,1,4,1,20,-7,1,
22023,1630163,22300063,"OCT 25, 2023",CHA vs. ATL,W,31,4,15,0.267,4,11,0.364,3,4,0.75,1,5,6,10,1,0,3,3,15,7,1,
22023,1630165,22300732,"FEB 07, 2024",DET @ SAC,W,28,3,7,0.429,2,4,0.5,0,0,0.0,0,4,4,9,0,0,1,2,8,-1,1,
22023,1630165,22300654,"JAN 28, 2024",DET vs. OKC,W,14,1,2,0.5,0,0,0.0,0,0,0.0,0,3,3,3,0,0,1,0,2,-9,1,
22023,1630165,22300642,"JAN 27, 2024",DET vs. WAS,L,10,1,2,0.5,0,0,0.0,0,0,0.0,0,1,1,0,0,2,2,1,2,-6,1,
22023,1630165,22300619,"JAN 24, 2024",DET vs. CHA,W,27,2,3,0.667,1,2,0.5,1,3,0.333,0,7,7,8,0,0,1,1,6,4,1,
22023,1630165,22300606,"JAN 22, 2024",DET vs. MIL,L,16,1,2,0.5,0,0,0.0,0,0,0.0,0,1,1,5,1,1,1,2,2,-10,1,
22023,1630165,22300592,"JAN 20, 2024",DET vs. MIL,L,18,1,3,0.333,0,0,0.0,0,0,0.0,0,1,1,5,1,0,1,3,2,-19,1,
22023,1630165,22300569,"JAN 17, 2024",DET vs. MIN,L,26,4,4,1.0,0,0,0.0,0,0,0.0,0,1,1,8,0,0,0,3,8,-3,1,
22023,1630165,22300558,"JAN 15, 2024",DET @ WAS,W,24,2,4,0.5,0,1,0.0,0,0,0.0,0,1,1,6,0,0,1,1,4,-4,1,
22023,1630165,22300534,"JAN 12, 2024",DET vs. HOU,L,29,2,6,0.333,0,2,0.0,1,1,1.0,0,4,4,8,1,1,1,1,5,-7,1,
22023,1630165,22300519,"JAN 10, 2024",DET vs. SAS,L,32,2,8,0.25,0,0,0.0,0,0,0.0,1,3,4,12,0,0,1,1,4,-11,1,
22023,1630165,22300512,"JAN 09, 2024",DET vs. SAC,L,31,1,4,0.25,0,1,0.0,2,2,1.0,1,3,4,7,1,0,6,2,4,-15,1,
22023,1630165,22300502,"JAN 07, 2024",DET @ DEN,L,25,1,5,0.2,0,1,0.0,0,0,0.0,0,2,2,6,1,0,1,4,2,-10,1,
22023,1630165,22300490,"JAN 05, 2024",DET @ GSW,L,16,0,3,0.0,0,2,0.0,0,0,0.0,0,1,1,5,2,0,0,0,0,-4,1,
22023,1630165,22300474,"JAN 03, 2024",DET @ UTA,L,13,1,3,0.333,0,0,0.0,0,0,0.0,0,4,4,6,0,1,0,2,2,4,1,
22023,1630165,22300453,"JAN 01, 2024",DET @ HOU,L,19,3,8,0.375,1,2,0.5,1,4,0.25,0,1,1,3,1,0,1,2,8,-2,1,
22023,1630165,22300440,"DEC 30, 2023",DET vs. TOR,W,10,0,2,0.0,0,0,0.0,0,0,0.0,0,1,1,4,1,0,3,2,0,1,1,
22023,1630165,22300421,"DEC 28, 2023",DET @ BOS,L,10,1,3,0.333,0,0,0.0,0,0,0.0,0,2,2,0,1,0,3,0,2,-10,1,
22023,1630165,22300334,"DEC 16, 2023",DET @ MIL,L,14,1,4,0.25,0,0,0.0,0,0,0.0,0,4,4,5,0,0,1,0,2,-3,1,
22023,1630165,22300327,"DEC 15, 2023",DET @ PHI,L,21,1,6,0.167,0,1,0.0,3,4,0.75,1,3,4,2,0,1,3,3,5,-28,1,
22023,1630165,22300310,"DEC 13, 2023",DET vs. PHI,L,32,3,8,0.375,0,0,0.0,0,0,0.0,0,3,3,6,1,0,1,2,6,1,1,
22023,1630165,22300293,"DEC 11, 2023",DET vs. IND,L,23,2,4,0.5,0,0,0.0,2,2,1.0,0,1,1,7,1,0,2,0,6,-4,1,
22023,1630165,22301217,"DEC 08, 2023",DET @ ORL,L,32,7,11,0.636,0,2,0.0,2,3,0.667,1,6,7,4,0,1,2,1,16,-22,1,
22023,1630165,22301206,"DEC 06, 2023",DET vs. MEM,L,27,5,13,0.385,1,3,0.333,1,1,1.0,2,2,4,4,1,0,3,3,12,-6,1,
22023,1630165,22300283,"DEC 02, 2023",DET vs. CLE,L,33,6,11,0.545,1,1,1.0,0,1,0.0,0,6,6,3,2,1,2,2,13,7,1,
22023,1630165,22300268,"NOV 30, 2023",DET @ NYK,L,28,10,13,0.769,2,3,0.667,1,4,0.25,0,3,3,4,1,1,0,3,23,-3,1,
22023,1630165,22300258,"NOV 29, 2023",DET vs. LAL,L,22,3,9,0.333,0,3,0.0,1,1,1.0,0,1,1,8,2,0,0,2,7,8,1,
22023,1630165,22300253,"NOV 27, 2023",DET vs. WAS,L,16,0,1,0.0,0,0,0.0,0,0,0.0,1,3,4,3,0,3,0,1,0,-10,1,
22023,1630165,22300047,"NOV 24, 2023",DET @ IND,L,17,3,6,0.5,0,0,0.0,0,0,0.0,0,1,1,3,0,0,0,0,6,-25,1,
22023,1630165,22300218,"NOV 20, 2023",DET vs. DEN,L,14,0,2,0.0,0,1,0.0,0,0,0.0,0,0,0,2,2,0,2,2,0,-5,1,
22023,1630165,22300030,"NOV 17, 2023",DET @ CLE,L,22,2,6,0.333,0,2,0.0,0,0,0.0,0,0,0,2,1,1,0,0,4,-14,1,
22023,1630165,22300018,"NOV 14, 2023",DET vs. ATL,L,23,3,8,0.375,1,3,0.333,1,2,0.5,0,3,3,5,1,2,1,2,8,12,1,
22023,1630165,22300181,"NOV 12, 2023",DET @ CHI,L,25,3,8,0.375,1,3,0.333,0,0,0.0,0,3,3,3,0,0,0,1,7,-12,1,
22023,1630165,22300008,"NOV 10, 2023",DET vs. PHI,L,39,8,17,0.471,2,6,0.333,5,7,0.714,0,5,5,6,2,0,2,1,23,-9,1,
22023,1630165,22300165,"NOV 08, 2023",DET @ MIL,L,29,6,15,0.4,0,3,0.0,2,2,1.0,0,5,5,4,1,0,1,1,14,-2,1,
22023,1630165,22300145,"NOV 06, 2023",DET vs. GSW,L,34,8,12,0.667,3,4,0.75,2,2,1.0,0,4,4,7,1,1,0,3,21,-6,1,
22023,1630165,22300140,"NOV 05, 2023",DET vs. PHX,L,34,4,8,0.5,1,3,0.333,4,4,1.0,0,2,2,5,0,1,0,4,13,-22,1,
22023,1630165,22300129,"NOV 02, 2023",DET @ NOP,L,39,4,8,0.5,2,4,0.5,0,0,0.0,3,2,5,9,1,0,0,4,10,10,1,
22023,1630165,22300115,"NOV 01, 2023",DET vs. POR,L,26,0,6,0.0,0,1,0.0,0,0,0.0,0,3,3,1,3,0,1,2,0,6,1,
22023,1630165,22300109,"OCT 30, 2023",DET @ OKC,L,27,4,11,0.364,1,4,0.25,1,2,0.5,0,4,4,7,1,1,1,3,10,-15,1,
22023,1630165,22300088,"OCT 28, 2023",DET vs. CHI,W,23,2,5,0.4,2,3,0.667,0,0,0.0,1,0,1,4,1,0,1,2,6,7,1,
22023,1630165,22300077,"OCT 27, 2023",DET @ CHA,W,29,2,10,0.2,1,3,0.333,1,2,0.5,0,3,3,3,2,1,3,4,6,-7,1,
22023,1630165,22300068,"OCT 25, 2023",DET @ MIA,L,31,4,12,0.333,0,6,0.0,2,3,0.667,0,1,1,3,2,1,1,2,10,1,1,
22023,1630166,22300784,"FEB 14, 2024",WAS @ NOP,L,40,13,24,0.542,6,10,0.6,11,13,0.846,5,10,15,3,0,1,3,2,43,14,1,
22023,1630166,22300768,"FEB 12, 2024",WAS @ DAL,L,34,11,17,0.647,1,3,0.333,2,6,0.333,1,6,7,3,0,1,5,3,25,1,1,
22023,1630166,22300753,"FEB 10, 2024",WAS vs. PHI,L,39,9,14,0.643,1,4,0.25,2,2,1.0,0,13,13,5,0,1,5,2,21,-2,1,
22023,1630166,22300743,"FEB 09, 2024",WAS @ BOS,L,42,7,10,0.7,3,5,0.6,7,8,0.875,0,11,11,4,2,0,3,5,24,12,1,
22023,1630166,22300728,"FEB 07, 2024",WAS vs. CLE,L,20,3,10,0.3,1,3,0.333,2,4,0.5,2,6,8,3,0,0,2,0,9,-10,1,
22023,1630166,22300705,"FEB 04, 2024",WAS vs. PHX,L,25,10,13,0.769,3,5,0.6,1,4,0.25,1,2,3,1,1,1,5,3,24,-15,1,
22023,1630166,22300689,"FEB 02, 2024",WAS vs. MIA,L,35,6,8,0.75,1,2,0.5,2,3,0.667,1,7,8,2,0,0,3,5,15,-1,1,
22023,1630166,22300676,"JAN 31, 2024",WAS vs. LAC,L,26,5,11,0.455,1,2,0.5,2,3,0.667,0,5,5,3,1,1,2,2,13,-33,1,
22023,1630166,22300665,"JAN 29, 2024",WAS @ SAS,W,25,3,6,0.5,0,0,0.0,3,5,0.6,2,6,8,5,1,1,3,3,9,-13,1,
22023,1630166,22300642,"JAN 27, 2024",WAS @ DET,W,24,4,8,0.5,1,1,1.0,1,2,0.5,1,4,5,2,0,1,0,3,10,18,1,
22023,1630166,22300628,"JAN 25, 2024",WAS vs. UTA,L,27,5,9,0.556,1,1,1.0,2,2,1.0,0,6,6,5,1,1,3,1,13,-1,1,
22023,1630166,22300620,"JAN 24, 2024",WAS vs. MIN,L,38,7,12,0.583,4,5,0.8,6,6,1.0,0,6,6,6,0,0,2,3,24,-16,1,
22023,1630166,22300602,"JAN 21, 2024",WAS vs. DEN,L,18,1,5,0.2,0,1,0.0,2,4,0.5,0,8,8,3,0,1,2,1,4,-2,1,
22023,1630166,22300594,"JAN 20, 2024",WAS vs. SAS,L,32,7,11,0.636,1,3,0.333,1,1,1.0,0,7,7,4,1,0,1,2,16,8,1,
22023,1630166,22300579,"JAN 18, 2024",WAS @ NYK,L,26,5,13,0.385,0,3,0.0,5,5,1.0,2,6,8,1,0,0,2,6,15,-16,1,
22023,1630166,22300558,"JAN 15, 2024",WAS vs. DET,L,28,4,8,0.5,1,2,0.5,3,4,0.75,0,2,2,4,0,2,3,1,12,-2,1,
22023,1630166,22300543,"JAN 13, 2024",WAS @ ATL,W,37,7,12,0.583,1,2,0.5,4,5,0.8,1,13,14,9,1,1,3,5,19,11,1,
22023,1630166,22300520,"JAN 10, 2024",WAS @ IND,L,25,4,10,0.4,1,3,0.333,6,7,0.857,0,5,5,1,1,0,1,5,15,2,1,
22023,1630166,22300508,"JAN 08, 2024",WAS vs. OKC,L,33,5,8,0.625,2,3,0.667,5,6,0.833,0,4,4,4,1,0,4,4,17,-20,1,
22023,1630166,22300494,"JAN 06, 2024",WAS vs. NYK,L,33,9,13,0.692,2,4,0.5,3,5,0.6,3,7,10,6,2,0,4,5,23,-7,1,
22023,1630166,22300482,"JAN 05, 2024",WAS @ CLE,L,26,5,8,0.625,0,1,0.0,3,4,0.75,0,5,5,4,2,1,3,4,13,-22,1,
22023,1630166,22300465,"JAN 03, 2024",WAS @ CLE,L,21,3,11,0.273,1,3,0.333,0,0,0.0,2,4,6,4,1,0,3,1,7,-17,1,
22023,1630166,22300445,"DEC 31, 2023",WAS vs. ATL,L,31,5,9,0.556,2,6,0.333,5,8,0.625,1,11,12,2,1,1,3,5,17,14,1,
22023,1630166,22300430,"DEC 29, 2023",WAS vs. BKN,W,34,9,18,0.5,3,5,0.6,0,4,0.0,2,11,13,6,1,1,1,2,21,13,1,
22023,1630166,22300416,"DEC 27, 2023",WAS vs. TOR,L,24,5,8,0.625,1,1,1.0,1,2,0.5,0,2,2,1,2,0,0,1,12,-12,1,
22023,1630166,22300407,"DEC 26, 2023",WAS vs. ORL,L,23,1,7,0.143,0,4,0.0,0,0,0.0,0,5,5,3,3,1,2,1,2,-10,1,
22023,1630166,22300386,"DEC 22, 2023",WAS @ GSW,L,20,2,5,0.4,0,0,0.0,3,3,1.0,2,2,4,4,1,0,0,1,7,0,1,
22023,1630166,22300381,"DEC 21, 2023",WAS @ POR,W,35,4,7,0.571,0,1,0.0,5,7,0.714,2,9,11,6,1,0,2,1,13,9,1,
22023,1630166,22300358,"DEC 18, 2023",WAS @ SAC,L,23,3,8,0.375,1,3,0.333,2,4,0.5,0,5,5,3,1,0,2,5,9,-23,1,
22023,1630166,22300347,"DEC 17, 2023",WAS @ PHX,L,32,2,6,0.333,0,1,0.0,3,4,0.75,0,6,6,2,0,0,2,5,7,7,1,
22023,1630166,22300328,"DEC 15, 2023",WAS vs. IND,W,25,2,9,0.222,0,0,0.0,2,2,1.0,1,5,6,4,0,0,1,0,6,1,1,
22023,1630166,22300311,"DEC 13, 2023",WAS vs. NOP,L,30,4,8,0.5,1,3,0.333,4,4,1.0,0,5,5,7,0,0,2,1,13,-4,1,
22023,1630166,22300295,"DEC 11, 2023",WAS @ PHI,L,26,3,8,0.375,1,3,0.333,2,2,1.0,2,4,6,3,1,0,3,1,9,-31,1,
22023,1630166,22301219,"DEC 08, 2023",WAS @ BKN,L,27,6,9,0.667,1,4,0.25,2,3,0.667,0,7,7,4,1,2,0,1,15,-6,1,
22023,1630166,22301208,"DEC 06, 2023",WAS vs. PHI,L,31,4,10,0.4,0,4,0.0,0,0,0.0,0,8,8,8,0,1,2,2,8,6,1,
22023,1630166,22300274,"DEC 01, 2023",WAS @ ORL,L,20,2,7,0.286,0,2,0.0,2,2,1.0,0,3,3,5,0,0,0,1,6,-5,1,
22023,1630166,22300259,"NOV 29, 2023",WAS @ ORL,L,28,9,12,0.75,1,2,0.5,3,4,0.75,3,1,4,5,2,0,0,1,22,-9,1,
22023,1630166,22300253,"NOV 27, 2023",WAS @ DET,W,26,6,9,0.667,1,3,0.333,3,3,1.0,0,6,6,5,0,0,3,3,16,1,1,
22023,1630166,22300241,"NOV 25, 2023",WAS vs. ATL,L,17,3,8,0.375,1,4,0.25,2,2,1.0,1,5,6,2,0,0,3,2,9,-17,1,
22023,1630166,22300049,"NOV 24, 2023",WAS @ MIL,L,28,1,6,0.167,0,0,0.0,0,0,0.0,2,3,5,5,0,0,0,3,2,-2,1,
22023,1630166,22300225,"NOV 22, 2023",WAS @ CHA,L,28,5,9,0.556,1,2,0.5,2,2,1.0,2,3,5,1,0,0,1,0,13,3,1,
22023,1630166,22300219,"NOV 20, 2023",WAS vs. MIL,L,31,3,5,0.6,0,1,0.0,1,2,0.5,1,3,4,2,0,1,0,3,7,-28,1,
22023,1630166,22300028,"NOV 17, 2023",WAS vs. NYK,L,32,7,11,0.636,2,4,0.5,2,2,1.0,0,4,4,2,1,1,3,4,18,-6,1,
22023,1630166,22300192,"NOV 15, 2023",WAS vs. DAL,L,24,5,6,0.833,3,4,0.75,2,2,1.0,1,2,3,4,3,0,0,4,15,1,1,
22023,1630166,22300189,"NOV 13, 2023",WAS @ TOR,L,30,4,7,0.571,1,1,1.0,0,0,0.0,1,7,8,6,0,0,4,2,9,-2,1,
22023,1630166,22300178,"NOV 12, 2023",WAS @ BKN,L,38,6,18,0.333,1,8,0.125,1,2,0.5,2,7,9,3,3,0,2,2,14,-1,1,
22023,1630166,22300009,"NOV 10, 2023",WAS vs. CHA,L,31,5,9,0.556,1,4,0.25,0,0,0.0,1,5,6,5,1,1,3,2,11,9,1,
22023,1630166,22300157,"NOV 08, 2023",WAS @ CHA,W,28,3,10,0.3,0,1,0.0,3,3,1.0,1,2,3,5,0,1,1,4,9,-5,1,
22023,1630166,22300148,"NOV 06, 2023",WAS @ PHI,L,28,5,8,0.625,2,4,0.5,4,4,1.0,1,4,5,6,1,0,1,1,16,-11,1,
22023,1630166,22300003,"NOV 03, 2023",WAS @ MIA,L,24,6,8,0.75,1,2,0.5,1,2,0.5,0,4,4,3,0,0,2,1,14,-14,1,
22023,1630166,22300117,"NOV 01, 2023",WAS @ ATL,L,24,10,16,0.625,2,4,0.5,0,1,0.0,3,2,5,3,2,1,1,5,22,3,1,
22023,1630166,22300103,"OCT 30, 2023",WAS vs. BOS,L,22,4,10,0.4,1,3,0.333,2,2,1.0,2,5,7,1,1,0,0,4,11,-26,1,
22023,1630166,22300089,"OCT 28, 2023",WAS vs. MEM,W,27,4,8,0.5,2,3,0.667,0,0,0.0,2,4,6,2,2,0,1,2,10,9,1,
22023,1630166,22300064,"OCT 25, 2023",WAS @ IND,L,21,4,8,0.5,0,0,0.0,1,2,0.5,2,5,7,5,1,0,2,0,9,-15,1,
22023,1630167,22300782,"FEB 14, 2024",IND @ TOR,W,25,6,9,0.667,2,5,0.4,1,2,0.5,2,3,5,0,2,2,0,1,15,2,1,
22023,1630167,22300761,"FEB 12, 2024",IND @ CHA,L,17,2,5,0.4,2,4,0.5,0,0,0.0,1,3,4,1,0,0,1,0,6,-8,1,
22023,1630167,22300755,"FEB 10, 2024",IND @ NYK,W,17,3,5,0.6,2,2,1.0,1,2,0.5,0,2,2,0,1,0,2,0,9,7,1,
22023,1630167,22300733,"FEB 08, 2024",IND vs. GSW,L,20,3,5,0.6,1,3,0.333,0,0,0.0,0,1,1,2,0,0,1,1,7,-8,1,
22023,1630167,22300719,"FEB 06, 2024",IND vs. HOU,W,16,1,1,1.0,1,1,1.0,0,0,0.0,0,4,4,4,1,0,0,0,3,2,1,
22023,1630167,22300707,"FEB 04, 2024",IND @ CHA,W,11,0,1,0.0,0,1,0.0,0,0,0.0,0,1,1,2,0,0,3,1,0,-14,1,
22023,1630167,22300691,"FEB 02, 2024",IND vs. SAC,L,18,2,6,0.333,1,4,0.25,1,2,0.5,0,4,4,1,1,1,1,2,6,-1,1,
22023,1630167,22300685,"FEB 01, 2024",IND @ NYK,L,22,4,10,0.4,2,2,1.0,2,2,1.0,2,1,3,2,1,2,1,0,12,3,1,
22023,1630167,22300670,"JAN 30, 2024",IND @ BOS,L,22,5,11,0.455,1,4,0.25,0,0,0.0,3,5,8,2,0,0,2,1,11,-10,1,
22023,1630167,22300652,"JAN 28, 2024",IND vs. MEM,W,17,1,5,0.2,0,2,0.0,1,1,1.0,0,0,0,2,1,0,2,2,3,6,1,
22023,1630167,22300636,"JAN 26, 2024",IND vs. PHX,W,33,10,15,0.667,0,2,0.0,3,5,0.6,6,5,11,3,1,1,1,2,23,7,1,
22023,1630167,22300627,"JAN 25, 2024",IND vs. PHI,W,19,6,11,0.545,1,4,0.25,0,0,0.0,2,3,5,0,0,1,3,2,13,-19,1,
22023,1630167,22300614,"JAN 23, 2024",IND vs. DEN,L,17,2,4,0.5,0,0,0.0,0,0,0.0,0,2,2,0,0,0,0,0,4,4,1,
22023,1630167,22300604,"JAN 21, 2024",IND @ PHX,L,26,6,12,0.5,0,2,0.0,1,2,0.5,2,4,6,1,0,0,0,1,13,4,1,
22023,1630167,22300590,"JAN 19, 2024",IND @ POR,L,11,0,3,0.0,0,3,0.0,0,0,0.0,0,0,0,2,0,0,2,2,0,-16,1,
22023,1630167,22300583,"JAN 18, 2024",IND @ SAC,W,24,4,6,0.667,2,4,0.5,0,0,0.0,0,3,3,4,0,1,0,1,10,21,1,
22023,1630167,22300564,"JAN 15, 2024",IND @ UTA,L,13,1,3,0.333,0,0,0.0,0,0,0.0,1,2,3,2,1,0,0,1,2,5,1,
22023,1630167,22300550,"JAN 14, 2024",IND @ DEN,L,25,4,5,0.8,3,3,1.0,0,0,0.0,0,3,3,1,1,0,0,2,11,8,1,
22023,1630167,22300533,"JAN 12, 2024",IND @ ATL,W,21,7,7,1.0,0,0,0.0,4,4,1.0,2,5,7,4,0,0,1,4,18,10,1,
22023,1630167,22300520,"JAN 10, 2024",IND vs. WAS,W,28,6,10,0.6,3,6,0.5,0,0,0.0,1,6,7,3,0,0,2,2,15,3,1,
22023,1630167,22300507,"JAN 08, 2024",IND vs. BOS,W,20,4,5,0.8,3,4,0.75,2,2,1.0,0,0,0,1,0,0,0,2,13,3,1,
22023,1630167,22300493,"JAN 06, 2024",IND vs. BOS,L,23,4,8,0.5,2,4,0.5,0,0,0.0,1,2,3,1,0,0,0,1,10,-8,1,
22023,1630167,22300480,"JAN 05, 2024",IND vs. ATL,W,22,3,6,0.5,3,5,0.6,0,0,0.0,0,3,3,2,1,0,1,2,9,23,1,
22023,1630167,22300466,"JAN 03, 2024",IND vs. MIL,W,27,5,12,0.417,2,6,0.333,3,4,0.75,3,5,8,4,1,0,0,3,15,-6,1,
22023,1630167,22300454,"JAN 01, 2024",IND @ MIL,W,29,4,9,0.444,1,3,0.333,2,2,1.0,2,1,3,2,1,0,0,4,11,35,1,
22023,1630167,22300441,"DEC 30, 2023",IND vs. NYK,W,20,4,6,0.667,1,1,1.0,0,1,0.0,2,6,8,2,0,3,0,4,9,2,1,
22023,1630167,22300422,"DEC 28, 2023",IND @ CHI,W,25,1,4,0.25,1,3,0.333,0,0,0.0,1,11,12,0,0,1,1,0,3,-11,1,
22023,1630167,22300409,"DEC 26, 2023",IND @ HOU,W,15,2,3,0.667,1,2,0.5,2,3,0.667,1,1,2,3,1,0,3,2,7,-14,1,
22023,1630167,22300391,"DEC 23, 2023",IND vs. ORL,L,24,1,6,0.167,0,3,0.0,1,2,0.5,0,6,6,0,0,1,0,2,3,2,1,
22023,1630167,22300377,"DEC 21, 2023",IND @ MEM,L,28,8,14,0.571,5,9,0.556,1,2,0.5,2,3,5,1,2,0,1,3,22,9,1,
22023,1630167,22300365,"DEC 20, 2023",IND vs. CHA,W,23,2,5,0.4,0,3,0.0,2,2,1.0,0,4,4,0,0,0,1,1,6,25,1,
22023,1630167,22300350,"DEC 18, 2023",IND vs. LAC,L,30,6,8,0.75,2,3,0.667,0,0,0.0,1,2,3,4,0,2,0,3,14,-26,1,
22023,1630167,22300338,"DEC 16, 2023",IND @ MIN,L,17,3,4,0.75,1,2,0.5,0,0,0.0,2,2,4,1,0,0,1,2,7,-17,1,
22023,1630167,22300328,"DEC 15, 2023",IND @ WAS,L,26,6,8,0.75,2,3,0.667,2,3,0.667,1,4,5,2,0,0,1,2,16,-11,1,
22023,1630167,22300315,"DEC 13, 2023",IND @ MIL,L,20,2,7,0.286,1,3,0.333,0,0,0.0,3,4,7,1,0,1,0,6,5,-6,1,
22023,1630167,22300293,"DEC 11, 2023",IND @ DET,W,12,3,5,0.6,0,2,0.0,0,0,0.0,0,3,3,0,0,0,2,1,6,0,1,
22023,1630167,22301229,"DEC 07, 2023",IND @ MIL,W,21,6,8,0.75,1,3,0.333,1,2,0.5,3,3,6,2,0,0,0,3,14,-7,1,
22023,1630167,22301202,"DEC 04, 2023",IND vs. BOS,W,26,4,8,0.5,2,4,0.5,2,2,1.0,0,2,2,1,0,2,0,1,12,-2,1,
22023,1630167,22300284,"DEC 02, 2023",IND @ MIA,W,35,7,8,0.875,4,5,0.8,2,2,1.0,0,2,2,2,1,4,0,5,20,18,1,
22023,1630167,22300267,"NOV 30, 2023",IND @ MIA,L,33,10,15,0.667,3,7,0.429,2,5,0.4,1,1,2,3,0,1,2,5,25,6,1,
22023,1630167,22300254,"NOV 27, 2023",IND vs. POR,L,19,3,9,0.333,1,4,0.25,2,2,1.0,2,2,4,2,0,1,1,0,9,0,1,
22023,1630167,22300047,"NOV 24, 2023",IND vs. DET,W,24,6,8,0.75,3,5,0.6,0,0,0.0,1,2,3,2,0,0,0,1,15,5,1,
22023,1630167,22300230,"NOV 22, 2023",IND vs. TOR,L,36,6,9,0.667,2,5,0.4,2,2,1.0,0,3,3,1,2,0,3,1,16,5,1,
22023,1630167,22300039,"NOV 21, 2023",IND @ ATL,W,34,9,16,0.563,1,6,0.167,2,2,1.0,0,1,1,6,1,1,2,3,21,-3,1,
22023,1630167,22300209,"NOV 19, 2023",IND vs. ORL,L,16,3,8,0.375,0,3,0.0,0,0,0.0,2,2,4,2,0,0,2,2,6,-14,1,
22023,1630167,22300019,"NOV 14, 2023",IND @ PHI,W,37,12,15,0.8,1,3,0.333,2,4,0.5,1,5,6,1,0,1,0,1,27,13,1,
22023,1630167,22300180,"NOV 12, 2023",IND @ PHI,L,21,6,7,0.857,2,3,0.667,0,0,0.0,0,1,1,1,0,0,0,2,14,-14,1,
22023,1630167,22300171,"NOV 09, 2023",IND vs. MIL,W,13,2,3,0.667,1,2,0.5,2,2,1.0,0,0,0,0,0,0,1,4,7,6,1,
22023,1630167,22300158,"NOV 08, 2023",IND vs. UTA,W,19,3,7,0.429,0,3,0.0,0,0,0.0,0,1,1,0,3,1,1,2,6,-5,1,
22023,1630167,22300146,"NOV 06, 2023",IND vs. SAS,W,27,6,11,0.545,1,3,0.333,6,6,1.0,0,2,2,1,2,0,1,3,19,25,1,
22023,1630167,22300133,"NOV 04, 2023",IND vs. CHA,L,26,5,7,0.714,1,2,0.5,0,0,0.0,1,3,4,0,0,0,0,2,11,1,1,
22023,1630167,22300001,"NOV 03, 2023",IND vs. CLE,W,21,3,6,0.5,0,1,0.0,0,0,0.0,1,3,4,1,0,0,0,2,6,0,1,
22023,1630167,22300118,"NOV 01, 2023",IND @ BOS,L,25,5,6,0.833,0,1,0.0,1,2,0.5,2,0,2,1,2,0,1,1,11,-41,1,
22023,1630167,22300102,"OCT 30, 2023",IND vs. CHI,L,24,2,5,0.4,0,2,0.0,2,2,1.0,2,6,8,0,1,0,0,1,6,9,1,
22023,1630167,22300091,"OCT 28, 2023",IND @ CLE,W,18,2,5,0.4,0,1,0.0,0,0,0.0,2,2,4,0,0,1,1,1,4,-6,1,
22023,1630167,22300064,"OCT 25, 2023",IND vs. WAS,W,19,4,9,0.444,2,5,0.4,1,1,1.0,1,3,4,1,1,0,0,0,11,7,1,
22023,1630168,22300763,"FEB 12, 2024",ATL vs. CHI,L,33,5,8,0.625,0,1,0.0,1,2,0.5,5,7,12,1,0,1,0,3,11,-6,1,
22023,1630168,22300754,"FEB 10, 2024",ATL vs. HOU,W,32,4,10,0.4,0,1,0.0,3,7,0.429,3,4,7,1,0,3,1,5,11,2,1,
22023,1630168,22300742,"FEB 09, 2024",ATL @ PHI,W,34,9,12,0.75,1,2,0.5,2,2,1.0,2,6,8,2,1,2,1,3,21,8,1,
22023,1630168,22300729,"FEB 07, 2024",ATL @ BOS,L,36,7,11,0.636,1,3,0.333,4,4,1.0,6,4,10,3,0,2,1,3,19,4,1,
22023,1630168,22300716,"FEB 05, 2024",ATL vs. LAC,L,34,8,10,0.8,2,2,1.0,0,0,0.0,4,1,5,0,0,1,2,4,18,-7,1,
22023,1630168,22300699,"FEB 03, 2024",ATL vs. GSW,W,36,8,12,0.667,2,4,0.5,4,4,1.0,6,10,16,0,0,2,0,4,22,9,1,
22023,1630168,22300690,"FEB 02, 2024",ATL vs. PHX,W,27,7,8,0.875,1,1,1.0,0,0,0.0,3,4,7,0,1,2,0,1,15,23,1,
22023,1630168,22300669,"JAN 30, 2024",ATL vs. LAL,W,26,4,4,1.0,1,1,1.0,2,2,1.0,1,3,4,1,2,1,0,1,11,9,1,
22023,1630168,22300653,"JAN 28, 2024",ATL vs. TOR,W,20,5,7,0.714,0,1,0.0,0,0,0.0,2,1,3,1,0,1,0,3,10,-18,1,
22023,1630168,22300634,"JAN 26, 2024",ATL vs. DAL,L,23,2,5,0.4,0,0,0.0,4,4,1.0,2,4,6,2,1,0,1,4,8,2,1,
22023,1630168,22300626,"JAN 24, 2024",ATL @ GSW,L,25,3,5,0.6,0,1,0.0,0,0,0.0,2,5,7,1,0,1,3,3,6,-17,1,
22023,1630168,22300613,"JAN 22, 2024",ATL @ SAC,L,29,4,6,0.667,0,1,0.0,0,1,0.0,3,6,9,3,0,2,2,6,8,-7,1,
22023,1630168,22300595,"JAN 20, 2024",ATL vs. CLE,L,23,0,3,0.0,0,0,0.0,1,2,0.5,2,4,6,2,0,0,0,3,1,-10,1,
22023,1630168,22300587,"JAN 19, 2024",ATL @ MIA,W,26,4,5,0.8,1,1,1.0,0,0,0.0,1,4,5,1,1,1,2,5,9,13,1,
22023,1630168,22300570,"JAN 17, 2024",ATL vs. ORL,W,27,7,12,0.583,0,1,0.0,1,1,1.0,3,6,9,0,0,1,2,3,15,7,1,
22023,1630168,22300559,"JAN 15, 2024",ATL vs. SAS,W,23,3,8,0.375,0,1,0.0,1,1,1.0,2,4,6,1,0,0,2,4,7,2,1,
22023,1630168,22300543,"JAN 13, 2024",ATL vs. WAS,L,19,3,5,0.6,0,0,0.0,3,5,0.6,6,4,10,1,0,3,2,4,9,-19,1,
22023,1630168,22300533,"JAN 12, 2024",ATL vs. IND,L,23,3,4,0.75,0,0,0.0,0,0,0.0,1,0,1,1,0,0,0,2,6,-19,1,
22023,1630168,22300521,"JAN 10, 2024",ATL vs. PHI,W,36,7,10,0.7,0,0,0.0,5,5,1.0,6,5,11,1,0,2,2,5,19,-1,1,
22023,1630168,22300499,"JAN 07, 2024",ATL @ ORL,L,32,2,3,0.667,1,2,0.5,0,2,0.0,1,5,6,3,0,5,0,3,5,19,1,
22023,1630168,22300480,"JAN 05, 2024",ATL @ IND,L,21,1,1,1.0,0,0,0.0,1,2,0.5,4,2,6,1,0,1,0,1,3,-8,1,
22023,1630168,22300467,"JAN 03, 2024",ATL vs. OKC,W,22,3,4,0.75,0,0,0.0,5,5,1.0,3,4,7,0,1,0,0,2,11,14,1,
22023,1630168,22300431,"DEC 29, 2023",ATL vs. SAC,L,23,3,6,0.5,0,0,0.0,1,2,0.5,1,2,3,1,1,1,0,2,7,-11,1,
22023,1630168,22300408,"DEC 26, 2023",ATL @ CHI,L,21,4,6,0.667,1,2,0.5,2,2,1.0,1,5,6,0,1,0,1,3,11,2,1,
22023,1630168,22300393,"DEC 23, 2023",ATL vs. MEM,L,28,5,10,0.5,0,2,0.0,0,0,0.0,4,3,7,4,2,2,3,4,10,-7,1,
22023,1630168,22300384,"DEC 22, 2023",ATL @ MIA,L,26,4,7,0.571,0,1,0.0,1,2,0.5,4,3,7,1,1,2,0,3,9,-10,1,
22023,1630168,22300371,"DEC 20, 2023",ATL @ HOU,W,33,8,11,0.727,0,1,0.0,3,4,0.75,1,10,11,2,0,0,0,1,19,12,1,
22023,1630168,22300352,"DEC 18, 2023",ATL vs. DET,W,23,5,6,0.833,0,0,0.0,4,4,1.0,0,2,2,1,0,1,2,2,14,0,1,
22023,1630168,22300336,"DEC 16, 2023",ATL @ CLE,L,32,7,12,0.583,2,4,0.5,0,0,0.0,2,2,4,1,0,1,1,4,16,-15,1,
22023,1630168,22300330,"DEC 15, 2023",ATL @ TOR,W,33,6,7,0.857,1,2,0.5,1,1,1.0,4,7,11,0,0,1,1,3,14,14,1,
22023,1630168,22300313,"DEC 13, 2023",ATL @ TOR,L,30,5,9,0.556,3,5,0.6,0,0,0.0,2,6,8,1,0,2,0,0,13,5,1,
22023,1630168,22300296,"DEC 11, 2023",ATL vs. DEN,L,28,3,5,0.6,0,0,0.0,1,1,1.0,2,4,6,3,0,1,0,3,7,4,1,
22023,1630168,22301218,"DEC 08, 2023",ATL @ PHI,L,18,3,7,0.429,0,2,0.0,1,2,0.5,4,4,8,2,0,2,0,5,7,-1,1,
22023,1630168,22301209,"DEC 06, 2023",ATL vs. BKN,L,24,1,5,0.2,0,2,0.0,0,0,0.0,2,7,9,2,1,0,1,4,2,-8,1,
22023,1630168,22300286,"DEC 02, 2023",ATL @ MIL,L,27,2,4,0.5,0,2,0.0,1,3,0.333,1,3,4,3,0,0,0,3,5,-19,1,
22023,1630168,22300272,"NOV 30, 2023",ATL @ SAS,W,28,3,6,0.5,1,3,0.333,4,5,0.8,2,6,8,0,0,0,1,4,11,-4,1,
22023,1630168,22300055,"NOV 28, 2023",ATL @ CLE,L,22,4,8,0.5,1,1,1.0,4,5,0.8,2,7,9,2,0,0,0,0,13,1,1,
22023,1630168,22300246,"NOV 26, 2023",ATL @ BOS,L,27,2,2,1.0,0,0,0.0,0,0,0.0,0,3,3,0,2,1,0,2,4,-2,1,
22023,1630168,22300241,"NOV 25, 2023",ATL @ WAS,W,25,3,6,0.5,0,1,0.0,3,4,0.75,3,3,6,1,1,1,0,2,9,9,1,
22023,1630168,22300227,"NOV 22, 2023",ATL vs. BKN,W,25,6,10,0.6,0,2,0.0,0,0,0.0,4,6,10,0,0,1,0,1,12,16,1,
22023,1630168,22300039,"NOV 21, 2023",ATL vs. IND,L,22,3,7,0.429,0,2,0.0,1,1,1.0,4,2,6,4,0,1,1,2,7,6,1,
22023,1630168,22300029,"NOV 17, 2023",ATL vs. PHI,L,19,2,6,0.333,1,2,0.5,0,0,0.0,2,3,5,0,0,0,1,3,5,-6,1,
22023,1630168,22300193,"NOV 15, 2023",ATL vs. NYK,L,22,2,4,0.5,0,0,0.0,4,4,1.0,2,4,6,1,1,1,4,4,8,18,1,
22023,1630168,22300018,"NOV 14, 2023",ATL @ DET,W,21,4,4,1.0,0,0,0.0,0,0,0.0,3,6,9,2,0,1,2,5,8,-2,1,
22023,1630168,22300175,"NOV 11, 2023",ATL vs. MIA,L,24,0,3,0.0,0,0,0.0,2,2,1.0,4,3,7,2,0,2,0,2,2,-15,1,
22023,1630168,22300172,"NOV 09, 2023",ATL @ ORL,W,21,3,4,0.75,0,1,0.0,1,2,0.5,1,1,2,2,3,4,1,4,7,-18,1,
22023,1630168,22300155,"NOV 06, 2023",ATL @ OKC,L,25,3,8,0.375,0,1,0.0,1,1,1.0,6,8,14,0,0,0,2,3,7,1,1,
22023,1630168,22300135,"NOV 04, 2023",ATL @ NOP,W,20,4,6,0.667,2,3,0.667,7,8,0.875,2,4,6,0,1,1,0,0,17,-1,1,
22023,1630168,22300117,"NOV 01, 2023",ATL vs. WAS,W,27,6,8,0.75,0,1,0.0,4,4,1.0,5,6,11,2,0,1,1,3,16,-8,1,
22023,1630168,22300104,"OCT 30, 2023",ATL vs. MIN,W,24,3,3,1.0,0,0,0.0,4,4,1.0,2,5,7,3,0,0,0,1,10,22,1,
22023,1630168,22300097,"OCT 29, 2023",ATL @ MIL,W,23,7,11,0.636,0,2,0.0,0,0,0.0,4,3,7,2,1,0,1,4,14,5,1,
22023,1630168,22300079,"OCT 27, 2023",ATL vs. NYK,L,20,1,2,0.5,0,0,0.0,4,4,1.0,0,2,2,1,1,1,0,4,6,2,1,
22023,1630168,22300063,"OCT 25, 2023",ATL @ CHA,L,19,3,5,0.6,0,0,0.0,1,1,1.0,1,3,4,2,0,0,1,5,7,14,1,
22023,1630169,22300782,"FEB 14, 2024",IND @ TOR,W,34,6,13,0.462,5,9,0.556,4,5,0.8,0,4,4,12,2,0,1,3,21,2,1,
22023,1630169,22300761,"FEB 12, 2024",IND @ CHA,L,34,5,15,0.333,3,8,0.375,0,0,0.0,1,5,6,12,0,0,3,1,13,10,1,
22023,1630169,22300755,"FEB 10, 2024",IND @ NYK,W,30,7,14,0.5,4,9,0.444,4,5,0.8,0,3,3,12,0,1,1,0,22,11,1,
22023,1630169,22300733,"FEB 08, 2024",IND vs. GSW,L,26,2,7,0.286,1,4,0.25,0,0,0.0,0,1,1,11,1,1,3,1,5,-9,1,
22023,1630169,22300719,"FEB 06, 2024",IND vs. HOU,W,29,8,15,0.533,2,6,0.333,0,1,0.0,0,2,2,7,1,2,2,1,18,-1,1,
22023,1630169,22300707,"FEB 04, 2024",IND @ CHA,W,20,6,8,0.75,3,5,0.6,2,3,0.667,0,1,1,4,1,2,1,0,17,13,1,
22023,1630169,22300691,"FEB 02, 2024",IND vs. SAC,L,22,6,10,0.6,1,3,0.333,1,1,1.0,1,2,3,1,1,0,5,1,14,-15,1,
22023,1630169,22300685,"FEB 01, 2024",IND @ NYK,L,22,6,10,0.6,2,6,0.333,1,1,1.0,0,4,4,5,0,2,1,1,15,5,1,
22023,1630169,22300670,"JAN 30, 2024",IND @ BOS,L,22,5,16,0.313,1,5,0.2,2,2,1.0,3,0,3,10,1,0,1,1,13,-4,1,
22023,1630169,22300590,"JAN 19, 2024",IND @ POR,L,35,6,14,0.429,2,7,0.286,7,9,0.778,0,2,2,17,0,0,0,1,21,16,1,
22023,1630169,22300507,"JAN 08, 2024",IND vs. BOS,W,13,3,5,0.6,1,3,0.333,0,0,0.0,0,2,2,6,0,0,2,1,7,-4,1,
22023,1630169,22300493,"JAN 06, 2024",IND vs. BOS,L,35,5,17,0.294,2,9,0.222,5,5,1.0,1,5,6,7,5,0,4,1,17,-14,1,
22023,1630169,22300480,"JAN 05, 2024",IND vs. ATL,W,25,4,6,0.667,2,4,0.5,0,0,0.0,1,7,8,18,2,1,2,1,10,24,1,
22023,1630169,22300466,"JAN 03, 2024",IND vs. MIL,W,34,10,20,0.5,5,11,0.455,6,6,1.0,0,2,2,12,1,3,0,1,31,21,1,
22023,1630169,22300454,"JAN 01, 2024",IND @ MIL,W,37,11,22,0.5,1,7,0.143,3,3,1.0,1,8,9,11,1,1,2,0,26,-5,1,
22023,1630169,22300441,"DEC 30, 2023",IND vs. NYK,W,36,8,17,0.471,2,10,0.2,4,4,1.0,1,4,5,23,2,1,2,0,22,19,1,
22023,1630169,22300422,"DEC 28, 2023",IND @ CHI,W,37,7,17,0.412,6,13,0.462,1,2,0.5,0,3,3,20,2,1,0,2,21,32,1,
22023,1630169,22300409,"DEC 26, 2023",IND @ HOU,W,38,13,21,0.619,7,13,0.538,0,1,0.0,1,5,6,10,1,0,3,0,33,15,1,
22023,1630169,22300391,"DEC 23, 2023",IND vs. ORL,L,40,12,22,0.545,3,5,0.6,2,3,0.667,0,2,2,15,3,0,3,2,29,8,1,
22023,1630169,22300377,"DEC 21, 2023",IND @ MEM,L,38,7,19,0.368,2,12,0.167,1,2,0.5,0,4,4,14,0,0,4,2,17,1,1,
22023,1630169,22300365,"DEC 20, 2023",IND vs. CHA,W,28,6,14,0.429,3,9,0.333,4,4,1.0,1,2,3,13,1,1,4,0,19,32,1,
22023,1630169,22300350,"DEC 18, 2023",IND vs. LAC,L,31,3,12,0.25,1,5,0.2,1,2,0.5,0,2,2,11,0,0,4,1,8,-37,1,
22023,1630169,22300328,"DEC 15, 2023",IND @ WAS,L,28,7,17,0.412,2,6,0.333,3,3,1.0,1,1,2,11,0,0,4,2,19,-18,1,
22023,1630169,22300315,"DEC 13, 2023",IND @ MIL,L,31,8,16,0.5,1,4,0.25,5,7,0.714,1,4,5,7,0,0,3,0,22,-14,1,
22023,1630169,22300293,"DEC 11, 2023",IND @ DET,W,33,5,12,0.417,3,6,0.5,1,1,1.0,0,5,5,16,1,2,7,2,14,8,1,
22023,1630169,22301229,"DEC 07, 2023",IND @ MIL,W,37,11,19,0.579,3,9,0.333,2,2,1.0,3,4,7,15,0,1,0,1,27,0,1,
22023,1630169,22301202,"DEC 04, 2023",IND vs. BOS,W,40,10,18,0.556,5,11,0.455,1,1,1.0,3,7,10,13,1,0,0,2,26,15,1,
22023,1630169,22300267,"NOV 30, 2023",IND @ MIA,L,40,15,28,0.536,6,16,0.375,8,12,0.667,0,2,2,10,3,1,2,0,44,-6,1,
22023,1630169,22300254,"NOV 27, 2023",IND vs. POR,L,36,11,17,0.647,3,6,0.5,8,9,0.889,0,2,2,9,0,0,3,1,33,-3,1,
22023,1630169,22300047,"NOV 24, 2023",IND vs. DET,W,32,9,23,0.391,5,13,0.385,3,3,1.0,0,2,2,10,0,0,1,0,26,9,1,
22023,1630169,22300230,"NOV 22, 2023",IND vs. TOR,L,34,12,22,0.545,5,10,0.5,4,5,0.8,1,2,3,16,0,1,3,3,33,3,1,
22023,1630169,22300039,"NOV 21, 2023",IND @ ATL,W,39,11,18,0.611,9,15,0.6,6,7,0.857,1,4,5,16,3,1,6,0,37,16,1,
22023,1630169,22300209,"NOV 19, 2023",IND vs. ORL,L,25,4,14,0.286,1,3,0.333,3,3,1.0,0,2,2,3,0,1,4,2,12,-30,1,
22023,1630169,22300019,"NOV 14, 2023",IND @ PHI,W,38,11,18,0.611,7,12,0.583,4,5,0.8,1,6,7,15,2,1,0,1,33,19,1,
22023,1630169,22300180,"NOV 12, 2023",IND @ PHI,L,37,9,14,0.643,3,6,0.5,4,4,1.0,0,1,1,17,2,1,0,0,25,4,1,
22023,1630169,22300171,"NOV 09, 2023",IND vs. MIL,W,38,10,17,0.588,5,9,0.556,4,4,1.0,1,5,6,10,0,1,2,1,29,14,1,
22023,1630169,22300158,"NOV 08, 2023",IND vs. UTA,W,31,6,12,0.5,1,6,0.167,3,3,1.0,1,5,6,13,1,0,2,0,16,-1,1,
22023,1630169,22300146,"NOV 06, 2023",IND vs. SAS,W,27,9,19,0.474,3,7,0.429,2,2,1.0,0,2,2,8,1,1,2,1,23,27,1,
22023,1630169,22300133,"NOV 04, 2023",IND vs. CHA,L,37,14,21,0.667,8,12,0.667,7,7,1.0,0,2,2,12,0,1,3,2,43,8,1,
22023,1630169,22300001,"NOV 03, 2023",IND vs. CLE,W,34,5,14,0.357,0,5,0.0,8,9,0.889,0,2,2,13,2,0,4,2,18,3,1,
22023,1630169,22300102,"OCT 30, 2023",IND vs. CHI,L,36,6,16,0.375,1,8,0.125,6,7,0.857,1,4,5,13,2,0,4,1,19,2,1,
22023,1630169,22300091,"OCT 28, 2023",IND @ CLE,W,32,7,16,0.438,4,7,0.571,3,3,1.0,1,7,8,13,0,0,1,2,21,-1,1,
22023,1630169,22300064,"OCT 25, 2023",IND vs. WAS,W,27,9,16,0.563,2,6,0.333,0,0,0.0,0,3,3,11,1,2,3,1,20,6,1,
22023,1630170,22300785,"FEB 14, 2024",SAS @ DAL,L,31,4,16,0.25,1,4,0.25,2,3,0.667,0,4,4,6,3,0,1,1,11,-19,1,
22023,1630170,22300764,"FEB 12, 2024",SAS @ TOR,W,27,9,15,0.6,5,7,0.714,2,2,1.0,1,2,3,6,1,0,0,1,25,17,1,
22023,1630170,22300750,"FEB 10, 2024",SAS @ BKN,L,34,7,20,0.35,2,6,0.333,1,1,1.0,1,5,6,4,0,1,2,0,17,-18,1,
22023,1630170,22300734,"FEB 08, 2024",SAS @ ORL,L,35,11,18,0.611,3,7,0.429,5,6,0.833,1,4,5,4,0,0,2,0,30,-14,1,
22023,1630170,22300730,"FEB 07, 2024",SAS @ MIA,L,32,8,18,0.444,1,6,0.167,2,2,1.0,0,3,3,3,1,0,2,1,19,-11,1,
22023,1630170,22300703,"FEB 03, 2024",SAS vs. CLE,L,34,7,16,0.438,3,8,0.375,5,5,1.0,0,6,6,3,0,1,0,0,22,-10,1,
22023,1630170,22300696,"FEB 02, 2024",SAS vs. NOP,L,36,11,21,0.524,5,10,0.5,1,2,0.5,0,3,3,3,0,1,2,0,28,7,1,
22023,1630170,22300681,"JAN 31, 2024",SAS vs. ORL,L,37,8,18,0.444,3,8,0.375,7,10,0.7,0,4,4,4,0,1,1,1,26,-16,1,
22023,1630170,22300665,"JAN 29, 2024",SAS vs. WAS,L,35,9,19,0.474,1,5,0.2,5,6,0.833,1,4,5,4,0,1,5,1,24,-3,1,
22023,1630170,22300649,"JAN 27, 2024",SAS vs. MIN,W,36,11,17,0.647,3,6,0.5,0,0,0.0,0,4,4,5,2,0,2,2,25,-9,1,
22023,1630170,22300641,"JAN 26, 2024",SAS vs. POR,W,32,5,14,0.357,2,7,0.286,3,5,0.6,0,4,4,2,0,0,1,1,15,19,1,
22023,1630170,22300622,"JAN 24, 2024",SAS vs. OKC,L,34,9,14,0.643,1,4,0.25,2,2,1.0,1,4,5,7,0,1,0,1,21,-19,1,
22023,1630170,22300608,"JAN 22, 2024",SAS @ PHI,L,38,7,13,0.538,2,6,0.333,6,6,1.0,0,4,4,9,0,0,1,3,22,-17,1,
22023,1630170,22300594,"JAN 20, 2024",SAS @ WAS,W,34,8,14,0.571,4,6,0.667,1,3,0.333,0,5,5,5,1,0,4,1,21,23,1,
22023,1630170,22300584,"JAN 19, 2024",SAS @ CHA,L,36,6,13,0.462,4,8,0.5,1,2,0.5,0,5,5,7,2,0,2,1,17,-5,1,
22023,1630170,22300571,"JAN 17, 2024",SAS @ BOS,L,32,7,15,0.467,0,5,0.0,7,8,0.875,0,2,2,3,1,0,1,1,21,-15,1,
22023,1630170,22300559,"JAN 15, 2024",SAS @ ATL,L,30,2,11,0.182,0,5,0.0,0,0,0.0,1,3,4,4,0,1,0,0,4,-4,1,
22023,1630170,22300548,"JAN 13, 2024",SAS vs. CHI,L,34,1,13,0.077,1,8,0.125,2,3,0.667,0,4,4,2,1,0,2,0,5,-13,1,
22023,1630170,22300541,"JAN 12, 2024",SAS vs. CHA,W,26,4,10,0.4,1,3,0.333,3,3,1.0,0,3,3,5,2,0,2,2,12,28,1,
22023,1630170,22300519,"JAN 10, 2024",SAS @ DET,W,27,6,12,0.5,1,5,0.2,3,4,0.75,0,3,3,5,1,0,1,0,16,13,1,
22023,1630170,22300497,"JAN 07, 2024",SAS @ CLE,L,35,9,19,0.474,4,9,0.444,0,0,0.0,0,2,2,3,3,0,0,2,22,12,1,
22023,1630170,22300477,"JAN 04, 2024",SAS vs. MIL,L,35,14,21,0.667,6,9,0.667,0,0,0.0,1,5,6,4,1,0,0,0,34,-10,1,
22023,1630170,22300460,"JAN 02, 2024",SAS @ MEM,L,34,3,8,0.375,1,2,0.5,4,5,0.8,1,1,2,3,1,1,2,2,11,-7,1,
22023,1630170,22300448,"DEC 31, 2023",SAS vs. BOS,L,31,9,15,0.6,2,4,0.5,2,2,1.0,0,4,4,1,2,0,2,3,22,-34,1,
22023,1630170,22300437,"DEC 29, 2023",SAS @ POR,L,31,8,16,0.5,3,6,0.5,3,4,0.75,0,3,3,5,4,1,0,1,22,-6,1,
22023,1630170,22300427,"DEC 28, 2023",SAS @ POR,W,35,7,16,0.438,2,9,0.222,1,1,1.0,0,5,5,7,4,1,1,0,17,18,1,
22023,1630170,22300412,"DEC 26, 2023",SAS vs. UTA,L,34,8,18,0.444,5,10,0.5,1,1,1.0,1,3,4,3,3,0,1,2,22,-11,1,
22023,1630170,22300398,"DEC 23, 2023",SAS @ DAL,L,30,3,13,0.231,0,6,0.0,3,3,1.0,0,0,0,5,0,0,0,1,9,-38,1,
22023,1630170,22300376,"DEC 21, 2023",SAS @ CHI,L,31,7,15,0.467,3,8,0.375,4,4,1.0,1,3,4,2,1,0,1,0,21,-4,1,
22023,1630170,22300361,"DEC 19, 2023",SAS @ MIL,L,33,7,18,0.389,2,6,0.333,1,1,1.0,0,3,3,2,0,0,2,0,17,-12,1,
22023,1630170,22300345,"DEC 17, 2023",SAS vs. NOP,L,30,5,13,0.385,3,7,0.429,0,1,0.0,0,2,2,3,0,0,1,2,13,-15,1,
22023,1630170,22300331,"DEC 15, 2023",SAS vs. LAL,W,35,12,19,0.632,5,10,0.5,7,7,1.0,0,6,6,3,1,1,1,1,36,20,1,
22023,1630170,22300316,"DEC 13, 2023",SAS vs. LAL,L,35,5,15,0.333,1,7,0.143,2,2,1.0,0,5,5,4,2,0,2,0,13,5,1,
22023,1630170,22300298,"DEC 11, 2023",SAS @ HOU,L,31,5,16,0.313,1,9,0.111,3,5,0.6,3,3,6,2,0,0,0,1,14,1,1,
22023,1630170,22301223,"DEC 08, 2023",SAS vs. CHI,L,34,4,15,0.267,1,9,0.111,2,3,0.667,0,2,2,5,1,0,3,1,11,-14,1,
22023,1630170,22301210,"DEC 06, 2023",SAS @ MIN,L,31,9,16,0.563,4,8,0.5,0,0,0.0,0,3,3,2,1,1,0,1,22,4,1,
22023,1630170,22300278,"DEC 01, 2023",SAS @ NOP,L,27,5,12,0.417,2,7,0.286,2,2,1.0,0,0,0,1,2,0,3,2,14,-16,1,
22023,1630170,22300272,"NOV 30, 2023",SAS vs. ATL,L,27,8,14,0.571,4,10,0.4,5,5,1.0,0,4,4,4,0,0,2,1,25,-4,1,
22023,1630170,22300252,"NOV 26, 2023",SAS @ DEN,L,26,7,13,0.538,4,7,0.571,1,1,1.0,0,1,1,3,1,0,0,1,19,5,1,
22023,1630170,22300051,"NOV 24, 2023",SAS @ GSW,L,27,10,19,0.526,4,10,0.4,0,0,0.0,1,3,4,1,1,0,2,2,24,-9,1,
22023,1630170,22300235,"NOV 22, 2023",SAS vs. LAC,L,27,6,15,0.4,2,8,0.25,4,5,0.8,1,3,4,4,1,0,2,2,18,-7,1,
22023,1630170,22300021,"NOV 14, 2023",SAS @ OKC,L,25,5,12,0.417,1,2,0.5,1,2,0.5,0,3,3,4,2,1,1,1,12,-20,1,
22023,1630170,22300184,"NOV 12, 2023",SAS vs. MIA,L,33,5,12,0.417,4,9,0.444,0,0,0.0,2,5,7,4,0,0,1,0,14,-15,1,
22023,1630170,22300013,"NOV 10, 2023",SAS vs. MIN,L,35,8,16,0.5,6,11,0.545,7,9,0.778,0,3,3,4,1,0,1,1,29,2,1,
22023,1630170,22300161,"NOV 08, 2023",SAS @ NYK,L,12,2,6,0.333,0,2,0.0,0,0,0.0,0,2,2,2,0,0,1,0,4,-3,1,
22023,1630170,22300131,"NOV 02, 2023",SAS @ PHX,W,17,7,10,0.7,3,3,1.0,0,0,0.0,0,2,2,1,0,0,0,2,17,16,1,
22023,1630170,22300113,"OCT 31, 2023",SAS @ PHX,W,36,7,17,0.412,3,8,0.375,1,2,0.5,1,5,6,5,3,0,3,0,18,-1,1,
22023,1630170,22300099,"OCT 29, 2023",SAS @ LAC,L,28,6,10,0.6,1,3,0.333,1,1,1.0,0,1,1,0,1,0,2,2,14,-30,1,
22023,1630170,22300083,"OCT 27, 2023",SAS vs. HOU,W,40,7,13,0.538,3,7,0.429,8,11,0.727,0,3,3,2,0,0,1,0,25,2,1,
22023,1630170,22300073,"OCT 25, 2023",SAS vs. DAL,L,35,9,17,0.529,1,6,0.167,4,5,0.8,1,4,5,3,2,0,2,2,23,4,1,
22023,1630171,22300781,"FEB 14, 2024",CLE vs. CHI,W,27,6,11,0.545,4,8,0.5,0,0,0.0,0,1,1,2,0,0,0,1,16,1,1,
22023,1630171,22300762,"FEB 12, 2024",CLE vs. PHI,L,23,2,6,0.333,2,4,0.5,2,2,1.0,3,2,5,1,0,1,0,2,8,0,1,
22023,1630171,22300756,"FEB 10, 2024",CLE @ TOR,W,27,4,10,0.4,1,5,0.2,3,3,1.0,0,2,2,4,1,0,0,1,12,19,1,
22023,1630171,22300735,"FEB 08, 2024",CLE @ BKN,W,24,3,6,0.5,2,3,0.667,0,0,0.0,2,4,6,1,0,3,2,3,8,6,1,
22023,1630171,22300728,"FEB 07, 2024",CLE @ WAS,W,28,2,3,0.667,0,1,0.0,1,3,0.333,0,3,3,3,1,1,0,1,5,17,1,
22023,1630171,22300714,"FEB 05, 2024",CLE vs. SAC,W,25,3,4,0.75,2,2,1.0,2,4,0.5,0,0,0,0,2,1,2,1,10,15,1,
22023,1630171,22300703,"FEB 03, 2024",CLE @ SAS,W,25,3,8,0.375,1,5,0.2,0,0,0.0,0,1,1,2,0,0,0,1,7,9,1,
22023,1630171,22300687,"FEB 01, 2024",CLE @ MEM,W,21,2,4,0.5,1,1,1.0,1,1,1.0,1,3,4,0,0,0,1,2,6,7,1,
22023,1630171,22300675,"JAN 31, 2024",CLE vs. DET,W,30,6,8,0.75,0,0,0.0,2,2,1.0,2,1,3,0,4,0,0,1,14,18,1,
22023,1630171,22300658,"JAN 29, 2024",CLE vs. LAC,W,33,5,10,0.5,3,4,0.75,4,4,1.0,1,0,1,3,1,0,1,0,17,-8,1,
22023,1630171,22300639,"JAN 26, 2024",CLE @ MIL,W,31,1,6,0.167,1,2,0.5,0,4,0.0,0,1,1,1,2,2,0,1,3,12,1,
22023,1630171,22300624,"JAN 24, 2024",CLE @ MIL,L,24,3,5,0.6,0,1,0.0,4,4,1.0,1,0,1,0,0,0,0,2,10,-16,1,
22023,1630171,22300607,"JAN 22, 2024",CLE @ ORL,W,20,3,4,0.75,1,1,1.0,1,2,0.5,0,1,1,0,0,0,0,4,8,15,1,
22023,1630171,22300595,"JAN 20, 2024",CLE @ ATL,W,33,5,9,0.556,1,3,0.333,1,3,0.333,0,5,5,2,2,0,2,3,12,19,1,
22023,1630171,22300572,"JAN 17, 2024",CLE vs. MIL,W,26,5,7,0.714,0,0,0.0,0,1,0.0,1,2,3,7,1,1,0,2,10,37,1,
22023,1630171,22300561,"JAN 15, 2024",CLE vs. CHI,W,25,3,12,0.25,1,6,0.167,0,0,0.0,1,4,5,1,0,0,1,1,7,18,1,
22023,1630171,22300527,"JAN 11, 2024",CLE vs. BKN,W,35,4,12,0.333,2,5,0.4,2,2,1.0,3,1,4,0,0,0,1,4,12,6,1,
22023,1630171,22300497,"JAN 07, 2024",CLE vs. SAS,W,27,1,2,0.5,1,2,0.5,0,0,0.0,4,1,5,1,0,0,2,0,3,-17,1,
22023,1630171,22300482,"JAN 05, 2024",CLE vs. WAS,W,22,2,5,0.4,0,0,0.0,4,6,0.667,2,2,4,0,1,0,3,2,8,16,1,
22023,1630171,22300465,"JAN 03, 2024",CLE vs. WAS,W,20,4,4,1.0,1,1,1.0,0,0,0.0,0,2,2,3,1,0,0,2,9,12,1,
22023,1630171,22300452,"JAN 01, 2024",CLE @ TOR,L,27,5,10,0.5,0,4,0.0,6,7,0.857,0,1,1,3,2,1,1,4,16,-17,1,
22023,1630171,22300433,"DEC 29, 2023",CLE vs. MIL,L,30,3,5,0.6,0,1,0.0,2,2,1.0,0,2,2,3,1,1,1,3,8,-10,1,
22023,1630171,22300420,"DEC 27, 2023",CLE @ DAL,W,39,7,13,0.538,4,7,0.571,4,5,0.8,2,1,3,1,0,1,2,2,22,4,1,
22023,1630171,22300396,"DEC 23, 2023",CLE @ CHI,W,35,3,9,0.333,0,5,0.0,6,7,0.857,0,3,3,3,0,0,1,2,12,6,1,
22023,1630171,22300375,"DEC 21, 2023",CLE vs. NOP,L,32,7,10,0.7,2,5,0.4,0,1,0.0,1,2,3,4,1,0,0,2,16,-19,1,
22023,1630171,22300364,"DEC 20, 2023",CLE vs. UTA,W,25,2,7,0.286,1,3,0.333,0,2,0.0,3,3,6,5,0,0,1,2,5,3,1,
22023,1630171,22300349,"DEC 18, 2023",CLE vs. HOU,W,32,4,7,0.571,1,2,0.5,2,3,0.667,4,3,7,6,0,1,0,1,11,-2,1,
22023,1630171,22300336,"DEC 16, 2023",CLE vs. ATL,W,32,6,9,0.667,3,4,0.75,3,4,0.75,3,0,3,3,1,0,0,2,18,-1,1,
22023,1630171,22300319,"DEC 14, 2023",CLE @ BOS,L,18,2,2,1.0,1,1,1.0,2,2,1.0,1,3,4,2,1,0,1,3,7,4,1,
22023,1630171,22300305,"DEC 12, 2023",CLE @ BOS,L,16,1,4,0.25,1,2,0.5,0,0,0.0,0,2,2,1,1,0,1,1,3,-15,1,
22023,1630171,22300294,"DEC 11, 2023",CLE @ ORL,L,26,0,4,0.0,0,4,0.0,1,4,0.25,3,1,4,0,0,0,1,2,1,-21,1,
22023,1630171,22301220,"DEC 08, 2023",CLE @ MIA,W,22,3,4,0.75,1,2,0.5,2,2,1.0,0,1,1,0,1,1,1,2,9,-12,1,
22023,1630171,22301205,"DEC 06, 2023",CLE vs. ORL,W,29,0,4,0.0,0,2,0.0,0,0,0.0,0,1,1,1,1,0,0,1,0,16,1,
22023,1630171,22300283,"DEC 02, 2023",CLE @ DET,W,33,4,7,0.571,1,3,0.333,0,0,0.0,0,6,6,4,4,0,0,3,9,15,1,
22023,1630171,22300265,"NOV 30, 2023",CLE vs. POR,L,17,1,2,0.5,1,1,1.0,0,0,0.0,0,0,0,0,1,0,0,1,3,-12,1,
22023,1630171,22300055,"NOV 28, 2023",CLE vs. ATL,W,16,3,6,0.5,0,1,0.0,0,1,0.0,1,1,2,2,0,2,0,0,6,-3,1,
22023,1630171,22300251,"NOV 26, 2023",CLE vs. TOR,W,10,1,3,0.333,0,1,0.0,0,0,0.0,0,0,0,0,0,0,1,0,2,-3,1,
22023,1630171,22300242,"NOV 25, 2023",CLE vs. LAL,L,19,2,3,0.667,0,0,0.0,1,1,1.0,1,2,3,0,0,1,2,1,5,7,1,
22023,1630171,22300001,"NOV 03, 2023",CLE @ IND,L,23,2,3,0.667,1,1,1.0,0,0,0.0,0,1,1,2,2,0,1,4,5,-19,1,
22023,1630171,22300120,"NOV 01, 2023",CLE @ NYK,W,31,1,3,0.333,0,2,0.0,0,0,0.0,0,3,3,2,1,0,1,6,2,-1,1,
22023,1630171,22300112,"OCT 31, 2023",CLE vs. NYK,L,25,4,11,0.364,2,5,0.4,1,2,0.5,3,4,7,0,0,0,1,2,11,-9,1,
22023,1630171,22300091,"OCT 28, 2023",CLE vs. IND,L,35,5,8,0.625,0,0,0.0,1,2,0.5,2,3,5,3,0,1,0,3,11,-2,1,
22023,1630171,22300081,"OCT 27, 2023",CLE vs. OKC,L,28,3,8,0.375,1,3,0.333,3,4,0.75,4,3,7,2,2,1,1,3,10,-7,1,
22023,1630171,22300067,"OCT 25, 2023",CLE @ BKN,W,32,6,10,0.6,2,4,0.5,4,5,0.8,3,3,6,4,2,1,2,5,18,5,1,
22023,1630173,22300778,"FEB 14, 2024",NYK @ ORL,L,43,8,16,0.5,1,2,0.5,6,7,0.857,10,4,14,5,0,0,1,1,23,-4,1,
22023,1630173,22300765,"FEB 12, 2024",NYK @ HOU,L,39,4,8,0.5,0,1,0.0,0,1,0.0,9,8,17,0,0,3,3,4,8,3,1,
22023,1630173,22300755,"FEB 10, 2024",NYK vs. IND,L,43,6,6,1.0,1,1,1.0,2,2,1.0,3,3,6,0,2,3,2,2,15,-12,1,
22023,1630173,22300736,"FEB 08, 2024",NYK vs. DAL,L,41,6,9,0.667,1,2,0.5,0,0,0.0,3,13,16,3,0,1,3,5,13,-14,1,
22023,1630173,22300722,"FEB 06, 2024",NYK vs. MEM,W,40,8,13,0.615,1,2,0.5,0,0,0.0,2,3,5,3,3,1,0,2,17,-1,1,
22023,1630173,22300701,"FEB 03, 2024",NYK vs. LAL,L,42,4,11,0.364,0,3,0.0,2,2,1.0,4,4,8,0,0,1,1,2,10,-10,1,
22023,1630173,22300685,"FEB 01, 2024",NYK vs. IND,W,43,5,16,0.313,0,3,0.0,2,4,0.5,8,8,16,0,4,2,2,4,12,7,1,
22023,1630173,22300671,"JAN 30, 2024",NYK vs. UTA,W,40,8,13,0.615,0,3,0.0,2,2,1.0,1,4,5,1,0,2,0,3,18,14,1,
22023,1630173,22300657,"JAN 29, 2024",NYK @ CHA,W,33,4,6,0.667,1,1,1.0,0,0,0.0,1,4,5,0,0,1,0,4,9,21,1,
22023,1630173,22300643,"JAN 27, 2024",NYK vs. MIA,W,31,2,7,0.286,0,0,0.0,0,0,0.0,3,7,10,1,1,2,0,2,4,19,1,
22023,1630173,22300631,"JAN 25, 2024",NYK vs. DEN,W,23,1,4,0.25,0,0,0.0,0,0,0.0,6,4,10,3,0,1,0,1,2,18,1,
22023,1630173,22300615,"JAN 23, 2024",NYK @ BKN,W,21,3,6,0.5,0,1,0.0,0,0,0.0,4,5,9,2,0,0,0,1,6,13,1,
22023,1630173,22300596,"JAN 20, 2024",NYK vs. TOR,W,25,9,10,0.9,0,0,0.0,0,0,0.0,4,7,11,0,0,1,3,4,18,13,1,
22023,1630173,22300579,"JAN 18, 2024",NYK vs. WAS,W,9,1,1,1.0,0,0,0.0,0,0,0.0,0,1,1,0,1,0,0,1,2,-4,1,
22023,1630173,22300573,"JAN 17, 2024",NYK vs. HOU,W,6,0,2,0.0,0,0,0.0,0,0,0.0,1,3,4,0,0,1,0,3,0,2,1,
22023,1630173,22300557,"JAN 15, 2024",NYK vs. ORL,L,20,2,4,0.5,0,0,0.0,2,2,1.0,3,2,5,1,0,1,1,0,6,-4,1,
22023,1630173,22300544,"JAN 13, 2024",NYK @ MEM,W,6,0,0,0.0,0,0,0.0,0,0,0.0,1,0,1,0,0,1,1,0,0,5,1,
22023,1630173,22300530,"JAN 11, 2024",NYK @ DAL,L,16,3,3,1.0,0,0,0.0,1,2,0.5,1,5,6,0,1,0,2,4,7,3,1,
22023,1630173,22300514,"JAN 09, 2024",NYK vs. POR,W,20,1,9,0.111,0,3,0.0,0,0,0.0,5,4,9,1,1,1,1,0,2,-3,1,
22023,1630173,22300494,"JAN 06, 2024",NYK @ WAS,W,8,1,1,1.0,0,0,0.0,0,0,0.0,0,0,0,0,0,0,0,1,2,-11,1,
22023,1630173,22300483,"JAN 05, 2024",NYK @ PHI,W,13,2,3,0.667,1,2,0.5,0,0,0.0,2,1,3,0,0,1,1,0,5,10,1,
22023,1630173,22300468,"JAN 03, 2024",NYK vs. CHI,W,11,2,2,1.0,0,0,0.0,0,0,0.0,2,1,3,1,0,1,0,2,4,-16,1,
22023,1630173,22300451,"JAN 01, 2024",NYK vs. MIN,W,9,0,2,0.0,0,0,0.0,0,0,0.0,1,2,3,0,0,0,0,2,0,-3,1,
22023,1630173,22300432,"DEC 29, 2023",TOR @ BOS,L,2,0,1,0.0,0,0,0.0,0,0,0.0,0,2,2,0,0,0,0,0,0,1,1,
22023,1630173,22300416,"DEC 27, 2023",TOR @ WAS,W,11,1,2,0.5,0,0,0.0,1,2,0.5,0,1,1,0,1,1,1,0,3,5,1,
22023,1630173,22300395,"DEC 23, 2023",TOR vs. UTA,L,21,3,7,0.429,0,3,0.0,2,2,1.0,1,1,2,1,0,2,0,1,8,-3,1,
22023,1630173,22300382,"DEC 22, 2023",TOR @ PHI,L,16,2,9,0.222,0,2,0.0,0,2,0.0,3,3,6,1,2,0,1,2,4,-1,1,
22023,1630173,22300369,"DEC 20, 2023",TOR vs. DEN,L,25,6,10,0.6,1,2,0.5,0,1,0.0,4,1,5,1,1,1,1,2,13,6,1,
22023,1630173,22300354,"DEC 18, 2023",TOR vs. CHA,W,18,5,9,0.556,0,1,0.0,2,4,0.5,5,2,7,1,1,0,0,1,12,12,1,
22023,1630173,22300330,"DEC 15, 2023",TOR vs. ATL,L,17,4,7,0.571,0,2,0.0,1,2,0.5,0,2,2,5,0,0,0,1,9,-9,1,
22023,1630173,22300313,"DEC 13, 2023",TOR vs. ATL,W,17,2,5,0.4,1,3,0.333,2,2,1.0,1,6,7,1,1,2,2,0,7,-5,1,
22023,1630173,22300297,"DEC 11, 2023",TOR @ NYK,L,21,3,8,0.375,1,4,0.25,2,2,1.0,0,5,5,3,1,0,1,4,9,-1,1,
22023,1630173,22301216,"DEC 08, 2023",TOR @ CHA,L,22,7,10,0.7,3,4,0.75,0,0,0.0,4,6,10,1,0,0,4,4,17,5,1,
22023,1630173,22301207,"DEC 06, 2023",TOR vs. MIA,L,13,4,7,0.571,1,3,0.333,0,0,0.0,0,3,3,2,1,0,1,0,9,-4,1,
22023,1630173,22300276,"DEC 01, 2023",TOR vs. NYK,L,17,4,11,0.364,0,1,0.0,0,0,0.0,5,1,6,1,0,0,1,2,8,-22,1,
22023,1630173,22300260,"NOV 29, 2023",TOR vs. PHX,W,18,5,10,0.5,1,1,1.0,3,4,0.75,6,4,10,1,2,0,1,2,14,6,1,
22023,1630173,22300054,"NOV 28, 2023",TOR @ BKN,L,10,0,4,0.0,0,2,0.0,1,4,0.25,1,2,3,1,1,0,1,3,1,-2,1,
22023,1630173,22300251,"NOV 26, 2023",TOR @ CLE,L,13,1,4,0.25,1,2,0.5,1,4,0.25,0,2,2,1,1,0,0,0,4,-15,1,
22023,1630173,22300046,"NOV 24, 2023",TOR vs. CHI,W,18,3,4,0.75,0,0,0.0,2,2,1.0,3,4,7,4,0,3,2,0,8,-2,1,
22023,1630173,22300038,"NOV 21, 2023",TOR @ ORL,L,15,2,4,0.5,0,1,0.0,1,2,0.5,2,4,6,4,1,0,3,3,5,-9,1,
22023,1630173,22300211,"NOV 19, 2023",TOR vs. DET,W,19,5,10,0.5,2,4,0.5,0,2,0.0,3,3,6,5,0,0,0,1,12,17,1,
22023,1630173,22300031,"NOV 17, 2023",TOR vs. BOS,L,24,2,4,0.5,0,2,0.0,1,2,0.5,0,9,9,1,2,0,1,1,5,-2,1,
22023,1630173,22300195,"NOV 15, 2023",TOR vs. MIL,L,17,4,7,0.571,1,2,0.5,2,2,1.0,3,1,4,0,0,2,1,3,11,-3,1,
22023,1630173,22300189,"NOV 13, 2023",TOR vs. WAS,W,19,5,8,0.625,0,1,0.0,0,0,0.0,1,3,4,1,1,0,2,1,10,8,1,
22023,1630173,22300174,"NOV 11, 2023",TOR @ BOS,L,19,1,5,0.2,0,2,0.0,0,0,0.0,0,5,5,5,0,0,0,1,2,-12,1,
22023,1630173,22300092,"OCT 28, 2023",TOR vs. PHI,L,18,3,10,0.3,0,1,0.0,0,0,0.0,3,4,7,3,0,1,1,1,6,5,1,
22023,1630173,22300082,"OCT 27, 2023",TOR @ CHI,L,23,2,5,0.4,1,3,0.333,3,3,1.0,2,7,9,1,0,0,3,6,8,-22,1,
22023,1630173,22300069,"OCT 25, 2023",TOR vs. MIN,W,24,4,9,0.444,0,1,0.0,0,0,0.0,3,5,8,0,0,0,2,1,8,-5,1,
22023,1630174,22300782,"FEB 14, 2024",IND @ TOR,W,17,3,10,0.3,2,7,0.286,0,0,0.0,0,2,2,1,0,2,0,2,8,-6,1,
22023,1630174,22300761,"FEB 12, 2024",IND @ CHA,L,33,8,13,0.615,1,4,0.25,4,7,0.571,0,3,3,1,0,0,2,3,21,-2,1,
22023,1630174,22300755,"FEB 10, 2024",IND @ NYK,W,31,5,12,0.417,3,7,0.429,0,0,0.0,1,2,3,0,0,0,1,4,13,12,1,
22023,1630174,22300733,"FEB 08, 2024",IND vs. GSW,L,26,4,7,0.571,1,3,0.333,4,6,0.667,1,3,4,1,5,1,2,2,13,-9,1,
22023,1630174,22300719,"FEB 06, 2024",IND vs. HOU,W,33,3,6,0.5,2,4,0.5,2,4,0.5,1,0,1,1,1,1,3,5,10,1,1,
22023,1630174,22300707,"FEB 04, 2024",IND @ CHA,W,34,8,11,0.727,3,5,0.6,3,3,1.0,1,7,8,4,1,0,2,3,22,19,1,
22023,1630174,22300691,"FEB 02, 2024",IND vs. SAC,L,27,3,7,0.429,0,2,0.0,0,0,0.0,1,3,4,2,1,1,1,6,6,0,1,
22023,1630174,22300685,"FEB 01, 2024",IND @ NYK,L,37,6,13,0.462,3,6,0.5,2,2,1.0,1,5,6,1,1,0,2,6,17,2,1,
22023,1630174,22300670,"JAN 30, 2024",IND @ BOS,L,41,11,17,0.647,4,7,0.571,0,0,0.0,3,9,12,7,0,1,0,3,26,-3,1,
22023,1630174,22300652,"JAN 28, 2024",IND vs. MEM,W,37,6,11,0.545,2,6,0.333,2,3,0.667,1,6,7,6,2,1,1,3,16,-1,1,
22023,1630174,22300636,"JAN 26, 2024",IND vs. PHX,W,34,8,13,0.615,3,6,0.5,3,4,0.75,1,5,6,3,1,1,1,4,22,7,1,
22023,1630174,22300627,"JAN 25, 2024",IND vs. PHI,W,29,6,8,0.75,3,3,1.0,1,1,1.0,1,7,8,3,0,0,1,2,16,21,1,
22023,1630174,22300614,"JAN 23, 2024",IND vs. DEN,L,34,5,13,0.385,1,7,0.143,2,2,1.0,4,5,9,0,0,0,1,3,13,-4,1,
22023,1630174,22300604,"JAN 21, 2024",IND @ PHX,L,26,2,7,0.286,1,5,0.2,1,3,0.333,1,2,3,1,1,0,0,4,6,-9,1,
22023,1630174,22300590,"JAN 19, 2024",IND @ POR,L,28,4,9,0.444,3,4,0.75,1,2,0.5,1,3,4,2,0,0,2,6,12,15,1,
22023,1630174,22300533,"JAN 12, 2024",IND @ ATL,W,21,5,6,0.833,3,3,1.0,0,0,0.0,1,3,4,0,1,0,1,3,13,1,1,
22023,1630174,22300520,"JAN 10, 2024",IND vs. WAS,W,24,3,9,0.333,2,5,0.4,2,2,1.0,0,3,3,1,0,0,0,1,10,1,1,
22023,1630174,22300507,"JAN 08, 2024",IND vs. BOS,W,26,6,10,0.6,3,5,0.6,2,3,0.667,2,2,4,2,0,1,0,2,17,1,1,
22023,1630174,22300493,"JAN 06, 2024",IND vs. BOS,L,32,3,13,0.231,0,7,0.0,2,2,1.0,1,3,4,0,3,1,0,2,8,-5,1,
22023,1630174,22300480,"JAN 05, 2024",IND vs. ATL,W,22,7,11,0.636,1,2,0.5,0,0,0.0,0,2,2,3,1,1,2,3,15,25,1,
22023,1630174,22300466,"JAN 03, 2024",IND vs. MIL,W,22,4,4,1.0,1,1,1.0,0,0,0.0,0,4,4,2,3,0,0,2,9,18,1,
22023,1630174,22300454,"JAN 01, 2024",IND @ MIL,W,27,1,10,0.1,1,7,0.143,1,2,0.5,1,4,5,0,3,2,0,4,4,-11,1,
22023,1630174,22300441,"DEC 30, 2023",IND vs. NYK,W,31,8,13,0.615,7,11,0.636,2,2,1.0,0,1,1,2,1,0,2,2,25,10,1,
22023,1630174,22300422,"DEC 28, 2023",IND @ CHI,W,34,4,9,0.444,4,6,0.667,0,0,0.0,0,5,5,1,1,2,1,4,12,25,1,
22023,1630174,22300409,"DEC 26, 2023",IND @ HOU,W,30,3,6,0.5,2,4,0.5,2,2,1.0,1,4,5,2,0,0,3,5,10,17,1,
22023,1630174,22300391,"DEC 23, 2023",IND vs. ORL,L,28,1,5,0.2,1,4,0.25,0,0,0.0,1,2,3,2,2,0,4,6,3,-20,1,
22023,1630174,22300377,"DEC 21, 2023",IND @ MEM,L,28,5,12,0.417,4,8,0.5,0,0,0.0,1,4,5,0,4,3,2,1,14,-23,1,
22023,1630174,22300365,"DEC 20, 2023",IND vs. CHA,W,23,6,6,1.0,4,4,1.0,3,3,1.0,0,2,2,1,1,0,1,1,19,8,1,
22023,1630174,22300350,"DEC 18, 2023",IND vs. LAC,L,26,4,7,0.571,2,3,0.667,2,2,1.0,1,5,6,2,2,3,1,3,12,0,1,
22023,1630174,22300338,"DEC 16, 2023",IND @ MIN,L,26,7,14,0.5,2,4,0.5,1,1,1.0,3,2,5,0,0,1,0,1,17,-15,1,
22023,1630174,22300328,"DEC 15, 2023",IND @ WAS,L,24,4,10,0.4,3,8,0.375,1,3,0.333,2,1,3,1,2,1,0,5,12,-6,1,
22023,1630174,22300315,"DEC 13, 2023",IND @ MIL,L,25,5,11,0.455,2,7,0.286,0,0,0.0,1,0,1,1,0,0,2,5,12,-20,1,
22023,1630174,22300293,"DEC 11, 2023",IND @ DET,W,27,5,7,0.714,3,4,0.75,0,0,0.0,0,1,1,1,0,0,2,3,13,6,1,
22023,1630174,22301229,"DEC 07, 2023",IND @ MIL,W,27,2,6,0.333,1,4,0.25,1,1,1.0,0,1,1,1,0,1,0,5,6,16,1,
22023,1630174,22301202,"DEC 04, 2023",IND vs. BOS,W,31,6,10,0.6,1,3,0.333,1,2,0.5,0,1,1,1,0,1,1,3,14,2,1,
22023,1630174,22300284,"DEC 02, 2023",IND @ MIA,W,29,7,9,0.778,4,6,0.667,4,6,0.667,0,4,4,1,0,1,0,4,22,9,1,
22023,1630174,22300267,"NOV 30, 2023",IND @ MIA,L,23,4,5,0.8,0,1,0.0,1,1,1.0,3,2,5,1,4,0,1,6,9,-2,1,
22023,1630174,22300254,"NOV 27, 2023",IND vs. POR,L,25,3,6,0.5,1,3,0.333,0,1,0.0,1,2,3,0,3,0,2,4,7,-6,1,
22023,1630174,22300039,"NOV 21, 2023",IND @ ATL,W,25,6,9,0.667,1,3,0.333,4,5,0.8,1,0,1,1,1,1,0,4,17,4,1,
22023,1630174,22300209,"NOV 19, 2023",IND vs. ORL,L,15,0,2,0.0,0,0,0.0,0,0,0.0,0,1,1,0,0,0,0,2,0,-22,1,
22023,1630174,22300019,"NOV 14, 2023",IND @ PHI,W,22,2,8,0.25,1,5,0.2,1,2,0.5,0,4,4,2,1,1,1,4,6,-10,1,
22023,1630174,22300180,"NOV 12, 2023",IND @ PHI,L,26,3,6,0.5,2,5,0.4,0,0,0.0,1,3,4,3,1,0,0,3,8,2,1,
22023,1630174,22300171,"NOV 09, 2023",IND vs. MIL,W,16,2,4,0.5,2,3,0.667,0,0,0.0,0,1,1,0,0,0,1,5,6,-22,1,
22023,1630174,22300158,"NOV 08, 2023",IND vs. UTA,W,30,9,13,0.692,4,6,0.667,2,2,1.0,1,1,2,0,2,0,1,4,24,14,1,
22023,1630174,22300146,"NOV 06, 2023",IND vs. SAS,W,16,5,8,0.625,3,4,0.75,2,2,1.0,1,1,2,2,2,0,0,0,15,17,1,
22023,1630174,22300133,"NOV 04, 2023",IND vs. CHA,L,25,1,5,0.2,1,1,1.0,1,2,0.5,0,2,2,1,1,2,0,0,4,-9,1,
22023,1630174,22300001,"NOV 03, 2023",IND vs. CLE,W,27,5,8,0.625,2,4,0.5,1,4,0.25,1,4,5,0,2,1,2,3,13,1,1,
22023,1630174,22300118,"NOV 01, 2023",IND @ BOS,L,19,4,9,0.444,1,6,0.167,0,1,0.0,1,0,1,1,0,0,0,4,9,-10,1,
22023,1630174,22300102,"OCT 30, 2023",IND vs. CHI,L,27,1,4,0.25,1,4,0.25,2,2,1.0,0,4,4,3,0,2,0,6,5,-15,1,
22023,1630174,22300091,"OCT 28, 2023",IND @ CLE,W,30,10,16,0.625,5,9,0.556,1,2,0.5,4,5,9,0,0,0,0,1,26,18,1,
22023,1630174,22300064,"OCT 25, 2023",IND vs. WAS,W,23,2,5,0.4,1,3,0.333,2,2,1.0,1,4,5,1,0,1,1,3,7,13,1,
22023,1630175,22300778,"FEB 14, 2024",ORL vs. NYK,W,25,5,8,0.625,0,1,0.0,1,1,1.0,0,2,2,1,0,2,1,1,11,21,1,
22023,1630175,22300772,"FEB 13, 2024",ORL vs. OKC,L,12,2,8,0.25,1,2,0.5,0,0,0.0,1,3,4,1,1,0,0,1,5,-14,1,
22023,1630175,22300752,"FEB 10, 2024",ORL vs. CHI,W,30,5,11,0.455,1,5,0.2,3,4,0.75,2,9,11,3,0,0,3,2,14,16,1,
22023,1630175,22300734,"FEB 08, 2024",ORL vs. SAS,W,19,5,7,0.714,2,2,1.0,0,0,0.0,1,1,2,2,1,0,3,5,12,-2,1,
22023,1630175,22300721,"FEB 06, 2024",ORL @ MIA,L,14,2,3,0.667,0,1,0.0,0,0,0.0,0,3,3,0,1,0,2,1,4,-1,1,
22023,1630175,22300704,"FEB 04, 2024",ORL @ DET,W,11,0,3,0.0,0,0,0.0,1,2,0.5,0,1,1,0,1,0,1,1,1,-1,1,
22023,1630175,22300694,"FEB 02, 2024",ORL @ MIN,W,12,1,3,0.333,0,0,0.0,2,2,1.0,0,3,3,2,2,0,2,0,4,2,1,
22023,1630175,22300681,"JAN 31, 2024",ORL @ SAS,W,16,3,7,0.429,1,3,0.333,4,4,1.0,0,3,3,2,0,0,1,1,11,3,1,
22023,1630175,22300666,"JAN 29, 2024",ORL @ DAL,L,27,2,4,0.5,0,1,0.0,7,7,1.0,0,2,2,9,0,0,2,4,11,2,1,
22023,1630175,22300655,"JAN 28, 2024",ORL vs. PHX,W,10,2,5,0.4,1,2,0.5,0,0,0.0,0,1,1,1,2,0,0,3,5,3,1,
22023,1630175,22300638,"JAN 26, 2024",ORL @ MEM,L,23,2,8,0.25,0,4,0.0,1,2,0.5,0,7,7,4,2,0,0,0,5,10,1,
22023,1630175,22300607,"JAN 22, 2024",ORL vs. CLE,L,13,2,4,0.5,1,1,1.0,0,0,0.0,0,2,2,2,0,0,2,1,5,-9,1,
22023,1630175,22300601,"JAN 21, 2024",ORL vs. MIA,W,16,2,6,0.333,1,2,0.5,0,0,0.0,0,6,6,2,1,1,3,0,5,12,1,
22023,1630175,22300585,"JAN 19, 2024",ORL vs. PHI,L,21,0,5,0.0,0,1,0.0,3,3,1.0,0,1,1,3,0,0,4,3,3,-12,1,
22023,1630175,22300570,"JAN 17, 2024",ORL @ ATL,L,22,3,10,0.3,1,6,0.167,3,4,0.75,0,1,1,1,1,3,1,1,10,2,1,
22023,1630175,22300557,"JAN 15, 2024",ORL @ NYK,W,26,6,12,0.5,0,3,0.0,3,4,0.75,2,2,4,5,2,0,2,2,15,18,1,
22023,1630175,22300546,"JAN 13, 2024",ORL @ OKC,L,25,6,11,0.545,1,3,0.333,1,2,0.5,2,2,4,2,1,1,2,4,14,-6,1,
22023,1630175,22300535,"JAN 12, 2024",ORL @ MIA,L,27,2,8,0.25,0,2,0.0,1,2,0.5,1,2,3,0,2,1,0,1,5,2,1,
22023,1630175,22300513,"JAN 09, 2024",ORL vs. MIN,L,7,1,4,0.25,0,1,0.0,0,0,0.0,1,0,1,0,0,0,0,2,2,2,1,
22023,1630175,22300499,"JAN 07, 2024",ORL vs. ATL,W,31,3,13,0.231,0,3,0.0,4,4,1.0,0,9,9,5,0,0,4,5,10,-17,1,
22023,1630175,22300488,"JAN 05, 2024",ORL @ DEN,W,31,8,15,0.533,3,8,0.375,4,4,1.0,0,2,2,4,1,0,3,2,23,2,1,
22023,1630175,22300463,"JAN 02, 2024",ORL @ GSW,L,26,3,8,0.375,1,2,0.5,1,1,1.0,3,1,4,2,0,1,2,4,8,-4,1,
22023,1630175,22300450,"DEC 31, 2023",ORL @ PHX,L,18,4,7,0.571,2,4,0.5,3,3,1.0,1,4,5,0,1,0,2,0,13,8,1,
22023,1630175,22300429,"DEC 29, 2023",ORL vs. NYK,W,23,3,8,0.375,0,3,0.0,3,4,0.75,0,2,2,5,2,0,1,2,9,6,1,
22023,1630175,22300415,"DEC 27, 2023",ORL vs. PHI,L,23,2,7,0.286,1,4,0.25,0,1,0.0,2,4,6,1,0,1,4,1,5,-14,1,
22023,1630175,22300407,"DEC 26, 2023",ORL @ WAS,W,23,4,11,0.364,1,3,0.333,2,2,1.0,0,3,3,4,1,0,1,2,11,5,1,
22023,1630175,22300391,"DEC 23, 2023",ORL @ IND,W,24,4,11,0.364,2,6,0.333,2,4,0.5,1,5,6,3,1,0,0,3,12,7,1,
22023,1630175,22300378,"DEC 21, 2023",ORL @ MIL,L,33,7,17,0.412,1,6,0.167,3,3,1.0,4,7,11,6,2,0,0,2,18,16,1,
22023,1630175,22300366,"DEC 20, 2023",ORL vs. MIA,L,25,8,13,0.615,2,5,0.4,2,2,1.0,1,3,4,3,1,1,3,4,20,-6,1,
22023,1630175,22300344,"DEC 17, 2023",ORL @ BOS,L,19,2,8,0.25,0,2,0.0,2,2,1.0,1,0,1,4,0,0,1,0,6,-14,1,
22023,1630175,22300329,"DEC 15, 2023",ORL @ BOS,L,20,5,8,0.625,2,3,0.667,5,6,0.833,0,0,0,4,1,0,1,3,17,-12,1,
22023,1630175,22300294,"DEC 11, 2023",ORL vs. CLE,W,18,3,6,0.5,1,1,1.0,1,2,0.5,1,1,2,4,0,0,0,3,8,-2,1,
22023,1630175,22301217,"DEC 08, 2023",ORL vs. DET,W,24,6,12,0.5,1,3,0.333,3,3,1.0,0,3,3,6,0,0,1,4,16,23,1,
22023,1630175,22301205,"DEC 06, 2023",ORL @ CLE,L,32,8,14,0.571,1,4,0.25,2,3,0.667,1,6,7,2,1,2,2,3,19,-5,1,
22023,1630175,22300282,"DEC 02, 2023",ORL @ BKN,L,31,8,17,0.471,2,6,0.333,2,2,1.0,1,5,6,1,0,1,1,3,20,-32,1,
22023,1630175,22300274,"DEC 01, 2023",ORL vs. WAS,W,17,1,3,0.333,0,0,0.0,2,2,1.0,0,1,1,2,2,1,1,5,4,-4,1,
22023,1630175,22300259,"NOV 29, 2023",ORL vs. WAS,W,26,9,16,0.563,3,5,0.6,4,5,0.8,3,3,6,5,0,2,1,4,25,14,1,
22023,1630175,22300248,"NOV 26, 2023",ORL vs. CHA,W,32,9,16,0.563,1,3,0.333,11,12,0.917,1,6,7,7,2,1,2,3,30,15,1,
22023,1630175,22300043,"NOV 24, 2023",ORL vs. BOS,W,29,6,17,0.353,2,4,0.5,2,4,0.5,1,2,3,6,2,1,3,4,16,17,1,
22023,1630175,22300226,"NOV 22, 2023",ORL vs. DEN,W,29,6,11,0.545,1,4,0.25,7,8,0.875,3,2,5,0,0,0,0,3,20,2,1,
22023,1630175,22300038,"NOV 21, 2023",ORL vs. TOR,W,29,5,10,0.5,2,4,0.5,3,3,1.0,2,3,5,10,0,0,2,3,15,8,1,
22023,1630175,22300209,"NOV 19, 2023",ORL @ IND,W,25,5,12,0.417,1,3,0.333,4,4,1.0,0,5,5,3,0,1,4,4,15,11,1,
22023,1630175,22300033,"NOV 17, 2023",ORL @ CHI,W,37,3,12,0.25,1,5,0.2,4,4,1.0,2,6,8,7,1,0,2,4,11,7,1,
22023,1630175,22300196,"NOV 15, 2023",ORL @ CHI,W,22,6,11,0.545,2,3,0.667,2,2,1.0,1,4,5,3,1,0,3,5,16,4,1,
22023,1630175,22300020,"NOV 14, 2023",ORL @ BKN,L,28,2,10,0.2,2,8,0.25,4,4,1.0,3,3,6,2,0,0,4,0,10,1,1,
22023,1630175,22300173,"NOV 11, 2023",ORL vs. MIL,W,14,0,3,0.0,0,1,0.0,4,4,1.0,0,2,2,3,1,0,3,2,4,14,1,
22023,1630175,22300172,"NOV 09, 2023",ORL vs. ATL,L,23,1,7,0.143,0,4,0.0,5,6,0.833,1,1,2,2,0,0,3,3,7,-3,1,
22023,1630175,22300147,"NOV 06, 2023",ORL vs. DAL,L,30,7,13,0.538,2,5,0.4,3,5,0.6,0,2,2,5,1,2,3,3,19,-14,1,
22023,1630175,22300134,"NOV 04, 2023",ORL vs. LAL,W,23,4,9,0.444,3,5,0.6,3,3,1.0,3,2,5,1,0,0,3,1,14,-6,1,
22023,1630175,22300130,"NOV 02, 2023",ORL @ UTA,W,31,5,10,0.5,2,4,0.5,6,6,1.0,0,7,7,7,2,0,3,3,18,-7,1,
22023,1630175,22300114,"OCT 31, 2023",ORL @ LAC,L,18,3,6,0.5,0,2,0.0,4,6,0.667,0,2,2,1,0,0,1,3,10,-18,1,
22023,1630175,22300111,"OCT 30, 2023",ORL @ LAL,L,21,4,12,0.333,1,3,0.333,3,4,0.75,0,3,3,2,3,0,1,2,12,-9,1,
22023,1630175,22300086,"OCT 27, 2023",ORL @ POR,W,28,6,15,0.4,3,7,0.429,3,6,0.5,1,3,4,2,0,1,1,3,18,-9,1,
22023,1630175,22300066,"OCT 25, 2023",ORL vs. HOU,W,24,8,12,0.667,1,2,0.5,3,3,1.0,1,7,8,2,0,0,0,2,20,17,1,
22023,1630177,22300787,"FEB 14, 2024",PHX vs. DET,W,10,1,2,0.5,0,0,0.0,3,3,1.0,0,1,1,0,0,0,3,3,5,-11,1,
22023,1630177,22300739,"FEB 08, 2024",PHX vs. UTA,W,1,0,1,0.0,0,0,0.0,0,0,0.0,0,0,0,0,0,0,0,0,0,0,1,
22023,1630177,22300057,"NOV 28, 2023",CHA @ NYK,L,5,0,2,0.0,0,1,0.0,0,0,0.0,0,0,0,2,0,0,0,1,0,-1,1,
22023,1630177,22300248,"NOV 26, 2023",CHA @ ORL,L,4,0,0,0.0,0,0,0.0,0,0,0.0,0,0,0,3,0,0,0,0,0,1,1,
22023,1630177,22300027,"NOV 17, 2023",CHA vs. MIL,L,4,0,0,0.0,0,0,0.0,0,0,0.0,0,0,0,0,0,0,1,0,0,-11,1,
22023,1630177,22300017,"NOV 14, 2023",CHA vs. MIA,L,23,0,5,0.0,0,2,0.0,2,2,1.0,0,3,3,3,0,0,2,1,2,3,1,
22023,1630177,22300177,"NOV 12, 2023",CHA @ NYK,L,25,2,12,0.167,2,7,0.286,0,0,0.0,2,0,2,4,0,0,2,3,6,-20,1,
22023,1630177,22300009,"NOV 10, 2023",CHA @ WAS,W,16,2,5,0.4,0,1,0.0,0,0,0.0,1,4,5,4,1,0,2,1,4,1,1,
22023,1630177,22300157,"NOV 08, 2023",CHA vs. WAS,L,18,4,7,0.571,1,2,0.5,0,0,0.0,0,1,1,0,1,0,1,2,9,-21,1,
22023,1630177,22300143,"NOV 05, 2023",CHA @ DAL,L,21,4,9,0.444,1,6,0.167,0,0,0.0,0,0,0,4,0,0,1,1,9,-7,1,
22023,1630177,22300133,"NOV 04, 2023",CHA @ IND,W,14,0,3,0.0,0,2,0.0,0,0,0.0,0,0,0,0,0,0,1,4,0,4,1,
22023,1630177,22300122,"NOV 01, 2023",CHA @ HOU,L,21,2,7,0.286,1,2,0.5,0,0,0.0,1,5,6,2,1,0,3,2,5,4,1,
22023,1630177,22300101,"OCT 30, 2023",CHA vs. BKN,L,20,2,9,0.222,0,5,0.0,5,5,1.0,0,1,1,2,2,0,0,0,9,-3,1,
22023,1630177,22300077,"OCT 27, 2023",CHA vs. DET,L,14,1,2,0.5,0,0,0.0,4,5,0.8,0,2,2,0,2,0,1,0,6,-2,1,
22023,1630177,22300063,"OCT 25, 2023",CHA vs. ATL,W,16,2,5,0.4,0,2,0.0,0,0,0.0,0,3,3,4,0,0,1,3,4,-5,1,
22023,1630178,22300779,"FEB 14, 2024",PHI vs. MIA,L,39,12,23,0.522,2,7,0.286,4,4,1.0,1,5,6,7,0,0,3,2,30,-3,1,
22023,1630178,22300762,"FEB 12, 2024",PHI @ CLE,W,42,9,21,0.429,2,5,0.4,2,4,0.5,1,3,4,9,0,0,4,5,22,-2,1,
22023,1630178,22300753,"FEB 10, 2024",PHI @ WAS,W,36,11,25,0.44,3,7,0.429,3,4,0.75,0,9,9,7,0,0,2,1,28,-10,1,
22023,1630178,22300727,"FEB 07, 2024",PHI vs. GSW,L,30,5,14,0.357,2,7,0.286,0,0,0.0,0,2,2,3,1,1,3,2,12,-27,1,
22023,1630178,22300715,"FEB 05, 2024",PHI vs. DAL,L,33,6,16,0.375,1,5,0.2,2,3,0.667,0,2,2,7,0,0,3,4,15,-23,1,
22023,1630178,22300698,"FEB 03, 2024",PHI vs. BKN,L,31,8,23,0.348,3,8,0.375,4,6,0.667,1,2,3,5,3,0,1,2,23,-15,1,
22023,1630178,22300686,"FEB 01, 2024",PHI @ UTA,W,41,17,27,0.63,7,9,0.778,10,11,0.909,0,2,2,1,0,1,0,4,51,-2,1,
22023,1630178,22300627,"JAN 25, 2024",PHI @ IND,L,29,7,17,0.412,1,8,0.125,7,7,1.0,0,1,1,2,0,1,1,2,22,-29,1,
22023,1630178,22300608,"JAN 22, 2024",PHI vs. SAS,W,42,7,15,0.467,2,5,0.4,2,2,1.0,1,3,4,8,0,0,2,1,18,12,1,
22023,1630178,22300593,"JAN 20, 2024",PHI @ CHA,W,42,7,22,0.318,1,9,0.111,1,2,0.5,0,3,3,8,2,0,0,2,16,18,1,
22023,1630178,22300585,"JAN 19, 2024",PHI @ ORL,W,34,10,20,0.5,4,10,0.4,8,9,0.889,2,1,3,5,3,1,2,1,32,17,1,
22023,1630178,22300566,"JAN 16, 2024",PHI vs. DEN,W,43,9,20,0.45,4,9,0.444,3,7,0.429,1,4,5,9,2,0,1,2,25,9,1,
22023,1630178,22300555,"JAN 15, 2024",PHI vs. HOU,W,35,8,18,0.444,6,10,0.6,5,5,1.0,0,1,1,7,0,0,2,4,27,19,1,
22023,1630178,22300532,"JAN 12, 2024",PHI vs. SAC,W,40,6,17,0.353,3,6,0.5,6,6,1.0,0,3,3,4,3,2,3,3,21,17,1,
22023,1630178,22300521,"JAN 10, 2024",PHI @ ATL,L,43,12,29,0.414,4,11,0.364,7,9,0.778,1,7,8,9,4,0,3,6,35,2,1,
22023,1630178,22300495,"JAN 06, 2024",PHI vs. UTA,L,42,9,24,0.375,1,8,0.125,6,6,1.0,1,0,1,9,3,1,3,0,25,-14,1,
22023,1630178,22300483,"JAN 05, 2024",PHI vs. NYK,L,36,9,20,0.45,1,7,0.143,8,10,0.8,1,3,4,9,2,1,1,1,27,-28,1,
22023,1630178,22300459,"JAN 02, 2024",PHI vs. CHI,W,29,6,12,0.5,4,7,0.571,5,6,0.833,0,1,1,5,0,0,1,2,21,24,1,
22023,1630178,22300442,"DEC 30, 2023",PHI @ CHI,L,35,8,22,0.364,2,8,0.25,2,5,0.4,0,0,0,7,1,0,2,4,20,-12,1,
22023,1630178,22300434,"DEC 29, 2023",PHI @ HOU,W,41,13,26,0.5,2,9,0.222,14,15,0.933,1,3,4,4,0,1,1,1,42,0,1,
22023,1630178,22300415,"DEC 27, 2023",PHI @ ORL,W,34,9,18,0.5,3,6,0.5,2,3,0.667,1,5,6,2,0,1,1,2,23,17,1,
22023,1630178,22300404,"DEC 25, 2023",PHI @ MIA,L,44,4,20,0.2,1,8,0.125,3,6,0.5,0,3,3,5,1,1,0,4,12,3,1,
22023,1630178,22300382,"DEC 22, 2023",PHI vs. TOR,W,41,13,22,0.591,4,10,0.4,3,3,1.0,0,4,4,10,0,0,3,3,33,17,1,
22023,1630178,22300367,"DEC 20, 2023",PHI vs. MIN,W,37,12,24,0.5,5,12,0.417,6,6,1.0,0,1,1,5,0,0,5,4,35,1,1,
22023,1630178,22300351,"DEC 18, 2023",PHI vs. CHI,L,39,9,23,0.391,5,11,0.455,6,6,1.0,2,3,5,8,1,0,3,3,29,11,1,
22023,1630178,22300335,"DEC 16, 2023",PHI @ CHA,W,33,8,13,0.615,5,8,0.625,0,0,0.0,0,2,2,7,2,1,0,1,21,43,1,
22023,1630178,22300327,"DEC 15, 2023",PHI vs. DET,W,27,7,16,0.438,1,6,0.167,4,5,0.8,0,1,1,4,2,0,1,1,19,37,1,
22023,1630178,22300310,"DEC 13, 2023",PHI @ DET,W,33,2,13,0.154,0,6,0.0,5,6,0.833,1,3,4,9,0,0,1,1,9,22,1,
22023,1630178,22300295,"DEC 11, 2023",PHI vs. WAS,W,25,8,13,0.615,5,9,0.556,3,3,1.0,0,1,1,6,0,0,2,1,24,26,1,
22023,1630178,22301218,"DEC 08, 2023",PHI vs. ATL,W,39,8,18,0.444,4,8,0.5,10,12,0.833,0,2,2,7,1,1,0,3,30,-1,1,
22023,1630178,22301208,"DEC 06, 2023",PHI @ WAS,W,38,10,20,0.5,2,6,0.333,4,4,1.0,0,1,1,7,1,0,0,2,26,12,1,
22023,1630178,22300262,"NOV 29, 2023",PHI @ NOP,L,38,13,25,0.52,3,10,0.3,4,4,1.0,0,1,1,3,2,0,4,2,33,-11,1,
22023,1630178,22300255,"NOV 27, 2023",PHI vs. LAL,W,36,9,20,0.45,5,12,0.417,8,9,0.889,0,3,3,8,1,0,0,2,31,25,1,
22023,1630178,22300239,"NOV 25, 2023",PHI @ OKC,W,41,8,17,0.471,3,9,0.333,9,11,0.818,1,7,8,3,0,1,1,5,28,6,1,
22023,1630178,22300232,"NOV 22, 2023",PHI @ MIN,L,34,7,19,0.368,0,5,0.0,2,4,0.5,2,3,5,8,0,1,3,0,16,-18,1,
22023,1630178,22300040,"NOV 21, 2023",PHI vs. CLE,L,47,11,28,0.393,3,12,0.25,5,7,0.714,0,4,4,6,1,0,1,2,30,-8,1,
22023,1630178,22300208,"NOV 19, 2023",PHI @ BKN,W,36,8,20,0.4,6,11,0.545,3,3,1.0,1,1,2,10,0,0,1,0,25,21,1,
22023,1630178,22300029,"NOV 17, 2023",PHI @ ATL,W,40,5,13,0.385,3,6,0.5,6,6,1.0,0,4,4,8,2,0,2,1,19,1,1,
22023,1630178,22300194,"NOV 15, 2023",PHI vs. BOS,L,39,6,15,0.4,3,7,0.429,5,5,1.0,0,3,3,4,0,0,2,3,20,9,1,
22023,1630178,22300019,"NOV 14, 2023",PHI vs. IND,L,38,9,23,0.391,2,5,0.4,7,7,1.0,0,4,4,5,0,1,4,2,27,-6,1,
22023,1630178,22300180,"NOV 12, 2023",PHI vs. IND,W,39,20,32,0.625,7,11,0.636,3,3,1.0,3,4,7,5,0,3,2,2,50,17,1,
22023,1630178,22300008,"NOV 10, 2023",PHI @ DET,W,39,9,19,0.474,2,7,0.286,9,9,1.0,0,6,6,11,3,1,0,3,29,17,1,
22023,1630178,22300159,"NOV 08, 2023",PHI vs. BOS,W,39,11,27,0.407,3,11,0.273,0,1,0.0,1,8,9,5,1,2,1,4,25,-3,1,
22023,1630178,22300148,"NOV 06, 2023",PHI vs. WAS,W,32,9,16,0.563,3,9,0.333,1,1,1.0,0,1,1,11,1,1,0,2,22,9,1,
22023,1630178,22300132,"NOV 04, 2023",PHI vs. PHX,W,36,9,18,0.5,2,6,0.333,2,2,1.0,2,3,5,10,0,1,3,0,22,25,1,
22023,1630178,22300128,"NOV 02, 2023",PHI vs. TOR,W,40,7,16,0.438,0,3,0.0,4,4,1.0,0,1,1,4,2,0,1,1,18,6,1,
22023,1630178,22300098,"OCT 29, 2023",PHI vs. POR,W,35,6,14,0.429,4,8,0.5,10,10,1.0,1,9,10,4,0,0,2,1,26,19,1,
22023,1630178,22300092,"OCT 28, 2023",PHI @ TOR,W,41,12,20,0.6,7,9,0.778,3,3,1.0,1,5,6,7,0,1,1,1,34,10,1,
22023,1630178,22300075,"OCT 26, 2023",PHI @ MIL,L,40,10,22,0.455,3,8,0.375,8,10,0.8,0,4,4,8,2,0,0,3,31,0,1,
22023,1630180,22300777,"FEB 14, 2024",ATL @ CHA,L,32,5,13,0.385,2,5,0.4,2,2,1.0,3,1,4,1,0,1,1,0,14,-28,1,
22023,1630180,22300763,"FEB 12, 2024",ATL vs. CHI,L,32,5,11,0.455,0,5,0.0,1,2,0.5,1,4,5,3,0,0,0,1,11,-7,1,
22023,1630180,22300754,"FEB 10, 2024",ATL vs. HOU,W,39,8,15,0.533,4,9,0.444,4,4,1.0,2,4,6,3,1,1,1,1,24,12,1,
22023,1630180,22300742,"FEB 09, 2024",ATL @ PHI,W,34,4,11,0.364,2,5,0.4,8,8,1.0,5,6,11,1,1,0,0,1,18,8,1,
22023,1630180,22300729,"FEB 07, 2024",ATL @ BOS,L,36,9,16,0.563,4,7,0.571,3,4,0.75,2,7,9,1,1,0,0,1,25,-1,1,
22023,1630180,22300716,"FEB 05, 2024",ATL vs. LAC,L,33,5,8,0.625,3,6,0.5,5,5,1.0,3,2,5,0,1,0,1,1,18,-7,1,
22023,1630180,22300690,"FEB 02, 2024",ATL vs. PHX,W,16,1,7,0.143,0,3,0.0,0,0,0.0,2,1,3,0,0,0,0,0,2,3,1,
22023,1630180,22300669,"JAN 30, 2024",ATL vs. LAL,W,35,5,10,0.5,1,5,0.2,7,8,0.875,4,4,8,2,1,0,0,3,18,19,1,
22023,1630180,22300653,"JAN 28, 2024",ATL vs. TOR,W,41,8,18,0.444,0,6,0.0,10,15,0.667,7,6,13,3,0,0,1,1,26,19,1,
22023,1630180,22300634,"JAN 26, 2024",ATL vs. DAL,L,38,6,13,0.462,2,6,0.333,2,2,1.0,3,4,7,5,0,0,0,3,16,-14,1,
22023,1630180,22300626,"JAN 24, 2024",ATL @ GSW,L,27,6,12,0.5,3,6,0.5,3,3,1.0,3,4,7,3,1,0,0,0,18,-13,1,
22023,1630180,22300613,"JAN 22, 2024",ATL @ SAC,L,30,4,11,0.364,2,7,0.286,3,4,0.75,2,5,7,2,0,0,0,1,13,0,1,
22023,1630180,22300595,"JAN 20, 2024",ATL vs. CLE,L,30,0,12,0.0,0,6,0.0,0,0,0.0,3,4,7,2,0,0,1,3,0,-24,1,
22023,1630180,22300587,"JAN 19, 2024",ATL @ MIA,W,36,4,12,0.333,0,5,0.0,6,7,0.857,1,1,2,0,0,0,1,2,14,-2,1,
22023,1630180,22300570,"JAN 17, 2024",ATL vs. ORL,W,35,1,7,0.143,1,5,0.2,4,4,1.0,2,2,4,0,0,0,0,2,7,-10,1,
22023,1630180,22300559,"JAN 15, 2024",ATL vs. SAS,W,33,3,9,0.333,1,7,0.143,3,4,0.75,4,1,5,2,0,0,0,3,10,0,1,
22023,1630180,22300543,"JAN 13, 2024",ATL vs. WAS,L,27,5,13,0.385,2,7,0.286,4,4,1.0,6,1,7,0,4,0,1,1,16,-15,1,
22023,1630180,22300533,"JAN 12, 2024",ATL vs. IND,L,31,3,10,0.3,3,7,0.429,8,9,0.889,1,3,4,2,1,0,0,1,17,1,1,
22023,1630180,22300521,"JAN 10, 2024",ATL vs. PHI,W,37,6,16,0.375,1,6,0.167,2,3,0.667,6,4,10,1,0,0,1,1,15,-4,1,
22023,1630180,22300499,"JAN 07, 2024",ATL @ ORL,L,38,5,10,0.5,2,4,0.5,4,5,0.8,1,6,7,2,1,0,0,1,16,-17,1,
22023,1630180,22300480,"JAN 05, 2024",ATL @ IND,L,30,2,7,0.286,1,6,0.167,4,4,1.0,3,1,4,2,0,0,1,1,9,-22,1,
22023,1630180,22300467,"JAN 03, 2024",ATL vs. OKC,W,36,3,12,0.25,2,8,0.25,2,2,1.0,2,6,8,2,0,1,0,2,10,6,1,
22023,1630180,22300445,"DEC 31, 2023",ATL @ WAS,W,32,4,10,0.4,2,5,0.4,1,3,0.333,3,8,11,0,0,1,1,3,11,-2,1,
22023,1630180,22300431,"DEC 29, 2023",ATL vs. SAC,L,32,4,14,0.286,3,8,0.375,4,4,1.0,5,2,7,4,1,0,1,2,15,5,1,
22023,1630180,22300408,"DEC 26, 2023",ATL @ CHI,L,34,5,10,0.5,2,6,0.333,1,1,1.0,4,4,8,0,1,0,0,1,13,-7,1,
22023,1630180,22300393,"DEC 23, 2023",ATL vs. MEM,L,38,4,11,0.364,3,9,0.333,3,4,0.75,1,5,6,2,2,0,1,2,14,-7,1,
22023,1630180,22300384,"DEC 22, 2023",ATL @ MIA,L,40,6,14,0.429,2,8,0.25,2,2,1.0,2,8,10,2,2,0,2,2,16,-12,1,
22023,1630180,22300371,"DEC 20, 2023",ATL @ HOU,W,32,3,11,0.273,2,6,0.333,1,1,1.0,4,5,9,0,0,0,1,1,9,16,1,
22023,1630180,22300352,"DEC 18, 2023",ATL vs. DET,W,42,8,15,0.533,2,7,0.286,3,5,0.6,2,2,4,1,2,0,1,1,21,9,1,
22023,1630180,22300336,"DEC 16, 2023",ATL @ CLE,L,36,1,9,0.111,1,7,0.143,2,2,1.0,1,5,6,0,2,0,2,0,5,-10,1,
22023,1630180,22300330,"DEC 15, 2023",ATL @ TOR,W,37,4,12,0.333,2,8,0.25,0,0,0.0,3,7,10,4,0,0,1,3,10,24,1,
22023,1630180,22300313,"DEC 13, 2023",ATL @ TOR,L,38,5,14,0.357,0,5,0.0,2,3,0.667,3,7,10,2,2,0,1,1,12,-3,1,
22023,1630180,22300296,"DEC 11, 2023",ATL vs. DEN,L,40,6,11,0.545,1,4,0.25,3,4,0.75,1,3,4,2,1,1,0,2,16,-8,1,
22023,1630180,22301218,"DEC 08, 2023",ATL @ PHI,L,38,6,20,0.3,3,9,0.333,1,1,1.0,5,3,8,1,0,0,0,1,16,2,1,
22023,1630180,22301209,"DEC 06, 2023",ATL vs. BKN,L,37,7,13,0.538,3,6,0.5,4,4,1.0,4,3,7,1,1,0,3,1,21,9,1,
22023,1630180,22300286,"DEC 02, 2023",ATL @ MIL,L,36,5,7,0.714,4,6,0.667,3,4,0.75,3,6,9,1,0,0,0,2,17,-3,1,
22023,1630180,22300272,"NOV 30, 2023",ATL @ SAS,W,34,5,8,0.625,3,4,0.75,0,0,0.0,2,2,4,0,3,0,1,3,13,0,1,
22023,1630180,22300055,"NOV 28, 2023",ATL @ CLE,L,32,5,8,0.625,2,4,0.5,2,2,1.0,1,3,4,3,2,0,0,4,14,-22,1,
22023,1630180,22300246,"NOV 26, 2023",ATL @ BOS,L,29,3,7,0.429,1,5,0.2,0,0,0.0,3,5,8,1,0,0,0,3,7,-16,1,
22023,1630180,22300241,"NOV 25, 2023",ATL @ WAS,W,32,6,14,0.429,0,4,0.0,1,2,0.5,3,6,9,1,1,0,1,1,13,30,1,
22023,1630180,22300227,"NOV 22, 2023",ATL vs. BKN,W,25,4,8,0.5,1,3,0.333,3,3,1.0,0,2,2,1,2,0,2,2,12,9,1,
22023,1630180,22300039,"NOV 21, 2023",ATL vs. IND,L,31,4,7,0.571,2,4,0.5,2,5,0.4,1,9,10,2,0,0,0,0,12,4,1,
22023,1630180,22300029,"NOV 17, 2023",ATL vs. PHI,L,31,6,9,0.667,2,4,0.5,3,4,0.75,3,4,7,1,1,0,2,1,17,-5,1,
22023,1630180,22300193,"NOV 15, 2023",ATL vs. NYK,L,28,7,10,0.7,2,5,0.4,0,0,0.0,1,1,2,2,2,0,2,3,16,20,1,
22023,1630180,22300018,"NOV 14, 2023",ATL @ DET,W,27,6,13,0.462,2,7,0.286,5,6,0.833,1,3,4,2,2,1,1,0,19,5,1,
22023,1630180,22300175,"NOV 11, 2023",ATL vs. MIA,L,24,3,9,0.333,2,7,0.286,0,0,0.0,3,5,8,0,0,0,4,0,8,-10,1,
22023,1630180,22300172,"NOV 09, 2023",ATL @ ORL,W,29,1,4,0.25,0,0,0.0,0,0,0.0,1,2,3,0,1,0,1,3,2,-8,1,
22023,1630180,22300155,"NOV 06, 2023",ATL @ OKC,L,26,6,11,0.545,3,6,0.5,0,0,0.0,4,4,8,2,0,0,2,1,15,6,1,
22023,1630180,22300135,"NOV 04, 2023",ATL @ NOP,W,26,5,13,0.385,2,7,0.286,0,0,0.0,4,1,5,2,1,0,0,2,12,4,1,
22023,1630180,22300117,"NOV 01, 2023",ATL vs. WAS,W,32,4,10,0.4,2,7,0.286,4,4,1.0,1,6,7,0,1,0,1,1,14,10,1,
22023,1630180,22300104,"OCT 30, 2023",ATL vs. MIN,W,25,4,5,0.8,3,3,1.0,0,0,0.0,0,6,6,1,0,1,1,2,11,17,1,
22023,1630180,22300097,"OCT 29, 2023",ATL @ MIL,W,31,4,9,0.444,1,3,0.333,4,5,0.8,3,6,9,3,0,0,1,0,13,23,1,
22023,1630180,22300079,"OCT 27, 2023",ATL vs. NYK,L,26,2,4,0.5,1,2,0.5,0,0,0.0,0,1,1,1,0,1,1,2,5,-6,1,
22023,1630180,22300063,"OCT 25, 2023",ATL @ CHA,L,29,6,12,0.5,1,4,0.25,2,2,1.0,3,2,5,0,5,0,2,1,15,-2,1,
22023,1630181,22300489,"JAN 05, 2024",MIA @ PHX,L,2,0,0,0.0,0,0,0.0,0,0,0.0,0,0,0,1,0,0,0,1,0,5,1,
22023,1630181,22300475,"JAN 03, 2024",MIA @ LAL,W,1,0,0,0.0,0,0,0.0,0,0,0.0,0,0,0,0,0,0,0,0,0,0,1,
22023,1630181,22300458,"JAN 01, 2024",MIA @ LAC,L,12,0,1,0.0,0,1,0.0,0,0,0.0,0,0,0,0,0,0,0,2,0,9,1,
22023,1630181,22300439,"DEC 30, 2023",MIA @ UTA,L,8,0,1,0.0,0,1,0.0,0,0,0.0,0,2,2,0,0,0,1,1,0,-5,1,
22023,1630181,22300426,"DEC 28, 2023",MIA @ GSW,W,25,3,6,0.5,0,2,0.0,1,2,0.5,2,0,2,3,0,0,1,3,7,8,1,
22023,1630181,22300404,"DEC 25, 2023",MIA vs. PHI,W,17,0,4,0.0,0,3,0.0,0,0,0.0,0,0,0,4,0,0,0,0,0,-9,1,
22023,1630181,22300320,"DEC 14, 2023",MIA vs. CHI,L,9,1,1,1.0,1,1,1.0,0,0,0.0,0,2,2,0,0,0,1,1,3,6,1,
22023,1630181,22300093,"OCT 28, 2023",MIA @ MIN,L,2,0,1,0.0,0,0,0.0,0,0,0.0,0,0,0,0,0,0,0,0,0,7,1,
22023,1630182,22300785,"FEB 14, 2024",DAL vs. SAS,W,18,3,4,0.75,2,2,1.0,0,0,0.0,1,2,3,2,0,0,0,2,8,12,1,
22023,1630182,22300768,"FEB 12, 2024",DAL vs. WAS,W,29,5,8,0.625,1,3,0.333,2,3,0.667,1,3,4,2,2,1,0,4,13,3,1,
22023,1630182,22300748,"FEB 10, 2024",DAL vs. OKC,W,27,2,4,0.5,0,1,0.0,2,2,1.0,0,2,2,2,2,0,1,3,6,20,1,
22023,1630182,22300736,"FEB 08, 2024",DAL @ NYK,W,32,5,9,0.556,2,5,0.4,3,3,1.0,1,5,6,3,1,1,0,2,15,5,1,
22023,1630182,22300720,"FEB 06, 2024",DAL @ BKN,W,33,5,11,0.455,2,5,0.4,0,0,0.0,1,1,2,3,0,0,1,1,12,-5,1,
22023,1630182,22300715,"FEB 05, 2024",DAL @ PHI,W,32,6,9,0.667,4,7,0.571,4,4,1.0,1,5,6,4,2,0,1,0,20,15,1,
22023,1630182,22300702,"FEB 03, 2024",DAL vs. MIL,L,38,7,12,0.583,4,8,0.5,2,2,1.0,0,9,9,3,1,0,3,0,20,-29,1,
22023,1630182,22300680,"JAN 31, 2024",DAL @ MIN,L,29,8,13,0.615,2,3,0.667,0,0,0.0,0,2,2,1,0,0,1,4,18,-19,1,
22023,1630182,22300666,"JAN 29, 2024",DAL vs. ORL,W,33,1,6,0.167,0,3,0.0,0,0,0.0,0,2,2,1,1,0,2,5,2,-18,1,
22023,1630182,22300651,"JAN 27, 2024",DAL vs. SAC,L,33,4,9,0.444,2,6,0.333,1,2,0.5,0,3,3,5,0,0,2,2,11,-14,1,
22023,1630182,22300634,"JAN 26, 2024",DAL @ ATL,W,35,8,12,0.667,4,5,0.8,1,2,0.5,1,1,2,4,0,0,3,5,21,9,1,
22023,1630182,22300625,"JAN 24, 2024",DAL vs. PHX,L,31,3,8,0.375,2,6,0.333,0,0,0.0,3,1,4,3,0,0,1,1,8,-13,1,
22023,1630182,22300611,"JAN 22, 2024",DAL vs. BOS,L,38,5,11,0.455,4,7,0.571,0,0,0.0,1,6,7,1,0,0,3,4,14,-9,1,
22023,1630182,22300556,"JAN 15, 2024",DAL vs. NOP,W,30,4,8,0.5,3,5,0.6,2,6,0.333,1,3,4,3,0,0,1,5,13,14,1,
22023,1630182,22300547,"JAN 13, 2024",DAL vs. NOP,L,32,3,8,0.375,1,3,0.333,2,2,1.0,2,4,6,4,0,0,3,2,9,-3,1,
22023,1630182,22300530,"JAN 11, 2024",DAL vs. NYK,W,35,8,12,0.667,2,4,0.5,0,2,0.0,0,2,2,3,1,0,0,2,18,-15,1,
22023,1630182,22300515,"JAN 09, 2024",DAL vs. MEM,L,23,0,3,0.0,0,1,0.0,0,0,0.0,1,2,3,0,0,1,0,1,0,1,1,
22023,1630182,22300501,"JAN 07, 2024",DAL vs. MIN,W,31,2,3,0.667,0,1,0.0,0,0,0.0,0,5,5,1,0,1,0,2,4,-2,1,
22023,1630182,22300487,"JAN 05, 2024",DAL vs. POR,W,25,7,8,0.875,0,0,0.0,0,0,0.0,2,3,5,5,1,0,1,0,14,28,1,
22023,1630182,22300472,"JAN 03, 2024",DAL vs. POR,W,27,3,5,0.6,0,2,0.0,2,2,1.0,0,4,4,1,2,0,0,4,8,22,1,
22023,1630182,22300457,"JAN 01, 2024",DAL @ UTA,L,21,0,4,0.0,0,1,0.0,0,0,0.0,0,2,2,1,0,0,2,4,0,-21,1,
22023,1630182,22300444,"DEC 30, 2023",DAL @ GSW,W,25,6,8,0.75,3,4,0.75,3,3,1.0,0,0,0,2,0,0,1,0,18,2,1,
22023,1630182,22300423,"DEC 28, 2023",DAL @ MIN,L,15,1,3,0.333,0,1,0.0,0,0,0.0,0,0,0,5,0,0,1,0,2,-7,1,
22023,1630182,22300420,"DEC 27, 2023",DAL vs. CLE,L,21,1,4,0.25,0,2,0.0,0,0,0.0,0,3,3,5,2,0,1,1,2,12,1,
22023,1630182,22300277,"DEC 01, 2023",DAL vs. MEM,L,31,4,10,0.4,1,3,0.333,1,1,1.0,0,2,2,5,3,0,3,0,10,-6,1,
22023,1630182,22300059,"NOV 28, 2023",DAL vs. HOU,W,30,2,4,0.5,1,1,1.0,0,0,0.0,1,6,7,2,0,1,1,4,5,12,1,
22023,1630182,22300244,"NOV 25, 2023",DAL @ LAC,L,9,0,2,0.0,0,1,0.0,0,0,0.0,0,1,1,1,0,0,0,2,0,-15,1,
22023,1630182,22300238,"NOV 22, 2023",DAL @ LAL,W,22,6,10,0.6,3,6,0.5,0,0,0.0,0,3,3,1,0,0,0,1,15,10,1,
22023,1630182,22300212,"NOV 19, 2023",DAL vs. SAC,L,26,4,8,0.5,2,5,0.4,1,2,0.5,1,3,4,5,2,0,1,2,11,-1,1,
22023,1630182,22300205,"NOV 18, 2023",DAL @ MIL,L,20,1,3,0.333,1,3,0.333,0,0,0.0,1,3,4,3,0,0,0,1,3,-27,1,
22023,1630182,22300192,"NOV 15, 2023",DAL @ WAS,W,37,0,4,0.0,0,4,0.0,0,0,0.0,1,3,4,1,1,0,0,1,0,12,1,
22023,1630182,22300022,"NOV 14, 2023",DAL @ NOP,L,28,1,3,0.333,0,2,0.0,0,0,0.0,1,4,5,4,0,0,2,1,2,-14,1,
22023,1630182,22300183,"NOV 12, 2023",DAL @ NOP,W,28,5,11,0.455,3,7,0.429,0,0,0.0,0,2,2,3,2,0,1,1,13,11,1,
22023,1630182,22300014,"NOV 10, 2023",DAL vs. LAC,W,18,1,4,0.25,1,4,0.25,0,0,0.0,0,0,0,3,0,0,0,2,3,-15,1,
22023,1630182,22300168,"NOV 08, 2023",DAL vs. TOR,L,18,1,3,0.333,1,2,0.5,0,0,0.0,0,1,1,2,0,1,1,2,3,-21,1,
22023,1630182,22300147,"NOV 06, 2023",DAL @ ORL,W,20,2,3,0.667,1,2,0.5,1,2,0.5,0,2,2,1,1,0,1,3,6,10,1,
22023,1630182,22300143,"NOV 05, 2023",DAL vs. CHA,W,24,3,9,0.333,1,4,0.25,0,2,0.0,0,2,2,3,1,1,1,1,7,2,1,
22023,1630182,22300006,"NOV 03, 2023",DAL @ DEN,L,27,5,8,0.625,3,5,0.6,0,0,0.0,1,4,5,2,2,0,0,2,13,4,1,
22023,1630182,22300124,"NOV 01, 2023",DAL vs. CHI,W,26,1,5,0.2,1,5,0.2,0,0,0.0,0,3,3,1,0,0,2,2,3,14,1,
22023,1630182,22300106,"OCT 30, 2023",DAL @ MEM,W,34,5,10,0.5,2,4,0.5,0,0,0.0,1,1,2,3,1,0,1,0,12,4,1,
22023,1630182,22300084,"OCT 27, 2023",DAL vs. BKN,W,28,2,7,0.286,0,3,0.0,3,6,0.5,1,2,3,2,3,0,3,2,7,8,1,
22023,1630182,22300073,"OCT 25, 2023",DAL @ SAS,W,30,3,5,0.6,2,2,1.0,3,4,0.75,2,0,2,1,1,0,0,4,11,4,1,
22023,1630183,22300791,"FEB 15, 2024",MIN @ POR,W,28,6,11,0.545,1,4,0.25,4,4,1.0,1,4,5,1,2,0,2,2,17,22,1,
22023,1630183,22300775,"FEB 13, 2024",MIN @ POR,W,24,0,7,0.0,0,3,0.0,0,0,0.0,2,0,2,0,0,1,0,0,0,-6,1,
22023,1630183,22300770,"FEB 12, 2024",MIN @ LAC,W,25,5,8,0.625,1,4,0.25,0,0,0.0,0,0,0,1,1,1,2,3,11,8,1,
22023,1630183,22300738,"FEB 08, 2024",MIN @ MIL,W,19,3,5,0.6,2,4,0.5,0,0,0.0,0,3,3,0,0,2,1,3,8,16,1,
22023,1630183,22300723,"FEB 06, 2024",MIN @ CHI,L,40,6,11,0.545,1,3,0.333,0,0,0.0,1,0,1,3,1,0,4,4,13,1,1,
22023,1630183,22300709,"FEB 04, 2024",MIN vs. HOU,W,29,2,7,0.286,1,3,0.333,0,0,0.0,2,2,4,2,0,1,2,1,5,27,1,
22023,1630183,22300694,"FEB 02, 2024",MIN vs. ORL,L,32,4,10,0.4,2,6,0.333,0,0,0.0,2,2,4,1,1,0,3,5,10,-12,1,
22023,1630183,22300680,"JAN 31, 2024",MIN vs. DAL,W,24,5,10,0.5,0,4,0.0,1,1,1.0,1,1,2,4,0,0,1,4,11,12,1,
22023,1630183,22300664,"JAN 29, 2024",MIN @ OKC,W,31,6,11,0.545,2,5,0.4,0,0,0.0,3,0,3,1,1,0,0,5,14,10,1,
22023,1630183,22300649,"JAN 27, 2024",MIN @ SAS,L,33,2,5,0.4,1,3,0.333,2,2,1.0,0,3,3,2,4,0,0,2,7,11,1,
22023,1630183,22300629,"JAN 25, 2024",MIN @ BKN,W,33,4,6,0.667,1,1,1.0,0,0,0.0,1,3,4,1,0,0,0,2,9,2,1,
22023,1630183,22300620,"JAN 24, 2024",MIN @ WAS,W,30,5,11,0.455,1,4,0.25,2,2,1.0,2,3,5,0,2,0,1,4,13,10,1,
22023,1630183,22300610,"JAN 22, 2024",MIN vs. CHA,L,35,3,9,0.333,2,7,0.286,1,2,0.5,0,5,5,4,1,0,1,2,9,-4,1,
22023,1630183,22300599,"JAN 20, 2024",MIN vs. OKC,L,27,6,11,0.545,3,5,0.6,0,1,0.0,1,1,2,0,0,0,2,4,15,-12,1,
22023,1630183,22300582,"JAN 18, 2024",MIN vs. MEM,W,36,5,9,0.556,1,2,0.5,0,0,0.0,1,2,3,0,1,1,2,0,11,5,1,
22023,1630183,22300569,"JAN 17, 2024",MIN @ DET,W,30,8,11,0.727,3,4,0.75,4,4,1.0,2,1,3,0,1,0,1,0,23,4,1,
22023,1630183,22300553,"JAN 14, 2024",MIN vs. LAC,W,35,6,10,0.6,2,3,0.667,0,0,0.0,1,3,4,4,2,0,4,2,14,4,1,
22023,1630183,22300538,"JAN 12, 2024",MIN vs. POR,W,24,4,8,0.5,1,3,0.333,0,0,0.0,0,2,2,3,2,0,4,1,9,36,1,
22023,1630183,22300517,"JAN 10, 2024",MIN @ BOS,L,24,2,8,0.25,1,4,0.25,0,0,0.0,0,1,1,1,0,0,1,6,5,-12,1,
22023,1630183,22300513,"JAN 09, 2024",MIN @ ORL,W,35,6,10,0.6,2,5,0.4,1,1,1.0,0,9,9,1,1,0,2,1,15,35,1,
22023,1630183,22300501,"JAN 07, 2024",MIN @ DAL,L,37,1,10,0.1,0,5,0.0,0,0,0.0,1,2,3,4,0,0,0,4,2,-7,1,
22023,1630183,22300485,"JAN 05, 2024",MIN @ HOU,W,30,7,10,0.7,2,3,0.667,0,0,0.0,0,3,3,0,1,0,0,1,16,14,1,
22023,1630183,22300471,"JAN 03, 2024",MIN vs. NOP,L,33,5,10,0.5,1,3,0.333,0,0,0.0,0,0,0,2,2,1,1,3,11,-19,1,
22023,1630183,22300451,"JAN 01, 2024",MIN @ NYK,L,33,2,8,0.25,1,5,0.2,3,4,0.75,1,0,1,0,1,1,1,4,8,-9,1,
22023,1630183,22300443,"DEC 30, 2023",MIN vs. LAL,W,26,2,6,0.333,0,1,0.0,2,2,1.0,0,3,3,2,1,1,1,6,6,-3,1,
22023,1630183,22300423,"DEC 28, 2023",MIN vs. DAL,W,34,5,8,0.625,2,3,0.667,0,1,0.0,0,0,0,0,1,4,2,3,12,4,1,
22023,1630183,22300411,"DEC 26, 2023",MIN @ OKC,L,27,3,10,0.3,0,3,0.0,2,2,1.0,1,0,1,1,1,1,2,5,8,-16,1,
22023,1630183,22300400,"DEC 23, 2023",MIN @ SAC,W,41,8,16,0.5,3,9,0.333,1,2,0.5,0,5,5,1,4,1,0,4,20,12,1,
22023,1630183,22300380,"DEC 21, 2023",MIN vs. LAL,W,36,5,8,0.625,2,4,0.5,2,2,1.0,0,1,1,3,1,0,1,2,14,-3,1,
22023,1630183,22300367,"DEC 20, 2023",MIN @ PHI,L,38,8,12,0.667,2,3,0.667,3,5,0.6,1,2,3,0,1,0,0,3,21,-3,1,
22023,1630183,22300353,"DEC 18, 2023",MIN @ MIA,W,30,5,10,0.5,0,0,0.0,0,0,0.0,3,2,5,2,0,3,3,6,10,1,1,
22023,1630183,22300338,"DEC 16, 2023",MIN vs. IND,W,18,2,4,0.5,1,1,1.0,0,0,0.0,0,1,1,0,1,0,1,2,5,8,1,
22023,1630183,22300321,"DEC 14, 2023",MIN @ DAL,W,24,5,9,0.556,0,2,0.0,1,1,1.0,1,1,2,1,0,1,0,3,11,7,1,
22023,1630183,22300301,"DEC 11, 2023",MIN @ NOP,L,27,5,12,0.417,2,6,0.333,0,1,0.0,0,3,3,0,0,0,1,4,12,-3,1,
22023,1630183,22300221,"NOV 20, 2023",MIN vs. NYK,W,5,2,2,1.0,0,0,0.0,0,0,0.0,0,1,1,0,0,0,1,0,4,1,1,
22023,1630183,22300203,"NOV 18, 2023",MIN @ NOP,W,34,5,7,0.714,1,2,0.5,1,1,1.0,0,2,2,1,0,0,2,3,12,8,1,
22023,1630183,22300197,"NOV 15, 2023",MIN @ PHX,L,23,6,10,0.6,0,3,0.0,1,1,1.0,1,1,2,3,2,0,1,4,13,-5,1,
22023,1630183,22300025,"NOV 14, 2023",MIN @ GSW,W,2,0,1,0.0,0,1,0.0,0,0,0.0,0,0,0,0,0,0,0,0,0,2,1,
22023,1630183,22300186,"NOV 12, 2023",MIN @ GSW,W,35,6,8,0.75,1,2,0.5,0,0,0.0,0,0,0,1,0,0,0,5,13,8,1,
22023,1630183,22300013,"NOV 10, 2023",MIN @ SAS,W,26,5,11,0.455,0,2,0.0,0,0,0.0,2,3,5,0,2,0,0,6,10,-1,1,
22023,1630183,22300166,"NOV 08, 2023",MIN vs. NOP,W,26,4,7,0.571,2,5,0.4,0,0,0.0,0,0,0,3,0,0,0,2,10,18,1,
22023,1630183,22300154,"NOV 06, 2023",MIN vs. BOS,W,45,8,18,0.444,4,9,0.444,0,0,0.0,1,1,2,1,1,0,3,3,20,-6,1,
22023,1630183,22300138,"NOV 04, 2023",MIN vs. UTA,W,20,2,4,0.5,1,2,0.5,0,0,0.0,0,0,0,1,1,1,0,6,5,10,1,
22023,1630183,22300123,"NOV 01, 2023",MIN vs. DEN,W,21,3,5,0.6,0,1,0.0,0,0,0.0,3,6,9,2,0,2,4,5,6,19,1,
22023,1630183,22300104,"OCT 30, 2023",MIN @ ATL,L,24,5,6,0.833,2,2,1.0,0,0,0.0,0,3,3,2,0,1,0,2,12,-8,1,
22023,1630184,22300788,"FEB 14, 2024",UTA vs. LAL,L,2,0,1,0.0,0,1,0.0,0,0,0.0,0,0,0,2,1,0,0,0,0,7,1,
22023,1630184,22300769,"FEB 12, 2024",UTA vs. GSW,L,2,0,0,0.0,0,0,0.0,0,0,0.0,0,0,0,0,0,0,0,0,0,-2,1,
22023,1630184,22300637,"JAN 26, 2024",TOR vs. LAC,L,2,0,0,0.0,0,0,0.0,0,0,0.0,0,0,0,0,0,0,0,1,0,-4,1,
22023,1630184,22300547,"JAN 13, 2024",NOP @ DAL,W,7,0,2,0.0,0,1,0.0,2,2,1.0,0,2,2,0,0,0,1,0,2,-3,1,
22023,1630184,22300461,"JAN 02, 2024",NOP vs. BKN,W,5,1,3,0.333,0,2,0.0,0,0,0.0,1,0,1,0,0,0,1,0,2,-3,1,
22023,1630184,22300311,"DEC 13, 2023",NOP @ WAS,W,4,0,1,0.0,0,1,0.0,0,0,0.0,0,1,1,0,0,0,0,0,0,-8,1,
22023,1630184,22301230,"DEC 07, 2023",NOP @ LAL,L,6,1,3,0.333,0,1,0.0,0,0,0.0,0,0,0,0,0,0,1,0,2,-3,1,
22023,1630184,22300222,"NOV 20, 2023",NOP vs. SAC,W,6,1,3,0.333,1,2,0.5,0,0,0.0,0,0,0,2,1,0,0,1,3,-3,1,
22023,1630184,22300022,"NOV 14, 2023",NOP vs. DAL,W,2,1,1,1.0,0,0,0.0,0,0,0.0,0,0,0,0,0,0,0,0,2,0,1,
22023,1630184,22300183,"NOV 12, 2023",NOP vs. DAL,L,8,2,5,0.4,0,0,0.0,1,1,1.0,1,0,1,4,0,0,1,0,5,14,1,
22023,1630184,22300166,"NOV 08, 2023",NOP @ MIN,L,19,1,7,0.143,0,1,0.0,0,0,0.0,1,2,3,2,0,0,1,2,2,7,1,
22023,1630184,22300156,"NOV 06, 2023",NOP @ DEN,L,9,1,2,0.5,0,1,0.0,0,0,0.0,0,0,0,0,0,0,0,1,2,0,1,
22023,1630184,22300135,"NOV 04, 2023",NOP vs. ATL,L,10,0,3,0.0,0,2,0.0,0,0,0.0,0,0,0,4,1,0,0,1,0,-4,1,
22023,1630184,22300129,"NOV 02, 2023",NOP vs. DET,W,20,1,5,0.2,0,1,0.0,4,4,1.0,0,3,3,4,1,0,1,1,6,15,1,
22023,1630184,22300121,"NOV 01, 2023",NOP @ OKC,W,10,2,4,0.5,1,2,0.5,0,0,0.0,0,0,0,0,2,0,1,0,5,-8,1,
22023,1630184,22300108,"OCT 30, 2023",NOP vs. GSW,L,16,4,6,0.667,0,2,0.0,3,4,0.75,1,0,1,2,0,0,0,1,11,-13,1,
22023,1630184,22300090,"OCT 28, 2023",NOP vs. NYK,W,10,1,4,0.25,0,2,0.0,0,0,0.0,0,2,2,0,0,0,0,0,2,-10,1,
22023,1630184,22300071,"OCT 25, 2023",NOP @ MEM,W,11,0,3,0.0,0,2,0.0,0,0,0.0,0,0,0,0,0,1,1,1,0,0,1,
22023,1630188,22300733,"FEB 08, 2024",IND vs. GSW,L,13,6,6,1.0,2,2,1.0,0,0,0.0,3,2,5,0,1,0,0,1,14,3,1,
22023,1630188,22300719,"FEB 06, 2024",IND vs. HOU,W,17,4,6,0.667,1,2,0.5,0,0,0.0,1,2,3,2,0,2,1,3,9,3,1,
22023,1630188,22300707,"FEB 04, 2024",IND @ CHA,W,20,4,9,0.444,1,3,0.333,1,1,1.0,1,4,5,0,0,1,0,0,10,0,1,
22023,1630188,22300685,"FEB 01, 2024",IND @ NYK,L,24,9,11,0.818,2,3,0.667,0,1,0.0,1,8,9,0,2,2,1,0,20,2,1,
22023,1630188,22300670,"JAN 30, 2024",IND @ BOS,L,21,2,6,0.333,0,3,0.0,3,3,1.0,2,2,4,2,0,0,0,2,7,-17,1,
22023,1630188,22300652,"JAN 28, 2024",IND vs. MEM,W,30,8,13,0.615,3,6,0.5,0,0,0.0,3,7,10,2,0,2,1,4,19,-2,1,
22023,1630188,22300636,"JAN 26, 2024",IND vs. PHX,W,20,6,11,0.545,1,3,0.333,0,1,0.0,5,5,10,0,1,1,2,2,13,-5,1,
22023,1630188,22300627,"JAN 25, 2024",IND vs. PHI,W,9,3,4,0.75,0,1,0.0,0,1,0.0,1,0,1,0,0,2,0,6,6,-4,1,
22023,1630188,22300604,"JAN 21, 2024",IND @ PHX,L,19,5,5,1.0,3,3,1.0,2,4,0.5,2,2,4,1,1,2,1,0,15,11,1,
22023,1630188,22300590,"JAN 19, 2024",IND @ POR,L,14,2,5,0.4,1,1,1.0,2,2,1.0,2,1,3,0,0,0,1,2,7,-9,1,
22023,1630188,22300583,"JAN 18, 2024",IND @ SAC,W,25,6,7,0.857,1,2,0.5,4,4,1.0,1,12,13,1,0,1,0,3,17,8,1,
22023,1630188,22300564,"JAN 15, 2024",IND @ UTA,L,19,5,10,0.5,2,5,0.4,0,0,0.0,1,5,6,3,0,1,2,5,12,-28,1,
22023,1630188,22300550,"JAN 14, 2024",IND @ DEN,L,25,4,7,0.571,0,1,0.0,0,1,0.0,2,1,3,3,0,0,0,2,8,-16,1,
22023,1630188,22300533,"JAN 12, 2024",IND @ ATL,W,19,3,7,0.429,0,0,0.0,0,0,0.0,3,4,7,0,0,0,0,1,6,11,1,
22023,1630188,22300507,"JAN 08, 2024",IND vs. BOS,W,27,3,8,0.375,1,4,0.25,4,4,1.0,2,7,9,1,0,3,2,1,11,5,1,
22023,1630188,22300493,"JAN 06, 2024",IND vs. BOS,L,26,2,6,0.333,1,4,0.25,2,2,1.0,1,6,7,2,0,0,0,2,7,-7,1,
22023,1630188,22300480,"JAN 05, 2024",IND vs. ATL,W,23,5,7,0.714,1,3,0.333,0,0,0.0,0,2,2,2,0,0,0,2,11,4,1,
22023,1630188,22300466,"JAN 03, 2024",IND vs. MIL,W,19,5,8,0.625,1,4,0.25,2,2,1.0,2,5,7,3,0,0,1,2,13,23,1,
22023,1630188,22300454,"JAN 01, 2024",IND @ MIL,W,12,3,10,0.3,1,6,0.167,0,0,0.0,1,1,2,0,0,0,0,1,7,-19,1,
22023,1630188,22300441,"DEC 30, 2023",IND vs. NYK,W,21,3,5,0.6,1,2,0.5,2,4,0.5,0,4,4,2,0,2,1,5,9,3,1,
22023,1630188,22300422,"DEC 28, 2023",IND @ CHI,W,25,6,7,0.857,1,2,0.5,2,5,0.4,2,5,7,1,0,0,0,3,15,4,1,
22023,1630188,22300409,"DEC 26, 2023",IND @ HOU,W,23,5,11,0.455,1,4,0.25,1,1,1.0,2,6,8,1,1,2,1,3,12,11,1,
22023,1630188,22300391,"DEC 23, 2023",IND vs. ORL,L,15,4,5,0.8,3,4,0.75,0,1,0.0,1,1,2,1,0,0,2,5,11,-19,1,
22023,1630188,22300365,"DEC 20, 2023",IND vs. CHA,W,8,4,4,1.0,2,2,1.0,0,0,0.0,2,2,4,0,0,0,0,2,10,3,1,
22023,1630188,22300254,"NOV 27, 2023",IND vs. POR,L,12,3,5,0.6,1,2,0.5,2,2,1.0,0,5,5,1,0,0,1,1,9,-8,1,
22023,1630188,22300047,"NOV 24, 2023",IND vs. DET,W,21,2,3,0.667,2,2,1.0,2,2,1.0,1,5,6,0,1,0,1,1,8,0,1,
22023,1630188,22300230,"NOV 22, 2023",IND vs. TOR,L,19,3,5,0.6,0,1,0.0,2,2,1.0,0,5,5,0,0,1,1,2,8,-14,1,
22023,1630188,22300039,"NOV 21, 2023",IND @ ATL,W,5,2,2,1.0,0,0,0.0,2,4,0.5,2,1,3,0,0,0,0,0,6,-10,1,
22023,1630188,22300209,"NOV 19, 2023",IND vs. ORL,L,13,4,5,0.8,1,1,1.0,1,2,0.5,2,2,4,0,0,0,2,3,10,-9,1,
22023,1630188,22300019,"NOV 14, 2023",IND @ PHI,W,3,2,2,1.0,1,1,1.0,0,1,0.0,0,0,0,1,0,0,0,2,5,-2,1,
22023,1630188,22300180,"NOV 12, 2023",IND @ PHI,L,19,4,7,0.571,1,2,0.5,2,2,1.0,1,5,6,1,0,0,2,2,11,-5,1,
22023,1630188,22300158,"NOV 08, 2023",IND vs. UTA,W,25,5,8,0.625,0,0,0.0,6,7,0.857,3,8,11,1,2,1,1,0,16,12,1,
22023,1630188,22300146,"NOV 06, 2023",IND vs. SAS,W,12,4,4,1.0,1,1,1.0,0,0,0.0,1,6,7,2,0,0,1,3,9,10,1,
22023,1630188,22300133,"NOV 04, 2023",IND vs. CHA,L,21,4,6,0.667,2,3,0.667,1,2,0.5,3,6,9,1,0,0,1,4,11,-13,1,
22023,1630188,22300001,"NOV 03, 2023",IND vs. CLE,W,17,6,8,0.75,1,1,1.0,0,0,0.0,2,3,5,2,0,1,3,2,13,-4,1,
22023,1630188,22300102,"OCT 30, 2023",IND vs. CHI,L,16,4,7,0.571,0,2,0.0,0,0,0.0,0,2,2,0,1,1,1,3,8,2,1,
22023,1630188,22300091,"OCT 28, 2023",IND @ CLE,W,19,5,7,0.714,2,3,0.667,1,2,0.5,2,4,6,3,0,0,1,2,13,17,1,
22023,1630188,22300064,"OCT 25, 2023",IND vs. WAS,W,13,5,6,0.833,2,2,1.0,1,1,1.0,3,5,8,0,1,0,0,4,13,6,1,
22023,1630191,22300654,"JAN 28, 2024",DET vs. OKC,W,25,5,10,0.5,1,4,0.25,0,0,0.0,0,1,1,0,0,0,0,1,11,-2,1,
22023,1630191,22300642,"JAN 27, 2024",DET vs. WAS,L,32,3,7,0.429,0,2,0.0,5,6,0.833,4,3,7,2,0,0,0,2,11,-4,1,
22023,1630191,22300619,"JAN 24, 2024",DET vs. CHA,W,34,4,8,0.5,1,2,0.5,2,4,0.5,1,7,8,2,1,0,2,3,11,10,1,
22023,1630191,22300606,"JAN 22, 2024",DET vs. MIL,L,28,5,9,0.556,2,6,0.333,7,8,0.875,1,7,8,2,2,5,1,2,19,-6,1,
22023,1630191,22300569,"JAN 17, 2024",DET vs. MIN,L,25,4,9,0.444,2,5,0.4,2,2,1.0,1,3,4,2,1,3,2,0,12,2,1,
22023,1630191,22300558,"JAN 15, 2024",DET @ WAS,W,38,7,17,0.412,1,6,0.167,1,2,0.5,4,2,6,4,1,2,3,4,16,19,1,
22023,1630191,22300534,"JAN 12, 2024",DET vs. HOU,L,29,6,13,0.462,3,8,0.375,1,2,0.5,0,7,7,1,0,0,3,1,16,-10,1,
22023,1630191,22300406,"DEC 26, 2023",DET vs. BKN,L,36,2,7,0.286,1,2,0.5,2,4,0.5,4,7,11,4,0,0,0,2,7,12,1,
22023,1630191,22300394,"DEC 23, 2023",DET @ BKN,L,33,8,9,0.889,4,5,0.8,0,0,0.0,1,4,5,5,1,1,0,5,20,-2,1,
22023,1630191,22300374,"DEC 21, 2023",DET vs. UTA,L,32,3,4,0.75,1,1,1.0,0,1,0.0,2,8,10,4,0,1,0,0,7,12,1,
22023,1630191,22300327,"DEC 15, 2023",DET @ PHI,L,20,2,6,0.333,0,1,0.0,0,0,0.0,1,3,4,0,0,1,2,4,4,-27,1,
22023,1630191,22300310,"DEC 13, 2023",DET vs. PHI,L,22,1,3,0.333,0,1,0.0,2,2,1.0,2,2,4,2,0,0,2,3,4,-5,1,
22023,1630191,22300293,"DEC 11, 2023",DET vs. IND,L,34,5,5,1.0,1,1,1.0,2,4,0.5,1,6,7,2,0,0,2,3,13,-10,1,
22023,1630191,22301217,"DEC 08, 2023",DET @ ORL,L,29,1,3,0.333,1,3,0.333,0,0,0.0,0,6,6,2,0,0,1,3,3,-19,1,
22023,1630191,22301206,"DEC 06, 2023",DET vs. MEM,L,28,3,7,0.429,1,3,0.333,2,2,1.0,2,5,7,1,0,0,1,5,9,-4,1,
22023,1630191,22300283,"DEC 02, 2023",DET vs. CLE,L,30,4,9,0.444,1,5,0.2,2,2,1.0,1,6,7,5,2,0,3,0,11,6,1,
22023,1630191,22300268,"NOV 30, 2023",DET @ NYK,L,32,2,6,0.333,1,4,0.25,0,0,0.0,2,5,7,0,0,0,2,2,5,-4,1,
22023,1630191,22300258,"NOV 29, 2023",DET vs. LAL,L,25,4,9,0.444,3,7,0.429,1,1,1.0,2,1,3,0,0,1,2,3,12,-20,1,
22023,1630191,22300253,"NOV 27, 2023",DET vs. WAS,L,29,3,11,0.273,1,7,0.143,0,0,0.0,2,6,8,0,1,0,0,2,7,-2,1,
22023,1630191,22300047,"NOV 24, 2023",DET @ IND,L,27,4,8,0.5,0,0,0.0,2,2,1.0,3,3,6,1,2,1,0,1,10,-11,1,
22023,1630191,22300218,"NOV 20, 2023",DET vs. DEN,L,35,4,8,0.5,1,2,0.5,2,2,1.0,1,10,11,1,0,2,1,3,11,-1,1,
22023,1630191,22300211,"NOV 19, 2023",DET @ TOR,L,21,3,7,0.429,1,2,0.5,1,1,1.0,1,4,5,1,0,0,0,1,8,-11,1,
22023,1630191,22300030,"NOV 17, 2023",DET @ CLE,L,31,4,11,0.364,1,4,0.25,2,2,1.0,4,6,10,2,1,2,1,0,11,1,1,
22023,1630191,22300018,"NOV 14, 2023",DET vs. ATL,L,19,4,9,0.444,1,5,0.2,1,1,1.0,0,1,1,0,0,1,0,1,10,0,1,
22023,1630191,22300181,"NOV 12, 2023",DET @ CHI,L,31,6,13,0.462,3,5,0.6,2,4,0.5,6,5,11,2,0,0,3,3,17,-10,1,
22023,1630191,22300008,"NOV 10, 2023",DET vs. PHI,L,32,4,10,0.4,2,5,0.4,0,0,0.0,1,5,6,2,0,1,3,5,10,-16,1,
22023,1630191,22300165,"NOV 08, 2023",DET @ MIL,L,37,3,9,0.333,2,7,0.286,0,0,0.0,1,3,4,1,0,2,1,4,8,-5,1,
22023,1630191,22300145,"NOV 06, 2023",DET vs. GSW,L,39,5,9,0.556,3,5,0.6,4,4,1.0,2,9,11,4,0,1,3,3,17,-1,1,
22023,1630191,22300140,"NOV 05, 2023",DET vs. PHX,L,34,3,6,0.5,1,2,0.5,1,2,0.5,0,2,2,1,0,0,3,0,8,-10,1,
22023,1630191,22300129,"NOV 02, 2023",DET @ NOP,L,35,3,7,0.429,1,3,0.333,4,6,0.667,2,6,8,0,0,2,2,3,11,-18,1,
22023,1630191,22300115,"NOV 01, 2023",DET vs. POR,L,33,5,8,0.625,2,4,0.5,0,0,0.0,2,4,6,4,1,0,2,5,12,3,1,
22023,1630191,22300109,"OCT 30, 2023",DET @ OKC,L,31,4,9,0.444,2,3,0.667,2,2,1.0,0,7,7,1,0,0,2,2,12,-7,1,
22023,1630191,22300088,"OCT 28, 2023",DET vs. CHI,W,34,6,14,0.429,0,3,0.0,2,3,0.667,2,7,9,0,0,0,2,4,14,17,1,
22023,1630191,22300077,"OCT 27, 2023",DET @ CHA,W,36,6,11,0.545,2,5,0.4,1,2,0.5,1,6,7,1,0,1,4,3,15,6,1,
22023,1630191,22300068,"OCT 25, 2023",DET @ MIA,L,35,6,11,0.545,2,3,0.667,0,0,0.0,6,8,14,2,0,0,1,3,14,7,1,
22023,1630192,22300786,"FEB 14, 2024",DEN vs. SAC,L,9,2,4,0.5,0,0,0.0,4,4,1.0,2,0,2,0,0,2,1,1,8,2,1,
22023,1630192,22300767,"FEB 12, 2024",DEN @ MIL,L,8,1,5,0.2,0,0,0.0,0,0,0.0,3,0,3,0,1,0,0,1,2,3,1,
22023,1630192,22300746,"FEB 09, 2024",DEN @ SAC,L,18,2,6,0.333,0,2,0.0,3,4,0.75,0,2,2,3,0,0,0,2,7,-11,1,
22023,1630192,22300682,"JAN 31, 2024",DEN @ OKC,L,9,1,4,0.25,0,0,0.0,0,0,0.0,2,1,3,1,0,0,1,1,2,-12,1,
22023,1630192,22300631,"JAN 25, 2024",DEN @ NYK,L,5,0,2,0.0,0,1,0.0,0,0,0.0,0,1,1,0,0,0,0,0,0,-3,1,
22023,1630192,22300602,"JAN 21, 2024",DEN @ WAS,W,5,1,2,0.5,0,0,0.0,0,0,0.0,1,0,1,2,1,0,2,3,2,-4,1,
22023,1630192,22300539,"JAN 12, 2024",DEN vs. NOP,W,2,0,1,0.0,0,0,0.0,0,0,0.0,0,0,0,0,0,0,0,0,0,-6,1,
22023,1630192,22300524,"JAN 10, 2024",DEN @ UTA,L,6,1,2,0.5,1,1,1.0,2,2,1.0,0,0,0,1,1,0,0,2,5,12,1,
22023,1630192,22300502,"JAN 07, 2024",DEN vs. DET,W,2,0,1,0.0,0,1,0.0,0,0,0.0,0,0,0,0,0,0,0,0,0,-6,1,
22023,1630192,22300488,"JAN 05, 2024",DEN vs. ORL,L,11,1,1,1.0,0,0,0.0,1,2,0.5,1,1,2,0,1,0,2,4,3,2,1,
22023,1630192,22300478,"JAN 04, 2024",DEN @ GSW,W,6,1,1,1.0,0,0,0.0,0,0,0.0,1,2,3,1,0,0,0,0,2,-3,1,
22023,1630192,22300455,"JAN 01, 2024",DEN vs. CHA,W,21,1,5,0.2,0,2,0.0,0,0,0.0,1,2,3,1,0,3,2,2,2,-9,1,
22023,1630192,22300435,"DEC 29, 2023",DEN vs. OKC,L,3,0,1,0.0,0,0,0.0,0,0,0.0,0,0,0,0,0,0,0,0,0,-6,1,
22023,1630192,22300425,"DEC 28, 2023",DEN vs. MEM,W,6,2,3,0.667,0,0,0.0,0,0,0.0,1,2,3,0,0,0,1,2,4,3,1,
22023,1630192,22300402,"DEC 25, 2023",DEN vs. GSW,W,5,0,0,0.0,0,0,0.0,0,0,0.0,0,0,0,0,1,0,0,1,0,-11,1,
22023,1630192,22300390,"DEC 23, 2023",DEN @ CHA,W,12,0,1,0.0,0,0,0.0,0,0,0.0,2,0,2,1,0,2,2,4,0,-7,1,
22023,1630192,22300383,"DEC 22, 2023",DEN @ BKN,W,7,1,2,0.5,0,0,0.0,0,0,0.0,1,2,3,0,0,0,0,2,2,-9,1,
22023,1630192,22300369,"DEC 20, 2023",DEN @ TOR,W,10,0,3,0.0,0,0,0.0,0,2,0.0,2,1,3,1,1,2,2,1,0,-6,1,
22023,1630192,22300356,"DEC 18, 2023",DEN vs. DAL,W,20,5,8,0.625,0,2,0.0,4,4,1.0,2,2,4,2,1,1,1,4,14,10,1,
22023,1630192,22300322,"DEC 14, 2023",DEN vs. BKN,W,6,2,2,1.0,1,1,1.0,0,0,0.0,3,0,3,1,0,0,0,1,5,4,1,
22023,1630192,22300296,"DEC 11, 2023",DEN @ ATL,W,12,1,2,0.5,0,1,0.0,1,1,1.0,1,3,4,1,0,2,1,3,3,-1,1,
22023,1630192,22300263,"NOV 29, 2023",DEN vs. HOU,W,18,2,4,0.5,0,0,0.0,3,4,0.75,2,1,3,0,0,1,0,2,7,-17,1,
22023,1630192,22300257,"NOV 27, 2023",DEN @ LAC,W,12,3,8,0.375,0,0,0.0,2,5,0.4,7,0,7,0,0,3,1,2,8,-13,1,
22023,1630192,22300252,"NOV 26, 2023",DEN vs. SAS,W,1,0,0,0.0,0,0,0.0,0,0,0.0,0,0,0,0,0,0,0,2,0,-2,1,
22023,1630192,22300048,"NOV 24, 2023",DEN @ HOU,L,4,0,1,0.0,0,0,0.0,0,0,0.0,0,0,0,0,0,0,1,0,0,0,1,
22023,1630192,22300226,"NOV 22, 2023",DEN @ ORL,L,12,1,2,0.5,0,0,0.0,1,2,0.5,1,0,1,2,0,0,0,1,3,-9,1,
22023,1630192,22300218,"NOV 20, 2023",DEN @ DET,W,14,2,3,0.667,1,1,1.0,2,3,0.667,1,0,1,0,1,1,1,3,7,2,1,
22023,1630192,22300210,"NOV 19, 2023",DEN @ CLE,L,14,3,4,0.75,1,1,1.0,2,2,1.0,3,1,4,1,0,0,1,2,9,7,1,
22023,1630192,22300034,"NOV 17, 2023",DEN @ NOP,L,4,0,1,0.0,0,0,0.0,0,0,0.0,0,0,0,0,0,0,2,2,0,-10,1,
22023,1630192,22300024,"NOV 14, 2023",DEN vs. LAC,W,12,1,2,0.5,0,0,0.0,1,2,0.5,1,2,3,0,0,0,0,1,3,0,1,
22023,1630192,22300182,"NOV 12, 2023",DEN @ HOU,L,11,1,4,0.25,0,1,0.0,0,0,0.0,2,2,4,0,0,0,0,0,2,-18,1,
22023,1630192,22300169,"NOV 08, 2023",DEN vs. GSW,W,6,0,1,0.0,0,0,0.0,0,0,0.0,0,2,2,2,0,0,0,0,0,-3,1,
22023,1630192,22300156,"NOV 06, 2023",DEN vs. NOP,W,6,0,0,0.0,0,0,0.0,0,0,0.0,1,1,2,1,0,1,1,2,0,-6,1,
22023,1630192,22300139,"NOV 04, 2023",DEN vs. CHI,W,2,0,0,0.0,0,0,0.0,1,2,0.5,0,1,1,0,0,0,0,1,1,-1,1,
22023,1630192,22300006,"NOV 03, 2023",DEN vs. DAL,W,12,2,2,1.0,0,0,0.0,0,1,0.0,1,3,4,0,0,0,1,0,4,-4,1,
22023,1630192,22300123,"NOV 01, 2023",DEN @ MIN,L,18,4,9,0.444,1,3,0.333,0,0,0.0,2,3,5,0,0,2,0,3,9,-6,1,
22023,1630192,22300110,"OCT 30, 2023",DEN vs. UTA,W,13,2,2,1.0,0,0,0.0,2,3,0.667,1,2,3,0,2,0,0,0,6,-5,1,
22023,1630192,22300095,"OCT 29, 2023",DEN @ OKC,W,15,0,1,0.0,0,0,0.0,0,0,0.0,1,2,3,1,0,0,0,2,0,12,1,
22023,1630192,22300078,"OCT 27, 2023",DEN @ MEM,W,13,3,4,0.75,0,0,0.0,1,2,0.5,0,1,1,0,0,2,1,1,7,-2,1,
22023,1630192,22300061,"OCT 24, 2023",DEN vs. LAL,W,12,1,3,0.333,0,1,0.0,2,2,1.0,0,0,0,1,0,0,1,2,4,-3,1,
22023,1630193,22300782,"FEB 14, 2024",TOR vs. IND,L,35,5,11,0.455,1,5,0.2,3,3,1.0,1,5,6,7,0,0,1,2,14,3,1,
22023,1630193,22300764,"FEB 12, 2024",TOR vs. SAS,L,26,2,12,0.167,1,9,0.111,2,2,1.0,0,3,3,3,1,1,3,2,7,-24,1,
22023,1630193,22300756,"FEB 10, 2024",TOR vs. CLE,L,32,4,10,0.4,2,4,0.5,0,0,0.0,1,2,3,4,1,0,0,1,10,-12,1,
22023,1630193,22300744,"FEB 09, 2024",TOR vs. HOU,W,38,9,19,0.474,4,9,0.444,3,4,0.75,0,4,4,2,1,0,1,2,25,21,1,
22023,1630193,22300726,"FEB 07, 2024",TOR @ CHA,W,31,6,13,0.462,3,6,0.5,3,4,0.75,0,3,3,4,0,0,0,1,18,-4,1,
22023,1630193,22300718,"FEB 05, 2024",TOR @ NOP,L,24,3,10,0.3,1,3,0.333,1,1,1.0,1,0,1,6,0,0,2,1,8,-20,1,
22023,1630193,22300710,"FEB 04, 2024",TOR @ OKC,L,43,7,20,0.35,2,9,0.222,1,2,0.5,1,2,3,11,1,0,1,1,17,-1,1,
22023,1630193,22300692,"FEB 02, 2024",TOR @ HOU,L,30,7,16,0.438,6,11,0.545,5,7,0.714,0,1,1,6,0,0,0,2,25,-6,1,
22023,1630193,22300609,"JAN 22, 2024",TOR vs. MEM,L,37,3,13,0.231,2,6,0.333,0,0,0.0,0,5,5,10,2,0,4,1,8,-9,1,
22023,1630193,22300596,"JAN 20, 2024",TOR @ NYK,L,31,4,8,0.5,2,4,0.5,2,3,0.667,0,2,2,11,1,0,2,1,12,-26,1,
22023,1630193,22300580,"JAN 18, 2024",TOR vs. CHI,L,35,4,10,0.4,2,7,0.286,2,2,1.0,0,3,3,3,1,0,2,2,12,-17,1,
22023,1630193,22300574,"JAN 17, 2024",TOR vs. MIA,W,30,6,16,0.375,3,6,0.5,2,2,1.0,1,7,8,9,0,0,2,1,17,-2,1,
22023,1630193,22300563,"JAN 15, 2024",TOR vs. BOS,L,37,8,20,0.4,2,7,0.286,3,4,0.75,0,6,6,3,1,1,0,3,21,2,1,
22023,1630193,22300540,"JAN 12, 2024",TOR @ UTA,L,25,4,8,0.5,3,3,1.0,4,4,1.0,1,2,3,0,0,0,1,1,15,-28,1,
22023,1630193,22300526,"JAN 10, 2024",TOR @ LAC,L,36,7,16,0.438,2,4,0.5,9,9,1.0,0,4,4,6,1,0,1,1,25,-5,1,
22023,1630193,22300516,"JAN 09, 2024",TOR @ LAL,L,26,8,14,0.571,4,6,0.667,1,3,0.333,1,4,5,5,0,0,1,6,21,2,1,
22023,1630193,22300504,"JAN 07, 2024",TOR @ GSW,W,26,4,10,0.4,1,4,0.25,0,0,0.0,1,4,5,10,1,0,0,0,9,4,1,
22023,1630193,22300492,"JAN 05, 2024",TOR @ SAC,L,38,6,17,0.353,4,12,0.333,4,4,1.0,0,5,5,8,0,0,3,1,20,-3,1,
22023,1630193,22300470,"JAN 03, 2024",TOR @ MEM,W,33,8,18,0.444,5,8,0.625,5,6,0.833,0,3,3,5,0,1,1,3,26,9,1,
22023,1630193,22300452,"JAN 01, 2024",TOR vs. CLE,W,28,5,13,0.385,2,5,0.4,2,3,0.667,0,6,6,3,2,0,0,4,14,7,1,
22023,1630193,22300429,"DEC 29, 2023",NYK @ ORL,L,28,4,10,0.4,3,7,0.429,1,1,1.0,0,1,1,1,0,0,1,4,12,3,1,
22023,1630193,22300419,"DEC 27, 2023",NYK @ OKC,L,25,7,10,0.7,4,5,0.8,4,4,1.0,0,0,0,2,0,0,1,0,22,2,1,
22023,1630193,22300401,"DEC 25, 2023",NYK vs. MIL,W,22,7,10,0.7,2,4,0.5,4,4,1.0,0,0,0,1,1,0,1,1,20,14,1,
22023,1630193,22300388,"DEC 23, 2023",NYK vs. MIL,L,22,2,8,0.25,1,5,0.2,2,2,1.0,0,2,2,1,0,0,1,1,7,-11,1,
22023,1630193,22300368,"DEC 20, 2023",NYK @ BKN,W,24,7,12,0.583,4,6,0.667,1,4,0.25,0,0,0,2,1,1,1,0,19,6,1,
22023,1630193,22300359,"DEC 18, 2023",NYK @ LAL,W,29,8,15,0.533,3,7,0.429,1,1,1.0,0,3,3,2,1,0,1,2,20,7,1,
22023,1630193,22300343,"DEC 16, 2023",NYK @ LAC,L,19,3,8,0.375,0,3,0.0,3,4,0.75,0,4,4,3,0,0,0,0,9,3,1,
22023,1630193,22300333,"DEC 15, 2023",NYK @ PHX,W,24,3,8,0.375,1,3,0.333,3,4,0.75,0,5,5,3,2,0,1,2,10,28,1,
22023,1630193,22300318,"DEC 13, 2023",NYK @ UTA,L,18,6,8,0.75,3,4,0.75,0,0,0.0,1,1,2,1,2,0,1,1,15,-13,1,
22023,1630193,22301227,"DEC 08, 2023",NYK @ BOS,L,25,4,10,0.4,3,8,0.375,6,6,1.0,0,0,0,1,0,0,0,2,17,15,1,
22023,1630193,22301201,"DEC 05, 2023",NYK @ MIL,L,19,1,7,0.143,1,4,0.25,4,4,1.0,0,1,1,3,0,0,1,0,7,-10,1,
22023,1630193,22300276,"DEC 01, 2023",NYK @ TOR,W,19,3,6,0.5,1,3,0.333,3,4,0.75,0,1,1,1,1,0,1,0,10,16,1,
22023,1630193,22300268,"NOV 30, 2023",NYK vs. DET,W,19,2,10,0.2,1,5,0.2,0,0,0.0,0,1,1,2,0,0,1,0,5,3,1,
22023,1630193,22300057,"NOV 28, 2023",NYK vs. CHA,W,26,9,20,0.45,4,10,0.4,1,1,1.0,0,3,3,1,0,0,1,1,23,21,1,
22023,1630193,22300247,"NOV 26, 2023",NYK vs. PHX,L,29,4,10,0.4,3,5,0.6,7,8,0.875,0,2,2,1,1,1,0,1,18,5,1,
22023,1630193,22300045,"NOV 24, 2023",NYK vs. MIA,W,26,8,17,0.471,4,8,0.5,0,0,0.0,0,4,4,2,0,1,2,1,20,22,1,
22023,1630193,22300221,"NOV 20, 2023",NYK @ MIN,L,17,4,14,0.286,1,7,0.143,6,6,1.0,0,1,1,0,0,0,0,3,15,-6,1,
22023,1630193,22300202,"NOV 18, 2023",NYK @ CHA,W,23,4,11,0.364,0,5,0.0,1,1,1.0,0,4,4,1,0,0,1,3,9,-1,1,
22023,1630193,22300028,"NOV 17, 2023",NYK @ WAS,W,33,10,18,0.556,3,7,0.429,4,5,0.8,0,6,6,4,1,0,1,5,27,11,1,
22023,1630193,22300193,"NOV 15, 2023",NYK @ ATL,W,28,6,11,0.545,3,5,0.6,5,6,0.833,0,0,0,4,1,0,2,3,20,-12,1,
22023,1630193,22300188,"NOV 13, 2023",NYK @ BOS,L,26,1,10,0.1,1,2,0.5,4,4,1.0,0,6,6,1,1,0,0,3,7,-12,1,
22023,1630193,22300177,"NOV 12, 2023",NYK vs. CHA,W,26,5,9,0.556,4,6,0.667,3,3,1.0,0,5,5,9,0,0,1,1,17,22,1,
22023,1630193,22300161,"NOV 08, 2023",NYK vs. SAS,W,28,8,17,0.471,3,9,0.333,0,0,0.0,0,0,0,5,1,0,0,1,19,-3,1,
22023,1630193,22300151,"NOV 06, 2023",NYK vs. LAC,W,20,3,5,0.6,1,3,0.333,0,0,0.0,0,1,1,5,0,0,0,0,7,22,1,
22023,1630193,22300002,"NOV 03, 2023",NYK @ MIL,L,22,5,10,0.5,1,3,0.333,3,3,1.0,0,3,3,1,0,0,1,1,14,-1,1,
22023,1630193,22300120,"NOV 01, 2023",NYK vs. CLE,L,28,7,16,0.438,0,3,0.0,4,6,0.667,2,4,6,4,1,0,0,0,18,-1,1,
22023,1630193,22300112,"OCT 31, 2023",NYK @ CLE,W,24,6,11,0.545,3,6,0.5,3,3,1.0,0,3,3,2,0,0,3,0,18,9,1,
22023,1630193,22300090,"OCT 28, 2023",NYK @ NOP,L,19,4,9,0.444,0,3,0.0,2,2,1.0,0,1,1,1,0,0,2,3,10,-11,1,
22023,1630193,22300079,"OCT 27, 2023",NYK @ ATL,W,24,4,14,0.286,1,9,0.111,2,2,1.0,0,6,6,6,1,0,4,2,11,-3,1,
22023,1630193,22300065,"OCT 25, 2023",NYK vs. BOS,L,28,7,11,0.636,5,7,0.714,5,6,0.833,2,4,6,4,1,0,2,3,24,-3,1,
22023,1630194,22300779,"FEB 14, 2024",PHI vs. MIA,L,39,7,12,0.583,1,1,1.0,3,3,1.0,3,9,12,2,0,1,0,3,18,-5,1,
22023,1630194,22300762,"FEB 12, 2024",PHI @ CLE,W,29,6,10,0.6,0,1,0.0,1,1,1.0,3,5,8,1,2,2,0,1,13,-6,1,
22023,1630194,22300753,"FEB 10, 2024",PHI @ WAS,W,22,6,8,0.75,0,0,0.0,0,0,0.0,3,4,7,1,0,1,0,3,12,6,1,
22023,1630194,22300742,"FEB 09, 2024",PHI vs. ATL,L,31,5,9,0.556,0,2,0.0,2,3,0.667,6,7,13,1,1,1,1,6,12,-11,1,
22023,1630194,22300727,"FEB 07, 2024",PHI vs. GSW,L,31,3,6,0.5,0,1,0.0,0,0,0.0,4,4,8,4,2,2,0,3,6,-8,1,
22023,1630194,22300715,"FEB 05, 2024",PHI vs. DAL,L,22,1,6,0.167,0,1,0.0,0,0,0.0,3,3,6,0,0,1,0,0,2,-9,1,
22023,1630194,22300698,"FEB 03, 2024",PHI vs. BKN,L,15,1,5,0.2,0,0,0.0,0,0,0.0,2,2,4,0,0,0,0,2,2,-15,1,
22023,1630194,22300686,"FEB 01, 2024",PHI @ UTA,W,28,3,9,0.333,0,1,0.0,1,1,1.0,4,6,10,4,1,2,1,2,7,5,1,
22023,1630194,22300673,"JAN 30, 2024",PHI @ GSW,L,10,0,1,0.0,0,0,0.0,0,0,0.0,0,1,1,0,0,0,0,1,0,3,1,
22023,1630194,22300668,"JAN 29, 2024",PHI @ POR,L,24,5,8,0.625,1,1,1.0,0,1,0.0,3,3,6,3,1,2,2,3,11,-19,1,
22023,1630194,22300644,"JAN 27, 2024",PHI @ DEN,L,42,14,21,0.667,2,4,0.5,0,0,0.0,3,10,13,1,2,0,0,5,30,-12,1,
22023,1630194,22300627,"JAN 25, 2024",PHI @ IND,L,17,3,5,0.6,1,2,0.5,0,0,0.0,1,5,6,1,3,0,1,2,7,8,1,
22023,1630194,22300608,"JAN 22, 2024",PHI vs. SAS,W,14,3,6,0.5,0,0,0.0,0,0,0.0,5,3,8,0,1,1,0,4,6,-6,1,
22023,1630194,22300593,"JAN 20, 2024",PHI @ CHA,W,11,1,2,0.5,0,0,0.0,0,0,0.0,1,7,8,0,0,0,0,0,2,10,1,
22023,1630194,22300585,"JAN 19, 2024",PHI @ ORL,W,15,1,3,0.333,0,1,0.0,0,0,0.0,3,2,5,0,0,0,1,4,2,1,1,
22023,1630194,22300566,"JAN 16, 2024",PHI vs. DEN,W,9,1,1,1.0,0,0,0.0,0,0,0.0,1,1,2,0,0,2,0,1,2,5,1,
22023,1630194,22300555,"JAN 15, 2024",PHI vs. HOU,W,17,3,4,0.75,0,0,0.0,1,2,0.5,2,2,4,2,0,1,1,0,7,2,1,
22023,1630194,22300532,"JAN 12, 2024",PHI vs. SAC,W,24,3,9,0.333,0,1,0.0,2,2,1.0,5,3,8,2,2,3,0,4,8,9,1,
22023,1630194,22300521,"JAN 10, 2024",PHI @ ATL,L,19,4,8,0.5,0,1,0.0,1,1,1.0,1,8,9,2,1,2,0,2,9,-2,1,
22023,1630194,22300495,"JAN 06, 2024",PHI vs. UTA,L,25,7,12,0.583,0,0,0.0,2,4,0.5,3,3,6,1,0,0,1,1,16,-7,1,
22023,1630194,22300483,"JAN 05, 2024",PHI vs. NYK,L,12,3,5,0.6,0,0,0.0,0,0,0.0,0,1,1,0,0,0,0,2,6,-7,1,
22023,1630194,22300459,"JAN 02, 2024",PHI vs. CHI,W,13,1,3,0.333,0,0,0.0,0,0,0.0,0,4,4,0,2,0,0,2,2,-9,1,
22023,1630194,22300442,"DEC 30, 2023",PHI @ CHI,L,28,4,10,0.4,1,2,0.5,2,2,1.0,4,3,7,3,4,1,1,3,11,-7,1,
22023,1630194,22300434,"DEC 29, 2023",PHI @ HOU,W,24,3,5,0.6,0,0,0.0,1,2,0.5,2,0,2,4,1,0,0,3,7,-6,1,
22023,1630194,22300415,"DEC 27, 2023",PHI @ ORL,W,32,6,11,0.545,1,1,1.0,2,3,0.667,5,5,10,3,1,3,2,4,15,8,1,
22023,1630194,22300404,"DEC 25, 2023",PHI @ MIA,L,17,2,3,0.667,0,1,0.0,0,2,0.0,0,2,2,1,0,1,0,5,4,12,1,
22023,1630194,22300382,"DEC 22, 2023",PHI vs. TOR,W,13,1,2,0.5,0,1,0.0,2,2,1.0,1,3,4,0,1,1,0,2,4,8,1,
22023,1630194,22300367,"DEC 20, 2023",PHI vs. MIN,W,12,3,5,0.6,0,0,0.0,2,2,1.0,4,4,8,3,3,1,2,3,8,11,1,
22023,1630194,22300351,"DEC 18, 2023",PHI vs. CHI,L,12,3,5,0.6,0,1,0.0,2,2,1.0,2,2,4,1,1,1,0,2,8,-4,1,
22023,1630194,22300335,"DEC 16, 2023",PHI @ CHA,W,14,2,4,0.5,0,0,0.0,0,0,0.0,1,2,3,1,0,1,0,1,4,11,1,
22023,1630194,22300327,"DEC 15, 2023",PHI vs. DET,W,12,0,1,0.0,0,0,0.0,0,0,0.0,2,3,5,2,0,0,2,1,0,11,1,
22023,1630194,22300310,"DEC 13, 2023",PHI @ DET,W,13,1,3,0.333,0,0,0.0,3,3,1.0,1,3,4,0,0,0,3,2,5,-4,1,
22023,1630194,22300295,"DEC 11, 2023",PHI vs. WAS,W,13,2,2,1.0,0,0,0.0,0,1,0.0,2,4,6,3,0,1,0,3,4,12,1,
22023,1630194,22301218,"DEC 08, 2023",PHI vs. ATL,W,6,1,2,0.5,0,0,0.0,0,0,0.0,2,2,4,0,0,0,3,1,2,-3,1,
22023,1630194,22301208,"DEC 06, 2023",PHI @ WAS,W,10,0,1,0.0,0,1,0.0,0,0,0.0,0,1,1,0,0,0,0,3,0,-3,1,
22023,1630194,22300275,"DEC 01, 2023",PHI @ BOS,L,22,6,7,0.857,1,1,1.0,1,1,1.0,0,4,4,1,0,1,1,3,14,-6,1,
22023,1630194,22300262,"NOV 29, 2023",PHI @ NOP,L,27,3,4,0.75,0,1,0.0,3,3,1.0,2,2,4,5,1,0,3,4,9,1,1,
22023,1630194,22300255,"NOV 27, 2023",PHI vs. LAL,W,17,4,5,0.8,1,1,1.0,0,0,0.0,1,2,3,0,2,0,0,1,9,33,1,
22023,1630194,22300239,"NOV 25, 2023",PHI @ OKC,W,11,2,4,0.5,1,1,1.0,0,0,0.0,2,1,3,0,0,0,2,1,5,-3,1,
22023,1630194,22300232,"NOV 22, 2023",PHI @ MIN,L,26,5,9,0.556,0,0,0.0,0,0,0.0,6,3,9,1,2,4,1,4,10,-10,1,
22023,1630194,22300040,"NOV 21, 2023",PHI vs. CLE,L,9,2,4,0.5,0,0,0.0,0,0,0.0,2,1,3,0,1,0,0,1,4,-5,1,
22023,1630194,22300208,"NOV 19, 2023",PHI @ BKN,W,14,0,4,0.0,0,1,0.0,0,0,0.0,1,3,4,1,0,2,0,2,0,-6,1,
22023,1630194,22300029,"NOV 17, 2023",PHI @ ATL,W,11,1,3,0.333,0,0,0.0,0,0,0.0,1,1,2,0,0,0,0,1,2,-6,1,
22023,1630194,22300194,"NOV 15, 2023",PHI vs. BOS,L,14,4,5,0.8,1,1,1.0,1,2,0.5,3,3,6,2,0,1,1,1,10,15,1,
22023,1630194,22300019,"NOV 14, 2023",PHI vs. IND,L,10,1,1,1.0,0,0,0.0,0,0,0.0,1,0,1,1,0,1,1,1,2,3,1,
22023,1630194,22300180,"NOV 12, 2023",PHI vs. IND,W,15,2,4,0.5,0,0,0.0,0,0,0.0,2,4,6,3,1,0,0,2,4,12,1,
22023,1630194,22300008,"NOV 10, 2023",PHI @ DET,W,12,1,2,0.5,0,0,0.0,0,0,0.0,0,4,4,0,0,0,0,3,2,7,1,
22023,1630194,22300159,"NOV 08, 2023",PHI vs. BOS,W,11,4,5,0.8,0,0,0.0,0,0,0.0,3,1,4,0,1,0,1,0,8,-1,1,
22023,1630194,22300148,"NOV 06, 2023",PHI vs. WAS,W,14,3,3,1.0,0,0,0.0,0,0,0.0,2,4,6,2,1,0,1,1,6,9,1,
22023,1630194,22300132,"NOV 04, 2023",PHI vs. PHX,W,15,2,4,0.5,0,0,0.0,0,0,0.0,1,4,5,1,0,0,0,3,4,13,1,
22023,1630194,22300128,"NOV 02, 2023",PHI vs. TOR,W,12,3,4,0.75,0,0,0.0,0,0,0.0,3,2,5,0,0,1,1,2,6,-5,1,
22023,1630194,22300098,"OCT 29, 2023",PHI vs. POR,W,17,1,5,0.2,0,2,0.0,0,0,0.0,1,4,5,1,0,1,1,2,2,0,1,
22023,1630194,22300092,"OCT 28, 2023",PHI @ TOR,W,13,2,4,0.5,0,0,0.0,0,0,0.0,2,3,5,0,1,0,1,4,4,9,1,
22023,1630194,22300075,"OCT 26, 2023",PHI @ MIL,L,12,1,2,0.5,0,1,0.0,1,2,0.5,1,3,4,2,0,1,2,4,3,0,1,
22023,1630196,22300222,"NOV 20, 2023",SAC @ NOP,L,6,1,2,0.5,0,0,0.0,1,2,0.5,0,0,0,0,0,0,0,1,3,3,1,
22023,1630196,22300198,"NOV 15, 2023",SAC @ LAL,W,0,0,0,0.0,0,0,0.0,0,0,0.0,0,0,0,0,0,0,0,0,0,0,1,
22023,1630196,22300098,"OCT 29, 2023",PHI vs. POR,W,3,0,0,0.0,0,0,0.0,0,0,0.0,0,1,1,0,0,0,0,0,0,3,1,
22023,1630197,22300748,"FEB 10, 2024",OKC @ DAL,L,6,0,1,0.0,0,1,0.0,0,0,0.0,0,0,0,0,0,0,0,0,0,0,1,
22023,1630197,22300695,"FEB 02, 2024",OKC vs. CHA,W,7,1,2,0.5,1,1,1.0,1,2,0.5,0,1,1,0,1,0,0,0,4,-8,1,
22023,1630197,22300622,"JAN 24, 2024",OKC @ SAS,W,5,1,2,0.5,0,1,0.0,0,0,0.0,0,1,1,0,0,0,0,0,2,-4,1,
22023,1630197,22300302,"DEC 11, 2023",OKC vs. UTA,W,9,0,2,0.0,0,2,0.0,0,0,0.0,0,1,1,0,0,0,0,0,0,-17,1,
22023,1630197,22300271,"NOV 30, 2023",OKC vs. LAL,W,3,0,1,0.0,0,0,0.0,0,0,0.0,0,0,0,0,0,0,0,1,0,3,1,
22023,1630197,22300215,"NOV 19, 2023",OKC @ POR,W,9,2,3,0.667,1,1,1.0,0,0,0.0,2,1,3,4,0,0,0,1,5,9,1,
22023,1630197,22300021,"NOV 14, 2023",OKC vs. SAS,W,5,0,1,0.0,0,1,0.0,0,0,0.0,0,1,1,1,0,0,0,0,0,2,1,
22023,1630197,22300109,"OCT 30, 2023",OKC vs. DET,W,2,0,2,0.0,0,2,0.0,0,0,0.0,0,0,0,0,0,0,1,2,0,-8,1,
22023,1630197,22300095,"OCT 29, 2023",OKC vs. DEN,L,14,0,1,0.0,0,1,0.0,1,2,0.5,0,1,1,0,0,1,2,1,1,-11,1,
22023,1630197,22300070,"OCT 25, 2023",OKC @ CHI,W,2,0,1,0.0,0,1,0.0,0,0,0.0,0,2,2,0,0,0,0,0,0,0,1,
22023,1630198,22300772,"FEB 13, 2024",OKC @ ORL,W,13,4,6,0.667,1,3,0.333,1,1,1.0,0,1,1,1,0,0,2,2,10,10,1,
22023,1630198,22300760,"FEB 11, 2024",OKC vs. SAC,W,16,1,1,1.0,1,1,1.0,0,0,0.0,1,2,3,2,1,0,0,2,3,-11,1,
22023,1630198,22300748,"FEB 10, 2024",OKC @ DAL,L,16,2,6,0.333,2,4,0.5,0,0,0.0,0,1,1,1,0,0,0,0,6,-12,1,
22023,1630198,22300664,"JAN 29, 2024",OKC vs. MIN,L,16,2,2,1.0,1,1,1.0,0,0,0.0,2,2,4,0,0,0,1,1,5,16,1,
22023,1630198,22300654,"JAN 28, 2024",OKC @ DET,L,11,2,4,0.5,0,2,0.0,0,0,0.0,0,1,1,0,0,0,1,1,4,-5,1,
22023,1630198,22300640,"JAN 26, 2024",OKC @ NOP,W,13,0,3,0.0,0,2,0.0,2,2,1.0,1,0,1,0,1,0,1,0,2,7,1,
22023,1630198,22300622,"JAN 24, 2024",OKC @ SAS,W,13,3,5,0.6,3,5,0.6,0,0,0.0,1,0,1,0,0,1,0,0,9,17,1,
22023,1630198,22300617,"JAN 23, 2024",OKC vs. POR,W,20,4,5,0.8,1,2,0.5,0,0,0.0,0,1,1,2,0,0,0,2,9,3,1,
22023,1630198,22300599,"JAN 20, 2024",OKC @ MIN,W,22,1,3,0.333,1,2,0.5,2,2,1.0,0,5,5,5,1,0,0,4,5,12,1,
22023,1630198,22300581,"JAN 18, 2024",OKC @ UTA,W,12,2,4,0.5,2,4,0.5,0,0,0.0,1,1,2,1,0,0,0,1,6,-9,1,
22023,1630198,22300568,"JAN 16, 2024",OKC @ LAC,L,23,5,7,0.714,5,6,0.833,0,0,0.0,3,3,6,3,2,0,0,2,15,-12,1,
22023,1630198,22300565,"JAN 15, 2024",OKC @ LAL,L,20,2,10,0.2,0,6,0.0,0,0,0.0,2,5,7,1,2,0,1,1,4,4,1,
22023,1630198,22300546,"JAN 13, 2024",OKC vs. ORL,W,16,4,8,0.5,1,4,0.25,0,0,0.0,0,2,2,1,0,0,1,1,9,1,1,
22023,1630198,22300529,"JAN 11, 2024",OKC vs. POR,W,7,0,0,0.0,0,0,0.0,0,0,0.0,0,1,1,1,1,0,0,0,0,10,1,
22023,1630198,22300522,"JAN 10, 2024",OKC @ MIA,W,22,4,7,0.571,3,6,0.5,0,0,0.0,1,1,2,0,0,0,1,1,11,-4,1,
22023,1630198,22300508,"JAN 08, 2024",OKC @ WAS,W,21,6,10,0.6,4,7,0.571,0,0,0.0,1,3,4,3,0,0,1,0,16,-5,1,
22023,1630198,22300481,"JAN 05, 2024",OKC @ BKN,L,20,1,5,0.2,1,3,0.333,0,0,0.0,0,1,1,1,0,1,1,1,3,3,1,
22023,1630198,22300467,"JAN 03, 2024",OKC @ ATL,L,18,4,8,0.5,1,5,0.2,0,0,0.0,1,0,1,1,1,0,2,2,9,-3,1,
22023,1630198,22300462,"JAN 02, 2024",OKC vs. BOS,W,13,4,5,0.8,2,3,0.667,0,0,0.0,0,3,3,0,0,0,1,1,10,-4,1,
22023,1630198,22300447,"DEC 31, 2023",OKC vs. BKN,W,16,2,2,1.0,2,2,1.0,1,2,0.5,0,1,1,0,0,0,2,1,7,7,1,
22023,1630198,22300435,"DEC 29, 2023",OKC @ DEN,W,13,2,6,0.333,1,5,0.2,0,0,0.0,0,1,1,1,0,0,0,0,5,11,1,
22023,1630198,22300419,"DEC 27, 2023",OKC vs. NYK,W,16,3,6,0.5,2,4,0.5,0,0,0.0,0,2,2,0,0,0,0,1,8,3,1,
22023,1630198,22300411,"DEC 26, 2023",OKC vs. MIN,W,16,3,4,0.75,2,3,0.667,0,0,0.0,1,1,2,2,0,0,0,3,8,9,1,
22023,1630198,22300397,"DEC 23, 2023",OKC vs. LAL,L,20,3,11,0.273,1,6,0.167,0,0,0.0,1,4,5,1,0,2,2,1,7,-20,1,
22023,1630198,22300379,"DEC 21, 2023",OKC vs. LAC,W,25,4,8,0.5,3,7,0.429,0,0,0.0,1,1,2,0,0,1,0,2,11,-11,1,
22023,1630198,22300355,"DEC 18, 2023",OKC vs. MEM,W,19,2,5,0.4,1,3,0.333,0,0,0.0,1,3,4,3,1,0,0,1,5,11,1,
22023,1630198,22300340,"DEC 16, 2023",OKC @ DEN,W,27,4,7,0.571,1,4,0.25,3,4,0.75,0,2,2,1,1,1,3,1,12,12,1,
22023,1630198,22300324,"DEC 14, 2023",OKC @ SAC,L,15,2,7,0.286,1,5,0.2,1,1,1.0,0,1,1,0,0,0,0,1,6,-6,1,
22023,1630198,22300302,"DEC 11, 2023",OKC vs. UTA,W,15,3,8,0.375,3,7,0.429,0,0,0.0,0,0,0,1,0,1,0,1,9,18,1,
22023,1630198,22301222,"DEC 08, 2023",OKC vs. GSW,W,23,1,4,0.25,0,3,0.0,3,3,1.0,0,1,1,1,3,0,0,1,5,28,1,
22023,1630198,22301212,"DEC 06, 2023",OKC @ HOU,L,14,1,5,0.2,1,4,0.25,0,0,0.0,0,1,1,0,0,0,1,1,3,3,1,
22023,1630198,22300287,"DEC 02, 2023",OKC @ DAL,W,25,2,6,0.333,2,5,0.4,0,0,0.0,1,6,7,2,0,0,0,1,6,10,1,
22023,1630198,22300271,"NOV 30, 2023",OKC vs. LAL,W,20,4,8,0.5,2,6,0.333,0,0,0.0,0,5,5,0,1,3,0,0,10,19,1,
22023,1630198,22300058,"NOV 28, 2023",OKC @ MIN,L,24,3,7,0.429,1,5,0.2,2,2,1.0,0,1,1,3,3,0,0,2,9,11,1,
22023,1630198,22300239,"NOV 25, 2023",OKC vs. PHI,L,26,4,14,0.286,3,12,0.25,2,2,1.0,0,3,3,2,0,0,0,3,13,3,1,
22023,1630198,22300234,"NOV 22, 2023",OKC vs. CHI,W,27,6,9,0.667,5,7,0.714,3,3,1.0,0,1,1,0,0,1,0,0,20,11,1,
22023,1630198,22300215,"NOV 19, 2023",OKC @ POR,W,14,5,6,0.833,5,6,0.833,0,0,0.0,0,1,1,1,1,0,1,0,15,20,1,
22023,1630198,22300207,"NOV 18, 2023",OKC @ GSW,W,27,4,9,0.444,2,4,0.5,0,0,0.0,0,4,4,3,1,1,0,2,10,17,1,
22023,1630198,22300201,"NOV 16, 2023",OKC @ GSW,W,25,7,7,1.0,7,7,1.0,2,3,0.667,0,5,5,0,1,0,0,1,23,21,1,
22023,1630198,22300021,"NOV 14, 2023",OKC vs. SAS,W,14,3,5,0.6,2,3,0.667,0,0,0.0,0,2,2,1,2,0,0,1,8,12,1,
22023,1630198,22300185,"NOV 12, 2023",OKC @ PHX,W,16,1,3,0.333,1,2,0.5,0,0,0.0,0,1,1,1,1,1,0,1,3,-13,1,
22023,1630198,22300016,"NOV 10, 2023",OKC @ SAC,L,20,3,9,0.333,3,8,0.375,0,0,0.0,0,1,1,0,1,0,1,0,9,13,1,
22023,1630198,22300167,"NOV 08, 2023",OKC vs. CLE,W,18,2,7,0.286,2,6,0.333,0,0,0.0,0,3,3,0,0,0,1,4,6,8,1,
22023,1630198,22300155,"NOV 06, 2023",OKC vs. ATL,W,20,4,8,0.5,4,8,0.5,0,0,0.0,0,3,3,3,0,0,0,1,12,5,1,
22023,1630198,22300005,"NOV 03, 2023",OKC vs. GSW,L,26,4,6,0.667,3,5,0.6,5,6,0.833,0,0,0,1,0,0,1,0,16,-2,1,
22023,1630198,22300121,"NOV 01, 2023",OKC vs. NOP,L,14,2,7,0.286,2,7,0.286,3,3,1.0,0,1,1,1,0,0,0,0,9,-6,1,
22023,1630198,22300109,"OCT 30, 2023",OKC vs. DET,W,20,3,6,0.5,3,5,0.6,0,0,0.0,0,0,0,0,0,0,1,1,9,2,1,
22023,1630198,22300095,"OCT 29, 2023",OKC vs. DEN,L,17,2,7,0.286,1,4,0.25,0,0,0.0,0,2,2,1,4,0,1,3,5,-5,1,
22023,1630198,22300081,"OCT 27, 2023",OKC @ CLE,W,22,2,10,0.2,1,7,0.143,0,1,0.0,0,3,3,2,0,0,1,1,5,12,1,
22023,1630198,22300070,"OCT 25, 2023",OKC @ CHI,W,22,4,8,0.5,3,6,0.5,3,4,0.75,1,4,5,2,1,0,2,2,14,14,1,
22023,1630200,22300785,"FEB 14, 2024",SAS @ DAL,L,20,2,8,0.25,0,4,0.0,0,0,0.0,0,4,4,2,0,0,0,2,4,-15,1,
22023,1630200,22300764,"FEB 12, 2024",SAS @ TOR,W,28,3,6,0.5,1,2,0.5,0,0,0.0,0,7,7,10,1,0,1,1,7,22,1,
22023,1630200,22300750,"FEB 10, 2024",SAS @ BKN,L,28,2,3,0.667,0,1,0.0,2,2,1.0,1,1,2,2,2,0,2,0,6,-22,1,
22023,1630200,22300734,"FEB 08, 2024",SAS @ ORL,L,23,3,8,0.375,0,2,0.0,4,4,1.0,1,0,1,6,3,0,1,1,10,-17,1,
22023,1630200,22300730,"FEB 07, 2024",SAS @ MIA,L,31,7,11,0.636,2,4,0.5,3,5,0.6,0,2,2,6,0,0,3,0,19,-15,1,
22023,1630200,22300703,"FEB 03, 2024",SAS vs. CLE,L,28,3,10,0.3,0,3,0.0,1,1,1.0,0,5,5,8,1,0,0,0,7,6,1,
22023,1630200,22300696,"FEB 02, 2024",SAS vs. NOP,L,35,8,15,0.533,1,5,0.2,3,4,0.75,1,6,7,7,0,1,4,0,20,-4,1,
22023,1630200,22300681,"JAN 31, 2024",SAS vs. ORL,L,35,2,5,0.4,1,1,1.0,3,4,0.75,1,2,3,8,3,0,1,4,8,-2,1,
22023,1630200,22300665,"JAN 29, 2024",SAS vs. WAS,L,33,5,12,0.417,1,2,0.5,0,0,0.0,0,2,2,8,0,0,0,0,11,-6,1,
22023,1630200,22300649,"JAN 27, 2024",SAS vs. MIN,W,29,5,7,0.714,2,3,0.667,0,0,0.0,3,0,3,11,0,0,2,3,12,18,1,
22023,1630200,22300641,"JAN 26, 2024",SAS vs. POR,W,24,3,4,0.75,1,1,1.0,2,2,1.0,0,1,1,7,3,0,1,0,9,24,1,
22023,1630200,22300608,"JAN 22, 2024",SAS @ PHI,L,33,5,7,0.714,0,1,0.0,2,2,1.0,1,3,4,6,2,0,0,1,12,-13,1,
22023,1630200,22300594,"JAN 20, 2024",SAS @ WAS,W,32,4,9,0.444,0,3,0.0,3,3,1.0,3,5,8,12,3,0,1,0,11,6,1,
22023,1630200,22300584,"JAN 19, 2024",SAS @ CHA,L,32,6,11,0.545,2,3,0.667,2,2,1.0,0,2,2,4,3,0,1,2,16,-2,1,
22023,1630200,22300571,"JAN 17, 2024",SAS @ BOS,L,27,4,9,0.444,1,5,0.2,0,0,0.0,0,4,4,11,0,0,2,2,9,-1,1,
22023,1630200,22300559,"JAN 15, 2024",SAS @ ATL,L,30,3,8,0.375,0,1,0.0,0,0,0.0,0,1,1,12,3,0,3,0,6,5,1,
22023,1630200,22300548,"JAN 13, 2024",SAS vs. CHI,L,32,10,13,0.769,4,6,0.667,6,6,1.0,1,8,9,4,0,0,1,2,30,-14,1,
22023,1630200,22300541,"JAN 12, 2024",SAS vs. CHA,W,22,2,4,0.5,0,1,0.0,2,2,1.0,0,3,3,7,1,0,0,3,6,19,1,
22023,1630200,22300519,"JAN 10, 2024",SAS @ DET,W,27,5,9,0.556,0,1,0.0,1,1,1.0,0,2,2,5,0,1,2,2,11,17,1,
22023,1630200,22300497,"JAN 07, 2024",SAS @ CLE,L,34,7,8,0.875,2,2,1.0,2,2,1.0,0,2,2,4,2,0,2,1,18,11,1,
22023,1630200,22300477,"JAN 04, 2024",SAS vs. MIL,L,35,7,13,0.538,0,2,0.0,4,4,1.0,2,3,5,6,1,0,3,2,18,-9,1,
22023,1630200,22300460,"JAN 02, 2024",SAS @ MEM,L,25,1,6,0.167,0,3,0.0,0,0,0.0,0,4,4,4,1,0,0,2,2,8,1,
22023,1630200,22300448,"DEC 31, 2023",SAS vs. BOS,L,22,4,10,0.4,0,5,0.0,0,0,0.0,1,3,4,2,0,0,1,3,8,-11,1,
22023,1630200,22300437,"DEC 29, 2023",SAS @ POR,L,27,7,9,0.778,0,0,0.0,0,0,0.0,3,5,8,5,0,0,3,2,14,14,1,
22023,1630200,22300427,"DEC 28, 2023",SAS @ POR,W,26,2,6,0.333,0,2,0.0,4,4,1.0,3,2,5,6,1,0,1,0,8,1,1,
22023,1630200,22300412,"DEC 26, 2023",SAS vs. UTA,L,27,3,7,0.429,0,1,0.0,0,1,0.0,3,1,4,7,2,0,0,1,6,-7,1,
22023,1630200,22300398,"DEC 23, 2023",SAS @ DAL,L,18,4,8,0.5,1,4,0.25,0,0,0.0,0,1,1,4,0,0,1,1,9,-23,1,
22023,1630200,22300376,"DEC 21, 2023",SAS @ CHI,L,21,4,6,0.667,1,1,1.0,0,0,0.0,0,1,1,3,1,0,5,0,9,-11,1,
22023,1630200,22300361,"DEC 19, 2023",SAS @ MIL,L,24,7,11,0.636,0,1,0.0,0,0,0.0,0,1,1,5,1,0,2,1,14,-12,1,
22023,1630200,22300345,"DEC 17, 2023",SAS vs. NOP,L,16,2,5,0.4,0,2,0.0,0,0,0.0,0,0,0,5,0,0,0,1,4,-14,1,
22023,1630200,22300316,"DEC 13, 2023",SAS vs. LAL,L,22,3,5,0.6,0,2,0.0,0,0,0.0,0,1,1,5,0,0,2,0,6,-11,1,
22023,1630200,22300298,"DEC 11, 2023",SAS @ HOU,L,16,0,1,0.0,0,1,0.0,3,5,0.6,0,0,0,2,2,0,0,1,3,-4,1,
22023,1630200,22301223,"DEC 08, 2023",SAS vs. CHI,L,28,6,7,0.857,2,2,1.0,4,4,1.0,0,5,5,8,1,0,1,2,18,12,1,
22023,1630200,22301210,"DEC 06, 2023",SAS @ MIN,L,26,2,8,0.25,0,3,0.0,0,0,0.0,0,2,2,5,1,0,0,2,4,-11,1,
22023,1630200,22300278,"DEC 01, 2023",SAS @ NOP,L,23,4,9,0.444,2,4,0.5,0,0,0.0,1,2,3,3,0,0,2,1,10,-10,1,
22023,1630200,22300272,"NOV 30, 2023",SAS vs. ATL,L,24,1,5,0.2,1,3,0.333,0,1,0.0,0,2,2,7,0,0,2,1,3,-2,1,
22023,1630200,22300252,"NOV 26, 2023",SAS @ DEN,L,22,4,8,0.5,0,1,0.0,2,2,1.0,0,4,4,6,0,0,1,2,10,14,1,
22023,1630200,22300051,"NOV 24, 2023",SAS @ GSW,L,17,3,5,0.6,1,1,1.0,0,0,0.0,0,5,5,2,2,0,1,1,7,-10,1,
22023,1630200,22300235,"NOV 22, 2023",SAS vs. LAC,L,20,2,7,0.286,0,2,0.0,0,0,0.0,0,2,2,1,3,0,1,1,4,-6,1,
22023,1630200,22300223,"NOV 20, 2023",SAS vs. LAC,L,23,4,10,0.4,1,3,0.333,2,2,1.0,2,0,2,5,0,0,3,1,11,-12,1,
22023,1630200,22300206,"NOV 18, 2023",SAS vs. MEM,L,21,1,4,0.25,0,1,0.0,0,1,0.0,0,0,0,3,0,0,1,1,2,-18,1,
22023,1630200,22300013,"NOV 10, 2023",SAS vs. MIN,L,26,4,8,0.5,0,1,0.0,0,0,0.0,0,4,4,4,1,1,2,1,8,7,1,
22023,1630200,22300161,"NOV 08, 2023",SAS @ NYK,L,25,6,11,0.545,0,2,0.0,0,1,0.0,0,1,1,5,1,1,0,0,12,-2,1,
22023,1630200,22300146,"NOV 06, 2023",SAS @ IND,L,19,1,5,0.2,0,2,0.0,2,2,1.0,1,0,1,8,0,0,1,1,4,-21,1,
22023,1630200,22300141,"NOV 05, 2023",SAS vs. TOR,L,32,3,10,0.3,0,2,0.0,0,0,0.0,1,2,3,6,0,1,4,4,6,-7,1,
22023,1630200,22300131,"NOV 02, 2023",SAS @ PHX,W,28,3,8,0.375,2,4,0.5,4,4,1.0,1,4,5,10,1,0,1,3,12,19,1,
22023,1630200,22300113,"OCT 31, 2023",SAS @ PHX,W,24,3,4,0.75,0,1,0.0,4,4,1.0,0,2,2,3,1,1,0,0,10,13,1,
22023,1630200,22300099,"OCT 29, 2023",SAS @ LAC,L,20,1,4,0.25,1,2,0.5,2,2,1.0,0,2,2,4,1,0,4,3,5,0,1,
22023,1630200,22300083,"OCT 27, 2023",SAS vs. HOU,W,33,3,8,0.375,0,3,0.0,0,0,0.0,3,3,6,8,2,0,0,0,6,14,1,
22023,1630200,22300073,"OCT 25, 2023",SAS vs. DAL,L,25,5,7,0.714,2,3,0.667,4,4,1.0,1,4,5,6,0,0,1,0,16,1,1,
22023,1630201,22300787,"FEB 14, 2024",DET @ PHX,L,7,1,4,0.25,1,2,0.5,0,0,0.0,0,1,1,0,0,0,0,1,3,8,1,
22023,1630201,22300776,"FEB 13, 2024",DET @ LAL,L,2,0,0,0.0,0,0,0.0,0,0,0.0,0,1,1,0,0,0,0,0,0,3,1,
22023,1630201,22300722,"FEB 06, 2024",NYK vs. MEM,W,12,2,4,0.5,2,3,0.667,0,0,0.0,0,1,1,1,0,0,1,0,6,15,1,
22023,1630201,22300701,"FEB 03, 2024",NYK vs. LAL,L,3,1,2,0.5,0,0,0.0,1,1,1.0,0,0,0,0,0,0,0,0,3,-3,1,
22023,1630201,22300685,"FEB 01, 2024",NYK vs. IND,W,7,0,3,0.0,0,2,0.0,2,2,1.0,0,1,1,1,0,0,0,0,2,-1,1,
22023,1630201,22300671,"JAN 30, 2024",NYK vs. UTA,W,0,0,0,0.0,0,0,0.0,0,0,0.0,0,0,0,0,0,0,0,0,0,0,1,
22023,1630201,22300657,"JAN 29, 2024",NYK @ CHA,W,2,0,0,0.0,0,0,0.0,2,2,1.0,0,1,1,0,0,0,0,0,2,3,1,
22023,1630201,22300643,"JAN 27, 2024",NYK vs. MIA,W,1,0,1,0.0,0,0,0.0,0,0,0.0,0,0,0,0,0,0,0,0,0,-4,1,
22023,1630201,22300631,"JAN 25, 2024",NYK vs. DEN,W,4,1,1,1.0,0,0,0.0,0,0,0.0,0,0,0,0,0,0,0,0,2,2,1,
22023,1630201,22300596,"JAN 20, 2024",NYK vs. TOR,W,3,1,1,1.0,1,1,1.0,0,0,0.0,0,1,1,1,0,0,1,0,3,3,1,
22023,1630201,22300573,"JAN 17, 2024",NYK vs. HOU,W,1,0,0,0.0,0,0,0.0,0,0,0.0,0,0,0,0,0,0,0,0,0,-5,1,
22023,1630201,22300557,"JAN 15, 2024",NYK vs. ORL,L,12,0,4,0.0,0,4,0.0,2,4,0.5,0,0,0,0,0,0,0,0,2,-7,1,
22023,1630201,22300544,"JAN 13, 2024",NYK @ MEM,W,10,4,5,0.8,1,2,0.5,0,0,0.0,0,1,1,3,1,0,1,3,9,-1,1,
22023,1630201,22300514,"JAN 09, 2024",NYK vs. POR,W,4,0,1,0.0,0,1,0.0,2,2,1.0,0,0,0,0,0,0,0,0,2,-5,1,
22023,1630201,22300494,"JAN 06, 2024",NYK @ WAS,W,1,0,1,0.0,0,0,0.0,0,0,0.0,0,0,0,0,0,0,0,0,0,-3,1,
22023,1630201,22300483,"JAN 05, 2024",NYK @ PHI,W,1,0,0,0.0,0,0,0.0,0,0,0.0,0,1,1,0,0,0,0,0,0,2,1,
22023,1630201,22300432,"DEC 29, 2023",TOR @ BOS,L,6,0,0,0.0,0,0,0.0,0,0,0.0,0,0,0,0,2,0,0,1,0,2,1,
22023,1630201,22300416,"DEC 27, 2023",TOR @ WAS,W,5,2,3,0.667,2,3,0.667,0,0,0.0,1,0,1,0,0,0,2,1,6,4,1,
22023,1630201,22300395,"DEC 23, 2023",TOR vs. UTA,L,14,1,3,0.333,1,3,0.333,0,0,0.0,0,2,2,6,0,0,0,1,3,-3,1,
22023,1630201,22300382,"DEC 22, 2023",TOR @ PHI,L,10,1,4,0.25,0,2,0.0,0,0,0.0,2,2,4,2,0,1,3,0,2,9,1,
22023,1630201,22300369,"DEC 20, 2023",TOR vs. DEN,L,16,2,8,0.25,2,3,0.667,0,0,0.0,0,3,3,2,1,0,1,1,6,7,1,
22023,1630201,22300354,"DEC 18, 2023",TOR vs. CHA,W,16,1,6,0.167,0,4,0.0,0,0,0.0,0,3,3,2,0,0,0,1,2,4,1,
22023,1630201,22300330,"DEC 15, 2023",TOR vs. ATL,L,19,3,4,0.75,2,2,1.0,3,4,0.75,0,4,4,1,0,1,2,4,11,-3,1,
22023,1630201,22300313,"DEC 13, 2023",TOR vs. ATL,W,17,0,4,0.0,0,3,0.0,0,0,0.0,0,2,2,8,0,0,2,2,0,-8,1,
22023,1630201,22300297,"DEC 11, 2023",TOR @ NYK,L,17,4,5,0.8,2,2,1.0,0,0,0.0,1,3,4,4,0,0,3,2,10,3,1,
22023,1630201,22301216,"DEC 08, 2023",TOR @ CHA,L,17,3,7,0.429,0,4,0.0,2,2,1.0,0,0,0,4,2,0,1,1,8,8,1,
22023,1630201,22301207,"DEC 06, 2023",TOR vs. MIA,L,6,1,1,1.0,1,1,1.0,0,0,0.0,0,1,1,1,0,0,0,1,3,-3,1,
22023,1630201,22300276,"DEC 01, 2023",TOR vs. NYK,L,11,0,2,0.0,0,1,0.0,0,0,0.0,0,1,1,4,0,1,0,1,0,-3,1,
22023,1630201,22300260,"NOV 29, 2023",TOR vs. PHX,W,14,0,3,0.0,0,3,0.0,2,2,1.0,1,4,5,1,0,0,1,0,2,9,1,
22023,1630201,22300054,"NOV 28, 2023",TOR @ BKN,L,16,2,5,0.4,1,3,0.333,0,0,0.0,0,0,0,1,0,0,0,1,5,-10,1,
22023,1630201,22300251,"NOV 26, 2023",TOR @ CLE,L,17,1,6,0.167,1,4,0.25,0,0,0.0,0,4,4,0,0,0,1,1,3,-13,1,
22023,1630201,22300046,"NOV 24, 2023",TOR vs. CHI,W,14,0,2,0.0,0,2,0.0,2,2,1.0,0,1,1,1,1,0,1,1,2,4,1,
22023,1630201,22300230,"NOV 22, 2023",TOR @ IND,W,20,6,8,0.75,2,3,0.667,0,0,0.0,2,2,4,2,0,1,1,2,14,-4,1,
22023,1630201,22300038,"NOV 21, 2023",TOR @ ORL,L,19,2,4,0.5,1,2,0.5,1,2,0.5,0,3,3,1,1,1,1,1,6,-14,1,
22023,1630201,22300211,"NOV 19, 2023",TOR vs. DET,W,21,3,5,0.6,1,2,0.5,0,2,0.0,0,2,2,4,2,0,1,4,7,0,1,
22023,1630201,22300031,"NOV 17, 2023",TOR vs. BOS,L,19,2,5,0.4,1,1,1.0,0,0,0.0,1,0,1,5,0,0,1,1,5,-15,1,
22023,1630201,22300195,"NOV 15, 2023",TOR vs. MIL,L,27,3,11,0.273,0,8,0.0,1,1,1.0,2,1,3,5,0,1,0,1,7,4,1,
22023,1630201,22300189,"NOV 13, 2023",TOR vs. WAS,W,23,2,5,0.4,1,4,0.25,1,1,1.0,0,2,2,1,1,0,1,2,6,12,1,
22023,1630201,22300174,"NOV 11, 2023",TOR @ BOS,L,23,5,7,0.714,2,4,0.5,0,1,0.0,0,1,1,1,0,0,1,0,12,-21,1,
22023,1630201,22300168,"NOV 08, 2023",TOR @ DAL,W,15,2,5,0.4,2,4,0.5,2,2,1.0,0,4,4,4,0,0,0,2,8,7,1,
22023,1630201,22300141,"NOV 05, 2023",TOR @ SAS,W,15,1,3,0.333,1,2,0.5,2,2,1.0,1,2,3,4,0,0,0,1,5,6,1,
22023,1630201,22300128,"NOV 02, 2023",TOR @ PHI,L,17,2,5,0.4,2,3,0.667,0,0,0.0,1,2,3,1,2,0,1,2,6,-8,1,
22023,1630201,22300116,"NOV 01, 2023",TOR vs. MIL,W,19,1,3,0.333,0,1,0.0,0,0,0.0,1,2,3,4,3,0,3,1,2,-2,1,
22023,1630201,22300105,"OCT 30, 2023",TOR vs. POR,L,15,3,5,0.6,0,2,0.0,0,0,0.0,0,1,1,0,1,0,1,1,6,-9,1,
22023,1630201,22300092,"OCT 28, 2023",TOR vs. PHI,L,13,2,4,0.5,2,2,1.0,1,1,1.0,0,0,0,2,1,0,3,1,7,-2,1,
22023,1630201,22300082,"OCT 27, 2023",TOR @ CHI,L,4,0,1,0.0,0,1,0.0,0,0,0.0,0,0,0,0,0,0,0,0,0,-14,1,
22023,1630201,22300069,"OCT 25, 2023",TOR vs. MIN,W,10,1,3,0.333,1,1,1.0,0,0,0.0,0,0,0,2,1,0,2,4,3,-14,1,
22023,1630202,22300780,"FEB 14, 2024",BOS vs. BKN,W,32,11,16,0.688,6,9,0.667,0,0,0.0,1,3,4,3,0,0,0,1,28,29,1,
22023,1630202,22300771,"FEB 13, 2024",BOS @ BKN,W,15,1,6,0.167,1,5,0.2,0,0,0.0,1,2,3,1,0,0,1,3,3,-8,1,
22023,1630202,22300759,"FEB 11, 2024",BOS @ MIA,W,15,3,5,0.6,2,4,0.5,0,0,0.0,1,2,3,2,0,0,0,0,8,-6,1,
22023,1630202,22300743,"FEB 09, 2024",BOS vs. WAS,W,17,4,7,0.571,2,5,0.4,1,1,1.0,0,6,6,1,0,0,0,0,11,7,1,
22023,1630202,22300729,"FEB 07, 2024",BOS vs. ATL,W,16,3,5,0.6,2,4,0.5,0,0,0.0,0,2,2,2,1,0,2,1,8,11,1,
22023,1630202,22300706,"FEB 04, 2024",BOS vs. MEM,W,15,2,8,0.25,0,6,0.0,2,2,1.0,1,1,2,3,1,0,1,2,6,2,1,
22023,1630202,22300684,"FEB 01, 2024",BOS vs. LAL,L,21,3,6,0.5,2,5,0.4,0,0,0.0,0,0,0,1,0,1,1,1,8,13,1,
22023,1630202,22300670,"JAN 30, 2024",BOS vs. IND,W,17,1,4,0.25,1,3,0.333,0,0,0.0,1,3,4,3,0,0,0,2,3,12,1,
22023,1630202,22300659,"JAN 29, 2024",BOS vs. NOP,W,14,2,5,0.4,1,4,0.25,0,0,0.0,0,0,0,0,1,0,1,3,5,-8,1,
22023,1630202,22300646,"JAN 27, 2024",BOS vs. LAC,L,21,4,8,0.5,3,7,0.429,1,1,1.0,0,4,4,2,0,0,0,1,12,-12,1,
22023,1630202,22300630,"JAN 25, 2024",BOS @ MIA,W,23,4,7,0.571,1,2,0.5,2,2,1.0,0,3,3,3,0,0,0,0,11,13,1,
22023,1630202,22300611,"JAN 22, 2024",BOS @ DAL,W,25,2,7,0.286,1,4,0.25,0,0,0.0,1,6,7,6,1,1,1,1,5,16,1,
22023,1630202,22300603,"JAN 21, 2024",BOS @ HOU,W,30,3,6,0.5,3,5,0.6,0,0,0.0,1,1,2,4,2,0,0,1,9,5,1,
22023,1630202,22300586,"JAN 19, 2024",BOS vs. DEN,L,12,1,2,0.5,1,1,1.0,0,0,0.0,1,1,2,1,0,0,0,1,3,0,1,
22023,1630202,22300571,"JAN 17, 2024",BOS vs. SAS,W,27,4,10,0.4,2,4,0.5,2,2,1.0,1,2,3,4,1,0,0,2,12,17,1,
22023,1630202,22300563,"JAN 15, 2024",BOS @ TOR,W,24,1,7,0.143,1,6,0.167,0,0,0.0,0,3,3,2,0,0,0,2,3,16,1,
22023,1630202,22300542,"JAN 13, 2024",BOS vs. HOU,W,23,7,10,0.7,3,6,0.5,2,2,1.0,2,2,4,3,0,0,2,1,19,12,1,
22023,1630202,22300528,"JAN 11, 2024",BOS @ MIL,L,31,6,13,0.462,2,9,0.222,7,7,1.0,0,4,4,4,0,1,1,1,21,-13,1,
22023,1630202,22300517,"JAN 10, 2024",BOS vs. MIN,W,16,1,4,0.25,1,3,0.333,0,0,0.0,0,1,1,1,0,0,0,0,3,3,1,
22023,1630202,22300507,"JAN 08, 2024",BOS @ IND,L,23,5,6,0.833,4,5,0.8,0,0,0.0,4,3,7,3,0,0,1,2,14,-2,1,
22023,1630202,22300493,"JAN 06, 2024",BOS @ IND,W,15,2,5,0.4,1,3,0.333,0,0,0.0,0,2,2,0,1,0,0,0,5,10,1,
22023,1630202,22300479,"JAN 05, 2024",BOS vs. UTA,W,23,3,10,0.3,1,7,0.143,0,0,0.0,1,1,2,4,1,0,3,3,7,14,1,
22023,1630202,22300462,"JAN 02, 2024",BOS @ OKC,L,25,2,5,0.4,1,4,0.25,0,0,0.0,1,2,3,4,2,0,0,1,5,9,1,
22023,1630202,22300448,"DEC 31, 2023",BOS @ SAS,W,19,4,8,0.5,1,5,0.2,0,2,0.0,1,2,3,7,0,0,0,0,9,10,1,
22023,1630202,22300432,"DEC 29, 2023",BOS vs. TOR,W,25,3,10,0.3,3,8,0.375,0,0,0.0,3,2,5,6,0,0,2,3,9,-3,1,
22023,1630202,22300421,"DEC 28, 2023",BOS vs. DET,W,24,4,11,0.364,1,6,0.167,0,0,0.0,2,2,4,2,1,0,1,0,9,-9,1,
22023,1630202,22300403,"DEC 25, 2023",BOS @ LAL,W,13,4,8,0.5,2,6,0.333,0,0,0.0,2,0,2,0,0,0,0,1,10,-5,1,
22023,1630202,22300389,"DEC 23, 2023",BOS @ LAC,W,23,3,8,0.375,3,5,0.6,0,0,0.0,1,3,4,3,0,0,0,3,9,13,1,
22023,1630202,22300373,"DEC 20, 2023",BOS @ SAC,W,29,6,12,0.5,6,11,0.545,2,3,0.667,0,4,4,4,1,0,1,1,20,10,1,
22023,1630202,22300362,"DEC 19, 2023",BOS @ GSW,L,19,4,6,0.667,3,5,0.6,0,0,0.0,0,0,0,2,0,0,1,1,11,-10,1,
22023,1630202,22300344,"DEC 17, 2023",BOS vs. ORL,W,21,2,5,0.4,1,1,1.0,0,0,0.0,2,4,6,3,0,1,1,3,5,10,1,
22023,1630202,22300329,"DEC 15, 2023",BOS vs. ORL,W,28,7,10,0.7,6,7,0.857,1,2,0.5,1,2,3,5,1,0,0,4,21,8,1,
22023,1630202,22300319,"DEC 14, 2023",BOS vs. CLE,W,14,0,1,0.0,0,1,0.0,0,0,0.0,0,3,3,2,0,1,0,1,0,1,1,
22023,1630202,22300305,"DEC 12, 2023",BOS vs. CLE,W,12,2,5,0.4,2,5,0.4,0,0,0.0,0,3,3,3,2,1,1,1,6,10,1,
22023,1630202,22301227,"DEC 08, 2023",BOS vs. NYK,W,19,2,4,0.5,1,3,0.333,0,0,0.0,1,1,2,2,0,0,0,2,5,-12,1,
22023,1630202,22301202,"DEC 04, 2023",BOS @ IND,L,15,0,5,0.0,0,4,0.0,0,0,0.0,0,4,4,2,0,0,0,0,0,-4,1,
22023,1630202,22300275,"DEC 01, 2023",BOS vs. PHI,W,23,3,7,0.429,2,6,0.333,2,2,1.0,0,2,2,5,1,0,0,1,10,-2,1,
22023,1630202,22300053,"NOV 28, 2023",BOS vs. CHI,W,23,4,10,0.4,3,7,0.429,0,0,0.0,1,4,5,2,1,0,0,0,11,11,1,
22023,1630202,22300246,"NOV 26, 2023",BOS vs. ATL,W,20,2,6,0.333,2,6,0.333,0,0,0.0,0,2,2,0,0,0,0,0,6,-10,1,
22023,1630202,22300043,"NOV 24, 2023",BOS @ ORL,L,13,1,2,0.5,0,0,0.0,0,0,0.0,0,1,1,2,0,0,1,0,2,-6,1,
22023,1630202,22300228,"NOV 22, 2023",BOS vs. MIL,W,21,4,7,0.571,2,4,0.5,0,0,0.0,0,2,2,1,0,0,2,0,10,6,1,
22023,1630202,22300217,"NOV 20, 2023",BOS @ CHA,L,33,8,14,0.571,5,8,0.625,0,0,0.0,2,4,6,3,2,0,0,1,21,16,1,
22023,1630202,22300213,"NOV 19, 2023",BOS @ MEM,W,15,2,5,0.4,1,2,0.5,2,4,0.5,0,3,3,1,0,0,1,0,7,0,1,
22023,1630202,22300031,"NOV 17, 2023",BOS @ TOR,W,17,2,7,0.286,1,5,0.2,0,0,0.0,1,2,3,3,1,0,0,1,5,11,1,
22023,1630202,22300194,"NOV 15, 2023",BOS @ PHI,W,23,2,5,0.4,1,3,0.333,0,0,0.0,1,1,2,3,0,0,0,0,5,7,1,
22023,1630202,22300188,"NOV 13, 2023",BOS vs. NYK,W,19,2,3,0.667,1,1,1.0,0,0,0.0,0,3,3,3,0,0,0,3,5,5,1,
22023,1630202,22300174,"NOV 11, 2023",BOS vs. TOR,W,25,2,5,0.4,1,3,0.333,2,2,1.0,3,3,6,4,0,0,1,1,7,14,1,
22023,1630202,22300010,"NOV 10, 2023",BOS vs. BKN,W,30,5,10,0.5,2,7,0.286,1,2,0.5,4,1,5,3,1,0,0,1,13,9,1,
22023,1630202,22300159,"NOV 08, 2023",BOS @ PHI,L,16,0,4,0.0,0,2,0.0,0,0,0.0,2,0,2,4,0,0,1,0,0,-2,1,
22023,1630202,22300154,"NOV 06, 2023",BOS @ MIN,L,20,0,3,0.0,0,1,0.0,0,0,0.0,3,3,6,3,0,0,0,2,0,13,1,
22023,1630202,22300136,"NOV 04, 2023",BOS @ BKN,W,19,0,4,0.0,0,4,0.0,0,0,0.0,0,0,0,2,0,0,1,2,0,-10,1,
22023,1630202,22300118,"NOV 01, 2023",BOS vs. IND,W,26,6,10,0.6,2,3,0.667,1,1,1.0,1,3,4,9,0,0,0,2,15,32,1,
22023,1630202,22300103,"OCT 30, 2023",BOS @ WAS,W,25,0,8,0.0,0,6,0.0,0,0,0.0,1,6,7,6,1,0,4,3,0,-2,1,
22023,1630202,22300080,"OCT 27, 2023",BOS vs. MIA,W,13,1,1,1.0,1,1,1.0,0,0,0.0,0,0,0,1,0,0,0,2,3,8,1,
22023,1630202,22300065,"OCT 25, 2023",BOS @ NYK,W,11,1,4,0.25,0,3,0.0,2,2,1.0,0,1,1,1,0,0,0,1,4,-8,1,
22023,1630205,22300790,"FEB 15, 2024",MEM vs. MIL,W,29,6,10,0.6,1,1,1.0,0,3,0.0,0,5,5,1,1,0,3,1,13,5,1,
22023,1630205,22300783,"FEB 14, 2024",MEM vs. HOU,W,20,4,8,0.5,1,1,1.0,5,6,0.833,1,7,8,1,0,2,0,1,14,2,1,
22023,1630205,22300766,"FEB 12, 2024",MEM vs. NOP,L,26,5,10,0.5,0,1,0.0,0,0,0.0,1,6,7,0,0,2,2,3,10,-2,1,
22023,1630205,22300706,"FEB 04, 2024",BOS vs. MEM,W,7,2,4,0.5,1,1,1.0,0,0,0.0,1,1,2,0,0,0,0,1,5,11,1,
22023,1630205,22300646,"JAN 27, 2024",BOS vs. LAC,L,8,3,4,0.75,0,0,0.0,2,3,0.667,3,2,5,1,0,0,1,0,8,14,1,
22023,1630205,22300630,"JAN 25, 2024",BOS @ MIA,W,4,1,3,0.333,0,0,0.0,0,0,0.0,0,1,1,1,0,0,1,0,2,3,1,
22023,1630205,22300571,"JAN 17, 2024",BOS vs. SAS,W,5,0,0,0.0,0,0,0.0,0,0,0.0,0,0,0,0,1,0,1,0,0,-2,1,
22023,1630205,22300542,"JAN 13, 2024",BOS vs. HOU,W,7,0,2,0.0,0,0,0.0,0,0,0.0,0,0,0,0,0,0,1,0,0,-2,1,
22023,1630205,22300528,"JAN 11, 2024",BOS @ MIL,L,19,1,6,0.167,0,0,0.0,3,4,0.75,1,3,4,0,0,1,0,2,5,3,1,
22023,1630205,22300479,"JAN 05, 2024",BOS vs. UTA,W,12,2,4,0.5,0,1,0.0,0,0,0.0,1,4,5,0,1,1,1,1,4,-3,1,
22023,1630205,22300448,"DEC 31, 2023",BOS @ SAS,W,7,1,1,1.0,0,0,0.0,0,0,0.0,0,2,2,2,0,0,0,0,2,-1,1,
22023,1630205,22300389,"DEC 23, 2023",BOS @ LAC,W,5,2,3,0.667,0,0,0.0,0,0,0.0,1,1,2,1,0,0,0,0,4,4,1,
22023,1630205,22300373,"DEC 20, 2023",BOS @ SAC,W,2,1,1,1.0,0,0,0.0,0,0,0.0,0,0,0,0,0,0,0,0,2,0,1,
22023,1630205,22300344,"DEC 17, 2023",BOS vs. ORL,W,2,0,0,0.0,0,0,0.0,0,0,0.0,0,0,0,0,0,0,0,1,0,-4,1,
22023,1630205,22300329,"DEC 15, 2023",BOS vs. ORL,W,14,3,7,0.429,1,3,0.333,1,2,0.5,1,2,3,0,2,1,1,2,8,-7,1,
22023,1630205,22300319,"DEC 14, 2023",BOS vs. CLE,W,9,1,3,0.333,0,2,0.0,2,2,1.0,0,1,1,1,1,1,0,3,4,1,1,
22023,1630205,22300053,"NOV 28, 2023",BOS vs. CHI,W,0,0,0,0.0,0,0,0.0,0,0,0.0,0,0,0,0,0,1,0,0,0,0,1,
22023,1630205,22300043,"NOV 24, 2023",BOS @ ORL,L,1,0,0,0.0,0,0,0.0,0,0,0.0,0,0,0,0,0,0,0,0,0,-2,1,
22023,1630205,22300213,"NOV 19, 2023",BOS @ MEM,W,3,0,0,0.0,0,0,0.0,0,0,0.0,0,1,1,0,0,0,0,1,0,-2,1,
22023,1630205,22300154,"NOV 06, 2023",BOS @ MIN,L,4,0,1,0.0,0,0,0.0,0,0,0.0,0,1,1,0,1,0,0,0,0,-5,1,
22023,1630205,22300118,"NOV 01, 2023",BOS vs. IND,W,7,2,4,0.5,0,0,0.0,0,0,0.0,2,0,2,2,0,0,0,2,4,6,1,
22023,1630205,22300103,"OCT 30, 2023",BOS @ WAS,W,6,2,2,1.0,1,1,1.0,0,0,0.0,2,0,2,0,0,0,3,1,5,-4,1,
22023,1630207,22300783,"FEB 14, 2024",HOU @ MEM,L,15,3,5,0.6,2,3,0.667,2,3,0.667,1,2,3,2,1,1,0,2,10,13,1,
22023,1630207,22300709,"FEB 04, 2024",HOU @ MIN,L,4,1,2,0.5,1,2,0.5,2,2,1.0,0,1,1,2,0,0,0,1,5,7,1,
22023,1630207,22300692,"FEB 02, 2024",HOU vs. TOR,W,4,1,2,0.5,0,1,0.0,0,0,0.0,0,0,0,0,1,0,0,0,2,1,1,
22023,1630207,22300679,"JAN 31, 2024",HOU vs. NOP,L,1,0,0,0.0,0,0,0.0,0,0,0.0,0,0,0,0,0,0,0,0,0,2,1,
22023,1630207,22300662,"JAN 29, 2024",HOU vs. LAL,W,0,0,0,0.0,0,0,0.0,0,0,0.0,0,0,0,0,0,0,0,0,0,-3,1,
22023,1630207,22300635,"JAN 26, 2024",HOU @ CHA,W,7,1,2,0.5,0,0,0.0,0,0,0.0,0,3,3,1,0,1,1,2,2,-3,1,
22023,1630207,22300385,"DEC 22, 2023",HOU vs. DAL,W,10,1,3,0.333,1,2,0.5,0,0,0.0,1,1,2,1,0,0,1,3,3,-5,1,
22023,1630207,22300291,"DEC 02, 2023",HOU @ LAL,L,3,0,1,0.0,0,0,0.0,0,0,0.0,0,2,2,0,0,0,0,1,0,8,1,
22023,1630207,22300263,"NOV 29, 2023",HOU @ DEN,L,6,1,1,1.0,1,1,1.0,0,0,0.0,1,0,1,0,0,0,0,0,3,7,1,
22023,1630207,22300153,"NOV 06, 2023",HOU vs. SAC,W,7,2,4,0.5,2,2,1.0,0,0,0.0,0,0,0,0,0,0,0,1,6,-11,1,
22023,1630207,22300137,"NOV 04, 2023",HOU vs. SAC,W,1,0,0,0.0,0,0,0.0,0,0,0.0,0,0,0,0,0,0,0,0,0,0,1,
22023,1630208,22300777,"FEB 14, 2024",CHA vs. ATL,W,29,5,5,1.0,0,0,0.0,2,3,0.667,1,6,7,0,0,0,1,4,12,4,1,
22023,1630208,22300761,"FEB 12, 2024",CHA vs. IND,W,26,6,6,1.0,0,0,0.0,1,3,0.333,3,6,9,1,0,1,2,3,13,3,1,
22023,1630208,22300751,"FEB 10, 2024",CHA vs. MEM,W,25,6,10,0.6,0,0,0.0,1,2,0.5,2,5,7,1,0,2,1,2,13,-8,1,
22023,1630208,22300745,"FEB 09, 2024",CHA @ MIL,L,30,7,9,0.778,0,0,0.0,2,3,0.667,2,9,11,0,0,1,2,2,16,-25,1,
22023,1630208,22300726,"FEB 07, 2024",CHA vs. TOR,L,28,1,2,0.5,0,0,0.0,3,4,0.75,2,4,6,1,1,0,1,3,5,1,1,
22023,1630208,22300713,"FEB 05, 2024",CHA vs. LAL,L,32,1,4,0.25,0,0,0.0,2,2,1.0,1,8,9,1,0,1,1,3,4,-7,1,
22023,1630208,22300707,"FEB 04, 2024",CHA vs. IND,L,33,5,7,0.714,0,0,0.0,2,2,1.0,3,7,10,2,0,0,5,3,12,-10,1,
22023,1630208,22300695,"FEB 02, 2024",CHA @ OKC,L,31,3,5,0.6,0,0,0.0,2,4,0.5,3,8,11,1,0,1,0,1,8,-12,1,
22023,1630208,22300674,"JAN 31, 2024",CHA vs. CHI,L,25,3,4,0.75,0,0,0.0,4,4,1.0,3,3,6,1,0,1,0,5,10,-12,1,
22023,1630208,22300657,"JAN 29, 2024",CHA vs. NYK,L,37,2,2,1.0,0,0,0.0,1,4,0.25,4,4,8,1,0,2,3,3,5,-13,1,
22023,1630208,22300647,"JAN 27, 2024",CHA vs. UTA,L,36,10,11,0.909,0,0,0.0,6,8,0.75,7,6,13,1,0,4,4,4,26,-3,1,
22023,1630208,22300635,"JAN 26, 2024",CHA vs. HOU,L,27,3,6,0.5,0,0,0.0,8,11,0.727,2,5,7,1,0,3,0,1,14,-18,1,
22023,1630208,22300619,"JAN 24, 2024",CHA @ DET,L,27,9,13,0.692,0,0,0.0,3,4,0.75,5,5,10,0,0,1,0,1,21,-7,1,
22023,1630208,22300575,"JAN 17, 2024",CHA @ NOP,L,31,4,5,0.8,0,0,0.0,2,2,1.0,5,7,12,2,0,2,0,2,10,-5,1,
22023,1630208,22300551,"JAN 14, 2024",CHA @ MIA,L,27,1,5,0.2,0,0,0.0,0,0,0.0,0,8,8,0,0,0,1,4,2,-15,1,
22023,1630208,22300541,"JAN 12, 2024",CHA @ SAS,L,22,5,8,0.625,0,0,0.0,2,2,1.0,5,3,8,1,0,1,0,3,12,-19,1,
22023,1630208,22300518,"JAN 10, 2024",CHA vs. SAC,L,26,3,5,0.6,0,0,0.0,2,2,1.0,4,5,9,3,0,1,1,3,8,1,1,
22023,1630208,22300506,"JAN 08, 2024",CHA vs. CHI,L,39,5,6,0.833,0,0,0.0,0,0,0.0,1,7,8,1,0,3,0,4,10,-8,1,
22023,1630208,22300484,"JAN 05, 2024",CHA @ CHI,L,27,2,6,0.333,0,0,0.0,0,2,0.0,5,7,12,1,0,0,2,4,4,-4,1,
22023,1630208,22300464,"JAN 02, 2024",CHA @ SAC,W,26,3,4,0.75,0,0,0.0,1,2,0.5,1,9,10,1,1,2,2,2,7,2,1,
22023,1630208,22300455,"JAN 01, 2024",CHA @ DEN,L,30,7,12,0.583,0,0,0.0,1,2,0.5,2,6,8,1,1,1,0,2,15,-29,1,
22023,1630208,22300436,"DEC 29, 2023",CHA @ PHX,L,31,3,4,0.75,0,0,0.0,0,0,0.0,1,1,2,0,0,0,0,4,6,-21,1,
22023,1630208,22300428,"DEC 28, 2023",CHA @ LAL,L,26,5,5,1.0,0,0,0.0,1,3,0.333,3,7,10,1,2,2,0,3,11,-6,1,
22023,1630208,22300414,"DEC 26, 2023",CHA @ LAC,L,33,5,6,0.833,0,0,0.0,3,4,0.75,2,8,10,2,0,1,1,2,13,-21,1,
22023,1630208,22300390,"DEC 23, 2023",CHA vs. DEN,L,38,4,8,0.5,0,0,0.0,4,6,0.667,6,9,15,3,1,3,3,1,12,-4,1,
22023,1630208,22300365,"DEC 20, 2023",CHA @ IND,L,19,2,4,0.5,0,0,0.0,0,0,0.0,6,2,8,0,0,0,0,3,4,-12,1,
22023,1630208,22300354,"DEC 18, 2023",CHA @ TOR,L,32,4,5,0.8,0,0,0.0,2,2,1.0,4,6,10,3,0,0,0,2,10,-3,1,
22023,1630208,22300335,"DEC 16, 2023",CHA vs. PHI,L,19,4,6,0.667,0,0,0.0,0,0,0.0,2,2,4,1,1,2,1,3,8,-8,1,
22023,1630208,22300326,"DEC 15, 2023",CHA vs. NOP,L,30,7,7,1.0,0,0,0.0,2,2,1.0,1,5,6,1,0,1,0,5,16,6,1,
22023,1630208,22300312,"DEC 13, 2023",CHA @ MIA,L,40,3,5,0.6,0,0,0.0,0,1,0.0,1,9,10,0,0,4,2,1,6,-8,1,
22023,1630208,22300292,"DEC 11, 2023",CHA vs. MIA,L,26,2,6,0.333,0,0,0.0,2,2,1.0,3,3,6,1,0,0,0,1,6,-14,1,
22023,1630208,22301216,"DEC 08, 2023",CHA vs. TOR,W,26,5,7,0.714,0,0,0.0,5,6,0.833,2,6,8,0,1,0,1,2,15,7,1,
22023,1630208,22301211,"DEC 06, 2023",CHA @ CHI,L,28,2,4,0.5,0,0,0.0,2,2,1.0,6,5,11,0,0,3,2,3,6,-11,1,
22023,1630208,22300281,"DEC 02, 2023",CHA vs. MIN,L,9,1,3,0.333,0,0,0.0,2,2,1.0,1,2,3,1,1,1,0,1,4,-3,1,
22023,1630208,22300027,"NOV 17, 2023",CHA vs. MIL,L,7,1,2,0.5,0,0,0.0,0,0,0.0,0,1,1,0,0,0,0,0,2,-5,1,
22023,1630208,22300017,"NOV 14, 2023",CHA vs. MIA,L,25,2,2,1.0,0,0,0.0,6,6,1.0,1,11,12,1,1,0,3,5,10,5,1,
22023,1630208,22300177,"NOV 12, 2023",CHA @ NYK,L,22,7,9,0.778,0,0,0.0,2,2,1.0,1,3,4,0,0,0,2,4,16,-6,1,
22023,1630208,22300009,"NOV 10, 2023",CHA @ WAS,W,18,5,5,1.0,0,0,0.0,5,8,0.625,3,4,7,0,1,1,1,4,15,-12,1,
22023,1630208,22300157,"NOV 08, 2023",CHA vs. WAS,L,16,2,3,0.667,0,0,0.0,3,4,0.75,0,6,6,0,0,0,0,2,7,-9,1,
22023,1630208,22300143,"NOV 05, 2023",CHA @ DAL,L,21,6,7,0.857,0,0,0.0,0,0,0.0,3,6,9,1,0,1,0,4,12,-5,1,
22023,1630208,22300133,"NOV 04, 2023",CHA @ IND,W,18,4,4,1.0,0,0,0.0,2,2,1.0,3,7,10,0,0,2,1,1,10,4,1,
22023,1630208,22300122,"NOV 01, 2023",CHA @ HOU,L,19,3,6,0.5,0,0,0.0,4,4,1.0,4,4,8,0,0,4,1,3,10,-9,1,
22023,1630208,22300101,"OCT 30, 2023",CHA vs. BKN,L,13,1,1,1.0,0,0,0.0,2,2,1.0,0,2,2,1,1,2,1,2,4,-7,1,
22023,1630208,22300077,"OCT 27, 2023",CHA vs. DET,L,16,0,1,0.0,0,0,0.0,0,2,0.0,1,1,2,0,1,2,2,4,0,1,1,
22023,1630208,22300063,"OCT 25, 2023",CHA vs. ATL,W,18,2,2,1.0,0,0,0.0,3,4,0.75,1,3,4,1,0,1,2,3,7,-14,1,
22023,1630214,22300663,"JAN 29, 2024",MEM vs. SAC,L,37,5,8,0.625,0,1,0.0,0,0,0.0,2,3,5,3,3,0,0,4,10,-8,1,
22023,1630214,22300652,"JAN 28, 2024",MEM @ IND,L,17,0,3,0.0,0,0,0.0,3,6,0.5,3,1,4,1,1,2,0,2,3,-17,1,
22023,1630214,22300638,"JAN 26, 2024",MEM vs. ORL,W,13,2,7,0.286,0,1,0.0,1,2,0.5,0,2,2,0,1,2,0,2,5,-4,1,
22023,1630214,22300621,"JAN 24, 2024",MEM @ MIA,W,18,2,2,1.0,1,1,1.0,1,2,0.5,1,3,4,1,1,3,1,3,6,4,1,
22023,1630214,22300609,"JAN 22, 2024",MEM @ TOR,W,16,1,6,0.167,0,1,0.0,0,0,0.0,1,3,4,2,1,0,1,2,2,8,1,
22023,1630214,22300582,"JAN 18, 2024",MEM @ MIN,L,36,5,11,0.455,0,2,0.0,0,0,0.0,2,3,5,6,1,1,2,1,10,-2,1,
22023,1630214,22300560,"JAN 15, 2024",MEM vs. GSW,W,30,1,6,0.167,0,2,0.0,0,0,0.0,1,3,4,3,1,2,0,0,2,13,1,
22023,1630214,22300544,"JAN 13, 2024",MEM vs. NYK,L,36,6,15,0.4,0,2,0.0,0,0,0.0,0,5,5,5,6,1,2,4,12,-6,1,
22023,1630214,22300537,"JAN 12, 2024",MEM vs. LAC,L,31,8,10,0.8,1,2,0.5,3,7,0.429,4,5,9,2,1,2,2,1,20,-5,1,
22023,1630214,22300515,"JAN 09, 2024",MEM @ DAL,W,28,6,9,0.667,0,1,0.0,2,4,0.5,6,5,11,2,0,2,3,3,14,17,1,
22023,1630214,22300503,"JAN 07, 2024",MEM @ PHX,W,3,0,3,0.0,0,1,0.0,0,0,0.0,3,0,3,0,0,0,0,1,0,-7,1,
22023,1630214,22300491,"JAN 05, 2024",MEM @ LAL,W,12,0,1,0.0,0,0,0.0,1,2,0.5,1,4,5,1,2,0,1,3,1,6,1,
22023,1630214,22300470,"JAN 03, 2024",MEM vs. TOR,L,23,2,3,0.667,0,0,0.0,0,0,0.0,2,3,5,2,0,0,0,3,4,-15,1,
22023,1630214,22300460,"JAN 02, 2024",MEM vs. SAS,W,0,0,0,0.0,0,0,0.0,0,0,0.0,0,0,0,0,0,0,0,0,0,-4,1,
22023,1630214,22300449,"DEC 31, 2023",MEM vs. SAC,L,8,1,4,0.25,0,2,0.0,0,0,0.0,1,1,2,0,0,0,0,0,2,-9,1,
22023,1630214,22300438,"DEC 29, 2023",MEM @ LAC,L,17,1,5,0.2,0,1,0.0,0,0,0.0,2,2,4,0,1,1,1,3,2,-14,1,
22023,1630214,22300425,"DEC 28, 2023",MEM @ DEN,L,22,2,7,0.286,1,4,0.25,1,2,0.5,0,3,3,4,1,1,2,0,6,-18,1,
22023,1630214,22300410,"DEC 26, 2023",MEM @ NOP,W,28,1,3,0.333,0,1,0.0,0,0,0.0,3,5,8,0,1,5,0,1,2,2,1,
22023,1630214,22300393,"DEC 23, 2023",MEM @ ATL,W,16,3,7,0.429,0,0,0.0,0,0,0.0,2,1,3,0,1,2,0,0,6,4,1,
22023,1630214,22300377,"DEC 21, 2023",MEM vs. IND,W,21,2,3,0.667,0,0,0.0,1,4,0.25,3,2,5,2,0,1,1,2,5,10,1,
22023,1630214,22300360,"DEC 19, 2023",MEM @ NOP,W,20,3,5,0.6,1,1,1.0,0,0,0.0,2,4,6,1,1,0,1,3,7,3,1,
22023,1630214,22300355,"DEC 18, 2023",MEM @ OKC,L,25,0,8,0.0,0,3,0.0,0,0,0.0,0,8,8,2,1,1,1,1,0,-15,1,
22023,1630214,22300299,"DEC 11, 2023",MEM vs. DAL,L,7,0,1,0.0,0,0,0.0,0,2,0.0,0,0,0,0,1,0,0,0,0,-9,1,
22023,1630214,22301221,"DEC 08, 2023",MEM vs. MIN,L,17,5,8,0.625,1,2,0.5,1,3,0.333,2,0,2,0,4,0,0,1,12,-9,1,
22023,1630214,22301206,"DEC 06, 2023",MEM @ DET,W,7,1,4,0.25,0,0,0.0,0,0,0.0,1,0,1,1,0,0,0,0,2,-1,1,
22023,1630214,22300288,"DEC 02, 2023",MEM @ PHX,L,12,1,4,0.25,0,2,0.0,0,0,0.0,0,0,0,0,0,1,1,0,2,0,1,
22023,1630214,22300277,"DEC 01, 2023",MEM @ DAL,W,22,2,6,0.333,0,3,0.0,0,0,0.0,0,2,2,2,2,2,0,0,4,9,1,
22023,1630214,22300026,"NOV 14, 2023",MEM @ LAL,L,22,6,7,0.857,3,3,1.0,0,0,0.0,1,1,2,2,1,0,1,1,15,-4,1,
22023,1630214,22300007,"NOV 03, 2023",MEM @ POR,L,24,3,8,0.375,0,2,0.0,0,0,0.0,1,6,7,5,1,2,1,5,6,-11,1,
22023,1630214,22300125,"NOV 01, 2023",MEM @ UTA,L,14,0,3,0.0,0,0,0.0,0,0,0.0,3,1,4,0,1,0,2,3,0,-7,1,
22023,1630214,22300106,"OCT 30, 2023",MEM vs. DAL,L,29,3,14,0.214,0,5,0.0,0,3,0.0,2,5,7,1,2,1,0,0,6,4,1,
22023,1630214,22300089,"OCT 28, 2023",MEM @ WAS,L,24,3,7,0.429,2,2,1.0,0,0,0.0,1,6,7,3,0,0,1,4,8,-14,1,
22023,1630214,22300078,"OCT 27, 2023",MEM vs. DEN,L,34,5,9,0.556,1,3,0.333,2,4,0.5,2,6,8,2,3,2,5,5,13,-5,1,
22023,1630214,22300071,"OCT 25, 2023",MEM vs. NOP,L,34,7,16,0.438,1,5,0.2,2,2,1.0,4,8,12,4,3,1,0,2,17,3,1,
22023,1630215,22300784,"FEB 14, 2024",WAS @ NOP,L,2,0,0,0.0,0,0,0.0,0,0,0.0,0,0,0,0,0,0,0,0,0,-3,1,
22023,1630215,22300494,"JAN 06, 2024",WAS vs. NYK,L,3,3,3,1.0,2,2,1.0,0,0,0.0,0,0,0,2,0,0,0,0,8,5,1,
22023,1630215,22300482,"JAN 05, 2024",WAS @ CLE,L,5,1,2,0.5,0,0,0.0,0,0,0.0,0,0,0,2,0,1,0,0,2,-1,1,
22023,1630215,22300465,"JAN 03, 2024",WAS @ CLE,L,9,2,2,1.0,1,1,1.0,0,0,0.0,0,1,1,1,0,0,0,0,5,-6,1,
22023,1630215,22300386,"DEC 22, 2023",WAS @ GSW,L,7,3,5,0.6,1,3,0.333,1,2,0.5,0,1,1,4,1,0,0,0,8,10,1,
22023,1630215,22300358,"DEC 18, 2023",WAS @ SAC,L,5,3,4,0.75,1,2,0.5,1,1,1.0,0,1,1,0,0,0,0,0,8,6,1,
22023,1630215,22300328,"DEC 15, 2023",WAS vs. IND,W,3,1,1,1.0,0,0,0.0,0,0,0.0,0,0,0,1,0,0,1,0,2,-8,1,
22023,1630215,22300311,"DEC 13, 2023",WAS vs. NOP,L,13,2,4,0.5,2,4,0.5,2,2,1.0,0,1,1,4,1,0,1,1,8,-4,1,
22023,1630215,22300295,"DEC 11, 2023",WAS @ PHI,L,19,5,7,0.714,0,0,0.0,2,3,0.667,0,0,0,4,2,0,1,2,12,-15,1,
22023,1630215,22301219,"DEC 08, 2023",WAS @ BKN,L,14,1,4,0.25,0,2,0.0,3,4,0.75,0,3,3,0,0,0,3,1,5,-3,1,
22023,1630215,22301208,"DEC 06, 2023",WAS vs. PHI,L,14,0,3,0.0,0,1,0.0,0,0,0.0,0,1,1,4,0,0,1,5,0,4,1,
22023,1630215,22300259,"NOV 29, 2023",WAS @ ORL,L,5,1,2,0.5,0,1,0.0,2,2,1.0,0,0,0,3,2,0,0,0,4,1,1,
22023,1630215,22300253,"NOV 27, 2023",WAS @ DET,W,2,0,1,0.0,0,1,0.0,0,0,0.0,0,1,1,0,0,0,0,1,0,0,1,
22023,1630215,22300241,"NOV 25, 2023",WAS vs. ATL,L,16,5,8,0.625,2,4,0.5,1,1,1.0,0,2,2,5,2,1,2,4,13,-5,1,
22023,1630215,22300219,"NOV 20, 2023",WAS vs. MIL,L,1,0,0,0.0,0,0,0.0,0,0,0.0,0,0,0,0,0,0,0,0,0,2,1,
22023,1630215,22300028,"NOV 17, 2023",WAS vs. NYK,L,2,0,0,0.0,0,0,0.0,0,0,0.0,0,0,0,0,0,0,0,0,0,-1,1,
22023,1630215,22300103,"OCT 30, 2023",WAS vs. BOS,L,6,0,2,0.0,0,2,0.0,0,0,0.0,0,0,0,1,0,0,1,0,0,4,1,
22023,1630215,22300064,"OCT 25, 2023",WAS @ IND,L,3,1,2,0.5,1,1,1.0,0,0,0.0,0,0,0,0,0,0,0,0,3,2,1,
22023,1630217,22300537,"JAN 12, 2024",MEM vs. LAC,L,23,3,11,0.273,3,6,0.5,6,7,0.857,0,1,1,3,1,0,0,3,15,-6,1,
22023,1630217,22300515,"JAN 09, 2024",MEM @ DAL,W,39,11,27,0.407,2,9,0.222,8,9,0.889,2,7,9,4,0,0,2,3,32,17,1,
22023,1630217,22300503,"JAN 07, 2024",MEM @ PHX,W,37,8,14,0.571,2,7,0.286,5,5,1.0,2,3,5,5,1,1,3,3,23,-13,1,
22023,1630217,22300491,"JAN 05, 2024",MEM @ LAL,W,37,8,14,0.571,5,8,0.625,3,4,0.75,0,5,5,13,1,0,3,2,24,11,1,
22023,1630217,22300470,"JAN 03, 2024",MEM vs. TOR,L,38,9,18,0.5,2,6,0.333,2,2,1.0,2,2,4,8,0,0,0,4,22,5,1,
22023,1630217,22300460,"JAN 02, 2024",MEM vs. SAS,W,34,11,17,0.647,2,6,0.333,0,0,0.0,0,3,3,2,0,0,3,1,24,3,1,
22023,1630217,22300449,"DEC 31, 2023",MEM vs. SAC,L,35,6,14,0.429,3,7,0.429,2,3,0.667,0,7,7,6,0,0,2,2,17,-18,1,
22023,1630217,22300438,"DEC 29, 2023",MEM @ LAC,L,37,7,11,0.636,2,5,0.4,2,2,1.0,0,7,7,5,2,0,2,3,18,-6,1,
22023,1630217,22300425,"DEC 28, 2023",MEM @ DEN,L,25,9,13,0.692,3,5,0.6,2,2,1.0,0,1,1,2,1,0,2,3,23,-27,1,
22023,1630217,22300410,"DEC 26, 2023",MEM @ NOP,W,40,9,22,0.409,5,14,0.357,4,5,0.8,1,4,5,7,0,1,1,5,27,3,1,
22023,1630217,22300393,"DEC 23, 2023",MEM @ ATL,W,36,13,25,0.52,5,14,0.357,6,6,1.0,0,6,6,6,1,1,2,0,37,-5,1,
22023,1630217,22300377,"DEC 21, 2023",MEM vs. IND,W,36,11,26,0.423,5,12,0.417,4,5,0.8,0,6,6,7,1,0,2,1,31,-7,1,
22023,1630217,22300360,"DEC 19, 2023",MEM @ NOP,W,35,8,19,0.421,3,9,0.333,2,2,1.0,1,0,1,4,0,0,4,1,21,5,1,
22023,1630217,22300355,"DEC 18, 2023",MEM @ OKC,L,28,6,14,0.429,4,9,0.444,1,2,0.5,0,1,1,5,0,1,5,1,17,-18,1,
22023,1630217,22300332,"DEC 15, 2023",MEM vs. HOU,L,40,11,25,0.44,4,12,0.333,2,3,0.667,6,7,13,3,2,0,4,4,28,1,1,
22023,1630217,22300299,"DEC 11, 2023",MEM vs. DAL,L,39,11,20,0.55,3,9,0.333,3,3,1.0,1,2,3,8,1,0,5,4,28,1,1,
22023,1630217,22301221,"DEC 08, 2023",MEM vs. MIN,L,37,6,13,0.462,4,6,0.667,0,0,0.0,0,2,2,1,0,1,4,5,16,-23,1,
22023,1630217,22301206,"DEC 06, 2023",MEM @ DET,W,36,19,31,0.613,4,8,0.5,7,7,1.0,1,5,6,8,1,2,3,2,49,-1,1,
22023,1630217,22300288,"DEC 02, 2023",MEM @ PHX,L,30,10,17,0.588,3,6,0.5,4,5,0.8,1,2,3,5,2,1,2,5,27,-3,1,
22023,1630217,22300277,"DEC 01, 2023",MEM @ DAL,W,34,11,20,0.55,4,6,0.667,4,6,0.667,2,2,4,5,1,2,4,2,30,13,1,
22023,1630217,22300261,"NOV 29, 2023",MEM vs. UTA,W,36,7,17,0.412,3,11,0.273,0,0,0.0,1,6,7,9,3,0,3,2,17,6,1,
22023,1630217,22300249,"NOV 26, 2023",MEM vs. MIN,L,34,5,16,0.313,3,9,0.333,0,0,0.0,1,1,2,4,0,0,5,3,13,-17,1,
22023,1630217,22300044,"NOV 24, 2023",MEM vs. PHX,L,34,3,12,0.25,0,5,0.0,0,0,0.0,0,5,5,10,1,0,3,3,6,-10,1,
22023,1630217,22300231,"NOV 22, 2023",MEM @ HOU,L,26,6,12,0.5,2,6,0.333,9,10,0.9,1,6,7,4,1,0,2,4,23,-15,1,
22023,1630217,22300213,"NOV 19, 2023",MEM vs. BOS,L,37,11,27,0.407,7,14,0.5,1,1,1.0,2,0,2,8,1,0,2,2,30,1,1,
22023,1630217,22300206,"NOV 18, 2023",MEM @ SAS,W,34,8,15,0.533,3,6,0.5,7,7,1.0,3,2,5,4,1,0,2,5,26,4,1,
22023,1630217,22300026,"NOV 14, 2023",MEM @ LAL,L,27,5,10,0.5,2,6,0.333,3,3,1.0,0,1,1,5,0,0,2,1,15,-24,1,
22023,1630217,22300179,"NOV 12, 2023",MEM @ LAC,W,35,10,24,0.417,3,11,0.273,4,6,0.667,1,3,4,6,0,1,4,4,27,11,1,
22023,1630217,22300012,"NOV 10, 2023",MEM vs. UTA,L,38,14,28,0.5,7,13,0.538,2,3,0.667,0,4,4,8,1,2,3,3,37,1,1,
22023,1630217,22300164,"NOV 08, 2023",MEM vs. MIA,L,36,4,16,0.25,2,8,0.25,5,6,0.833,0,5,5,3,1,2,1,3,15,-18,1,
22023,1630217,22300144,"NOV 05, 2023",MEM @ POR,W,34,13,27,0.481,3,9,0.333,1,1,1.0,0,8,8,5,1,0,3,5,30,8,1,
22023,1630217,22300007,"NOV 03, 2023",MEM @ POR,L,45,13,26,0.5,3,9,0.333,4,5,0.8,1,7,8,7,4,3,3,5,33,11,1,
22023,1630217,22300125,"NOV 01, 2023",MEM @ UTA,L,27,7,19,0.368,4,12,0.333,3,3,1.0,1,2,3,0,1,0,2,1,21,-25,1,
22023,1630217,22300106,"OCT 30, 2023",MEM vs. DAL,L,37,12,17,0.706,3,7,0.429,3,4,0.75,2,4,6,3,3,0,2,3,30,0,1,
22023,1630217,22300089,"OCT 28, 2023",MEM @ WAS,L,34,10,20,0.5,4,10,0.4,2,2,1.0,1,1,2,5,1,1,5,4,26,-11,1,
22023,1630217,22300078,"OCT 27, 2023",MEM vs. DEN,L,32,4,17,0.235,1,10,0.1,6,6,1.0,1,2,3,3,2,0,2,3,15,-8,1,
22023,1630217,22300071,"OCT 25, 2023",MEM vs. NOP,L,36,11,22,0.5,5,10,0.5,4,5,0.8,0,5,5,5,2,1,2,1,31,6,1,
22023,1630219,22300788,"FEB 14, 2024",LAL @ UTA,W,2,0,0,0.0,0,0,0.0,0,0,0.0,0,0,0,0,0,0,0,0,0,-7,1,
22023,1630219,22300747,"FEB 09, 2024",LAL vs. NOP,W,16,1,5,0.2,0,3,0.0,0,0,0.0,0,1,1,0,0,1,0,0,2,0,1,
22023,1630219,22300740,"FEB 08, 2024",LAL vs. DEN,L,7,0,1,0.0,0,0,0.0,0,0,0.0,0,0,0,2,1,0,1,0,0,1,1,
22023,1630219,22300684,"FEB 01, 2024",LAL @ BOS,W,1,0,0,0.0,0,0,0.0,0,0,0.0,0,0,0,0,0,0,0,0,0,0,1,
22023,1630219,22300669,"JAN 30, 2024",LAL @ ATL,L,3,0,0,0.0,0,0,0.0,0,0,0.0,0,1,1,2,0,0,0,1,0,2,1,
22023,1630219,22300577,"JAN 17, 2024",LAL vs. DAL,W,5,1,2,0.5,0,0,0.0,0,0,0.0,0,0,0,1,0,0,0,1,2,-6,1,
22023,1630219,22300549,"JAN 13, 2024",LAL @ UTA,L,10,0,2,0.0,0,0,0.0,0,0,0.0,0,1,1,2,1,0,0,2,0,-5,1,
22023,1630219,22300531,"JAN 11, 2024",LAL vs. PHX,L,12,5,6,0.833,2,2,1.0,0,0,0.0,1,0,1,1,1,0,0,0,12,9,1,
22023,1630219,22300472,"JAN 03, 2024",POR @ DAL,L,8,2,4,0.5,0,0,0.0,1,2,0.5,1,4,5,1,0,0,1,0,5,3,1,
22023,1630219,22300456,"JAN 01, 2024",POR @ PHX,L,17,3,8,0.375,1,3,0.333,0,0,0.0,1,1,2,3,0,1,1,1,7,-10,1,
22023,1630219,22300437,"DEC 29, 2023",POR vs. SAS,W,20,5,10,0.5,1,1,1.0,0,0,0.0,1,1,2,2,1,0,0,0,11,-9,1,
22023,1630219,22300427,"DEC 28, 2023",POR vs. SAS,L,14,0,8,0.0,0,4,0.0,0,0,0.0,1,2,3,0,1,0,0,0,0,-9,1,
22023,1630219,22300413,"DEC 26, 2023",POR vs. SAC,W,2,0,0,0.0,0,0,0.0,0,0,0.0,0,0,0,0,0,0,0,0,0,-2,1,
22023,1630219,22300399,"DEC 23, 2023",POR @ GSW,L,5,0,2,0.0,0,0,0.0,1,2,0.5,0,0,0,1,0,0,1,0,1,-1,1,
22023,1630219,22300323,"DEC 14, 2023",POR vs. UTA,L,17,0,0,0.0,0,0,0.0,0,0,0.0,1,0,1,5,1,0,0,0,0,24,1,
22023,1630219,22300237,"NOV 22, 2023",POR vs. UTA,W,6,0,1,0.0,0,0,0.0,0,0,0.0,0,0,0,0,0,0,0,0,0,-14,1,
22023,1630219,22300041,"NOV 21, 2023",POR @ PHX,L,21,2,5,0.4,2,3,0.667,0,0,0.0,0,2,2,3,0,0,1,2,6,-13,1,
22023,1630219,22300215,"NOV 19, 2023",POR vs. OKC,L,26,4,9,0.444,2,6,0.333,1,2,0.5,0,2,2,7,2,0,3,0,11,-37,1,
22023,1630219,22300036,"NOV 17, 2023",POR vs. LAL,L,26,6,14,0.429,3,7,0.429,0,0,0.0,3,2,5,8,2,0,0,3,15,-11,1,
22023,1630219,22300199,"NOV 15, 2023",POR vs. CLE,L,31,4,13,0.308,2,4,0.5,3,3,1.0,0,1,1,4,1,0,2,4,13,-13,1,
22023,1630219,22300023,"NOV 14, 2023",POR @ UTA,L,31,3,8,0.375,0,1,0.0,0,0,0.0,0,5,5,10,0,2,2,1,6,1,1,
22023,1630219,22300187,"NOV 12, 2023",POR @ LAL,L,33,7,13,0.538,0,4,0.0,1,2,0.5,0,4,4,12,0,0,1,2,15,-1,1,
22023,1630219,22300170,"NOV 08, 2023",POR @ SAC,L,37,8,15,0.533,0,2,0.0,2,2,1.0,0,2,2,11,2,0,3,4,18,-8,1,
22023,1630219,22300144,"NOV 05, 2023",POR vs. MEM,L,16,2,9,0.222,1,5,0.2,2,2,1.0,0,1,1,2,2,0,0,3,7,9,1,
22023,1630219,22300007,"NOV 03, 2023",POR vs. MEM,W,15,3,8,0.375,1,5,0.2,2,2,1.0,0,1,1,1,1,0,1,0,9,-9,1,
22023,1630219,22300115,"NOV 01, 2023",POR @ DET,W,8,1,3,0.333,0,0,0.0,0,0,0.0,1,0,1,2,0,0,1,0,2,9,1,
22023,1630219,22300105,"OCT 30, 2023",POR @ TOR,W,11,2,4,0.5,1,3,0.333,0,0,0.0,0,0,0,1,1,0,0,0,5,3,1,
22023,1630219,22300098,"OCT 29, 2023",POR @ PHI,L,5,0,2,0.0,0,1,0.0,0,0,0.0,0,0,0,1,0,0,1,0,0,-7,1,
22023,1630219,22300086,"OCT 27, 2023",POR vs. ORL,L,8,1,2,0.5,0,0,0.0,0,0,0.0,0,0,0,1,0,0,0,0,2,0,1,
22023,1630224,22300783,"FEB 14, 2024",HOU @ MEM,L,23,2,7,0.286,0,4,0.0,0,0,0.0,0,3,3,3,0,1,0,1,4,-3,1,
22023,1630224,22300765,"FEB 12, 2024",HOU vs. NYK,W,30,4,15,0.267,0,6,0.0,8,9,0.889,0,5,5,4,2,0,1,0,16,-6,1,
22023,1630224,22300754,"FEB 10, 2024",HOU @ ATL,L,37,10,22,0.455,2,9,0.222,4,7,0.571,2,12,14,10,1,0,5,1,26,-7,1,
22023,1630224,22300744,"FEB 09, 2024",HOU @ TOR,L,22,3,11,0.273,1,5,0.2,0,1,0.0,0,2,2,1,0,0,4,0,7,-23,1,
22023,1630224,22300719,"FEB 06, 2024",HOU @ IND,L,33,12,21,0.571,3,5,0.6,3,4,0.75,0,3,3,1,2,0,4,1,30,12,1,
22023,1630224,22300709,"FEB 04, 2024",HOU @ MIN,L,30,3,15,0.2,0,5,0.0,2,3,0.667,0,2,2,7,0,1,2,2,8,-19,1,
22023,1630224,22300692,"FEB 02, 2024",HOU vs. TOR,W,27,7,14,0.5,0,4,0.0,0,1,0.0,0,4,4,3,0,0,1,1,14,17,1,
22023,1630224,22300679,"JAN 31, 2024",HOU vs. NOP,L,38,11,20,0.55,5,12,0.417,4,4,1.0,0,4,4,4,3,2,3,3,31,-7,1,
22023,1630224,22300662,"JAN 29, 2024",HOU vs. LAL,W,41,12,23,0.522,4,10,0.4,6,6,1.0,3,9,12,7,1,0,1,1,34,13,1,
22023,1630224,22300645,"JAN 27, 2024",HOU @ BKN,L,33,5,14,0.357,4,9,0.444,5,5,1.0,1,9,10,1,1,0,1,3,19,6,1,
22023,1630224,22300635,"JAN 26, 2024",HOU @ CHA,W,28,12,20,0.6,1,7,0.143,11,12,0.917,0,10,10,4,2,0,3,0,36,15,1,
22023,1630224,22300623,"JAN 24, 2024",HOU vs. POR,L,39,12,24,0.5,2,7,0.286,3,4,0.75,0,0,0,3,1,1,1,1,29,-6,1,
22023,1630224,22300603,"JAN 21, 2024",HOU vs. BOS,L,32,7,18,0.389,1,6,0.167,1,3,0.333,1,3,4,5,1,0,3,0,16,-8,1,
22023,1630224,22300598,"JAN 20, 2024",HOU vs. UTA,W,28,3,12,0.25,0,6,0.0,1,1,1.0,0,3,3,4,1,0,1,0,7,-7,1,
22023,1630224,22300573,"JAN 17, 2024",HOU @ NYK,L,29,6,15,0.4,0,5,0.0,3,3,1.0,0,7,7,1,1,0,5,2,15,-11,1,
22023,1630224,22300555,"JAN 15, 2024",HOU @ PHI,L,27,7,16,0.438,1,7,0.143,5,7,0.714,0,5,5,3,0,0,2,2,20,-7,1,
22023,1630224,22300542,"JAN 13, 2024",HOU @ BOS,L,20,3,9,0.333,2,5,0.4,2,2,1.0,0,3,3,1,0,0,1,0,10,-17,1,
22023,1630224,22300534,"JAN 12, 2024",HOU @ DET,W,39,9,25,0.36,2,9,0.222,8,9,0.889,2,2,4,3,2,1,1,3,28,7,1,
22023,1630224,22300523,"JAN 10, 2024",HOU @ CHI,L,40,8,19,0.421,2,7,0.286,0,1,0.0,1,5,6,8,1,0,2,2,18,-4,1,
22023,1630224,22300509,"JAN 08, 2024",HOU @ MIA,L,31,2,10,0.2,2,8,0.25,5,6,0.833,0,5,5,6,0,0,3,3,11,-11,1,
22023,1630224,22300496,"JAN 06, 2024",HOU vs. MIL,W,28,5,12,0.417,1,6,0.167,5,5,1.0,0,4,4,2,1,0,1,1,16,4,1,
22023,1630224,22300485,"JAN 05, 2024",HOU vs. MIN,L,31,7,16,0.438,4,8,0.5,2,4,0.5,1,4,5,2,0,0,2,1,20,-9,1,
22023,1630224,22300469,"JAN 03, 2024",HOU vs. BKN,W,31,5,15,0.333,3,9,0.333,1,2,0.5,0,8,8,4,0,0,4,1,14,17,1,
22023,1630224,22300453,"JAN 01, 2024",HOU vs. DET,W,27,6,12,0.5,5,9,0.556,5,6,0.833,0,5,5,1,1,0,0,0,22,20,1,
22023,1630224,22300434,"DEC 29, 2023",HOU vs. PHI,L,36,12,19,0.632,5,9,0.556,2,4,0.5,0,6,6,4,0,0,1,0,31,-7,1,
22023,1630224,22300418,"DEC 27, 2023",HOU vs. PHX,L,26,8,20,0.4,6,12,0.5,1,2,0.5,1,4,5,3,1,0,2,0,23,-17,1,
22023,1630224,22300409,"DEC 26, 2023",HOU vs. IND,L,20,2,7,0.286,0,3,0.0,1,2,0.5,0,1,1,2,1,0,0,0,5,-19,1,
22023,1630224,22300392,"DEC 23, 2023",HOU @ NOP,W,22,2,8,0.25,0,4,0.0,5,6,0.833,0,4,4,2,1,0,5,1,9,-2,1,
22023,1630224,22300385,"DEC 22, 2023",HOU vs. DAL,W,27,5,14,0.357,3,7,0.429,4,4,1.0,1,5,6,4,2,0,4,2,17,35,1,
22023,1630224,22300371,"DEC 20, 2023",HOU vs. ATL,L,32,7,19,0.368,2,7,0.286,0,0,0.0,1,3,4,2,1,1,1,1,16,-7,1,
22023,1630224,22300349,"DEC 18, 2023",HOU @ CLE,L,34,2,12,0.167,1,4,0.25,7,7,1.0,0,6,6,3,1,2,2,2,12,-16,1,
22023,1630224,22300346,"DEC 17, 2023",HOU @ MIL,L,29,6,11,0.545,2,4,0.5,2,2,1.0,0,2,2,7,0,0,1,0,16,-8,1,
22023,1630224,22300332,"DEC 15, 2023",HOU @ MEM,W,28,4,12,0.333,3,7,0.429,3,4,0.75,1,3,4,4,0,1,1,1,14,-2,1,
22023,1630224,22300314,"DEC 13, 2023",HOU vs. MEM,W,24,2,12,0.167,0,5,0.0,4,4,1.0,0,4,4,4,0,0,3,3,8,-1,1,
22023,1630224,22300298,"DEC 11, 2023",HOU vs. SAS,W,24,2,10,0.2,1,4,0.25,2,2,1.0,0,3,3,1,0,0,1,1,7,-14,1,
22023,1630224,22301224,"DEC 08, 2023",HOU @ DEN,W,35,8,17,0.471,2,9,0.222,7,9,0.778,0,3,3,1,0,0,1,0,25,-8,1,
22023,1630224,22301212,"DEC 06, 2023",HOU vs. OKC,W,25,6,12,0.5,1,3,0.333,2,2,1.0,0,7,7,1,0,0,3,3,15,0,1,
22023,1630224,22300291,"DEC 02, 2023",HOU @ LAL,L,32,4,15,0.267,1,6,0.167,1,2,0.5,1,6,7,2,0,0,6,1,10,-6,1,
22023,1630224,22300263,"NOV 29, 2023",HOU @ DEN,L,34,8,12,0.667,5,8,0.625,5,6,0.833,0,6,6,9,0,1,2,0,26,-11,1,
22023,1630224,22300059,"NOV 28, 2023",HOU @ DAL,L,34,5,14,0.357,2,6,0.333,0,0,0.0,1,2,3,5,0,1,2,4,12,5,1,
22023,1630224,22300048,"NOV 24, 2023",HOU vs. DEN,W,36,10,18,0.556,3,8,0.375,2,3,0.667,0,5,5,2,3,0,3,0,25,0,1,
22023,1630224,22300231,"NOV 22, 2023",HOU vs. MEM,W,30,13,26,0.5,3,13,0.231,5,5,1.0,1,1,2,4,1,0,1,0,34,11,1,
22023,1630224,22300224,"NOV 20, 2023",HOU @ GSW,L,23,6,15,0.4,2,9,0.222,2,2,1.0,0,3,3,2,0,0,1,3,16,-13,1,
22023,1630224,22300216,"NOV 19, 2023",HOU @ LAL,L,31,3,10,0.3,2,5,0.4,1,3,0.333,0,6,6,3,0,1,4,1,9,3,1,
22023,1630224,22300037,"NOV 17, 2023",HOU @ LAC,L,33,5,16,0.313,1,6,0.167,9,10,0.9,0,4,4,5,0,1,4,3,20,-10,1,
22023,1630224,22300182,"NOV 12, 2023",HOU vs. DEN,W,35,1,13,0.077,1,4,0.25,6,6,1.0,0,8,8,5,1,0,0,1,9,10,1,
22023,1630224,22300011,"NOV 10, 2023",HOU vs. NOP,W,35,7,18,0.389,2,8,0.25,9,10,0.9,0,4,4,1,0,0,1,1,25,-1,1,
22023,1630224,22300163,"NOV 08, 2023",HOU vs. LAL,W,21,11,15,0.733,5,6,0.833,1,4,0.25,1,6,7,3,1,0,1,3,28,24,1,
22023,1630224,22300153,"NOV 06, 2023",HOU vs. SAC,W,26,5,9,0.556,3,5,0.6,10,12,0.833,0,2,2,2,1,1,3,0,23,13,1,
22023,1630224,22300137,"NOV 04, 2023",HOU vs. SAC,W,36,4,10,0.4,0,2,0.0,2,7,0.286,0,2,2,5,0,0,3,1,10,26,1,
22023,1630224,22300122,"NOV 01, 2023",HOU vs. CHA,W,31,6,16,0.375,4,8,0.5,7,7,1.0,1,3,4,3,2,0,1,3,23,-4,1,
22023,1630224,22300096,"OCT 29, 2023",HOU vs. GSW,L,38,8,20,0.4,1,5,0.2,4,5,0.8,1,8,9,1,0,1,4,1,21,4,1,
22023,1630224,22300083,"OCT 27, 2023",HOU @ SAS,L,38,10,20,0.5,2,6,0.333,0,0,0.0,1,4,5,4,0,0,2,2,22,-3,1,
22023,1630224,22300066,"OCT 25, 2023",HOU @ ORL,L,30,2,10,0.2,0,1,0.0,6,7,0.857,0,1,1,0,1,1,4,2,10,-12,1,
22023,1630227,22300791,"FEB 15, 2024",MIN @ POR,W,5,2,3,0.667,1,2,0.5,0,0,0.0,0,0,0,0,1,0,0,1,5,6,1,
22023,1630227,22300775,"FEB 13, 2024",MIN @ POR,W,4,0,2,0.0,0,2,0.0,1,2,0.5,0,0,0,1,0,0,1,0,1,-7,1,
22023,1630227,22300770,"FEB 12, 2024",MIN @ LAC,W,2,2,3,0.667,1,1,1.0,0,0,0.0,0,0,0,0,0,0,0,0,5,4,1,
22023,1630227,22300738,"FEB 08, 2024",MIN @ MIL,W,3,1,3,0.333,1,3,0.333,0,0,0.0,0,0,0,1,0,0,0,0,3,3,1,
22023,1630227,22300301,"DEC 11, 2023",MIN @ NOP,L,2,0,0,0.0,0,0,0.0,0,2,0.0,0,0,0,0,0,0,0,0,0,1,1,
22023,1630227,22300270,"NOV 30, 2023",MIN vs. UTA,W,10,1,5,0.2,1,4,0.25,0,0,0.0,0,1,1,0,0,0,0,0,3,6,1,
22023,1630227,22300249,"NOV 26, 2023",MIN @ MEM,W,2,1,2,0.5,1,1,1.0,0,0,0.0,0,0,0,0,0,0,0,0,3,3,1,
22023,1630227,22300166,"NOV 08, 2023",MIN vs. NOP,W,3,0,0,0.0,0,0,0.0,0,0,0.0,0,0,0,0,0,0,0,0,0,-6,1,
22023,1630227,22300138,"NOV 04, 2023",MIN vs. UTA,W,3,1,1,1.0,0,0,0.0,0,0,0.0,0,0,0,0,1,0,0,0,2,6,1,
22023,1630227,22300104,"OCT 30, 2023",MIN @ ATL,L,1,0,0,0.0,0,0,0.0,0,0,0.0,0,0,0,0,0,0,0,0,0,4,1,
22023,1630228,22300576,"FEB 15, 2024",GSW @ UTA,W,24,5,6,0.833,0,0,0.0,3,4,0.75,1,4,5,4,0,1,2,1,13,-5,1,
22023,1630228,22300789,"FEB 14, 2024",GSW vs. LAC,L,35,6,13,0.462,0,1,0.0,1,1,1.0,5,3,8,6,0,0,2,2,13,-9,2,
22023,1630228,22300769,"FEB 12, 2024",GSW @ UTA,W,27,4,10,0.4,1,1,1.0,5,6,0.833,1,1,2,0,0,1,3,2,14,-4,1,
22023,1630228,22300757,"FEB 10, 2024",GSW vs. PHX,W,34,9,18,0.5,0,1,0.0,3,5,0.6,1,4,5,2,0,0,1,4,21,-2,1,
22023,1630228,22300733,"FEB 08, 2024",GSW @ IND,W,33,9,16,0.563,0,2,0.0,0,0,0.0,1,1,2,4,0,2,3,1,18,20,1,
22023,1630228,22300727,"FEB 07, 2024",GSW @ PHI,W,29,7,14,0.5,0,3,0.0,4,6,0.667,1,5,6,5,1,0,1,0,18,22,1,
22023,1630228,22300717,"FEB 05, 2024",GSW @ BKN,W,33,9,18,0.5,0,0,0.0,10,12,0.833,2,8,10,3,1,2,3,0,28,5,1,
22023,1630228,22300699,"FEB 03, 2024",GSW @ ATL,L,34,6,12,0.5,1,3,0.333,3,4,0.75,2,2,4,3,1,0,4,6,16,-5,1,
22023,1630228,22300693,"FEB 02, 2024",GSW @ MEM,W,37,11,15,0.733,1,1,1.0,6,7,0.857,1,5,6,4,2,0,2,3,29,15,1,
22023,1630228,22300673,"JAN 30, 2024",GSW vs. PHI,W,39,11,19,0.579,1,3,0.333,3,4,0.75,2,5,7,2,3,1,3,3,26,10,1,
22023,1630228,22300650,"JAN 27, 2024",GSW vs. LAL,L,43,8,16,0.5,2,3,0.667,4,6,0.667,4,5,9,2,0,0,2,5,22,-9,1,
22023,1630228,22300632,"JAN 25, 2024",GSW vs. SAC,L,30,12,19,0.632,2,4,0.5,5,6,0.833,1,2,3,3,2,0,2,2,31,16,1,
22023,1630228,22300626,"JAN 24, 2024",GSW vs. ATL,W,29,11,11,1.0,0,0,0.0,3,5,0.6,0,9,9,2,2,2,1,1,25,18,1,
22023,1630228,22300560,"JAN 15, 2024",GSW @ MEM,L,29,9,18,0.5,1,5,0.2,1,1,1.0,2,9,11,0,0,0,3,3,20,-9,1,
22023,1630228,22300545,"JAN 13, 2024",GSW @ MIL,L,30,10,18,0.556,2,3,0.667,6,6,1.0,0,3,3,2,1,1,0,2,28,-18,1,
22023,1630228,22300536,"JAN 12, 2024",GSW @ CHI,W,24,9,12,0.75,4,4,1.0,2,3,0.667,0,5,5,1,1,0,0,2,24,6,1,
22023,1630228,22300525,"JAN 10, 2024",GSW vs. NOP,L,28,4,7,0.571,0,1,0.0,4,6,0.667,0,3,3,4,0,1,3,3,12,-20,1,
22023,1630228,22300504,"JAN 07, 2024",GSW vs. TOR,L,25,5,13,0.385,1,5,0.2,2,2,1.0,1,3,4,4,1,1,1,0,13,-5,1,
22023,1630228,22300490,"JAN 05, 2024",GSW vs. DET,W,36,4,8,0.5,0,1,0.0,3,3,1.0,0,6,6,1,0,0,4,2,11,16,1,
22023,1630228,22300478,"JAN 04, 2024",GSW vs. DEN,L,19,5,7,0.714,0,1,0.0,6,7,0.857,1,3,4,4,0,0,1,1,16,6,1,
22023,1630228,22300463,"JAN 02, 2024",GSW vs. ORL,W,34,7,14,0.5,1,5,0.2,4,5,0.8,2,4,6,4,0,2,1,2,19,10,1,
22023,1630228,22300444,"DEC 30, 2023",GSW vs. DAL,L,25,6,12,0.5,1,5,0.2,3,4,0.75,5,4,9,3,1,0,1,3,16,-9,1,
22023,1630228,22300426,"DEC 28, 2023",GSW vs. MIA,L,24,5,11,0.455,0,3,0.0,0,0,0.0,1,4,5,1,0,0,6,0,10,-26,1,
22023,1630228,22300402,"DEC 25, 2023",GSW @ DEN,L,23,4,8,0.5,0,1,0.0,5,8,0.625,0,5,5,2,0,0,1,1,13,-24,1,
22023,1630228,22300399,"DEC 23, 2023",GSW vs. POR,W,30,3,7,0.429,0,2,0.0,5,5,1.0,1,5,6,5,0,0,0,0,11,18,1,
22023,1630228,22300386,"DEC 22, 2023",GSW vs. WAS,W,27,9,11,0.818,1,2,0.5,3,3,1.0,2,2,4,3,1,0,1,2,22,9,1,
22023,1630228,22300362,"DEC 19, 2023",GSW vs. BOS,W,34,8,13,0.615,1,4,0.25,0,2,0.0,4,3,7,2,2,0,1,0,17,3,1,
22023,1630228,22300348,"DEC 17, 2023",GSW @ POR,W,19,5,7,0.714,2,3,0.667,0,4,0.0,2,2,4,0,1,0,1,3,12,4,1,
22023,1630228,22300339,"DEC 16, 2023",GSW vs. BKN,W,21,3,6,0.5,0,0,0.0,4,4,1.0,2,2,4,2,0,1,1,1,10,4,1,
22023,1630228,22300325,"DEC 14, 2023",GSW @ LAC,L,25,5,10,0.5,2,3,0.667,3,3,1.0,0,5,5,1,1,0,1,4,15,5,1,
22023,1630228,22300308,"DEC 12, 2023",GSW @ PHX,L,29,6,10,0.6,1,3,0.333,3,7,0.429,2,4,6,0,1,0,1,4,16,13,1,
22023,1630228,22301222,"DEC 08, 2023",GSW @ OKC,L,29,10,21,0.476,3,6,0.5,1,1,1.0,6,6,12,0,0,0,3,6,24,-15,1,
22023,1630228,22301214,"DEC 06, 2023",GSW vs. POR,W,17,6,6,1.0,0,0,0.0,1,2,0.5,0,1,1,1,2,0,0,2,13,13,1,
22023,1630228,22300280,"DEC 02, 2023",GSW @ LAC,L,16,2,6,0.333,1,3,0.333,1,2,0.5,0,2,2,0,0,0,1,0,6,5,1,
22023,1630228,22300273,"NOV 30, 2023",GSW vs. LAC,W,23,6,8,0.75,3,5,0.6,2,4,0.5,1,5,6,3,1,1,1,0,17,13,1,
22023,1630228,22300060,"NOV 28, 2023",GSW @ SAC,L,10,0,3,0.0,0,1,0.0,0,0,0.0,0,1,1,0,0,0,2,3,0,4,1,
22023,1630228,22300051,"NOV 24, 2023",GSW vs. SAS,W,20,5,7,0.714,1,2,0.5,1,2,0.5,0,1,1,2,0,0,1,0,12,-1,1,
22023,1630228,22300236,"NOV 22, 2023",GSW @ PHX,L,21,3,7,0.429,0,1,0.0,1,2,0.5,0,1,1,2,1,0,0,5,7,-1,1,
22023,1630228,22300224,"NOV 20, 2023",GSW vs. HOU,W,18,3,7,0.429,1,3,0.333,0,2,0.0,0,3,3,1,0,0,1,3,7,8,1,
22023,1630228,22300207,"NOV 18, 2023",GSW vs. OKC,L,20,6,10,0.6,0,2,0.0,1,2,0.5,2,3,5,2,1,1,3,2,13,-18,1,
22023,1630228,22300201,"NOV 16, 2023",GSW vs. OKC,L,27,8,13,0.615,1,4,0.25,4,5,0.8,0,6,6,2,0,1,4,0,21,-11,1,
22023,1630228,22300025,"NOV 14, 2023",GSW vs. MIN,L,16,2,3,0.667,0,1,0.0,1,2,0.5,1,1,2,1,0,0,1,2,5,-1,1,
22023,1630228,22300186,"NOV 12, 2023",GSW vs. MIN,L,24,2,11,0.182,0,3,0.0,6,7,0.857,2,1,3,0,2,0,0,2,10,5,1,
22023,1630228,22300176,"NOV 11, 2023",GSW vs. CLE,L,21,2,7,0.286,0,1,0.0,8,11,0.727,0,3,3,0,0,0,0,4,12,-1,1,
22023,1630228,22300169,"NOV 08, 2023",GSW @ DEN,L,19,4,12,0.333,0,1,0.0,2,2,1.0,2,2,4,2,0,0,0,1,10,9,1,
22023,1630228,22300145,"NOV 06, 2023",GSW @ DET,W,19,2,8,0.25,0,3,0.0,6,8,0.75,0,1,1,0,1,1,1,3,10,0,1,
22023,1630228,22300142,"NOV 05, 2023",GSW @ CLE,L,20,5,14,0.357,1,4,0.25,4,5,0.8,1,2,3,0,0,2,1,2,15,-9,1,
22023,1630228,22300005,"NOV 03, 2023",GSW @ OKC,W,22,9,15,0.6,0,2,0.0,1,2,0.5,1,1,2,1,0,0,3,2,19,3,1,
22023,1630228,22300126,"NOV 01, 2023",GSW vs. SAC,W,17,4,9,0.444,1,2,0.5,3,3,1.0,0,1,1,1,1,0,0,2,12,3,1,
22023,1630228,22300096,"OCT 29, 2023",GSW @ HOU,W,19,3,8,0.375,1,3,0.333,2,3,0.667,0,2,2,1,1,0,3,4,9,4,1,
22023,1630228,22300087,"OCT 27, 2023",GSW @ SAC,W,26,5,11,0.455,1,3,0.333,1,2,0.5,1,4,5,0,0,0,2,3,12,9,1,
22023,1630228,22300062,"OCT 24, 2023",GSW vs. PHX,L,20,4,8,0.5,0,0,0.0,4,6,0.667,3,3,6,1,2,1,2,5,12,4,1,
22023,1630230,22300784,"FEB 14, 2024",NOP vs. WAS,W,24,6,8,0.75,1,3,0.333,0,0,0.0,0,2,2,1,3,0,3,2,13,21,1,
22023,1630230,22300766,"FEB 12, 2024",NOP @ MEM,W,13,2,4,0.5,1,2,0.5,0,0,0.0,2,5,7,0,0,0,0,1,5,0,1,
22023,1630230,22300758,"FEB 10, 2024",NOP @ POR,W,18,4,5,0.8,2,2,1.0,0,0,0.0,1,2,3,1,0,0,1,2,10,-1,1,
22023,1630230,22300718,"FEB 05, 2024",NOP vs. TOR,W,19,2,7,0.286,0,2,0.0,4,4,1.0,1,0,1,5,1,0,4,3,8,2,1,
22023,1630230,22300696,"FEB 02, 2024",NOP @ SAS,W,17,1,6,0.167,0,2,0.0,0,0,0.0,1,2,3,2,1,0,1,1,2,-19,1,
22023,1630230,22300679,"JAN 31, 2024",NOP @ HOU,W,31,3,4,0.75,1,1,1.0,3,4,0.75,0,7,7,2,0,1,0,2,10,8,1,
22023,1630230,22300659,"JAN 29, 2024",NOP @ BOS,L,19,2,3,0.667,0,1,0.0,0,0,0.0,0,4,4,3,1,0,0,0,4,9,1,
22023,1630230,22300648,"JAN 27, 2024",NOP @ MIL,L,15,3,6,0.5,0,0,0.0,2,6,0.333,1,0,1,1,1,0,1,2,8,-7,1,
22023,1630230,22300640,"JAN 26, 2024",NOP vs. OKC,L,13,0,4,0.0,0,3,0.0,0,0,0.0,0,1,1,0,1,0,1,1,0,-10,1,
22023,1630230,22300616,"JAN 23, 2024",NOP vs. UTA,W,17,1,3,0.333,1,1,1.0,0,0,0.0,1,1,2,4,1,0,1,3,3,12,1,
22023,1630230,22300588,"JAN 19, 2024",NOP vs. PHX,L,13,1,4,0.25,1,2,0.5,2,2,1.0,0,0,0,1,0,0,1,0,5,0,1,
22023,1630230,22300575,"JAN 17, 2024",NOP vs. CHA,W,17,3,5,0.6,0,1,0.0,2,2,1.0,1,1,2,1,1,0,0,0,8,4,1,
22023,1630230,22300556,"JAN 15, 2024",NOP @ DAL,L,9,0,1,0.0,0,0,0.0,0,0,0.0,0,1,1,0,1,0,1,5,0,15,1,
22023,1630230,22300547,"JAN 13, 2024",NOP @ DAL,W,31,5,12,0.417,2,4,0.5,1,2,0.5,1,5,6,1,0,0,2,3,13,-7,1,
22023,1630230,22300539,"JAN 12, 2024",NOP @ DEN,L,12,2,5,0.4,0,2,0.0,2,2,1.0,1,1,2,0,0,0,0,0,6,-5,1,
22023,1630230,22300525,"JAN 10, 2024",NOP @ GSW,W,13,5,6,0.833,0,0,0.0,2,2,1.0,0,3,3,2,1,0,1,1,12,1,1,
22023,1630230,22300500,"JAN 07, 2024",NOP @ SAC,W,22,3,4,0.75,1,1,1.0,4,4,1.0,2,4,6,2,0,0,1,2,11,20,1,
22023,1630230,22300486,"JAN 05, 2024",NOP vs. LAC,L,17,4,9,0.444,1,1,1.0,0,0,0.0,3,0,3,1,1,0,2,2,9,3,1,
22023,1630230,22300471,"JAN 03, 2024",NOP @ MIN,W,14,1,4,0.25,0,2,0.0,0,0,0.0,0,2,2,0,1,0,0,4,2,-10,1,
22023,1630230,22300461,"JAN 02, 2024",NOP vs. BKN,W,16,2,6,0.333,0,2,0.0,2,2,1.0,1,1,2,1,1,1,0,0,6,8,1,
22023,1630230,22300446,"DEC 31, 2023",NOP vs. LAL,W,21,3,8,0.375,0,3,0.0,0,0,0.0,2,3,5,3,0,0,0,2,6,10,1,
22023,1630230,22300424,"DEC 28, 2023",NOP vs. UTA,W,16,4,5,0.8,1,1,1.0,0,0,0.0,0,2,2,2,0,0,3,1,9,4,1,
22023,1630230,22300410,"DEC 26, 2023",NOP vs. MEM,L,14,1,5,0.2,0,3,0.0,0,0,0.0,0,1,1,1,0,0,1,2,2,-6,1,
22023,1630230,22300392,"DEC 23, 2023",NOP vs. HOU,L,12,2,2,1.0,0,0,0.0,2,3,0.667,1,1,2,2,0,0,0,1,6,4,1,
22023,1630230,22300375,"DEC 21, 2023",NOP @ CLE,W,22,4,11,0.364,1,4,0.25,5,7,0.714,3,3,6,3,1,0,1,1,14,16,1,
22023,1630230,22300360,"DEC 19, 2023",NOP vs. MEM,L,17,1,7,0.143,1,4,0.25,0,0,0.0,1,1,2,1,0,0,1,0,3,-11,1,
22023,1630230,22300345,"DEC 17, 2023",NOP @ SAS,W,20,4,6,0.667,3,4,0.75,0,2,0.0,0,3,3,7,2,0,2,3,11,32,1,
22023,1630230,22300326,"DEC 15, 2023",NOP @ CHA,W,13,1,4,0.25,1,2,0.5,0,0,0.0,0,1,1,1,0,0,0,0,3,-11,1,
22023,1630230,22300311,"DEC 13, 2023",NOP @ WAS,W,28,6,11,0.545,2,5,0.4,2,2,1.0,0,4,4,7,2,0,1,1,16,37,1,
22023,1630230,22300301,"DEC 11, 2023",NOP vs. MIN,W,14,2,4,0.5,1,2,0.5,0,0,0.0,0,5,5,1,0,1,1,2,5,-10,1,
22023,1630230,22301230,"DEC 07, 2023",NOP @ LAL,L,12,1,2,0.5,1,1,1.0,2,2,1.0,2,2,4,0,0,0,1,1,5,-17,1,
22023,1630230,22301204,"DEC 04, 2023",NOP @ SAC,W,13,1,3,0.333,0,2,0.0,2,2,1.0,2,2,4,2,1,0,1,1,4,7,1,
22023,1630230,22300285,"DEC 02, 2023",NOP @ CHI,L,27,2,7,0.286,1,4,0.25,2,2,1.0,2,1,3,2,1,0,1,3,7,-8,1,
22023,1630230,22300278,"DEC 01, 2023",NOP vs. SAS,W,19,3,4,0.75,1,1,1.0,3,3,1.0,2,4,6,0,0,0,2,1,10,5,1,
22023,1630230,22300262,"NOV 29, 2023",NOP vs. PHI,W,19,1,4,0.25,1,3,0.333,1,2,0.5,2,1,3,3,1,1,1,1,4,-3,1,
22023,1630230,22300256,"NOV 27, 2023",NOP @ UTA,L,28,6,12,0.5,1,3,0.333,1,2,0.5,2,7,9,3,3,0,1,3,14,6,1,
22023,1630230,22300243,"NOV 25, 2023",NOP @ UTA,L,21,2,6,0.333,1,2,0.5,0,0,0.0,0,3,3,4,0,0,0,1,5,-2,1,
22023,1630230,22300052,"NOV 24, 2023",NOP @ LAC,W,27,0,7,0.0,0,3,0.0,5,6,0.833,2,6,8,1,0,0,0,1,5,-3,1,
22023,1630230,22300233,"NOV 22, 2023",NOP vs. SAC,W,20,4,5,0.8,2,2,1.0,2,3,0.667,2,4,6,4,1,1,1,0,12,25,1,
22023,1630230,22300222,"NOV 20, 2023",NOP vs. SAC,W,26,5,11,0.455,1,5,0.2,0,0,0.0,1,6,7,4,1,0,3,2,11,2,1,
22023,1630230,22300203,"NOV 18, 2023",NOP vs. MIN,L,24,2,4,0.5,1,2,0.5,2,3,0.667,0,1,1,1,1,0,2,2,7,-7,1,
22023,1630230,22300034,"NOV 17, 2023",NOP vs. DEN,W,18,4,6,0.667,4,5,0.8,0,0,0.0,0,5,5,1,1,0,2,0,12,-1,1,
22023,1630230,22300022,"NOV 14, 2023",NOP vs. DAL,W,21,5,9,0.556,1,4,0.25,5,5,1.0,2,2,4,2,1,2,1,2,16,2,1,
22023,1630230,22300183,"NOV 12, 2023",NOP vs. DAL,L,14,2,3,0.667,1,1,1.0,3,3,1.0,1,1,2,2,0,0,2,2,8,4,1,
22023,1630231,22300779,"FEB 14, 2024",PHI vs. MIA,L,28,4,7,0.571,1,2,0.5,0,0,0.0,1,4,5,3,0,0,2,1,9,-2,1,
22023,1630231,22300762,"FEB 12, 2024",PHI @ CLE,W,26,5,5,1.0,0,0,0.0,0,0,0.0,3,5,8,1,0,0,2,4,10,-2,1,
22023,1630231,22300753,"FEB 10, 2024",PHI @ WAS,W,23,2,3,0.667,0,0,0.0,0,0,0.0,1,1,2,0,0,1,0,3,4,18,1,
22023,1630231,22300742,"FEB 09, 2024",PHI vs. ATL,L,19,2,4,0.5,0,1,0.0,1,2,0.5,1,5,6,0,1,0,1,4,5,-10,1,
22023,1630231,22300727,"FEB 07, 2024",PHI vs. GSW,L,29,6,10,0.6,2,3,0.667,1,1,1.0,1,4,5,2,1,0,1,1,15,-9,1,
22023,1630231,22300715,"FEB 05, 2024",PHI vs. DAL,L,6,2,3,0.667,0,1,0.0,1,2,0.5,0,1,1,0,0,1,1,0,5,4,1,
22023,1630231,22300698,"FEB 03, 2024",PHI vs. BKN,L,21,5,9,0.556,1,2,0.5,0,0,0.0,0,4,4,4,0,0,0,1,11,1,1,
22023,1630231,22300686,"FEB 01, 2024",PHI @ UTA,W,5,0,1,0.0,0,0,0.0,0,0,0.0,1,0,1,1,0,0,0,0,0,-3,1,
22023,1630231,22300673,"JAN 30, 2024",PHI @ GSW,L,26,1,2,0.5,0,1,0.0,0,3,0.0,0,2,2,0,1,1,2,3,2,16,1,
22023,1630231,22300668,"JAN 29, 2024",PHI @ POR,L,18,2,4,0.5,0,0,0.0,2,2,1.0,0,1,1,1,0,0,2,5,6,-13,1,
22023,1630231,22300644,"JAN 27, 2024",PHI @ DEN,L,19,3,5,0.6,0,1,0.0,1,2,0.5,0,4,4,1,0,0,2,4,7,8,1,
22023,1630231,22300627,"JAN 25, 2024",PHI @ IND,L,31,4,6,0.667,0,1,0.0,3,6,0.5,1,2,3,2,2,0,2,4,11,4,1,
22023,1630231,22300608,"JAN 22, 2024",PHI vs. SAS,W,17,2,5,0.4,0,0,0.0,0,0,0.0,0,2,2,1,0,0,0,2,4,9,1,
22023,1630231,22300585,"JAN 19, 2024",PHI @ ORL,W,2,1,1,1.0,0,0,0.0,0,0,0.0,0,0,0,0,0,0,0,1,2,2,1,
22023,1630231,22300555,"JAN 15, 2024",PHI vs. HOU,W,6,0,1,0.0,0,0,0.0,0,0,0.0,0,1,1,0,0,0,0,1,0,-10,1,
22023,1630231,22300532,"JAN 12, 2024",PHI vs. SAC,W,3,1,1,1.0,0,0,0.0,0,0,0.0,0,0,0,0,0,0,0,0,2,1,1,
22023,1630231,22300521,"JAN 10, 2024",PHI @ ATL,L,6,0,0,0.0,0,0,0.0,0,0,0.0,0,0,0,0,0,0,1,1,0,2,1,
22023,1630231,22300495,"JAN 06, 2024",PHI vs. UTA,L,17,4,7,0.571,0,1,0.0,1,2,0.5,1,1,2,1,1,0,0,4,9,-1,1,
22023,1630231,22300483,"JAN 05, 2024",PHI vs. NYK,L,7,0,0,0.0,0,0,0.0,0,0,0.0,0,0,0,0,0,0,0,2,0,-12,1,
22023,1630231,22300459,"JAN 02, 2024",PHI vs. CHI,W,9,0,3,0.0,0,0,0.0,0,0,0.0,0,0,0,1,0,0,0,0,0,-17,1,
22023,1630231,22300442,"DEC 30, 2023",PHI @ CHI,L,8,1,2,0.5,0,1,0.0,0,0,0.0,0,1,1,0,0,0,0,0,2,4,1,
22023,1630231,22300415,"DEC 27, 2023",PHI @ ORL,W,1,0,0,0.0,0,0,0.0,0,0,0.0,0,0,0,0,0,0,0,0,0,-3,1,
22023,1630231,22300404,"DEC 25, 2023",PHI @ MIA,L,6,1,1,1.0,0,0,0.0,0,0,0.0,0,0,0,1,1,0,0,0,2,-7,1,
22023,1630231,22300382,"DEC 22, 2023",PHI vs. TOR,W,1,0,0,0.0,0,0,0.0,0,0,0.0,0,0,0,0,0,0,0,0,0,-3,1,
22023,1630231,22300367,"DEC 20, 2023",PHI vs. MIN,W,7,1,1,1.0,0,0,0.0,1,2,0.5,0,0,0,0,0,0,0,1,3,11,1,
22023,1630231,22300335,"DEC 16, 2023",PHI @ CHA,W,4,0,0,0.0,0,0,0.0,0,0,0.0,0,0,0,2,2,0,0,1,0,6,1,
22023,1630231,22300327,"DEC 15, 2023",PHI vs. DET,W,7,2,3,0.667,0,0,0.0,0,0,0.0,1,0,1,1,0,0,0,0,4,-6,1,
22023,1630231,22300310,"DEC 13, 2023",PHI @ DET,W,4,1,1,1.0,0,0,0.0,0,0,0.0,1,1,2,1,1,0,0,0,2,-6,1,
22023,1630231,22300295,"DEC 11, 2023",PHI vs. WAS,W,6,1,1,1.0,0,0,0.0,0,0,0.0,0,1,1,1,0,0,0,1,2,3,1,
22023,1630231,22300275,"DEC 01, 2023",PHI @ BOS,L,13,1,5,0.2,0,0,0.0,0,0,0.0,0,2,2,0,2,0,0,1,2,0,1,
22023,1630231,22300262,"NOV 29, 2023",PHI @ NOP,L,17,2,4,0.5,0,1,0.0,0,0,0.0,0,2,2,2,0,0,2,4,4,4,1,
22023,1630231,22300255,"NOV 27, 2023",PHI vs. LAL,W,5,0,0,0.0,0,0,0.0,1,2,0.5,1,1,2,0,0,0,0,1,1,13,1,
22023,1630231,22300232,"NOV 22, 2023",PHI @ MIN,L,6,1,2,0.5,0,0,0.0,1,2,0.5,0,1,1,0,1,0,0,2,3,8,1,
22023,1630231,22300208,"NOV 19, 2023",PHI @ BKN,W,4,0,0,0.0,0,0,0.0,0,0,0.0,1,0,1,0,0,0,0,1,0,-1,1,
22023,1630231,22300019,"NOV 14, 2023",PHI vs. IND,L,1,0,0,0.0,0,0,0.0,0,0,0.0,0,0,0,0,0,0,0,0,0,0,1,
22023,1630231,22300148,"NOV 06, 2023",PHI vs. WAS,W,4,0,1,0.0,0,0,0.0,0,0,0.0,0,1,1,1,0,0,0,0,0,-6,1,
22023,1630231,22300132,"NOV 04, 2023",PHI vs. PHX,W,2,0,0,0.0,0,0,0.0,0,0,0.0,0,0,0,0,0,0,1,1,0,-5,1,
22023,1630231,22300128,"NOV 02, 2023",PHI vs. TOR,W,1,0,0,0.0,0,0,0.0,0,0,0.0,0,0,0,0,0,0,0,1,0,-2,1,
22023,1630231,22300099,"OCT 29, 2023",LAC vs. SAS,W,18,4,6,0.667,1,3,0.333,1,2,0.5,0,2,2,0,1,1,2,1,10,13,1,
22023,1630231,22300074,"OCT 25, 2023",LAC vs. POR,W,14,0,4,0.0,0,2,0.0,0,0,0.0,1,0,1,1,1,0,0,2,0,-17,1,
22023,1630235,22300742,"FEB 09, 2024",ATL @ PHI,W,8,0,0,0.0,0,0,0.0,0,0,0.0,0,0,0,4,0,0,1,1,0,1,1,
22023,1630235,22300653,"JAN 28, 2024",ATL vs. TOR,W,6,0,1,0.0,0,1,0.0,0,0,0.0,0,0,0,3,0,0,0,1,0,-7,1,
22023,1630235,22300626,"JAN 24, 2024",ATL @ GSW,L,15,0,1,0.0,0,0,0.0,0,0,0.0,0,0,0,5,2,0,1,1,0,-9,1,
22023,1630235,22300613,"JAN 22, 2024",ATL @ SAC,L,8,0,3,0.0,0,0,0.0,0,0,0.0,0,2,2,1,0,0,0,1,0,-11,1,
22023,1630235,22300595,"JAN 20, 2024",ATL vs. CLE,L,6,0,1,0.0,0,0,0.0,0,0,0.0,0,1,1,0,0,0,0,0,0,6,1,
22023,1630235,22300587,"JAN 19, 2024",ATL @ MIA,W,10,1,4,0.25,1,2,0.5,0,0,0.0,0,1,1,3,0,0,1,0,3,-4,1,
22023,1630235,22300559,"JAN 15, 2024",ATL vs. SAS,W,12,1,3,0.333,1,1,1.0,0,0,0.0,1,2,3,0,0,0,0,2,3,-13,1,
22023,1630235,22300543,"JAN 13, 2024",ATL vs. WAS,L,13,1,4,0.25,0,0,0.0,2,4,0.5,0,2,2,1,1,0,2,1,4,-7,1,
22023,1630235,22300533,"JAN 12, 2024",ATL vs. IND,L,20,2,5,0.4,0,0,0.0,0,0,0.0,0,0,0,6,1,0,1,0,4,-5,1,
22023,1630235,22300521,"JAN 10, 2024",ATL vs. PHI,W,19,2,3,0.667,0,1,0.0,0,0,0.0,0,5,5,3,0,0,0,3,4,6,1,
22023,1630235,22300480,"JAN 05, 2024",ATL @ IND,L,14,2,4,0.5,0,1,0.0,2,2,1.0,0,2,2,2,1,0,2,0,6,-11,1,
22023,1630235,22300467,"JAN 03, 2024",ATL vs. OKC,W,14,3,3,1.0,0,0,0.0,0,0,0.0,0,2,2,2,0,1,0,3,6,7,1,
22023,1630235,22300408,"DEC 26, 2023",ATL @ CHI,L,3,0,0,0.0,0,0,0.0,0,0,0.0,0,0,0,0,0,0,0,0,0,4,1,
22023,1630235,22300336,"DEC 16, 2023",ATL @ CLE,L,7,0,2,0.0,0,0,0.0,0,0,0.0,1,2,3,0,1,0,1,0,0,-4,1,
22023,1630235,22300330,"DEC 15, 2023",ATL @ TOR,W,11,0,4,0.0,0,1,0.0,0,0,0.0,1,2,3,4,1,0,0,1,0,2,1,
22023,1630235,22301218,"DEC 08, 2023",ATL @ PHI,L,13,2,5,0.4,0,0,0.0,2,2,1.0,1,0,1,1,0,0,1,2,6,-3,1,
22023,1630235,22300055,"NOV 28, 2023",ATL @ CLE,L,4,0,1,0.0,0,0,0.0,0,0,0.0,0,0,0,0,0,0,0,0,0,0,1,
22023,1630235,22300241,"NOV 25, 2023",ATL @ WAS,W,9,1,2,0.5,0,0,0.0,0,0,0.0,0,0,0,2,0,0,1,1,2,-7,1,
22023,1630235,22300018,"NOV 14, 2023",ATL @ DET,W,13,0,1,0.0,0,0,0.0,2,2,1.0,1,0,1,4,0,0,0,0,2,-3,1,
22023,1630235,22300097,"OCT 29, 2023",ATL @ MIL,W,5,0,0,0.0,0,0,0.0,0,0,0.0,0,0,0,1,0,0,0,1,0,-7,1,
22023,1630240,22300787,"FEB 14, 2024",PHX vs. DET,W,24,4,9,0.444,0,3,0.0,8,12,0.667,0,6,6,2,4,0,2,0,16,3,1,
22023,1630240,22300739,"FEB 08, 2024",PHX vs. UTA,W,1,0,1,0.0,0,0,0.0,0,0,0.0,0,0,0,0,0,0,0,0,0,0,1,
22023,1630240,22300612,"JAN 22, 2024",PHX vs. CHI,W,6,1,2,0.5,0,1,0.0,0,0,0.0,0,2,2,1,0,0,1,0,2,2,1,
22023,1630240,22300511,"JAN 08, 2024",PHX @ LAC,L,5,0,1,0.0,0,0,0.0,2,2,1.0,1,0,1,0,0,0,1,0,2,-3,1,
22023,1630240,22300503,"JAN 07, 2024",PHX vs. MEM,L,4,0,0,0.0,0,0,0.0,1,2,0.5,1,0,1,0,0,1,0,1,1,-8,1,
22023,1630240,22300489,"JAN 05, 2024",PHX vs. MIA,W,2,0,0,0.0,0,0,0.0,0,2,0.0,0,0,0,0,1,0,0,0,0,-5,1,
22023,1630240,22300436,"DEC 29, 2023",PHX vs. CHA,W,14,0,1,0.0,0,0,0.0,1,2,0.5,0,0,0,3,1,0,0,1,1,11,1,
22023,1630240,22300418,"DEC 27, 2023",PHX @ HOU,W,12,2,2,1.0,0,0,0.0,5,5,1.0,0,2,2,1,0,0,2,1,9,3,1,
22023,1630240,22300387,"DEC 22, 2023",PHX @ SAC,L,20,2,8,0.25,0,3,0.0,2,2,1.0,1,2,3,4,1,1,1,2,6,11,1,
22023,1630240,22301228,"DEC 08, 2023",PHX vs. SAC,L,1,1,1,1.0,0,0,0.0,2,2,1.0,0,0,0,0,0,0,0,0,4,4,1,
22023,1630240,22300140,"NOV 05, 2023",PHX @ DET,W,3,2,3,0.667,0,0,0.0,0,0,0.0,1,0,1,0,0,0,0,0,4,-5,1,
22023,1630240,22300132,"NOV 04, 2023",PHX @ PHI,L,4,0,1,0.0,0,0,0.0,0,0,0.0,1,1,2,1,0,0,0,1,0,3,1,
22023,1630240,22300094,"OCT 28, 2023",PHX vs. UTA,W,4,1,2,0.5,0,1,0.0,0,0,0.0,0,0,0,2,0,1,0,0,2,-4,1,
22023,1630241,22300762,"FEB 12, 2024",CLE vs. PHI,L,9,0,1,0.0,0,1,0.0,0,0,0.0,0,1,1,1,0,0,0,0,0,-4,1,
22023,1630241,22300756,"FEB 10, 2024",CLE @ TOR,W,10,2,3,0.667,2,3,0.667,0,0,0.0,0,0,0,0,0,0,0,0,6,3,1,
22023,1630241,22300735,"FEB 08, 2024",CLE @ BKN,W,12,3,7,0.429,3,7,0.429,0,0,0.0,0,0,0,0,1,0,0,1,9,-6,1,
22023,1630241,22300728,"FEB 07, 2024",CLE @ WAS,W,14,1,4,0.25,1,3,0.333,0,0,0.0,0,1,1,2,0,0,0,0,3,-3,1,
22023,1630241,22300714,"FEB 05, 2024",CLE vs. SAC,W,11,3,4,0.75,3,4,0.75,0,0,0.0,0,0,0,2,1,0,0,0,9,8,1,
22023,1630241,22300703,"FEB 03, 2024",CLE @ SAS,W,14,1,3,0.333,1,3,0.333,0,0,0.0,0,1,1,3,1,0,1,2,3,-8,1,
22023,1630241,22300687,"FEB 01, 2024",CLE @ MEM,W,18,3,6,0.5,3,5,0.6,0,0,0.0,0,2,2,1,0,0,0,1,9,-5,1,
22023,1630241,22300675,"JAN 31, 2024",CLE vs. DET,W,16,4,6,0.667,3,5,0.6,0,0,0.0,0,2,2,1,1,0,0,1,11,-9,1,
22023,1630241,22300658,"JAN 29, 2024",CLE vs. LAC,W,7,0,1,0.0,0,0,0.0,0,0,0.0,0,0,0,0,0,0,0,1,0,-9,1,
22023,1630241,22300639,"JAN 26, 2024",CLE @ MIL,W,17,3,6,0.5,1,4,0.25,0,0,0.0,0,0,0,0,0,0,0,3,7,5,1,
22023,1630241,22300624,"JAN 24, 2024",CLE @ MIL,L,27,4,9,0.444,4,9,0.444,0,0,0.0,0,2,2,3,0,0,1,1,12,1,1,
22023,1630241,22300607,"JAN 22, 2024",CLE @ ORL,W,31,8,13,0.615,8,13,0.615,2,2,1.0,2,1,3,1,1,0,1,2,26,12,1,
22023,1630241,22300595,"JAN 20, 2024",CLE @ ATL,W,30,6,16,0.375,5,14,0.357,1,1,1.0,0,4,4,6,0,0,1,2,18,8,1,
22023,1630241,22300572,"JAN 17, 2024",CLE vs. MIL,W,22,4,8,0.5,2,6,0.333,0,0,0.0,3,2,5,5,0,0,0,1,10,3,1,
22023,1630241,22300561,"JAN 15, 2024",CLE vs. CHI,W,20,5,7,0.714,4,6,0.667,1,1,1.0,1,2,3,2,2,0,0,4,15,0,1,
22023,1630241,22300527,"JAN 11, 2024",CLE vs. BKN,W,32,2,12,0.167,2,11,0.182,0,0,0.0,2,7,9,1,1,0,0,1,6,2,1,
22023,1630241,22300497,"JAN 07, 2024",CLE vs. SAS,W,23,5,11,0.455,5,9,0.556,3,3,1.0,0,3,3,3,0,0,0,0,18,23,1,
22023,1630241,22300482,"JAN 05, 2024",CLE vs. WAS,W,26,4,12,0.333,3,9,0.333,0,0,0.0,0,2,2,2,1,0,0,2,11,8,1,
22023,1630241,22300465,"JAN 03, 2024",CLE vs. WAS,W,29,4,11,0.364,3,9,0.333,0,0,0.0,1,4,5,6,0,0,0,2,11,27,1,
22023,1630241,22300452,"JAN 01, 2024",CLE @ TOR,L,17,6,11,0.545,4,8,0.5,0,0,0.0,0,3,3,1,0,0,1,2,16,-2,1,
22023,1630241,22300433,"DEC 29, 2023",CLE vs. MIL,L,15,1,4,0.25,1,4,0.25,0,0,0.0,0,0,0,1,0,0,0,1,3,-1,1,
22023,1630241,22300375,"DEC 21, 2023",CLE vs. NOP,L,12,0,4,0.0,0,3,0.0,0,0,0.0,0,0,0,1,0,0,1,0,0,1,1,
22023,1630241,22300364,"DEC 20, 2023",CLE vs. UTA,W,30,9,16,0.563,8,14,0.571,1,2,0.5,0,3,3,2,1,0,2,4,27,17,1,
22023,1630241,22300349,"DEC 18, 2023",CLE vs. HOU,W,24,6,11,0.545,5,10,0.5,2,2,1.0,1,3,4,3,1,1,0,1,19,13,1,
22023,1630241,22300336,"DEC 16, 2023",CLE vs. ATL,W,8,3,6,0.5,3,6,0.5,0,0,0.0,0,1,1,1,0,0,0,1,9,4,1,
22023,1630241,22300294,"DEC 11, 2023",CLE @ ORL,L,17,2,6,0.333,2,4,0.5,0,0,0.0,1,2,3,1,0,0,1,2,6,-4,1,
22023,1630241,22301220,"DEC 08, 2023",CLE @ MIA,W,10,3,5,0.6,3,5,0.6,0,0,0.0,1,2,3,1,0,0,0,2,9,-8,1,
22023,1630241,22300283,"DEC 02, 2023",CLE @ DET,W,3,0,1,0.0,0,1,0.0,0,0,0.0,0,0,0,1,0,0,0,1,0,0,1,
22023,1630241,22300229,"NOV 22, 2023",CLE vs. MIA,L,17,3,6,0.5,3,5,0.6,0,0,0.0,0,1,1,1,0,0,1,3,9,-10,1,
22023,1630241,22300040,"NOV 21, 2023",CLE @ PHI,W,6,0,1,0.0,0,1,0.0,0,0,0.0,0,0,0,0,0,0,0,0,0,0,1,
22023,1630241,22300210,"NOV 19, 2023",CLE vs. DEN,W,24,3,10,0.3,3,9,0.333,0,0,0.0,1,1,2,1,0,0,0,2,9,-15,1,
22023,1630241,22300030,"NOV 17, 2023",CLE vs. DET,W,1,0,0,0.0,0,0,0.0,0,0,0.0,0,0,0,0,0,0,0,0,0,-2,1,
22023,1630241,22300199,"NOV 15, 2023",CLE @ POR,W,2,0,0,0.0,0,0,0.0,0,0,0.0,0,0,0,0,0,0,0,0,0,0,1,
22023,1630241,22300191,"NOV 13, 2023",CLE @ SAC,L,3,0,1,0.0,0,1,0.0,0,0,0.0,0,0,0,0,0,0,0,0,0,1,1,
22023,1630241,22300142,"NOV 05, 2023",CLE vs. GSW,W,1,0,0,0.0,0,0,0.0,0,0,0.0,0,0,0,0,0,0,0,0,0,-2,1,
22023,1630241,22300112,"OCT 31, 2023",CLE vs. NYK,L,14,2,4,0.5,2,4,0.5,0,0,0.0,0,1,1,2,1,0,1,0,6,-2,1,
22023,1630241,22300091,"OCT 28, 2023",CLE vs. IND,L,6,0,2,0.0,0,1,0.0,0,0,0.0,1,1,2,1,1,0,0,0,0,2,1,
22023,1630243,22300778,"FEB 14, 2024",ORL vs. NYK,W,8,0,2,0.0,0,1,0.0,0,0,0.0,0,1,1,0,0,0,0,1,0,-12,1,
22023,1630243,22300655,"JAN 28, 2024",ORL vs. PHX,W,2,0,1,0.0,0,1,0.0,0,0,0.0,0,0,0,0,0,0,0,0,0,1,1,
22023,1630243,22300638,"JAN 26, 2024",ORL @ MEM,L,5,0,1,0.0,0,1,0.0,0,0,0.0,0,0,0,1,0,0,0,0,0,-5,1,
22023,1630243,22300607,"JAN 22, 2024",ORL vs. CLE,L,14,2,4,0.5,0,1,0.0,4,6,0.667,0,1,1,5,1,0,1,0,8,2,1,
22023,1630243,22300601,"JAN 21, 2024",ORL vs. MIA,W,3,0,0,0.0,0,0,0.0,0,0,0.0,0,1,1,0,0,0,0,0,0,-4,1,
22023,1630243,22300585,"JAN 19, 2024",ORL vs. PHI,L,3,1,1,1.0,0,0,0.0,0,0,0.0,0,0,0,0,0,0,0,0,2,0,1,
22023,1630243,22300546,"JAN 13, 2024",ORL @ OKC,L,17,3,6,0.5,0,3,0.0,1,1,1.0,0,4,4,1,0,3,2,2,7,4,1,
22023,1630243,22300535,"JAN 12, 2024",ORL @ MIA,L,7,0,1,0.0,0,1,0.0,0,0,0.0,0,1,1,0,0,0,1,0,0,4,1,
22023,1630243,22300513,"JAN 09, 2024",ORL vs. MIN,L,28,3,9,0.333,3,4,0.75,2,2,1.0,1,2,3,3,1,0,2,1,11,-10,1,
22023,1630243,22300499,"JAN 07, 2024",ORL vs. ATL,W,6,1,1,1.0,0,0,0.0,0,0,0.0,1,0,1,0,0,0,1,2,2,-3,1,
22023,1630243,22300488,"JAN 05, 2024",ORL @ DEN,W,31,2,4,0.5,0,1,0.0,1,1,1.0,1,4,5,2,2,1,0,4,5,10,1,
22023,1630243,22300476,"JAN 03, 2024",ORL @ SAC,L,38,2,7,0.286,0,3,0.0,1,2,0.5,0,2,2,6,2,1,0,5,5,1,1,
22023,1630243,22300415,"DEC 27, 2023",ORL vs. PHI,L,1,0,1,0.0,0,1,0.0,0,0,0.0,0,0,0,0,1,0,0,0,0,3,1,
22023,1630245,22300781,"FEB 14, 2024",CHI @ CLE,L,33,4,10,0.4,4,7,0.571,0,0,0.0,2,2,4,2,0,0,3,3,12,-5,1,
22023,1630245,22300763,"FEB 12, 2024",CHI @ ATL,W,39,12,18,0.667,5,7,0.714,0,1,0.0,0,2,2,7,1,1,2,2,29,13,1,
22023,1630245,22300752,"FEB 10, 2024",CHI @ ORL,L,39,7,12,0.583,5,8,0.625,0,0,0.0,0,2,2,2,1,0,1,5,19,1,1,
22023,1630245,22300737,"FEB 08, 2024",CHI @ MEM,W,27,4,5,0.8,2,2,1.0,0,0,0.0,0,0,0,2,0,0,2,2,10,-1,1,
22023,1630245,22300723,"FEB 06, 2024",CHI vs. MIN,W,29,3,6,0.5,0,1,0.0,0,1,0.0,0,1,1,3,1,2,2,3,6,-9,1,
22023,1630245,22300700,"FEB 03, 2024",CHI vs. SAC,L,39,7,16,0.438,3,9,0.333,1,2,0.5,1,3,4,5,2,0,2,3,18,-15,1,
22023,1630245,22300674,"JAN 31, 2024",CHI @ CHA,W,39,7,10,0.7,2,5,0.4,0,0,0.0,0,1,1,6,3,1,1,3,16,18,1,
22023,1630245,22300672,"JAN 30, 2024",CHI vs. TOR,L,39,8,11,0.727,4,5,0.8,1,2,0.5,1,4,5,2,0,1,4,4,21,-10,1,
22023,1630245,22300656,"JAN 28, 2024",CHI @ POR,W,33,5,12,0.417,1,4,0.25,0,0,0.0,0,5,5,3,0,3,1,1,11,1,1,
22023,1630245,22300633,"JAN 25, 2024",CHI @ LAL,L,30,6,11,0.545,2,5,0.4,4,4,1.0,1,1,2,1,2,1,2,2,18,-11,1,
22023,1630245,22300612,"JAN 22, 2024",CHI @ PHX,L,30,6,11,0.545,0,2,0.0,1,2,0.5,1,0,1,0,2,1,1,2,13,-10,1,
22023,1630245,22300597,"JAN 20, 2024",CHI vs. MEM,W,28,7,10,0.7,3,5,0.6,3,3,1.0,0,6,6,4,1,1,3,1,20,28,1,
22023,1630245,22300580,"JAN 18, 2024",CHI @ TOR,W,32,4,9,0.444,0,1,0.0,2,2,1.0,0,1,1,5,0,1,0,2,10,10,1,
22023,1630245,22300561,"JAN 15, 2024",CHI @ CLE,L,19,3,7,0.429,1,2,0.5,3,3,1.0,1,2,3,3,0,0,0,3,10,6,1,
22023,1630245,22300548,"JAN 13, 2024",CHI @ SAS,W,29,8,9,0.889,3,3,1.0,2,2,1.0,0,2,2,4,1,0,2,4,21,7,1,
22023,1630245,22300536,"JAN 12, 2024",CHI vs. GSW,L,17,2,4,0.5,2,3,0.667,0,0,0.0,0,0,0,0,0,0,3,4,6,-23,1,
22023,1630245,22300523,"JAN 10, 2024",CHI vs. HOU,W,18,3,8,0.375,2,4,0.5,0,0,0.0,2,2,4,3,0,0,0,0,8,-5,1,
22023,1630245,22300506,"JAN 08, 2024",CHI @ CHA,W,18,2,3,0.667,0,0,0.0,2,2,1.0,1,0,1,2,0,1,1,3,6,-3,1,
22023,1630245,22300484,"JAN 05, 2024",CHI vs. CHA,W,40,5,9,0.556,2,3,0.667,0,0,0.0,0,5,5,4,1,2,0,2,12,14,1,
22023,1630245,22300468,"JAN 03, 2024",CHI @ NYK,L,31,2,12,0.167,1,6,0.167,2,2,1.0,0,4,4,4,0,2,0,1,7,-11,1,
22023,1630245,22300459,"JAN 02, 2024",CHI @ PHI,L,32,7,14,0.5,1,4,0.25,0,0,0.0,0,3,3,0,1,0,3,2,15,-19,1,
22023,1630245,22300442,"DEC 30, 2023",CHI vs. PHI,W,29,3,11,0.273,0,4,0.0,0,0,0.0,2,1,3,2,0,1,0,2,6,0,1,
22023,1630245,22300422,"DEC 28, 2023",CHI vs. IND,L,33,7,15,0.467,0,2,0.0,1,2,0.5,1,4,5,3,0,0,0,3,15,-9,1,
22023,1630245,22300408,"DEC 26, 2023",CHI vs. ATL,W,35,6,14,0.429,2,4,0.5,5,6,0.833,4,3,7,4,3,0,0,1,19,11,1,
22023,1630245,22300396,"DEC 23, 2023",CHI vs. CLE,L,20,2,6,0.333,0,3,0.0,0,0,0.0,1,2,3,1,0,0,1,3,4,-8,1,
22023,1630245,22300376,"DEC 21, 2023",CHI vs. SAS,W,26,5,8,0.625,1,4,0.25,0,0,0.0,0,2,2,0,1,0,0,2,11,13,1,
22023,1630245,22300370,"DEC 20, 2023",CHI vs. LAL,W,22,5,8,0.625,4,6,0.667,0,0,0.0,1,1,2,1,2,2,1,1,14,0,1,
22023,1630245,22300351,"DEC 18, 2023",CHI @ PHI,W,19,1,3,0.333,0,1,0.0,2,2,1.0,3,1,4,1,1,1,2,1,4,-23,1,
22023,1630245,22300337,"DEC 16, 2023",CHI @ MIA,L,41,3,11,0.273,2,7,0.286,0,0,0.0,1,3,4,3,2,1,2,4,8,6,1,
22023,1630245,22300320,"DEC 14, 2023",CHI @ MIA,W,35,10,12,0.833,3,4,0.75,1,4,0.25,2,6,8,5,1,0,0,3,24,-1,1,
22023,1630245,22300307,"DEC 12, 2023",CHI vs. DEN,L,38,3,7,0.429,1,4,0.25,2,2,1.0,0,3,3,3,0,1,2,4,9,-6,1,
22023,1630245,22300300,"DEC 11, 2023",CHI @ MIL,L,26,0,6,0.0,0,2,0.0,0,0,0.0,0,0,0,0,0,0,0,1,0,2,1,
22023,1630245,22301223,"DEC 08, 2023",CHI @ SAS,W,26,2,5,0.4,0,2,0.0,0,0,0.0,0,3,3,3,1,0,0,1,4,-2,1,
22023,1630245,22301211,"DEC 06, 2023",CHI vs. CHA,W,22,3,9,0.333,2,4,0.5,0,0,0.0,0,2,2,2,1,0,4,2,8,11,1,
22023,1630245,22300285,"DEC 02, 2023",CHI vs. NOP,W,33,6,9,0.667,1,4,0.25,2,2,1.0,0,0,0,3,2,0,2,2,15,8,1,
22023,1630245,22300269,"NOV 30, 2023",CHI vs. MIL,W,39,6,8,0.75,1,3,0.333,1,2,0.5,1,5,6,6,3,0,2,2,14,-8,1,
22023,1630245,22300053,"NOV 28, 2023",CHI @ BOS,L,24,4,10,0.4,1,3,0.333,1,2,0.5,0,0,0,2,1,0,0,3,10,-16,1,
22023,1630245,22300250,"NOV 26, 2023",CHI @ BKN,L,14,2,3,0.667,0,1,0.0,1,2,0.5,1,1,2,2,0,0,1,2,5,-21,1,
22023,1630245,22300046,"NOV 24, 2023",CHI @ TOR,L,13,1,4,0.25,0,2,0.0,0,0,0.0,0,1,1,1,1,0,0,1,2,-5,1,
22023,1630245,22300234,"NOV 22, 2023",CHI @ OKC,L,21,4,7,0.571,3,5,0.6,0,0,0.0,0,2,2,2,1,1,2,4,11,-9,1,
22023,1630245,22300220,"NOV 20, 2023",CHI vs. MIA,L,12,1,3,0.333,0,1,0.0,4,4,1.0,1,1,2,1,0,0,0,2,6,2,1,
22023,1630245,22300204,"NOV 18, 2023",CHI vs. MIA,W,13,0,2,0.0,0,2,0.0,2,2,1.0,0,1,1,2,0,0,1,2,2,16,1,
22023,1630245,22300033,"NOV 17, 2023",CHI vs. ORL,L,14,0,3,0.0,0,1,0.0,0,0,0.0,0,2,2,1,0,0,0,1,0,-12,1,
22023,1630245,22300196,"NOV 15, 2023",CHI vs. ORL,L,18,2,4,0.5,1,3,0.333,0,0,0.0,1,1,2,2,0,0,1,1,5,-6,1,
22023,1630245,22300190,"NOV 13, 2023",CHI @ MIL,L,26,2,4,0.5,1,2,0.5,0,0,0.0,1,1,2,1,0,0,1,4,5,-13,1,
22023,1630245,22300181,"NOV 12, 2023",CHI vs. DET,W,27,6,7,0.857,0,1,0.0,1,2,0.5,0,1,1,3,3,0,0,3,13,19,1,
22023,1630245,22300162,"NOV 08, 2023",CHI vs. PHX,L,10,1,2,0.5,0,0,0.0,0,0,0.0,2,1,3,1,0,0,1,0,2,-4,1,
22023,1630245,22300152,"NOV 06, 2023",CHI vs. UTA,W,16,2,5,0.4,2,3,0.667,2,2,1.0,0,1,1,0,0,0,1,0,8,6,1,
22023,1630245,22300124,"NOV 01, 2023",CHI @ DAL,L,11,3,4,0.75,2,3,0.667,0,0,0.0,0,1,1,1,0,0,0,1,8,8,1,
22023,1630245,22300102,"OCT 30, 2023",CHI @ IND,W,10,0,1,0.0,0,1,0.0,0,0,0.0,0,1,1,0,1,1,0,2,0,-2,1,
22023,1630245,22300088,"OCT 28, 2023",CHI @ DET,L,15,2,7,0.286,1,2,0.5,0,0,0.0,2,1,3,3,0,0,0,0,5,-6,1,
22023,1630245,22300082,"OCT 27, 2023",CHI vs. TOR,W,11,2,4,0.5,0,1,0.0,0,0,0.0,0,1,1,0,0,0,0,0,4,10,1,
22023,1630245,22300070,"OCT 25, 2023",CHI vs. OKC,L,9,3,5,0.6,2,4,0.5,0,0,0.0,0,0,0,1,1,0,1,0,8,3,1,
22023,1630256,22300783,"FEB 14, 2024",HOU @ MEM,L,15,2,7,0.286,1,1,1.0,2,4,0.5,4,2,6,1,1,0,1,2,7,-11,1,
22023,1630256,22300765,"FEB 12, 2024",HOU vs. NYK,W,12,1,4,0.25,0,0,0.0,0,0,0.0,1,0,1,0,4,0,1,2,2,6,1,
22023,1630256,22300754,"FEB 10, 2024",HOU @ ATL,L,9,1,2,0.5,0,0,0.0,0,0,0.0,1,1,2,0,0,0,0,2,2,4,1,
22023,1630256,22300744,"FEB 09, 2024",HOU @ TOR,L,15,2,3,0.667,0,1,0.0,0,0,0.0,1,2,3,1,1,0,0,1,4,10,1,
22023,1630256,22300719,"FEB 06, 2024",HOU @ IND,L,14,1,2,0.5,1,1,1.0,0,0,0.0,2,3,5,0,1,0,0,2,3,-5,1,
22023,1630256,22300709,"FEB 04, 2024",HOU @ MIN,L,10,1,3,0.333,0,0,0.0,0,0,0.0,1,3,4,1,0,0,0,3,2,-6,1,
22023,1630256,22300692,"FEB 02, 2024",HOU vs. TOR,W,17,1,2,0.5,0,0,0.0,0,0,0.0,0,1,1,3,1,0,0,2,2,14,1,
22023,1630256,22300679,"JAN 31, 2024",HOU vs. NOP,L,7,1,2,0.5,0,0,0.0,0,0,0.0,0,1,1,2,1,0,0,0,2,-10,1,
22023,1630256,22300662,"JAN 29, 2024",HOU vs. LAL,W,19,3,7,0.429,1,2,0.5,0,0,0.0,0,1,1,0,0,0,1,2,7,14,1,
22023,1630256,22300645,"JAN 27, 2024",HOU @ BKN,L,17,3,5,0.6,0,1,0.0,0,0,0.0,1,4,5,2,0,0,1,5,6,3,1,
22023,1630256,22300635,"JAN 26, 2024",HOU @ CHA,W,11,1,3,0.333,0,1,0.0,0,0,0.0,0,1,1,0,0,0,1,1,2,13,1,
22023,1630256,22300603,"JAN 21, 2024",HOU vs. BOS,L,15,1,2,0.5,0,0,0.0,0,0,0.0,0,0,0,0,0,2,0,1,2,-2,1,
22023,1630256,22300598,"JAN 20, 2024",HOU vs. UTA,W,14,1,4,0.25,0,1,0.0,0,0,0.0,3,0,3,3,1,1,0,2,2,8,1,
22023,1630256,22300573,"JAN 17, 2024",HOU @ NYK,L,14,1,2,0.5,0,1,0.0,0,0,0.0,0,2,2,2,0,0,0,0,2,1,1,
22023,1630256,22300555,"JAN 15, 2024",HOU @ PHI,L,13,1,4,0.25,0,3,0.0,0,0,0.0,1,3,4,2,0,0,0,4,2,5,1,
22023,1630256,22300542,"JAN 13, 2024",HOU @ BOS,L,9,0,0,0.0,0,0,0.0,0,0,0.0,0,0,0,0,1,0,1,1,0,-13,1,
22023,1630256,22300534,"JAN 12, 2024",HOU @ DET,W,20,1,2,0.5,0,0,0.0,0,0,0.0,2,5,7,1,0,0,1,1,2,-1,1,
22023,1630256,22300523,"JAN 10, 2024",HOU @ CHI,L,18,1,3,0.333,0,2,0.0,1,2,0.5,1,1,2,0,0,0,0,1,3,-13,1,
22023,1630256,22300509,"JAN 08, 2024",HOU @ MIA,L,34,3,8,0.375,1,4,0.25,2,2,1.0,3,1,4,1,2,0,0,5,9,-4,1,
22023,1630256,22300496,"JAN 06, 2024",HOU vs. MIL,W,19,2,3,0.667,0,0,0.0,0,0,0.0,3,5,8,0,1,0,0,4,4,3,1,
22023,1630256,22300485,"JAN 05, 2024",HOU vs. MIN,L,21,0,1,0.0,0,1,0.0,0,0,0.0,0,3,3,2,1,0,0,1,0,-13,1,
22023,1630256,22300469,"JAN 03, 2024",HOU vs. BKN,W,31,2,2,1.0,2,2,1.0,2,2,1.0,0,4,4,3,0,0,1,4,8,17,1,
22023,1630256,22300453,"JAN 01, 2024",HOU vs. DET,W,26,6,10,0.6,0,2,0.0,4,6,0.667,0,3,3,0,1,0,1,6,16,15,1,
22023,1630256,22300434,"DEC 29, 2023",HOU vs. PHI,L,35,2,4,0.5,0,1,0.0,0,0,0.0,1,4,5,2,0,0,0,3,4,4,1,
22023,1630256,22300418,"DEC 27, 2023",HOU vs. PHX,L,24,3,3,1.0,1,1,1.0,0,0,0.0,1,1,2,1,1,0,0,3,7,-4,1,
22023,1630256,22300409,"DEC 26, 2023",HOU vs. IND,L,14,2,3,0.667,0,0,0.0,1,2,0.5,0,1,1,0,1,0,0,1,5,4,1,
22023,1630256,22300392,"DEC 23, 2023",HOU @ NOP,W,11,1,4,0.25,0,2,0.0,0,0,0.0,2,3,5,0,0,0,0,2,2,1,1,
22023,1630256,22300385,"DEC 22, 2023",HOU vs. DAL,W,18,1,2,0.5,0,1,0.0,0,0,0.0,1,7,8,1,0,0,3,4,2,-4,1,
22023,1630256,22300371,"DEC 20, 2023",HOU vs. ATL,L,19,0,3,0.0,0,1,0.0,0,0,0.0,0,0,0,1,0,0,0,3,0,-2,1,
22023,1630256,22300349,"DEC 18, 2023",HOU @ CLE,L,16,1,4,0.25,0,0,0.0,1,1,1.0,2,1,3,1,0,0,0,2,3,-5,1,
22023,1630256,22300346,"DEC 17, 2023",HOU @ MIL,L,19,0,2,0.0,0,0,0.0,0,0,0.0,2,1,3,1,1,0,2,2,0,4,1,
22023,1630256,22300314,"DEC 13, 2023",HOU vs. MEM,W,23,4,9,0.444,1,4,0.25,1,3,0.333,3,4,7,3,1,0,0,1,10,-4,1,
22023,1630256,22300298,"DEC 11, 2023",HOU vs. SAS,W,9,2,2,1.0,1,1,1.0,0,0,0.0,1,1,2,0,0,0,1,0,5,1,1,
22023,1630256,22301224,"DEC 08, 2023",HOU @ DEN,W,13,2,3,0.667,1,2,0.5,0,0,0.0,0,2,2,0,0,0,0,2,5,2,1,
22023,1630256,22301212,"DEC 06, 2023",HOU vs. OKC,W,14,0,2,0.0,0,1,0.0,0,0,0.0,0,1,1,0,0,0,2,1,0,3,1,
22023,1630256,22300291,"DEC 02, 2023",HOU @ LAL,L,14,1,2,0.5,0,0,0.0,0,0,0.0,0,2,2,0,0,0,0,2,2,-8,1,
22023,1630256,22300059,"NOV 28, 2023",HOU @ DAL,L,11,1,2,0.5,0,1,0.0,3,3,1.0,1,1,2,2,1,0,0,2,5,-3,1,
22023,1630256,22300048,"NOV 24, 2023",HOU vs. DEN,W,16,2,4,0.5,0,1,0.0,0,0,0.0,0,3,3,0,0,1,1,4,4,6,1,
22023,1630256,22300231,"NOV 22, 2023",HOU vs. MEM,W,26,1,4,0.25,0,3,0.0,0,0,0.0,1,8,9,4,1,0,0,4,2,26,1,
22023,1630256,22300224,"NOV 20, 2023",HOU @ GSW,L,21,4,7,0.571,1,2,0.5,0,0,0.0,2,1,3,1,0,0,1,3,9,-7,1,
22023,1630256,22300216,"NOV 19, 2023",HOU @ LAL,L,16,2,3,0.667,0,0,0.0,0,0,0.0,1,2,3,2,1,0,0,1,4,6,1,
22023,1630256,22300037,"NOV 17, 2023",HOU @ LAC,L,9,3,5,0.6,0,1,0.0,0,0,0.0,3,1,4,0,0,0,1,5,6,-9,1,
22023,1630256,22300182,"NOV 12, 2023",HOU vs. DEN,W,20,1,3,0.333,0,0,0.0,1,2,0.5,3,3,6,0,3,0,0,2,3,2,1,
22023,1630256,22300011,"NOV 10, 2023",HOU vs. NOP,W,24,3,7,0.429,1,4,0.25,0,0,0.0,0,3,3,2,3,0,0,4,7,1,1,
22023,1630256,22300163,"NOV 08, 2023",HOU vs. LAL,W,27,6,10,0.6,2,6,0.333,0,0,0.0,1,0,1,1,0,2,0,3,14,16,1,
22023,1630256,22300153,"NOV 06, 2023",HOU vs. SAC,W,21,3,5,0.6,2,4,0.5,0,0,0.0,1,3,4,1,2,0,0,2,8,28,1,
22023,1630256,22300137,"NOV 04, 2023",HOU vs. SAC,W,21,4,6,0.667,3,3,1.0,0,0,0.0,0,4,4,1,0,0,0,4,11,4,1,
22023,1630256,22300122,"NOV 01, 2023",HOU vs. CHA,W,19,1,5,0.2,1,2,0.5,1,2,0.5,1,5,6,5,0,0,0,4,4,17,1,
22023,1630256,22300096,"OCT 29, 2023",HOU vs. GSW,L,22,2,6,0.333,0,2,0.0,2,2,1.0,2,6,8,1,2,2,1,2,6,-24,1,
22023,1630256,22300083,"OCT 27, 2023",HOU @ SAS,L,14,1,2,0.5,0,1,0.0,1,1,1.0,0,0,0,0,3,0,1,1,3,-8,1,
22023,1630256,22300066,"OCT 25, 2023",HOU @ ORL,L,15,2,2,1.0,1,1,1.0,0,0,0.0,0,2,2,0,1,1,0,1,5,-11,1,
22023,1630259,22300309,"DEC 12, 2023",SAC @ LAC,L,8,2,2,1.0,1,1,1.0,0,0,0.0,0,1,1,1,0,0,1,0,5,12,1,
22023,1630259,22300264,"NOV 29, 2023",SAC vs. LAC,L,1,0,0,0.0,0,0,0.0,0,0,0.0,0,0,0,0,0,0,0,0,0,0,1,
22023,1630259,22300191,"NOV 13, 2023",SAC vs. CLE,W,1,0,1,0.0,0,1,0.0,0,0,0.0,0,0,0,0,0,0,0,0,0,-5,1,
22023,1630259,22300153,"NOV 06, 2023",SAC @ HOU,L,8,2,3,0.667,1,1,1.0,0,0,0.0,0,1,1,1,0,0,0,0,5,9,1,
22023,1630259,22300137,"NOV 04, 2023",SAC @ HOU,L,1,0,0,0.0,0,0,0.0,2,2,1.0,0,0,0,0,0,0,0,0,2,0,1,
22023,1630259,22300072,"OCT 25, 2023",SAC @ UTA,W,1,0,1,0.0,0,0,0.0,0,0,0.0,0,0,0,0,0,0,0,0,0,-2,1,
22023,1630264,22300705,"FEB 04, 2024",WAS vs. PHX,L,7,0,1,0.0,0,0,0.0,0,0,0.0,0,1,1,0,2,0,3,0,0,3,1,
22023,1630264,22300689,"FEB 02, 2024",WAS vs. MIA,L,0,0,0,0.0,0,0,0.0,0,0,0.0,0,0,0,0,0,0,0,0,0,-3,1,
22023,1630264,22300676,"JAN 31, 2024",WAS vs. LAC,L,8,1,1,1.0,1,1,1.0,0,0,0.0,0,2,2,0,1,0,1,0,3,10,1,
22023,1630264,22300628,"JAN 25, 2024",WAS vs. UTA,L,1,0,0,0.0,0,0,0.0,0,0,0.0,0,0,0,0,0,0,0,0,0,0,1,
22023,1630264,22300620,"JAN 24, 2024",WAS vs. MIN,L,1,0,0,0.0,0,0,0.0,0,0,0.0,0,0,0,1,0,0,0,0,0,3,1,
22023,1630264,22300558,"JAN 15, 2024",WAS vs. DET,L,3,1,2,0.5,1,1,1.0,0,0,0.0,1,0,1,0,0,0,1,0,3,1,1,
22023,1630264,22300494,"JAN 06, 2024",WAS vs. NYK,L,3,1,1,1.0,1,1,1.0,0,0,0.0,0,2,2,0,0,0,0,0,3,5,1,
22023,1630264,22300482,"JAN 05, 2024",WAS @ CLE,L,5,0,3,0.0,0,1,0.0,1,2,0.5,1,0,1,0,0,0,0,1,1,-1,1,
22023,1630264,22300465,"JAN 03, 2024",WAS @ CLE,L,5,1,1,1.0,0,0,0.0,0,0,0.0,0,1,1,0,0,0,0,0,2,4,1,
22023,1630264,22300416,"DEC 27, 2023",WAS vs. TOR,L,5,0,0,0.0,0,0,0.0,0,0,0.0,0,0,0,0,0,1,0,0,0,-3,1,
22023,1630264,22300386,"DEC 22, 2023",WAS @ GSW,L,11,4,5,0.8,0,1,0.0,0,0,0.0,2,1,3,0,0,1,0,0,8,10,1,
22023,1630264,22300381,"DEC 21, 2023",WAS @ POR,W,0,0,0,0.0,0,0,0.0,0,0,0.0,0,0,0,0,0,0,0,0,0,-2,1,
22023,1630264,22300358,"DEC 18, 2023",WAS @ SAC,L,20,2,5,0.4,0,2,0.0,0,0,0.0,1,3,4,3,0,0,1,1,4,9,1,
22023,1630264,22300347,"DEC 17, 2023",WAS @ PHX,L,0,0,0,0.0,0,0,0.0,0,0,0.0,0,0,0,0,0,0,0,0,0,0,1,
22023,1630264,22300328,"DEC 15, 2023",WAS vs. IND,W,3,0,0,0.0,0,0,0.0,0,0,0.0,0,0,0,0,0,0,0,0,0,-8,1,
22023,1630264,22300311,"DEC 13, 2023",WAS vs. NOP,L,10,1,2,0.5,0,1,0.0,0,0,0.0,0,2,2,2,0,0,0,2,2,-4,1,
22023,1630264,22300295,"DEC 11, 2023",WAS @ PHI,L,10,1,2,0.5,0,0,0.0,1,2,0.5,1,3,4,0,0,1,2,2,3,2,1,
22023,1630264,22301219,"DEC 08, 2023",WAS @ BKN,L,4,1,4,0.25,0,1,0.0,0,0,0.0,3,0,3,0,0,0,0,1,2,-2,1,
22023,1630264,22300259,"NOV 29, 2023",WAS @ ORL,L,5,0,1,0.0,0,1,0.0,0,0,0.0,0,1,1,0,0,0,0,0,0,3,1,
22023,1630264,22300253,"NOV 27, 2023",WAS @ DET,W,2,0,0,0.0,0,0,0.0,0,0,0.0,0,0,0,0,0,0,0,0,0,0,1,
22023,1630264,22300241,"NOV 25, 2023",WAS vs. ATL,L,18,4,6,0.667,0,1,0.0,2,2,1.0,1,2,3,1,0,0,2,1,10,-8,1,
22023,1630264,22300219,"NOV 20, 2023",WAS vs. MIL,L,1,0,0,0.0,0,0,0.0,0,0,0.0,0,0,0,0,1,0,0,0,0,2,1,
22023,1630264,22300028,"NOV 17, 2023",WAS vs. NYK,L,2,0,0,0.0,0,0,0.0,2,2,1.0,0,1,1,1,0,0,0,0,2,-1,1,
22023,1630264,22300192,"NOV 15, 2023",WAS vs. DAL,L,5,0,0,0.0,0,0,0.0,0,0,0.0,0,1,1,0,1,0,3,1,0,9,1,
22023,1630264,22300157,"NOV 08, 2023",WAS @ CHA,W,4,0,3,0.0,0,0,0.0,0,0,0.0,1,0,1,0,0,0,0,0,0,-4,1,
22023,1630264,22300148,"NOV 06, 2023",WAS @ PHI,L,8,2,3,0.667,0,1,0.0,1,2,0.5,1,0,1,0,1,2,0,0,5,6,1,
22023,1630264,22300003,"NOV 03, 2023",WAS @ MIA,L,7,2,3,0.667,0,0,0.0,2,2,1.0,1,1,2,0,0,1,1,1,6,18,1,
22023,1630264,22300117,"NOV 01, 2023",WAS @ ATL,L,7,1,1,1.0,0,0,0.0,0,0,0.0,0,1,1,2,0,0,1,0,2,17,1,
22023,1630264,22300103,"OCT 30, 2023",WAS vs. BOS,L,10,1,3,0.333,0,0,0.0,3,4,0.75,0,2,2,1,0,0,0,2,5,9,1,
22023,1630284,22300778,"FEB 14, 2024",ORL vs. NYK,W,3,2,3,0.667,0,0,0.0,0,0,0.0,0,1,1,1,0,0,0,2,4,0,1,
22023,1630284,22300585,"JAN 19, 2024",ORL vs. PHI,L,3,0,0,0.0,0,0,0.0,0,0,0.0,0,1,1,0,0,0,1,1,0,0,1,
22023,1630296,22300767,"FEB 12, 2024",DEN @ MIL,L,6,1,1,1.0,0,0,0.0,0,1,0.0,1,1,2,0,0,0,0,1,2,2,1,
22023,1630296,22300697,"FEB 02, 2024",DEN vs. POR,W,1,0,0,0.0,0,0,0.0,0,0,0.0,0,0,0,0,0,0,0,0,0,2,1,
22023,1630296,22300539,"JAN 12, 2024",DEN vs. NOP,W,1,0,0,0.0,0,0,0.0,0,0,0.0,0,0,0,0,0,0,1,0,0,-4,1,
22023,1630296,22300524,"JAN 10, 2024",DEN @ UTA,L,6,1,1,1.0,0,0,0.0,0,0,0.0,1,0,1,1,1,0,0,0,2,12,1,
22023,1630296,22300502,"JAN 07, 2024",DEN vs. DET,W,2,0,0,0.0,0,0,0.0,2,2,1.0,0,1,1,0,0,0,0,0,2,-6,1,
22023,1630296,22300488,"JAN 05, 2024",DEN vs. ORL,L,6,1,3,0.333,1,2,0.5,0,0,0.0,0,2,2,1,0,0,0,1,3,6,1,
22023,1630296,22300455,"JAN 01, 2024",DEN vs. CHA,W,4,0,1,0.0,0,0,0.0,0,0,0.0,0,1,1,0,1,0,0,0,0,-6,1,
22023,1630296,22300435,"DEC 29, 2023",DEN vs. OKC,L,3,1,2,0.5,0,0,0.0,1,1,1.0,0,0,0,0,0,0,0,0,3,-6,1,
22023,1630296,22300425,"DEC 28, 2023",DEN vs. MEM,W,7,1,2,0.5,0,0,0.0,0,0,0.0,1,1,2,1,0,0,0,0,2,8,1,
22023,1630296,22300263,"NOV 29, 2023",DEN vs. HOU,W,3,0,0,0.0,0,0,0.0,1,2,0.5,0,1,1,1,0,0,0,1,1,-9,1,
22023,1630296,22300252,"NOV 26, 2023",DEN vs. SAS,W,2,0,1,0.0,0,1,0.0,0,0,0.0,0,1,1,1,0,0,0,0,0,-4,1,
22023,1630296,22300156,"NOV 06, 2023",DEN vs. NOP,W,1,0,0,0.0,0,0,0.0,0,0,0.0,0,0,0,0,0,0,0,0,0,3,1,
22023,1630296,22300123,"NOV 01, 2023",DEN @ MIN,L,5,0,2,0.0,0,0,0.0,0,0,0.0,0,0,0,3,0,0,0,2,0,0,1,
22023,1630296,22300095,"OCT 29, 2023",DEN @ OKC,W,3,1,2,0.5,0,1,0.0,0,0,0.0,0,1,1,0,0,0,0,0,2,0,1,
22023,1630296,22300061,"OCT 24, 2023",DEN vs. LAL,W,1,0,0,0.0,0,0,0.0,0,0,0.0,0,0,0,0,0,0,0,0,0,0,1,
22023,1630346,22300758,"FEB 10, 2024",NOP @ POR,W,5,0,2,0.0,0,0,0.0,0,0,0.0,0,1,1,0,0,0,0,0,0,-6,1,
22023,1630346,22300203,"NOV 18, 2023",NOP vs. MIN,L,27,3,5,0.6,3,4,0.75,1,1,1.0,0,3,3,1,1,0,3,1,10,1,1,
22023,1630346,22300034,"NOV 17, 2023",NOP vs. DEN,W,19,3,7,0.429,3,5,0.6,0,1,0.0,0,0,0,0,0,0,0,0,9,8,1,
22023,1630346,22300022,"NOV 14, 2023",NOP vs. DAL,W,20,2,7,0.286,2,5,0.4,0,0,0.0,0,2,2,0,1,0,0,0,6,17,1,
22023,1630346,22300183,"NOV 12, 2023",NOP vs. DAL,L,27,5,7,0.714,4,6,0.667,0,0,0.0,3,3,6,2,0,0,0,3,14,0,1,
22023,1630346,22300011,"NOV 10, 2023",NOP @ HOU,L,16,0,1,0.0,0,1,0.0,0,0,0.0,0,2,2,0,1,0,1,2,0,-9,1,
22023,1630346,22300166,"NOV 08, 2023",NOP @ MIN,L,26,2,5,0.4,2,4,0.5,6,6,1.0,0,4,4,1,0,0,5,4,12,-4,1,
22023,1630346,22300156,"NOV 06, 2023",NOP @ DEN,L,25,5,8,0.625,4,6,0.667,3,3,1.0,0,0,0,1,0,0,0,3,17,-4,1,
22023,1630346,22300135,"NOV 04, 2023",NOP vs. ATL,L,17,1,4,0.25,0,3,0.0,2,2,1.0,1,1,2,1,0,0,1,2,4,-5,1,
22023,1630346,22300129,"NOV 02, 2023",NOP vs. DET,W,35,7,10,0.7,6,8,0.75,0,0,0.0,0,2,2,2,0,0,3,0,20,16,1,
22023,1630346,22300121,"NOV 01, 2023",NOP @ OKC,W,20,2,6,0.333,1,5,0.2,0,0,0.0,0,3,3,0,0,0,1,2,5,-3,1,
22023,1630346,22300108,"OCT 30, 2023",NOP vs. GSW,L,27,4,9,0.444,3,7,0.429,1,1,1.0,1,1,2,2,1,0,2,2,12,-17,1,
22023,1630346,22300090,"OCT 28, 2023",NOP vs. NYK,W,26,1,8,0.125,1,8,0.125,0,0,0.0,0,3,3,3,1,1,0,3,3,8,1,
22023,1630346,22300071,"OCT 25, 2023",NOP @ MEM,W,14,3,6,0.5,3,6,0.5,0,0,0.0,0,1,1,1,0,0,0,2,9,20,1,
22023,1630526,22300747,"FEB 09, 2024",NOP @ LAL,L,3,0,0,0.0,0,0,0.0,0,0,0.0,0,0,0,0,0,0,0,0,0,-2,1,
22023,1630526,22300731,"FEB 07, 2024",NOP @ LAC,W,2,0,1,0.0,0,1,0.0,0,0,0.0,1,0,1,1,0,0,0,1,0,-2,1,
22023,1630526,22300648,"JAN 27, 2024",NOP @ MIL,L,7,2,3,0.667,0,1,0.0,4,5,0.8,3,0,3,0,0,0,0,0,8,5,1,
22023,1630526,22300640,"JAN 26, 2024",NOP vs. OKC,L,3,1,3,0.333,0,1,0.0,0,0,0.0,0,0,0,0,1,0,0,0,2,-1,1,
22023,1630526,22300547,"JAN 13, 2024",NOP @ DAL,W,22,1,4,0.25,0,1,0.0,0,0,0.0,0,4,4,0,2,0,1,1,2,10,1,
22023,1630526,22300525,"JAN 10, 2024",NOP @ GSW,W,6,0,0,0.0,0,0,0.0,0,0,0.0,0,1,1,0,0,1,0,0,0,-5,1,
22023,1630526,22300500,"JAN 07, 2024",NOP @ SAC,W,10,3,4,0.75,1,2,0.5,0,0,0.0,0,0,0,0,0,1,1,1,7,-14,1,
22023,1630526,22300461,"JAN 02, 2024",NOP vs. BKN,W,4,0,1,0.0,0,0,0.0,0,0,0.0,1,4,5,0,0,0,1,0,0,1,1,
22023,1630526,22300392,"DEC 23, 2023",NOP vs. HOU,L,22,2,5,0.4,0,3,0.0,0,0,0.0,0,3,3,2,2,1,0,2,4,-8,1,
22023,1630526,22300375,"DEC 21, 2023",NOP @ CLE,W,20,5,6,0.833,1,2,0.5,0,0,0.0,0,5,5,1,0,0,0,1,11,22,1,
22023,1630526,22300345,"DEC 17, 2023",NOP @ SAS,W,4,2,2,1.0,0,0,0.0,0,0,0.0,0,1,1,0,0,0,0,0,4,-1,1,
22023,1630526,22300311,"DEC 13, 2023",NOP @ WAS,W,2,1,2,0.5,0,0,0.0,0,0,0.0,2,0,2,0,0,0,0,0,2,-2,1,
22023,1630526,22301230,"DEC 07, 2023",NOP @ LAL,L,6,0,2,0.0,0,0,0.0,0,0,0.0,0,2,2,1,0,0,0,0,0,-3,1,
22023,1630526,22300285,"DEC 02, 2023",NOP @ CHI,L,0,0,0,0.0,0,0,0.0,0,0,0.0,0,0,0,0,0,0,0,0,0,0,1,
22023,1630526,22300222,"NOV 20, 2023",NOP vs. SAC,W,12,1,4,0.25,0,1,0.0,2,2,1.0,3,2,5,1,0,0,0,1,4,-12,1,
22023,1630526,22300203,"NOV 18, 2023",NOP vs. MIN,L,10,2,3,0.667,0,1,0.0,0,0,0.0,0,0,0,0,0,0,0,1,4,-5,1,
22023,1630526,22300034,"NOV 17, 2023",NOP vs. DEN,W,0,0,0,0.0,0,0,0.0,0,0,0.0,0,0,0,0,0,0,0,0,0,0,1,
22023,1630526,22300022,"NOV 14, 2023",NOP vs. DAL,W,13,1,1,1.0,1,1,1.0,0,0,0.0,1,1,2,2,1,0,3,2,3,2,1,
22023,1630526,22300183,"NOV 12, 2023",NOP vs. DAL,L,26,4,8,0.5,3,5,0.6,0,0,0.0,1,5,6,1,1,0,1,2,11,5,1,
22023,1630526,22300011,"NOV 10, 2023",NOP @ HOU,L,9,2,2,1.0,1,1,1.0,0,0,0.0,0,0,0,0,0,0,0,1,5,-7,1,
22023,1630526,22300166,"NOV 08, 2023",NOP @ MIN,L,28,3,7,0.429,1,2,0.5,4,4,1.0,3,6,9,1,0,0,2,2,11,-18,1,
22023,1630527,22300789,"FEB 14, 2024",LAC @ GSW,W,9,0,4,0.0,0,2,0.0,0,0,0.0,0,1,1,0,0,0,0,2,0,-4,2,
22023,1630527,22300770,"FEB 12, 2024",LAC vs. MIN,L,5,2,4,0.5,0,1,0.0,2,2,1.0,0,0,0,0,0,0,0,0,6,3,1,
22023,1630527,22300731,"FEB 07, 2024",LAC vs. NOP,L,3,0,1,0.0,0,0,0.0,2,2,1.0,0,0,0,0,0,0,1,0,2,3,1,
22023,1630527,22300688,"FEB 02, 2024",LAC @ DET,W,3,0,0,0.0,0,0,0.0,0,0,0.0,0,0,0,0,0,0,1,1,0,-7,1,
22023,1630527,22300676,"JAN 31, 2024",LAC @ WAS,W,27,5,11,0.455,1,2,0.5,1,2,0.5,1,2,3,1,1,1,0,2,12,1,1,
22023,1630527,22300658,"JAN 29, 2024",LAC @ CLE,L,1,0,0,0.0,0,0,0.0,0,0,0.0,0,0,0,0,0,0,0,0,0,-2,1,
22023,1630527,22300646,"JAN 27, 2024",LAC @ BOS,W,10,1,5,0.2,1,1,1.0,0,0,0.0,2,0,2,0,0,1,0,1,3,-16,1,
22023,1630527,22300637,"JAN 26, 2024",LAC @ TOR,W,2,1,1,1.0,0,0,0.0,0,0,0.0,1,0,1,0,0,0,0,0,2,4,1,
22023,1630527,22300537,"JAN 12, 2024",LAC @ MEM,W,4,0,3,0.0,0,1,0.0,0,0,0.0,0,0,0,0,0,0,0,2,0,-11,1,
22023,1630527,22300511,"JAN 08, 2024",LAC vs. PHX,W,5,2,2,1.0,1,1,1.0,0,0,0.0,0,0,0,0,0,0,1,2,5,2,1,
22023,1630527,22300486,"JAN 05, 2024",LAC @ NOP,W,6,1,3,0.333,0,0,0.0,0,0,0.0,1,1,2,1,0,0,1,1,2,-12,1,
22023,1630527,22300458,"JAN 01, 2024",LAC vs. MIA,W,3,0,1,0.0,0,0,0.0,0,0,0.0,0,0,0,0,0,0,0,0,0,-3,1,
22023,1630527,22300389,"DEC 23, 2023",LAC vs. BOS,L,13,3,6,0.5,1,4,0.25,6,6,1.0,1,2,3,0,0,0,0,1,13,-4,1,
22023,1630527,22300379,"DEC 21, 2023",LAC @ OKC,L,16,3,10,0.3,1,5,0.2,0,0,0.0,1,0,1,1,1,0,0,1,7,-4,1,
22023,1630527,22300350,"DEC 18, 2023",LAC @ IND,W,6,3,4,0.75,0,0,0.0,0,0,0.0,0,0,0,0,0,0,1,2,6,-5,1,
22023,1630527,22300343,"DEC 16, 2023",LAC vs. NYK,W,5,1,3,0.333,1,3,0.333,0,0,0.0,0,2,2,2,0,0,0,1,3,-2,1,
22023,1630529,22300784,"FEB 14, 2024",NOP vs. WAS,W,27,2,6,0.333,0,2,0.0,2,2,1.0,0,6,6,1,0,1,2,4,6,10,1,
22023,1630529,22300766,"FEB 12, 2024",NOP @ MEM,W,35,5,9,0.556,3,6,0.5,4,4,1.0,3,6,9,1,5,0,3,3,17,7,1,
22023,1630529,22300758,"FEB 10, 2024",NOP @ POR,W,37,6,7,0.857,2,3,0.667,0,0,0.0,2,2,4,5,3,0,1,2,14,21,1,
22023,1630529,22300747,"FEB 09, 2024",NOP @ LAL,L,29,4,8,0.5,3,5,0.6,2,2,1.0,0,0,0,2,2,0,2,4,13,2,1,
22023,1630529,22300731,"FEB 07, 2024",NOP @ LAC,W,30,5,11,0.455,2,3,0.667,1,2,0.5,2,5,7,2,0,0,1,2,13,7,1,
22023,1630529,22300718,"FEB 05, 2024",NOP vs. TOR,W,22,3,7,0.429,1,4,0.25,0,0,0.0,2,0,2,2,1,0,1,1,7,15,1,
22023,1630529,22300659,"JAN 29, 2024",NOP @ BOS,L,27,3,4,0.75,3,4,0.75,0,0,0.0,2,1,3,4,0,0,2,4,9,-7,1,
22023,1630529,22300648,"JAN 27, 2024",NOP @ MIL,L,20,4,9,0.444,1,4,0.25,0,0,0.0,0,0,0,0,0,1,0,3,9,-14,1,
22023,1630529,22300640,"JAN 26, 2024",NOP vs. OKC,L,29,6,12,0.5,2,7,0.286,0,0,0.0,0,4,4,1,0,1,2,4,14,-17,1,
22023,1630529,22300616,"JAN 23, 2024",NOP vs. UTA,W,26,8,9,0.889,4,4,1.0,2,2,1.0,2,3,5,5,1,1,0,4,22,13,1,
22023,1630529,22300588,"JAN 19, 2024",NOP vs. PHX,L,23,4,9,0.444,1,6,0.167,0,0,0.0,1,2,3,2,0,0,1,1,9,-9,1,
22023,1630529,22300575,"JAN 17, 2024",NOP vs. CHA,W,24,3,5,0.6,2,3,0.667,1,2,0.5,0,1,1,1,2,0,0,0,9,15,1,
22023,1630529,22300556,"JAN 15, 2024",NOP @ DAL,L,29,4,5,0.8,1,1,1.0,1,1,1.0,1,2,3,3,0,0,0,2,10,-14,1,
22023,1630529,22300547,"JAN 13, 2024",NOP @ DAL,W,32,5,13,0.385,1,3,0.333,4,6,0.667,2,3,5,3,0,2,1,5,15,4,1,
22023,1630529,22300539,"JAN 12, 2024",NOP @ DEN,L,19,3,4,0.75,2,2,1.0,0,0,0.0,0,1,1,1,0,1,1,1,8,-2,1,
22023,1630529,22300525,"JAN 10, 2024",NOP @ GSW,W,23,4,7,0.571,4,7,0.571,0,0,0.0,1,4,5,4,1,2,1,1,12,10,1,
22023,1630529,22300500,"JAN 07, 2024",NOP @ SAC,W,26,3,7,0.429,1,3,0.333,2,2,1.0,1,2,3,2,0,1,1,1,9,34,1,
22023,1630529,22300486,"JAN 05, 2024",NOP vs. LAC,L,25,3,6,0.5,1,2,0.5,2,2,1.0,0,0,0,2,1,1,0,1,9,-10,1,
22023,1630529,22300471,"JAN 03, 2024",NOP @ MIN,W,37,6,11,0.545,4,5,0.8,0,0,0.0,0,3,3,2,1,1,3,3,16,10,1,
22023,1630529,22300461,"JAN 02, 2024",NOP vs. BKN,W,24,5,10,0.5,2,4,0.5,2,2,1.0,2,2,4,1,2,1,3,1,14,19,1,
22023,1630529,22300446,"DEC 31, 2023",NOP vs. LAL,W,29,5,9,0.556,3,5,0.6,0,0,0.0,3,1,4,1,0,0,0,3,13,8,1,
22023,1630529,22300424,"DEC 28, 2023",NOP vs. UTA,W,29,3,4,0.75,0,1,0.0,0,0,0.0,0,3,3,1,0,1,1,4,6,6,1,
22023,1630529,22300410,"DEC 26, 2023",NOP vs. MEM,L,32,2,8,0.25,0,4,0.0,0,0,0.0,0,3,3,3,1,0,0,1,4,0,1,
22023,1630529,22300392,"DEC 23, 2023",NOP vs. HOU,L,18,2,8,0.25,2,4,0.5,0,0,0.0,3,0,3,1,0,0,0,1,6,-13,1,
22023,1630529,22300375,"DEC 21, 2023",NOP @ CLE,W,30,3,7,0.429,0,1,0.0,1,1,1.0,1,0,1,4,0,1,0,1,7,5,1,
22023,1630529,22300360,"DEC 19, 2023",NOP vs. MEM,L,30,3,10,0.3,1,5,0.2,0,0,0.0,0,1,1,2,0,0,1,3,7,0,1,
22023,1630529,22300345,"DEC 17, 2023",NOP @ SAS,W,19,0,5,0.0,0,3,0.0,2,2,1.0,1,0,1,3,1,0,2,3,2,2,1,
22023,1630529,22300326,"DEC 15, 2023",NOP @ CHA,W,28,3,4,0.75,1,2,0.5,4,6,0.667,1,1,2,1,1,1,0,1,11,2,1,
22023,1630529,22300311,"DEC 13, 2023",NOP @ WAS,W,20,3,9,0.333,0,1,0.0,0,0,0.0,1,1,2,1,2,0,1,3,6,-17,1,
22023,1630529,22300301,"DEC 11, 2023",NOP vs. MIN,W,32,2,7,0.286,1,3,0.333,2,3,0.667,3,7,10,5,0,0,0,4,7,20,1,
22023,1630529,22301230,"DEC 07, 2023",NOP @ LAL,L,26,4,10,0.4,0,3,0.0,2,2,1.0,4,3,7,1,2,1,1,4,10,-22,1,
22023,1630529,22301204,"DEC 04, 2023",NOP @ SAC,W,35,8,13,0.615,3,5,0.6,4,4,1.0,3,2,5,5,0,2,1,5,23,-3,1,
22023,1630529,22300285,"DEC 02, 2023",NOP @ CHI,L,36,4,11,0.364,0,4,0.0,9,10,0.9,4,3,7,4,3,1,2,1,17,5,1,
22023,1630529,22300278,"DEC 01, 2023",NOP vs. SAS,W,31,6,8,0.75,3,4,0.75,2,2,1.0,2,2,4,0,3,1,1,1,17,14,1,
22023,1630529,22300262,"NOV 29, 2023",NOP vs. PHI,W,33,3,8,0.375,0,3,0.0,1,1,1.0,1,2,3,6,0,0,5,2,7,14,1,
22023,1630529,22300256,"NOV 27, 2023",NOP @ UTA,L,32,4,7,0.571,2,5,0.4,0,0,0.0,0,4,4,0,1,0,3,4,10,-10,1,
22023,1630529,22300243,"NOV 25, 2023",NOP @ UTA,L,26,6,11,0.545,1,4,0.25,0,0,0.0,1,0,1,1,1,1,1,3,13,-18,1,
22023,1630529,22300052,"NOV 24, 2023",NOP @ LAC,W,24,5,7,0.714,3,4,0.75,1,2,0.5,2,2,4,4,1,1,3,5,14,22,1,
22023,1630529,22300233,"NOV 22, 2023",NOP vs. SAC,W,39,1,6,0.167,0,4,0.0,5,6,0.833,0,5,5,3,3,1,2,4,7,-8,1,
22023,1630529,22300222,"NOV 20, 2023",NOP vs. SAC,W,27,7,9,0.778,1,2,0.5,3,4,0.75,1,6,7,4,1,2,1,4,18,39,1,
22023,1630529,22300203,"NOV 18, 2023",NOP vs. MIN,L,28,3,7,0.429,3,4,0.75,4,4,1.0,1,3,4,8,2,2,0,6,13,11,1,
22023,1630529,22300034,"NOV 17, 2023",NOP vs. DEN,W,37,3,8,0.375,0,1,0.0,2,2,1.0,0,5,5,4,3,1,1,2,8,-2,1,
22023,1630529,22300022,"NOV 14, 2023",NOP vs. DAL,W,31,6,8,0.75,2,4,0.5,5,6,0.833,1,3,4,4,5,2,2,5,19,8,1,
22023,1630529,22300156,"NOV 06, 2023",NOP @ DEN,L,31,1,3,0.333,0,2,0.0,2,2,1.0,0,2,2,2,2,0,1,2,4,-23,1,
22023,1630529,22300135,"NOV 04, 2023",NOP vs. ATL,L,33,6,13,0.462,1,5,0.2,0,0,0.0,1,1,2,1,3,1,3,1,13,-26,1,
22023,1630529,22300129,"NOV 02, 2023",NOP vs. DET,W,34,6,7,0.857,0,1,0.0,9,9,1.0,0,5,5,3,3,4,0,4,21,10,1,
22023,1630529,22300121,"NOV 01, 2023",NOP @ OKC,W,31,2,9,0.222,1,6,0.167,0,0,0.0,0,6,6,1,0,1,1,5,5,10,1,
22023,1630529,22300108,"OCT 30, 2023",NOP vs. GSW,L,22,1,5,0.2,0,4,0.0,2,2,1.0,0,2,2,1,2,1,0,4,4,-22,1,
22023,1630529,22300090,"OCT 28, 2023",NOP vs. NYK,W,28,4,6,0.667,2,2,1.0,0,0,0.0,0,2,2,1,0,3,1,5,10,6,1,
22023,1630529,22300071,"OCT 25, 2023",NOP @ MEM,W,38,4,8,0.5,2,3,0.667,3,5,0.6,3,5,8,3,1,1,3,3,13,2,1,
22023,1630530,22300784,"FEB 14, 2024",NOP vs. WAS,W,31,3,9,0.333,3,9,0.333,4,4,1.0,0,5,5,3,3,2,0,3,13,18,1,
22023,1630530,22300766,"FEB 12, 2024",NOP @ MEM,W,25,3,8,0.375,1,5,0.2,2,2,1.0,1,2,3,2,1,1,0,0,9,5,1,
22023,1630530,22300758,"FEB 10, 2024",NOP @ POR,W,30,7,10,0.7,5,8,0.625,5,6,0.833,1,4,5,0,1,2,0,1,24,4,1,
22023,1630530,22300747,"FEB 09, 2024",NOP @ LAL,L,19,2,3,0.667,1,2,0.5,0,0,0.0,0,1,1,0,0,0,0,1,5,-19,1,
22023,1630530,22300731,"FEB 07, 2024",NOP @ LAC,W,23,5,11,0.455,3,8,0.375,0,0,0.0,0,1,1,2,0,0,1,2,13,15,1,
22023,1630530,22300718,"FEB 05, 2024",NOP vs. TOR,W,25,4,10,0.4,2,8,0.25,0,0,0.0,1,5,6,0,0,2,0,1,10,23,1,
22023,1630530,22300696,"FEB 02, 2024",NOP @ SAS,W,27,4,9,0.444,1,2,0.5,0,0,0.0,0,1,1,0,2,0,1,0,9,-18,1,
22023,1630530,22300679,"JAN 31, 2024",NOP @ HOU,W,27,5,12,0.417,3,10,0.3,0,0,0.0,1,5,6,1,0,0,1,1,13,4,1,
22023,1630530,22300659,"JAN 29, 2024",NOP @ BOS,L,28,6,14,0.429,3,10,0.3,0,0,0.0,2,2,4,0,0,0,1,3,15,-7,1,
22023,1630530,22300640,"JAN 26, 2024",NOP vs. OKC,L,28,2,7,0.286,1,6,0.167,1,2,0.5,0,7,7,1,0,0,0,1,6,-16,1,
22023,1630530,22300616,"JAN 23, 2024",NOP vs. UTA,W,25,6,14,0.429,2,10,0.2,0,1,0.0,1,3,4,2,0,0,0,2,14,23,1,
22023,1630530,22300588,"JAN 19, 2024",NOP vs. PHX,L,24,2,8,0.25,1,5,0.2,0,0,0.0,1,1,2,1,1,1,0,3,5,-16,1,
22023,1630530,22300575,"JAN 17, 2024",NOP vs. CHA,W,24,6,13,0.462,5,12,0.417,1,2,0.5,0,5,5,1,1,0,2,2,18,18,1,
22023,1630530,22300556,"JAN 15, 2024",NOP @ DAL,L,22,2,5,0.4,1,4,0.25,9,12,0.75,0,3,3,0,1,0,0,0,14,-10,1,
22023,1630530,22300539,"JAN 12, 2024",NOP @ DEN,L,28,2,9,0.222,2,8,0.25,0,0,0.0,0,3,3,4,2,0,0,0,6,-18,1,
22023,1630530,22300525,"JAN 10, 2024",NOP @ GSW,W,24,6,13,0.462,4,11,0.364,0,0,0.0,3,1,4,6,0,1,0,2,16,38,1,
22023,1630530,22300500,"JAN 07, 2024",NOP @ SAC,W,24,4,7,0.571,3,6,0.5,0,0,0.0,0,2,2,5,1,0,1,1,11,19,1,
22023,1630530,22300486,"JAN 05, 2024",NOP vs. LAC,L,17,1,9,0.111,1,6,0.167,0,0,0.0,0,2,2,1,0,1,0,0,3,-15,1,
22023,1630530,22300424,"DEC 28, 2023",NOP vs. UTA,W,23,2,8,0.25,2,7,0.286,0,0,0.0,0,1,1,2,0,0,1,2,6,-1,1,
22023,1630530,22300410,"DEC 26, 2023",NOP vs. MEM,L,36,3,8,0.375,3,6,0.5,1,2,0.5,2,5,7,1,2,0,2,2,10,10,1,
22023,1630530,22300392,"DEC 23, 2023",NOP vs. HOU,L,34,4,11,0.364,3,7,0.429,3,3,1.0,1,5,6,0,2,0,1,2,14,4,1,
22023,1630530,22300375,"DEC 21, 2023",NOP @ CLE,W,28,10,16,0.625,6,10,0.6,2,2,1.0,0,4,4,3,1,1,1,1,28,20,1,
22023,1630530,22300360,"DEC 19, 2023",NOP vs. MEM,L,21,2,6,0.333,0,1,0.0,3,3,1.0,0,3,3,0,0,0,1,2,7,-6,1,
22023,1630530,22300345,"DEC 17, 2023",NOP @ SAS,W,25,5,10,0.5,2,5,0.4,2,3,0.667,0,4,4,4,1,0,0,1,14,27,1,
22023,1630530,22300326,"DEC 15, 2023",NOP @ CHA,W,25,3,7,0.429,1,5,0.2,6,6,1.0,0,6,6,2,0,0,0,2,13,8,1,
22023,1630530,22300311,"DEC 13, 2023",NOP @ WAS,W,33,7,10,0.7,6,7,0.857,7,8,0.875,0,6,6,4,2,1,0,0,27,43,1,
22023,1630530,22300301,"DEC 11, 2023",NOP vs. MIN,W,24,4,8,0.5,1,5,0.2,1,2,0.5,0,3,3,1,0,0,2,0,10,-4,1,
22023,1630530,22301230,"DEC 07, 2023",NOP @ LAL,L,22,5,13,0.385,2,7,0.286,2,2,1.0,0,3,3,1,0,0,0,1,14,-25,1,
22023,1630530,22301204,"DEC 04, 2023",NOP @ SAC,W,30,6,13,0.462,3,8,0.375,1,2,0.5,0,2,2,1,0,1,0,1,16,24,1,
22023,1630530,22300278,"DEC 01, 2023",NOP vs. SAS,W,22,7,13,0.538,4,10,0.4,0,0,0.0,1,2,3,1,1,1,0,0,18,9,1,
22023,1630531,22300727,"FEB 07, 2024",PHI vs. GSW,L,23,3,9,0.333,0,3,0.0,2,2,1.0,2,2,4,1,2,1,1,2,8,-11,1,
22023,1630531,22300715,"FEB 05, 2024",PHI vs. DAL,L,21,3,7,0.429,0,2,0.0,2,2,1.0,1,4,5,4,3,0,1,1,8,-5,1,
22023,1630531,22300698,"FEB 03, 2024",PHI vs. BKN,L,26,4,7,0.571,0,1,0.0,3,3,1.0,3,2,5,3,1,0,1,1,11,-7,1,
22023,1630531,22300686,"FEB 01, 2024",PHI @ UTA,W,19,1,4,0.25,1,2,0.5,0,0,0.0,0,1,1,2,1,0,0,3,3,-4,1,
22023,1630531,22300673,"JAN 30, 2024",PHI @ GSW,L,21,4,7,0.571,1,3,0.333,1,1,1.0,0,5,5,2,4,0,1,4,10,8,1,
22023,1630531,22300668,"JAN 29, 2024",PHI @ POR,L,8,2,4,0.5,1,1,1.0,3,4,0.75,1,1,2,0,1,0,2,1,8,0,1,
22023,1630531,22300644,"JAN 27, 2024",PHI @ DEN,L,7,0,0,0.0,0,0,0.0,0,0,0.0,0,1,1,1,0,1,2,3,0,-1,1,
22023,1630531,22300627,"JAN 25, 2024",PHI @ IND,L,15,2,3,0.667,0,0,0.0,4,4,1.0,0,2,2,0,0,0,0,0,8,-3,1,
22023,1630531,22300532,"JAN 12, 2024",PHI vs. SAC,W,3,1,3,0.333,0,0,0.0,0,0,0.0,0,1,1,0,0,0,0,1,2,1,1,
22023,1630531,22300521,"JAN 10, 2024",PHI @ ATL,L,13,1,2,0.5,0,0,0.0,0,0,0.0,0,1,1,0,1,0,0,2,2,-3,1,
22023,1630531,22300495,"JAN 06, 2024",PHI vs. UTA,L,13,0,3,0.0,0,3,0.0,0,0,0.0,1,1,2,2,0,0,0,1,0,-15,1,
22023,1630531,22300483,"JAN 05, 2024",PHI vs. NYK,L,15,1,7,0.143,0,3,0.0,1,2,0.5,1,0,1,1,1,1,0,1,3,-12,1,
22023,1630531,22300459,"JAN 02, 2024",PHI vs. CHI,W,21,2,4,0.5,0,2,0.0,0,0,0.0,2,0,2,2,1,1,2,4,4,-15,1,
22023,1630531,22300415,"DEC 27, 2023",PHI @ ORL,W,1,0,0,0.0,0,0,0.0,0,0,0.0,0,0,0,0,0,0,1,0,0,-3,1,
22023,1630531,22300404,"DEC 25, 2023",PHI @ MIA,L,1,0,0,0.0,0,0,0.0,0,0,0.0,0,0,0,0,0,0,0,0,0,-2,1,
22023,1630531,22300382,"DEC 22, 2023",PHI vs. TOR,W,1,0,0,0.0,0,0,0.0,0,0,0.0,0,0,0,0,0,0,0,0,0,-3,1,
22023,1630531,22300367,"DEC 20, 2023",PHI vs. MIN,W,2,0,0,0.0,0,0,0.0,0,0,0.0,0,0,0,1,0,0,0,0,0,2,1,
22023,1630531,22300335,"DEC 16, 2023",PHI @ CHA,W,12,2,5,0.4,0,0,0.0,2,2,1.0,1,1,2,1,1,0,2,0,6,12,1,
22023,1630531,22300327,"DEC 15, 2023",PHI vs. DET,W,12,4,9,0.444,1,3,0.333,0,0,0.0,1,1,2,3,2,1,0,3,9,0,1,
22023,1630531,22300310,"DEC 13, 2023",PHI @ DET,W,7,1,2,0.5,1,1,1.0,2,4,0.5,0,0,0,2,0,0,0,1,5,-12,1,
22023,1630531,22300295,"DEC 11, 2023",PHI vs. WAS,W,9,2,5,0.4,0,1,0.0,2,2,1.0,0,0,0,0,2,0,1,3,6,4,1,
22023,1630531,22300232,"NOV 22, 2023",PHI @ MIN,L,8,0,4,0.0,0,2,0.0,0,0,0.0,2,1,3,1,1,0,2,1,0,2,1,
22023,1630531,22300040,"NOV 21, 2023",PHI vs. CLE,L,7,0,1,0.0,0,0,0.0,0,0,0.0,1,0,1,0,0,0,1,2,0,-7,1,
22023,1630531,22300208,"NOV 19, 2023",PHI @ BKN,W,21,3,6,0.5,2,4,0.5,2,2,1.0,2,3,5,2,0,0,0,1,10,-1,1,
22023,1630531,22300029,"NOV 17, 2023",PHI @ ATL,W,22,3,7,0.429,0,2,0.0,2,2,1.0,3,0,3,2,1,2,3,3,8,0,1,
22023,1630531,22300194,"NOV 15, 2023",PHI vs. BOS,L,20,4,5,0.8,1,1,1.0,0,0,0.0,0,2,2,0,2,0,2,2,9,20,1,
22023,1630531,22300008,"NOV 10, 2023",PHI @ DET,W,5,1,1,1.0,0,0,0.0,0,0,0.0,0,0,0,0,0,0,0,1,2,-6,1,
22023,1630531,22300148,"NOV 06, 2023",PHI vs. WAS,W,12,0,4,0.0,0,1,0.0,2,4,0.5,1,0,1,0,1,0,1,1,2,5,1,
22023,1630531,22300132,"NOV 04, 2023",PHI vs. PHX,W,11,1,4,0.25,0,1,0.0,0,0,0.0,1,2,3,2,0,1,1,1,2,-6,1,
22023,1630531,22300128,"NOV 02, 2023",PHI vs. TOR,W,9,0,1,0.0,0,0,0.0,0,0,0.0,1,1,2,1,0,0,1,1,0,8,1,
22023,1630531,22300098,"OCT 29, 2023",PHI vs. POR,W,8,1,3,0.333,0,0,0.0,0,0,0.0,1,1,2,2,0,1,1,4,2,-1,1,
22023,1630531,22300075,"OCT 26, 2023",PHI @ MIL,L,5,0,1,0.0,0,1,0.0,0,0,0.0,0,0,0,0,0,2,0,1,0,-10,1,
22023,1630532,22300778,"FEB 14, 2024",ORL vs. NYK,W,32,7,13,0.538,1,4,0.25,6,6,1.0,0,3,3,6,3,1,1,3,21,25,1,
22023,1630532,22300772,"FEB 13, 2024",ORL vs. OKC,L,34,5,16,0.313,1,5,0.2,4,4,1.0,1,6,7,2,0,0,2,2,15,-8,1,
22023,1630532,22300752,"FEB 10, 2024",ORL vs. CHI,W,44,12,22,0.545,5,12,0.417,7,10,0.7,1,2,3,5,0,0,1,3,36,3,1,
22023,1630532,22300734,"FEB 08, 2024",ORL vs. SAS,W,28,13,17,0.765,3,4,0.75,5,5,1.0,1,6,7,7,0,2,1,0,34,19,1,
22023,1630532,22300721,"FEB 06, 2024",ORL @ MIA,L,35,5,15,0.333,1,7,0.143,2,2,1.0,1,6,7,3,2,0,7,1,13,-20,1,
22023,1630532,22300704,"FEB 04, 2024",ORL @ DET,W,36,17,25,0.68,4,7,0.571,0,0,0.0,1,2,3,2,1,0,0,2,38,16,1,
22023,1630532,22300694,"FEB 02, 2024",ORL @ MIN,W,35,7,17,0.412,0,5,0.0,5,6,0.833,2,2,4,5,2,1,1,3,19,12,1,
22023,1630532,22300681,"JAN 31, 2024",ORL @ SAS,W,33,9,16,0.563,2,4,0.5,0,0,0.0,1,7,8,5,1,0,6,4,20,5,1,
22023,1630532,22300666,"JAN 29, 2024",ORL @ DAL,L,32,8,16,0.5,3,6,0.5,2,3,0.667,3,2,5,6,1,0,0,5,21,3,1,
22023,1630532,22300655,"JAN 28, 2024",ORL vs. PHX,W,31,3,11,0.273,2,7,0.286,3,3,1.0,2,6,8,7,1,0,2,2,11,18,1,
22023,1630532,22300638,"JAN 26, 2024",ORL @ MEM,L,38,6,15,0.4,4,8,0.5,2,3,0.667,1,4,5,4,1,1,5,1,18,2,1,
22023,1630532,22300607,"JAN 22, 2024",ORL vs. CLE,L,24,6,11,0.545,2,5,0.4,3,3,1.0,1,2,3,2,0,0,3,2,17,-23,1,
22023,1630532,22300601,"JAN 21, 2024",ORL vs. MIA,W,28,6,13,0.462,2,5,0.4,5,5,1.0,1,1,2,5,0,0,0,2,19,18,1,
22023,1630532,22300476,"JAN 03, 2024",ORL @ SAC,L,5,2,4,0.5,1,1,1.0,1,1,1.0,0,2,2,1,0,0,0,0,6,-1,1,
22023,1630532,22300463,"JAN 02, 2024",ORL @ GSW,L,37,10,19,0.526,1,5,0.2,4,4,1.0,2,4,6,3,2,0,4,4,25,-1,1,
22023,1630532,22300450,"DEC 31, 2023",ORL @ PHX,L,39,11,25,0.44,2,8,0.25,3,3,1.0,1,6,7,6,0,1,2,4,27,-8,1,
22023,1630532,22300429,"DEC 29, 2023",ORL vs. NYK,W,39,11,19,0.579,3,5,0.6,7,7,1.0,2,7,9,2,4,1,4,1,32,15,1,
22023,1630532,22300415,"DEC 27, 2023",ORL vs. PHI,L,36,8,16,0.5,1,5,0.2,7,8,0.875,0,5,5,3,1,0,4,4,24,-22,1,
22023,1630532,22300407,"DEC 26, 2023",ORL @ WAS,W,38,10,17,0.588,2,4,0.5,6,8,0.75,0,8,8,9,1,1,2,3,28,26,1,
22023,1630532,22300391,"DEC 23, 2023",ORL @ IND,W,36,8,14,0.571,0,2,0.0,8,8,1.0,1,5,6,0,1,0,1,4,24,0,1,
22023,1630532,22300378,"DEC 21, 2023",ORL @ MIL,L,39,13,23,0.565,1,6,0.167,2,4,0.5,1,5,6,6,1,0,2,4,29,-7,1,
22023,1630532,22300366,"DEC 20, 2023",ORL vs. MIA,L,32,5,14,0.357,0,4,0.0,5,6,0.833,0,6,6,5,2,1,0,1,15,-13,1,
22023,1630532,22300344,"DEC 17, 2023",ORL @ BOS,L,37,3,14,0.214,0,4,0.0,2,2,1.0,2,6,8,6,0,0,0,2,8,-12,1,
22023,1630532,22300329,"DEC 15, 2023",ORL @ BOS,L,34,6,14,0.429,1,4,0.25,4,4,1.0,0,5,5,5,3,0,6,4,17,-9,1,
22023,1630532,22300294,"DEC 11, 2023",ORL vs. CLE,W,33,7,18,0.389,0,5,0.0,5,7,0.714,1,7,8,4,0,0,1,4,19,11,1,
22023,1630532,22301217,"DEC 08, 2023",ORL vs. DET,W,31,12,20,0.6,2,4,0.5,1,1,1.0,0,2,2,3,0,0,0,0,27,19,1,
22023,1630532,22301205,"DEC 06, 2023",ORL @ CLE,L,41,3,16,0.188,0,5,0.0,8,10,0.8,2,4,6,9,3,0,2,1,14,-2,1,
22023,1630532,22300282,"DEC 02, 2023",ORL @ BKN,L,34,6,16,0.375,2,3,0.667,6,6,1.0,1,6,7,5,0,1,1,5,20,-17,1,
22023,1630532,22300274,"DEC 01, 2023",ORL vs. WAS,W,34,9,17,0.529,1,3,0.333,12,14,0.857,1,6,7,8,0,0,0,0,31,0,1,
22023,1630532,22300259,"NOV 29, 2023",ORL vs. WAS,W,31,11,14,0.786,4,6,0.667,5,6,0.833,3,3,6,3,0,1,2,1,31,9,1,
22023,1630532,22300248,"NOV 26, 2023",ORL vs. CHA,W,35,11,15,0.733,2,3,0.667,6,9,0.667,1,6,7,2,2,0,3,3,30,10,1,
22023,1630532,22300043,"NOV 24, 2023",ORL vs. BOS,W,35,8,17,0.471,1,6,0.167,0,0,0.0,0,8,8,6,0,1,3,2,17,10,1,
22023,1630532,22300226,"NOV 22, 2023",ORL vs. DEN,W,31,11,18,0.611,1,4,0.25,4,4,1.0,1,2,3,4,1,2,1,1,27,-4,1,
22023,1630532,22300038,"NOV 21, 2023",ORL vs. TOR,W,31,8,18,0.444,1,4,0.25,0,1,0.0,2,2,4,2,3,0,0,2,17,17,1,
22023,1630532,22300209,"NOV 19, 2023",ORL @ IND,W,22,6,14,0.429,0,2,0.0,7,7,1.0,1,6,7,1,2,0,0,2,19,26,1,
22023,1630532,22300033,"NOV 17, 2023",ORL @ CHI,W,35,9,18,0.5,2,8,0.25,1,2,0.5,0,4,4,2,2,0,2,2,21,-6,1,
22023,1630532,22300196,"NOV 15, 2023",ORL @ CHI,W,31,5,16,0.313,0,4,0.0,3,3,1.0,0,2,2,3,0,0,1,0,13,1,1,
22023,1630532,22300020,"NOV 14, 2023",ORL @ BKN,L,36,8,16,0.5,3,8,0.375,2,3,0.667,3,5,8,5,0,0,0,2,21,-8,1,
22023,1630532,22300173,"NOV 11, 2023",ORL vs. MIL,W,38,8,16,0.5,2,6,0.333,6,7,0.857,0,6,6,3,1,0,3,2,24,3,1,
22023,1630532,22300172,"NOV 09, 2023",ORL vs. ATL,L,29,5,12,0.417,0,1,0.0,2,2,1.0,2,5,7,3,0,0,4,2,12,-16,1,
22023,1630532,22300147,"NOV 06, 2023",ORL vs. DAL,L,33,5,13,0.385,1,4,0.25,1,2,0.5,0,5,5,4,1,0,1,3,12,-13,1,
22023,1630532,22300134,"NOV 04, 2023",ORL vs. LAL,W,33,12,28,0.429,1,3,0.333,1,2,0.5,2,3,5,2,1,1,1,1,26,-8,1,
22023,1630532,22300130,"NOV 02, 2023",ORL @ UTA,W,38,9,22,0.409,2,6,0.333,1,2,0.5,1,3,4,5,4,0,2,4,21,8,1,
22023,1630532,22300114,"OCT 31, 2023",ORL @ LAC,L,32,6,13,0.462,2,7,0.286,0,0,0.0,1,7,8,3,0,1,3,4,14,5,1,
22023,1630532,22300111,"OCT 30, 2023",ORL @ LAL,L,37,5,17,0.294,2,7,0.286,4,4,1.0,2,6,8,4,2,0,2,4,16,-2,1,
22023,1630532,22300086,"OCT 27, 2023",ORL @ POR,W,35,6,16,0.375,3,9,0.333,8,9,0.889,0,5,5,3,1,1,3,2,23,11,1,
22023,1630532,22300066,"OCT 25, 2023",ORL vs. HOU,W,27,5,12,0.417,3,7,0.429,6,6,1.0,3,1,4,2,1,0,3,1,19,10,1,
22023,1630534,22300782,"FEB 14, 2024",TOR vs. IND,L,5,1,1,1.0,1,1,1.0,0,0,0.0,0,0,0,1,0,0,1,0,3,2,1,
22023,1630534,22300764,"FEB 12, 2024",TOR vs. SAS,L,18,1,8,0.125,0,3,0.0,0,0,0.0,2,0,2,1,1,0,1,0,2,0,1,
22023,1630534,22300756,"FEB 10, 2024",TOR vs. CLE,L,19,3,9,0.333,0,5,0.0,2,3,0.667,0,2,2,0,0,0,1,3,8,-7,1,
22023,1630534,22300711,"FEB 04, 2024",UTA vs. MIL,W,10,1,2,0.5,1,2,0.5,0,0,0.0,0,1,1,1,0,0,0,0,3,-8,1,
22023,1630534,22300686,"FEB 01, 2024",UTA vs. PHI,L,17,0,3,0.0,0,0,0.0,0,0,0.0,0,1,1,1,0,0,1,2,0,-5,1,
22023,1630534,22300671,"JAN 30, 2024",UTA @ NYK,L,13,1,1,1.0,1,1,1.0,0,0,0.0,0,1,1,0,1,0,0,0,3,4,1,
22023,1630534,22300660,"JAN 29, 2024",UTA @ BKN,L,21,2,5,0.4,0,2,0.0,0,0,0.0,0,3,3,2,0,2,0,0,4,-14,1,
22023,1630534,22300647,"JAN 27, 2024",UTA @ CHA,W,16,2,5,0.4,1,3,0.333,0,0,0.0,1,1,2,2,0,0,0,0,5,-4,1,
22023,1630534,22300628,"JAN 25, 2024",UTA @ WAS,W,20,0,3,0.0,0,1,0.0,0,0,0.0,0,4,4,0,0,1,1,1,0,-2,1,
22023,1630534,22300616,"JAN 23, 2024",UTA @ NOP,L,23,2,4,0.5,1,1,1.0,0,0,0.0,1,1,2,0,0,0,0,0,5,-10,1,
22023,1630534,22300598,"JAN 20, 2024",UTA @ HOU,L,13,0,1,0.0,0,1,0.0,0,0,0.0,0,0,0,0,0,3,1,0,0,-15,1,
22023,1630534,22300581,"JAN 18, 2024",UTA vs. OKC,L,14,1,1,1.0,0,0,0.0,2,3,0.667,0,1,1,1,2,0,2,1,4,-8,1,
22023,1630534,22300564,"JAN 15, 2024",UTA vs. IND,W,24,1,4,0.25,0,1,0.0,2,2,1.0,0,4,4,0,0,1,1,2,4,5,1,
22023,1630534,22300549,"JAN 13, 2024",UTA vs. LAL,W,18,1,5,0.2,0,2,0.0,0,0,0.0,1,3,4,0,0,1,0,0,2,-9,1,
22023,1630534,22300540,"JAN 12, 2024",UTA vs. TOR,W,22,3,8,0.375,2,7,0.286,0,0,0.0,1,4,5,1,0,2,0,1,8,17,1,
22023,1630534,22300524,"JAN 10, 2024",UTA vs. DEN,W,13,0,2,0.0,0,1,0.0,0,0,0.0,1,3,4,1,1,2,0,1,0,1,1,
22023,1630534,22300510,"JAN 08, 2024",UTA @ MIL,W,15,1,2,0.5,0,1,0.0,0,0,0.0,0,1,1,0,0,0,0,1,2,11,1,
22023,1630534,22300495,"JAN 06, 2024",UTA @ PHI,W,13,0,2,0.0,0,2,0.0,0,0,0.0,1,2,3,1,0,0,1,1,0,3,1,
22023,1630534,22300479,"JAN 05, 2024",UTA @ BOS,L,22,2,5,0.4,0,3,0.0,1,1,1.0,1,3,4,1,0,0,2,4,5,-12,1,
22023,1630534,22300474,"JAN 03, 2024",UTA vs. DET,W,13,1,1,1.0,1,1,1.0,0,0,0.0,0,1,1,2,2,0,1,2,3,-6,1,
22023,1630534,22300457,"JAN 01, 2024",UTA vs. DAL,W,19,1,6,0.167,0,5,0.0,0,0,0.0,1,1,2,0,0,0,1,1,2,10,1,
22023,1630534,22300439,"DEC 30, 2023",UTA vs. MIA,W,15,0,4,0.0,0,3,0.0,0,2,0.0,0,0,0,0,0,1,0,1,0,1,1,
22023,1630534,22300424,"DEC 28, 2023",UTA @ NOP,L,16,1,2,0.5,0,0,0.0,0,0,0.0,0,1,1,2,0,0,2,0,2,-4,1,
22023,1630534,22300412,"DEC 26, 2023",UTA @ SAS,W,19,4,6,0.667,2,4,0.5,0,0,0.0,1,3,4,1,0,0,0,0,10,18,1,
22023,1630534,22300395,"DEC 23, 2023",UTA @ TOR,W,24,3,5,0.6,1,3,0.333,2,2,1.0,0,3,3,0,0,1,1,2,9,8,1,
22023,1630534,22300374,"DEC 21, 2023",UTA @ DET,W,33,7,12,0.583,2,6,0.333,2,2,1.0,0,2,2,0,2,0,0,4,18,10,1,
22023,1630534,22300364,"DEC 20, 2023",UTA @ CLE,L,16,1,1,1.0,1,1,1.0,0,0,0.0,1,2,3,1,0,1,0,1,3,-17,1,
22023,1630534,22300357,"DEC 18, 2023",UTA vs. BKN,W,23,6,10,0.6,1,5,0.2,0,0,0.0,1,2,3,2,1,1,2,1,13,13,1,
22023,1630534,22300342,"DEC 16, 2023",UTA @ SAC,L,23,2,7,0.286,1,3,0.333,0,0,0.0,3,1,4,0,1,0,0,2,5,2,1,
22023,1630534,22300323,"DEC 14, 2023",UTA @ POR,W,26,7,12,0.583,2,6,0.333,0,0,0.0,0,3,3,2,0,0,1,3,16,-17,1,
22023,1630534,22300318,"DEC 13, 2023",UTA vs. NYK,W,30,2,12,0.167,1,5,0.2,0,0,0.0,3,1,4,2,0,0,0,2,5,16,1,
22023,1630534,22300302,"DEC 11, 2023",UTA @ OKC,L,22,1,4,0.25,0,1,0.0,0,0,0.0,0,1,1,2,3,1,1,1,2,-19,1,
22023,1630534,22301225,"DEC 08, 2023",UTA vs. LAC,L,17,2,4,0.5,1,2,0.5,0,0,0.0,0,1,1,0,0,0,1,2,5,5,1,
22023,1630534,22301213,"DEC 06, 2023",UTA @ DAL,L,30,7,14,0.5,5,10,0.5,2,2,1.0,0,0,0,0,2,0,0,1,21,-47,1,
22023,1630534,22300289,"DEC 02, 2023",UTA vs. POR,W,26,3,4,0.75,0,0,0.0,0,0,0.0,0,2,2,0,0,0,2,2,6,8,1,
22023,1630534,22300270,"NOV 30, 2023",UTA @ MIN,L,36,5,10,0.5,3,6,0.5,0,0,0.0,3,3,6,3,4,0,1,1,13,-3,1,
22023,1630534,22300261,"NOV 29, 2023",UTA @ MEM,L,21,2,5,0.4,1,4,0.25,0,0,0.0,1,3,4,3,0,0,1,1,5,-1,1,
22023,1630534,22300256,"NOV 27, 2023",UTA vs. NOP,W,16,4,7,0.571,3,6,0.5,1,1,1.0,0,0,0,0,0,0,0,1,12,5,1,
22023,1630534,22300243,"NOV 25, 2023",UTA vs. NOP,W,22,3,8,0.375,2,7,0.286,1,1,1.0,0,1,1,3,3,0,1,1,9,5,1,
22023,1630534,22300237,"NOV 22, 2023",UTA @ POR,L,14,4,4,1.0,1,1,1.0,0,0,0.0,0,0,0,1,0,1,1,0,9,-9,1,
22023,1630534,22300042,"NOV 21, 2023",UTA @ LAL,L,17,0,5,0.0,0,3,0.0,0,0,0.0,1,2,3,0,0,0,1,2,0,-16,1,
22023,1630534,22300214,"NOV 19, 2023",UTA vs. PHX,L,34,1,1,1.0,1,1,1.0,0,0,0.0,2,1,3,1,1,1,1,4,3,-14,1,
22023,1630534,22300035,"NOV 17, 2023",UTA vs. PHX,L,25,3,4,0.75,2,2,1.0,0,0,0.0,2,3,5,0,0,3,0,3,8,4,1,
22023,1630534,22300023,"NOV 14, 2023",UTA vs. POR,W,26,2,7,0.286,0,2,0.0,2,2,1.0,4,4,8,1,2,1,0,1,6,5,1,
22023,1630534,22300012,"NOV 10, 2023",UTA @ MEM,W,30,6,8,0.75,3,5,0.6,0,0,0.0,1,5,6,1,1,2,1,3,15,3,1,
22023,1630534,22300158,"NOV 08, 2023",UTA @ IND,L,26,1,3,0.333,1,3,0.333,0,0,0.0,1,3,4,1,0,1,3,0,3,-3,1,
22023,1630534,22300152,"NOV 06, 2023",UTA @ CHI,L,11,1,3,0.333,1,2,0.5,0,0,0.0,0,1,1,1,0,1,1,2,3,-15,1,
22023,1630534,22300138,"NOV 04, 2023",UTA @ MIN,L,17,3,5,0.6,2,4,0.5,0,1,0.0,2,0,2,1,0,0,0,1,8,-4,1,
22023,1630534,22300130,"NOV 02, 2023",UTA vs. ORL,L,8,1,2,0.5,0,1,0.0,0,0,0.0,0,0,0,1,0,0,0,2,2,-1,1,
22023,1630534,22300125,"NOV 01, 2023",UTA vs. MEM,W,18,2,5,0.4,2,5,0.4,0,1,0.0,0,3,3,1,0,0,2,0,6,5,1,
22023,1630534,22300110,"OCT 30, 2023",UTA @ DEN,L,15,0,5,0.0,0,2,0.0,0,0,0.0,1,1,2,2,0,0,0,0,0,-1,1,
22023,1630534,22300094,"OCT 28, 2023",UTA @ PHX,L,6,0,1,0.0,0,1,0.0,0,0,0.0,0,0,0,0,0,1,0,0,0,-3,1,
22023,1630534,22300085,"OCT 27, 2023",UTA vs. LAC,W,12,1,3,0.333,0,2,0.0,0,0,0.0,0,1,1,2,1,1,0,3,2,-2,1,
22023,1630534,22300072,"OCT 25, 2023",UTA vs. SAC,L,19,2,6,0.333,1,2,0.5,0,0,0.0,0,3,3,0,0,0,0,2,5,-11,1,
22023,1630535,22300487,"JAN 05, 2024",DAL vs. POR,W,12,3,5,0.6,1,2,0.5,0,0,0.0,1,1,2,1,0,3,1,2,7,5,1,
22023,1630535,22300398,"DEC 23, 2023",DAL vs. SAS,W,5,0,1,0.0,0,0,0.0,0,0,0.0,0,0,0,0,0,1,2,1,0,-15,1,
22023,1630535,22300385,"DEC 22, 2023",DAL @ HOU,L,12,0,3,0.0,0,1,0.0,3,4,0.75,1,4,5,2,0,0,0,1,3,-1,1,
22023,1630535,22300356,"DEC 18, 2023",DAL @ DEN,L,9,2,2,1.0,0,0,0.0,1,5,0.2,1,1,2,0,0,0,1,1,5,1,1,
22023,1630535,22300341,"DEC 16, 2023",DAL @ POR,W,1,0,0,0.0,0,0,0.0,0,0,0.0,0,0,0,0,0,0,0,0,0,0,1,
22023,1630535,22300321,"DEC 14, 2023",DAL vs. MIN,L,2,0,0,0.0,0,0,0.0,0,0,0.0,0,0,0,1,0,0,0,0,0,1,1,
22023,1630537,22300786,"FEB 14, 2024",SAC @ DEN,W,8,1,2,0.5,1,2,0.5,0,0,0.0,1,0,1,0,0,0,0,0,3,1,1,
22023,1630537,22300714,"FEB 05, 2024",SAC @ CLE,L,3,1,2,0.5,1,2,0.5,2,2,1.0,1,0,1,0,0,0,0,0,5,-2,1,
22023,1630537,22300632,"JAN 25, 2024",SAC @ GSW,W,3,0,0,0.0,0,0,0.0,0,0,0.0,0,0,0,0,0,0,0,0,0,-4,1,
22023,1630537,22300532,"JAN 12, 2024",SAC @ PHI,L,10,0,2,0.0,0,1,0.0,1,2,0.5,1,2,3,0,0,0,1,1,1,-9,1,
22023,1630537,22300518,"JAN 10, 2024",SAC @ CHA,W,14,0,2,0.0,0,0,0.0,0,0,0.0,1,1,2,2,0,0,0,2,0,5,1,
22023,1630537,22300500,"JAN 07, 2024",SAC vs. NOP,L,15,0,3,0.0,0,2,0.0,1,2,0.5,0,0,0,1,0,0,0,0,1,-19,1,
22023,1630537,22300492,"JAN 05, 2024",SAC vs. TOR,W,16,4,6,0.667,2,3,0.667,0,0,0.0,0,0,0,1,0,0,1,2,10,2,1,
22023,1630537,22300476,"JAN 03, 2024",SAC vs. ORL,W,10,0,3,0.0,0,1,0.0,0,0,0.0,0,0,0,1,1,0,2,3,0,-6,1,
22023,1630537,22300464,"JAN 02, 2024",SAC vs. CHA,L,30,5,11,0.455,2,4,0.5,0,0,0.0,4,3,7,4,1,0,1,1,12,3,1,
22023,1630537,22300449,"DEC 31, 2023",SAC @ MEM,W,26,2,6,0.333,1,2,0.5,2,2,1.0,1,5,6,0,0,0,1,2,7,11,1,
22023,1630537,22300431,"DEC 29, 2023",SAC @ ATL,W,25,2,5,0.4,1,3,0.333,0,0,0.0,0,0,0,4,1,0,1,1,5,10,1,
22023,1630537,22300413,"DEC 26, 2023",SAC @ POR,L,8,2,2,1.0,0,0,0.0,0,0,0.0,0,3,3,1,1,0,0,0,4,-6,1,
22023,1630537,22300400,"DEC 23, 2023",SAC vs. MIN,L,18,1,3,0.333,1,3,0.333,0,0,0.0,1,3,4,0,2,0,1,1,3,4,1,
22023,1630537,22300387,"DEC 22, 2023",SAC vs. PHX,W,2,0,2,0.0,0,1,0.0,0,0,0.0,1,0,1,0,0,0,0,0,0,-6,1,
22023,1630537,22300373,"DEC 20, 2023",SAC vs. BOS,L,5,0,2,0.0,0,1,0.0,0,0,0.0,0,1,1,0,0,0,0,0,0,-4,1,
22023,1630537,22300358,"DEC 18, 2023",SAC vs. WAS,W,4,0,1,0.0,0,1,0.0,0,0,0.0,0,0,0,0,0,0,0,0,0,-7,1,
22023,1630537,22300342,"DEC 16, 2023",SAC vs. UTA,W,4,0,2,0.0,0,0,0.0,0,0,0.0,0,1,1,0,0,0,1,0,0,3,1,
22023,1630537,22300309,"DEC 12, 2023",SAC @ LAC,L,12,1,3,0.333,0,2,0.0,4,4,1.0,0,2,2,1,0,1,0,1,6,9,1,
22023,1630537,22300303,"DEC 11, 2023",SAC vs. BKN,W,3,0,1,0.0,0,1,0.0,0,0,0.0,0,0,0,1,0,0,0,0,0,-7,1,
22023,1630537,22301228,"DEC 08, 2023",SAC @ PHX,W,1,0,0,0.0,0,0,0.0,0,0,0.0,0,0,0,0,0,0,0,0,0,-4,1,
22023,1630537,22300264,"NOV 29, 2023",SAC vs. LAC,L,13,3,6,0.5,0,2,0.0,1,1,1.0,1,2,3,0,0,0,0,2,7,-8,1,
22023,1630537,22300060,"NOV 28, 2023",SAC vs. GSW,W,14,2,4,0.5,0,1,0.0,1,2,0.5,0,0,0,0,2,0,0,2,5,-10,1,
22023,1630537,22300050,"NOV 24, 2023",SAC @ MIN,W,22,0,3,0.0,0,2,0.0,0,0,0.0,2,3,5,0,1,0,2,3,0,2,1,
22023,1630537,22300233,"NOV 22, 2023",SAC @ NOP,L,20,2,3,0.667,2,3,0.667,0,0,0.0,0,1,1,2,0,0,1,5,6,22,1,
22023,1630537,22300222,"NOV 20, 2023",SAC @ NOP,L,8,0,2,0.0,0,2,0.0,0,0,0.0,0,2,2,0,0,0,0,1,0,-3,1,
22023,1630537,22300212,"NOV 19, 2023",SAC @ DAL,W,33,5,8,0.625,3,4,0.75,0,0,0.0,0,8,8,4,2,0,1,3,13,7,1,
22023,1630537,22300032,"NOV 17, 2023",SAC @ SAS,W,15,2,4,0.5,2,3,0.667,0,0,0.0,0,3,3,0,2,0,2,2,6,-8,1,
22023,1630537,22300198,"NOV 15, 2023",SAC @ LAL,W,4,2,2,1.0,0,0,0.0,0,0,0.0,0,0,0,1,0,0,0,1,4,3,1,
22023,1630537,22300191,"NOV 13, 2023",SAC vs. CLE,W,9,1,3,0.333,0,2,0.0,0,0,0.0,0,0,0,0,0,0,1,4,2,-2,1,
22023,1630537,22300016,"NOV 10, 2023",SAC vs. OKC,W,5,0,2,0.0,0,2,0.0,0,0,0.0,0,1,1,0,1,0,1,2,0,-1,1,
22023,1630537,22300170,"NOV 08, 2023",SAC vs. POR,W,11,1,4,0.25,1,3,0.333,0,0,0.0,0,2,2,0,1,0,0,2,3,-8,1,
22023,1630537,22300153,"NOV 06, 2023",SAC @ HOU,L,15,1,3,0.333,1,1,1.0,2,4,0.5,0,1,1,2,0,0,1,1,5,-8,1,
22023,1630537,22300137,"NOV 04, 2023",SAC @ HOU,L,26,3,8,0.375,2,6,0.333,2,2,1.0,0,2,2,1,1,1,0,4,10,-4,1,
22023,1630537,22300126,"NOV 01, 2023",SAC @ GSW,L,7,0,3,0.0,0,1,0.0,2,2,1.0,0,1,1,2,0,0,1,3,2,-1,1,
22023,1630537,22300100,"OCT 29, 2023",SAC vs. LAL,W,14,2,4,0.5,0,2,0.0,0,0,0.0,0,2,2,0,1,0,0,3,4,1,1,
22023,1630537,22300087,"OCT 27, 2023",SAC vs. GSW,L,26,1,7,0.143,0,4,0.0,2,3,0.667,0,1,1,3,1,0,1,6,4,0,1,
22023,1630537,22300072,"OCT 25, 2023",SAC @ UTA,W,15,3,5,0.6,3,4,0.75,0,0,0.0,1,1,2,1,0,0,0,3,9,5,1,
22023,1630538,22300676,"JAN 31, 2024",LAC @ WAS,W,5,1,4,0.25,0,2,0.0,0,0,0.0,1,0,1,0,0,0,2,2,2,-13,1,
22023,1630538,22300646,"JAN 27, 2024",LAC @ BOS,W,10,1,8,0.125,0,6,0.0,0,0,0.0,0,1,1,4,2,0,1,2,2,-16,1,
22023,1630538,22300637,"JAN 26, 2024",LAC @ TOR,W,2,0,1,0.0,0,1,0.0,0,0,0.0,0,0,0,1,0,0,0,0,0,4,1,
22023,1630538,22300486,"JAN 05, 2024",LAC @ NOP,W,6,0,3,0.0,0,0,0.0,0,0,0.0,0,0,0,1,0,1,0,1,0,-12,1,
22023,1630538,22300389,"DEC 23, 2023",LAC vs. BOS,L,8,1,4,0.25,0,2,0.0,0,0,0.0,0,0,0,0,0,0,0,0,2,-11,1,
22023,1630538,22300379,"DEC 21, 2023",LAC @ OKC,L,10,2,4,0.5,1,1,1.0,1,2,0.5,0,0,0,2,1,0,1,0,6,1,1,
22023,1630538,22300309,"DEC 12, 2023",LAC vs. SAC,W,9,2,8,0.25,2,4,0.5,0,0,0.0,0,1,1,1,0,0,0,0,6,-12,1,
22023,1630538,22300273,"NOV 30, 2023",LAC @ GSW,L,4,0,1,0.0,0,1,0.0,0,0,0.0,0,0,0,0,0,0,0,1,0,0,1,
22023,1630538,22300264,"NOV 29, 2023",LAC @ SAC,W,1,0,0,0.0,0,0,0.0,0,0,0.0,0,0,0,0,1,0,0,0,0,0,1,
22023,1630538,22300244,"NOV 25, 2023",LAC vs. DAL,W,4,1,4,0.25,1,3,0.333,0,0,0.0,0,0,0,0,0,0,2,0,3,-1,1,
22023,1630538,22300223,"NOV 20, 2023",LAC @ SAS,W,4,1,3,0.333,1,2,0.5,0,0,0.0,0,1,1,1,0,0,1,0,3,3,1,
22023,1630538,22300014,"NOV 10, 2023",LAC @ DAL,L,29,5,9,0.556,1,5,0.2,6,6,1.0,1,3,4,6,1,0,2,5,17,8,1,
22023,1630538,22300160,"NOV 08, 2023",LAC @ BKN,L,6,2,6,0.333,0,2,0.0,0,0,0.0,1,1,2,0,0,0,1,0,4,-2,1,
22023,1630538,22300151,"NOV 06, 2023",LAC @ NYK,L,22,2,9,0.222,1,4,0.25,0,0,0.0,0,1,1,4,1,0,3,2,5,-5,1,
22023,1630538,22300127,"NOV 01, 2023",LAC @ LAL,L,34,2,7,0.286,0,3,0.0,0,0,0.0,0,1,1,5,1,0,0,3,4,8,1,
22023,1630538,22300114,"OCT 31, 2023",LAC vs. ORL,W,32,6,14,0.429,4,7,0.571,1,2,0.5,0,0,0,3,1,0,1,4,17,8,1,
22023,1630538,22300099,"OCT 29, 2023",LAC vs. SAS,W,21,7,14,0.5,4,8,0.5,0,0,0.0,0,3,3,1,1,0,4,1,18,10,1,
22023,1630538,22300085,"OCT 27, 2023",LAC @ UTA,L,22,5,10,0.5,2,5,0.4,0,0,0.0,0,2,2,1,1,0,3,2,12,-1,1,
22023,1630538,22300074,"OCT 25, 2023",LAC vs. POR,W,22,6,11,0.545,3,8,0.375,2,2,1.0,0,0,0,3,0,0,2,4,17,-4,1,
22023,1630540,22300778,"FEB 14, 2024",NYK @ ORL,L,32,2,11,0.182,2,6,0.333,2,3,0.667,0,1,1,1,2,0,1,3,8,-13,1,
22023,1630540,22300765,"FEB 12, 2024",NYK @ HOU,L,5,2,2,1.0,0,0,0.0,0,0,0.0,0,0,0,0,0,0,0,0,4,-8,1,
22023,1630540,22300755,"FEB 10, 2024",NYK vs. IND,L,11,2,4,0.5,0,2,0.0,2,2,1.0,1,1,2,0,1,0,0,0,6,-7,1,
22023,1630540,22300736,"FEB 08, 2024",NYK vs. DAL,L,45,9,22,0.409,2,10,0.2,1,1,1.0,4,2,6,5,2,0,2,1,21,-11,1,
22023,1630540,22300722,"FEB 06, 2024",NYK vs. MEM,W,31,5,14,0.357,2,6,0.333,0,0,0.0,1,2,3,3,2,0,0,4,12,0,1,
22023,1630540,22300701,"FEB 03, 2024",NYK vs. LAL,L,20,3,8,0.375,1,4,0.25,3,4,0.75,0,2,2,1,0,0,1,2,10,-3,1,
22023,1630540,22300685,"FEB 01, 2024",NYK vs. IND,W,29,6,13,0.462,3,8,0.375,1,1,1.0,0,1,1,0,2,0,1,1,16,10,1,
22023,1630540,22300671,"JAN 30, 2024",NYK vs. UTA,W,10,0,4,0.0,0,1,0.0,0,0,0.0,0,0,0,1,0,0,0,1,0,-4,1,
22023,1630540,22300657,"JAN 29, 2024",NYK @ CHA,W,15,4,7,0.571,3,6,0.5,0,0,0.0,0,0,0,1,1,0,1,3,11,-2,1,
22023,1630540,22300643,"JAN 27, 2024",NYK vs. MIA,W,10,3,4,0.75,1,2,0.5,2,2,1.0,0,1,1,0,0,0,0,1,9,-8,1,
22023,1630540,22300631,"JAN 25, 2024",NYK vs. DEN,W,21,4,9,0.444,4,5,0.8,1,2,0.5,0,1,1,1,2,0,0,2,13,14,1,
22023,1630540,22300615,"JAN 23, 2024",NYK @ BKN,W,12,3,5,0.6,2,3,0.667,0,0,0.0,0,1,1,2,0,1,0,1,8,-2,1,
22023,1630540,22300596,"JAN 20, 2024",NYK vs. TOR,W,13,1,4,0.25,1,3,0.333,0,0,0.0,0,0,0,1,0,0,2,1,3,4,1,
22023,1630540,22300579,"JAN 18, 2024",NYK vs. WAS,W,8,1,3,0.333,0,1,0.0,3,3,1.0,0,1,1,0,1,0,0,1,5,-6,1,
22023,1630540,22300573,"JAN 17, 2024",NYK vs. HOU,W,11,0,4,0.0,0,3,0.0,0,0,0.0,0,1,1,1,0,0,1,1,0,3,1,
22023,1630540,22300557,"JAN 15, 2024",NYK vs. ORL,L,36,8,17,0.471,4,10,0.4,0,0,0.0,0,2,2,1,2,1,1,4,20,3,1,
22023,1630540,22300544,"JAN 13, 2024",NYK @ MEM,W,38,7,10,0.7,4,7,0.571,1,2,0.5,0,6,6,5,1,1,3,3,19,13,1,
22023,1630540,22300530,"JAN 11, 2024",NYK @ DAL,L,9,2,5,0.4,1,4,0.25,0,0,0.0,1,1,2,1,0,0,0,2,5,-12,1,
22023,1630540,22300514,"JAN 09, 2024",NYK vs. POR,W,22,6,13,0.462,4,7,0.571,0,0,0.0,1,1,2,0,1,0,2,1,16,-1,1,
22023,1630540,22300494,"JAN 06, 2024",NYK @ WAS,W,13,2,6,0.333,1,2,0.5,0,0,0.0,1,0,1,5,1,0,0,2,5,-4,1,
22023,1630540,22300483,"JAN 05, 2024",NYK @ PHI,W,15,4,8,0.5,4,6,0.667,3,3,1.0,0,1,1,4,0,0,0,1,15,20,1,
22023,1630540,22300468,"JAN 03, 2024",NYK vs. CHI,W,10,1,3,0.333,1,2,0.5,0,0,0.0,0,0,0,0,0,0,0,1,3,-15,1,
22023,1630540,22300451,"JAN 01, 2024",NYK vs. MIN,W,7,0,3,0.0,0,1,0.0,0,0,0.0,0,0,0,0,0,0,1,0,0,-10,1,
22023,1630540,22300441,"DEC 30, 2023",NYK @ IND,L,18,2,3,0.667,1,2,0.5,0,0,0.0,0,0,0,1,0,0,0,3,5,7,1,
22023,1630540,22300388,"DEC 23, 2023",NYK vs. MIL,L,1,0,0,0.0,0,0,0.0,0,0,0.0,0,1,1,0,0,0,0,0,0,-3,1,
22023,1630540,22300368,"DEC 20, 2023",NYK @ BKN,W,2,0,1,0.0,0,1,0.0,0,0,0.0,0,0,0,0,0,0,0,0,0,-4,1,
22023,1630540,22300343,"DEC 16, 2023",NYK @ LAC,L,11,2,4,0.5,0,0,0.0,0,0,0.0,0,1,1,2,2,0,0,2,4,-4,1,
22023,1630540,22300333,"DEC 15, 2023",NYK @ PHX,W,1,1,1,1.0,1,1,1.0,0,0,0.0,0,0,0,0,0,0,0,0,3,-1,1,
22023,1630540,22300297,"DEC 11, 2023",NYK vs. TOR,W,10,1,2,0.5,1,1,1.0,0,0,0.0,0,0,0,3,0,0,0,1,3,5,1,
22023,1630540,22301201,"DEC 05, 2023",NYK @ MIL,L,2,1,1,1.0,1,1,1.0,0,0,0.0,0,0,0,0,0,0,0,0,3,-4,1,
22023,1630540,22300057,"NOV 28, 2023",NYK vs. CHA,W,1,0,0,0.0,0,0,0.0,0,0,0.0,0,0,0,1,0,0,0,0,0,-1,1,
22023,1630540,22300221,"NOV 20, 2023",NYK @ MIN,L,3,0,0,0.0,0,0,0.0,0,0,0.0,0,0,0,0,0,0,0,0,0,0,1,
22023,1630540,22300202,"NOV 18, 2023",NYK @ CHA,W,9,2,3,0.667,1,2,0.5,0,0,0.0,0,0,0,0,0,0,0,2,5,-1,1,
22023,1630540,22300028,"NOV 17, 2023",NYK @ WAS,W,14,2,3,0.667,1,2,0.5,0,0,0.0,1,0,1,0,1,0,0,2,5,3,1,
22023,1630540,22300193,"NOV 15, 2023",NYK @ ATL,W,1,0,0,0.0,0,0,0.0,0,0,0.0,0,0,0,0,0,0,0,1,0,-2,1,
22023,1630540,22300188,"NOV 13, 2023",NYK @ BOS,L,1,0,1,0.0,0,1,0.0,0,0,0.0,0,0,0,0,0,0,0,0,0,1,1,
22023,1630540,22300177,"NOV 12, 2023",NYK vs. CHA,W,3,1,2,0.5,1,2,0.5,0,0,0.0,0,1,1,1,0,0,0,0,3,-7,1,
22023,1630540,22300161,"NOV 08, 2023",NYK vs. SAS,W,2,0,0,0.0,0,0,0.0,0,0,0.0,0,0,0,0,0,0,0,0,0,-2,1,
22023,1630540,22300002,"NOV 03, 2023",NYK @ MIL,L,2,0,1,0.0,0,1,0.0,0,0,0.0,0,0,0,0,0,0,0,0,0,-10,1,
22023,1630540,22300120,"NOV 01, 2023",NYK vs. CLE,L,9,1,2,0.5,0,1,0.0,1,2,0.5,0,0,0,0,2,0,0,1,3,0,1,
22023,1630540,22300112,"OCT 31, 2023",NYK @ CLE,W,4,1,2,0.5,1,2,0.5,0,0,0.0,0,0,0,0,0,0,0,1,3,-5,1,
22023,1630540,22300090,"OCT 28, 2023",NYK @ NOP,L,5,1,3,0.333,0,2,0.0,0,0,0.0,0,1,1,1,1,0,0,0,2,10,1,
22023,1630541,22300789,"FEB 14, 2024",GSW vs. LAC,L,8,2,3,0.667,0,1,0.0,2,2,1.0,2,0,2,0,1,0,0,1,6,4,2,
22023,1630541,22300769,"FEB 12, 2024",GSW @ UTA,W,9,0,8,0.0,0,3,0.0,0,0,0.0,2,2,4,0,0,0,0,0,0,13,1,
22023,1630541,22300733,"FEB 08, 2024",GSW @ IND,W,13,2,3,0.667,1,1,1.0,0,0,0.0,0,3,3,1,2,1,1,1,5,8,1,
22023,1630541,22300727,"FEB 07, 2024",GSW @ PHI,W,19,3,8,0.375,2,7,0.286,0,0,0.0,1,1,2,3,0,2,1,0,8,1,1,
22023,1630541,22300717,"FEB 05, 2024",GSW @ BKN,W,15,2,5,0.4,0,1,0.0,0,0,0.0,1,0,1,0,0,1,1,0,4,5,1,
22023,1630541,22300525,"JAN 10, 2024",GSW vs. NOP,L,25,8,18,0.444,4,8,0.5,1,1,1.0,1,1,2,0,1,0,0,3,21,-7,1,
22023,1630541,22300504,"JAN 07, 2024",GSW vs. TOR,L,22,7,9,0.778,4,6,0.667,3,3,1.0,0,3,3,1,1,0,1,1,21,-2,1,
22023,1630541,22300490,"JAN 05, 2024",GSW vs. DET,W,6,0,2,0.0,0,1,0.0,0,0,0.0,0,1,1,0,0,0,0,1,0,-4,1,
22023,1630541,22300426,"DEC 28, 2023",GSW vs. MIA,L,13,4,8,0.5,0,2,0.0,3,3,1.0,1,2,3,0,0,2,0,1,11,10,1,
22023,1630541,22300402,"DEC 25, 2023",GSW @ DEN,L,3,0,0,0.0,0,0,0.0,0,0,0.0,0,0,0,0,0,0,0,0,0,-8,1,
22023,1630541,22300399,"DEC 23, 2023",GSW vs. POR,W,17,4,6,0.667,1,2,0.5,2,2,1.0,0,1,1,1,1,1,2,3,11,6,1,
22023,1630541,22300386,"DEC 22, 2023",GSW vs. WAS,W,19,1,4,0.25,0,3,0.0,3,4,0.75,1,2,3,0,1,0,2,1,5,8,1,
22023,1630541,22300362,"DEC 19, 2023",GSW vs. BOS,W,17,3,9,0.333,2,6,0.333,2,2,1.0,0,0,0,0,0,0,0,0,10,3,1,
22023,1630541,22300348,"DEC 17, 2023",GSW @ POR,W,19,3,7,0.429,0,2,0.0,0,0,0.0,2,2,4,1,1,0,1,0,6,9,1,
22023,1630541,22300339,"DEC 16, 2023",GSW vs. BKN,W,14,1,3,0.333,0,0,0.0,0,0,0.0,2,1,3,1,0,0,0,0,2,-2,1,
22023,1630541,22300325,"DEC 14, 2023",GSW @ LAC,L,16,4,6,0.667,0,1,0.0,3,4,0.75,2,3,5,1,1,0,2,1,11,4,1,
22023,1630541,22300308,"DEC 12, 2023",GSW @ PHX,L,24,3,6,0.5,2,3,0.667,4,6,0.667,1,3,4,0,0,0,2,3,12,-15,1,
22023,1630541,22301222,"DEC 08, 2023",GSW @ OKC,L,16,1,6,0.167,0,4,0.0,0,0,0.0,2,2,4,0,0,0,2,4,2,-7,1,
22023,1630541,22301214,"DEC 06, 2023",GSW vs. POR,W,26,5,10,0.5,1,4,0.25,1,1,1.0,2,2,4,0,1,1,1,2,12,3,1,
22023,1630541,22300280,"DEC 02, 2023",GSW @ LAC,L,32,5,13,0.385,2,5,0.4,9,10,0.9,3,2,5,2,2,0,0,3,21,-1,1,
22023,1630541,22300273,"NOV 30, 2023",GSW vs. LAC,W,28,6,10,0.6,1,4,0.25,0,0,0.0,2,1,3,1,0,1,0,2,13,-9,1,
22023,1630541,22300060,"NOV 28, 2023",GSW @ SAC,L,13,4,4,1.0,3,3,1.0,0,0,0.0,1,0,1,2,0,0,0,1,11,-2,1,
22023,1630541,22300051,"NOV 24, 2023",GSW vs. SAS,W,17,4,4,1.0,1,1,1.0,0,2,0.0,2,2,4,1,0,0,2,0,9,-6,1,
22023,1630541,22300236,"NOV 22, 2023",GSW @ PHX,L,23,4,8,0.5,0,1,0.0,0,1,0.0,1,8,9,1,0,1,1,5,8,-3,1,
22023,1630541,22300224,"NOV 20, 2023",GSW vs. HOU,W,22,3,7,0.429,1,3,0.333,0,0,0.0,2,2,4,0,0,0,0,2,7,3,1,
22023,1630541,22300207,"NOV 18, 2023",GSW vs. OKC,L,18,1,4,0.25,0,3,0.0,4,4,1.0,2,2,4,1,1,0,2,2,6,-8,1,
22023,1630541,22300201,"NOV 16, 2023",GSW vs. OKC,L,23,5,11,0.455,2,4,0.5,0,1,0.0,2,2,4,1,0,1,1,1,12,-4,1,
22023,1630541,22300025,"NOV 14, 2023",GSW vs. MIN,L,14,4,6,0.667,1,2,0.5,2,2,1.0,1,1,2,2,1,0,0,0,11,-12,1,
22023,1630541,22300186,"NOV 12, 2023",GSW vs. MIN,L,13,1,6,0.167,0,4,0.0,0,0,0.0,1,2,3,0,0,0,1,1,2,-10,1,
22023,1630541,22300176,"NOV 11, 2023",GSW vs. CLE,L,18,2,4,0.5,2,3,0.667,2,2,1.0,1,4,5,1,0,0,1,3,8,2,1,
22023,1630541,22300169,"NOV 08, 2023",GSW @ DEN,L,14,4,7,0.571,2,3,0.667,0,0,0.0,0,3,3,1,1,0,0,0,10,6,1,
22023,1630541,22300145,"NOV 06, 2023",GSW @ DET,W,19,2,6,0.333,0,2,0.0,0,0,0.0,1,1,2,2,3,0,0,0,4,8,1,
22023,1630541,22300142,"NOV 05, 2023",GSW @ CLE,L,14,1,3,0.333,0,2,0.0,1,2,0.5,1,2,3,0,1,0,0,1,3,-1,1,
22023,1630541,22300005,"NOV 03, 2023",GSW @ OKC,W,18,3,7,0.429,2,5,0.4,0,0,0.0,1,0,1,2,1,0,1,3,8,4,1,
22023,1630541,22300126,"NOV 01, 2023",GSW vs. SAC,W,15,0,3,0.0,0,2,0.0,1,2,0.5,0,3,3,0,0,1,0,1,1,-5,1,
22023,1630541,22300108,"OCT 30, 2023",GSW @ NOP,W,21,5,8,0.625,2,5,0.4,1,1,1.0,2,1,3,4,0,0,0,0,13,18,1,
22023,1630541,22300096,"OCT 29, 2023",GSW @ HOU,W,17,1,6,0.167,1,5,0.2,2,2,1.0,0,3,3,1,0,1,0,1,5,11,1,
22023,1630541,22300087,"OCT 27, 2023",GSW @ SAC,W,21,4,5,0.8,2,3,0.667,0,0,0.0,0,3,3,1,3,0,1,0,10,11,1,
22023,1630541,22300062,"OCT 24, 2023",GSW vs. PHX,L,18,4,6,0.667,2,4,0.5,1,2,0.5,1,2,3,0,3,1,1,1,11,-6,1,
22023,1630543,22300782,"FEB 14, 2024",IND @ TOR,W,32,7,13,0.538,0,1,0.0,1,2,0.5,3,8,11,1,0,4,1,4,15,6,1,
22023,1630543,22300761,"FEB 12, 2024",IND @ CHA,L,17,2,3,0.667,0,0,0.0,0,2,0.0,0,2,2,1,2,1,0,1,4,-15,1,
22023,1630543,22300755,"FEB 10, 2024",IND @ NYK,W,17,5,6,0.833,0,0,0.0,2,2,1.0,3,5,8,1,0,1,3,6,12,9,1,
22023,1630543,22300733,"FEB 08, 2024",IND vs. GSW,L,11,1,2,0.5,0,0,0.0,2,2,1.0,1,2,3,2,1,0,0,1,4,-12,1,
22023,1630543,22300719,"FEB 06, 2024",IND vs. HOU,W,2,2,2,1.0,0,0,0.0,0,0,0.0,0,0,0,0,0,0,0,0,4,2,1,
22023,1630543,22300707,"FEB 04, 2024",IND @ CHA,W,2,1,1,1.0,0,0,0.0,0,0,0.0,1,1,2,1,0,0,0,0,2,0,1,
22023,1630543,22300691,"FEB 02, 2024",IND vs. SAC,L,27,3,8,0.375,0,0,0.0,4,4,1.0,2,6,8,2,2,0,2,3,10,-15,1,
22023,1630543,22300652,"JAN 28, 2024",IND vs. MEM,W,14,4,6,0.667,0,1,0.0,2,2,1.0,5,2,7,1,0,1,0,4,10,0,1,
22023,1630543,22300627,"JAN 25, 2024",IND vs. PHI,W,5,0,1,0.0,0,0,0.0,0,0,0.0,0,0,0,0,0,2,1,1,0,-1,1,
22023,1630543,22300614,"JAN 23, 2024",IND vs. DEN,L,9,1,3,0.333,0,0,0.0,1,2,0.5,0,2,2,0,0,0,0,1,3,0,1,
22023,1630543,22300583,"JAN 18, 2024",IND @ SAC,W,5,1,2,0.5,0,0,0.0,0,0,0.0,1,0,1,1,0,0,0,1,2,2,1,
22023,1630543,22300564,"JAN 15, 2024",IND @ UTA,L,8,0,2,0.0,0,0,0.0,1,2,0.5,1,3,4,1,0,1,1,4,1,-5,1,
22023,1630543,22300550,"JAN 14, 2024",IND @ DEN,L,20,6,9,0.667,0,0,0.0,0,0,0.0,3,4,7,1,2,0,2,3,12,-3,1,
22023,1630543,22300533,"JAN 12, 2024",IND @ ATL,W,18,6,7,0.857,0,0,0.0,0,0,0.0,1,4,5,2,4,3,2,3,12,11,1,
22023,1630543,22300520,"JAN 10, 2024",IND vs. WAS,W,17,4,4,1.0,0,0,0.0,4,6,0.667,2,1,3,1,1,3,2,3,12,4,1,
22023,1630543,22300507,"JAN 08, 2024",IND vs. BOS,W,7,0,0,0.0,0,0,0.0,0,0,0.0,1,1,2,0,0,2,0,1,0,-2,1,
22023,1630543,22300493,"JAN 06, 2024",IND vs. BOS,L,9,2,3,0.667,0,0,0.0,0,0,0.0,1,2,3,0,0,0,0,4,4,-8,1,
22023,1630543,22300480,"JAN 05, 2024",IND vs. ATL,W,7,1,2,0.5,0,0,0.0,0,2,0.0,1,2,3,0,0,0,1,3,2,12,1,
22023,1630543,22300466,"JAN 03, 2024",IND vs. MIL,W,18,4,6,0.667,0,0,0.0,1,1,1.0,2,2,4,3,1,0,1,3,9,-3,1,
22023,1630543,22300454,"JAN 01, 2024",IND @ MIL,W,20,6,9,0.667,0,0,0.0,6,7,0.857,2,7,9,1,1,0,2,5,18,29,1,
22023,1630543,22300441,"DEC 30, 2023",IND vs. NYK,W,9,1,1,1.0,0,0,0.0,0,0,0.0,0,1,1,0,0,1,1,2,2,-2,1,
22023,1630543,22300422,"DEC 28, 2023",IND @ CHI,W,11,1,1,1.0,0,0,0.0,1,3,0.333,0,0,0,1,1,0,1,0,3,-5,1,
22023,1630543,22300409,"DEC 26, 2023",IND @ HOU,W,20,3,3,1.0,0,0,0.0,5,5,1.0,3,5,8,0,1,3,1,3,11,3,1,
22023,1630543,22300391,"DEC 23, 2023",IND vs. ORL,L,6,0,2,0.0,0,0,0.0,0,0,0.0,2,1,3,0,0,0,0,4,0,-8,1,
22023,1630543,22300377,"DEC 21, 2023",IND @ MEM,L,12,1,2,0.5,0,0,0.0,0,0,0.0,1,2,3,0,0,1,0,2,2,-11,1,
22023,1630543,22300365,"DEC 20, 2023",IND vs. CHA,W,15,4,7,0.571,0,1,0.0,2,3,0.667,1,2,3,1,1,2,1,3,10,9,1,
22023,1630543,22300350,"DEC 18, 2023",IND vs. LAC,L,25,6,9,0.667,0,0,0.0,3,5,0.6,2,2,4,2,0,1,0,1,15,-21,1,
22023,1630543,22300338,"DEC 16, 2023",IND @ MIN,L,20,6,6,1.0,0,0,0.0,0,0,0.0,1,2,3,4,3,2,1,3,12,-11,1,
22023,1630543,22300328,"DEC 15, 2023",IND @ WAS,L,20,10,13,0.769,0,0,0.0,0,0,0.0,6,7,13,1,0,1,1,5,20,0,1,
22023,1630543,22300315,"DEC 13, 2023",IND @ MIL,L,13,3,4,0.75,0,0,0.0,3,4,0.75,0,3,3,1,1,2,1,3,9,-4,1,
22023,1630543,22300293,"DEC 11, 2023",IND @ DET,W,17,5,6,0.833,0,0,0.0,0,0,0.0,2,3,5,0,0,0,0,3,10,-4,1,
22023,1630543,22301229,"DEC 07, 2023",IND @ MIL,W,16,5,7,0.714,0,0,0.0,1,1,1.0,1,5,6,0,1,0,1,1,11,14,1,
22023,1630543,22300284,"DEC 02, 2023",IND @ MIA,W,8,3,3,1.0,0,0,0.0,2,2,1.0,0,3,3,1,0,1,0,1,8,-6,1,
22023,1630543,22300267,"NOV 30, 2023",IND @ MIA,L,6,0,0,0.0,0,0,0.0,0,0,0.0,0,1,1,1,1,0,0,3,0,-2,1,
22023,1630543,22300254,"NOV 27, 2023",IND vs. POR,L,10,1,2,0.5,0,0,0.0,0,0,0.0,1,4,5,1,0,1,1,3,2,1,1,
22023,1630543,22300047,"NOV 24, 2023",IND vs. DET,W,19,3,8,0.375,0,1,0.0,2,2,1.0,4,2,6,1,0,3,1,4,8,5,1,
22023,1630543,22300039,"NOV 21, 2023",IND @ ATL,W,12,1,1,1.0,0,0,0.0,0,0,0.0,1,4,5,1,0,4,1,5,2,8,1,
22023,1630543,22300209,"NOV 19, 2023",IND vs. ORL,L,12,1,2,0.5,0,0,0.0,4,6,0.667,1,2,3,1,3,1,0,2,6,17,1,
22023,1630543,22300019,"NOV 14, 2023",IND @ PHI,W,17,1,4,0.25,0,0,0.0,5,8,0.625,5,4,9,2,0,1,1,4,7,-2,1,
22023,1630543,22300171,"NOV 09, 2023",IND vs. MIL,W,11,1,2,0.5,0,0,0.0,1,2,0.5,1,2,3,0,1,2,0,3,3,-12,1,
22023,1630543,22300146,"NOV 06, 2023",IND vs. SAS,W,15,3,3,1.0,0,0,0.0,1,1,1.0,2,1,3,1,0,2,0,5,7,12,1,
22023,1630543,22300118,"NOV 01, 2023",IND @ BOS,L,19,3,5,0.6,0,0,0.0,1,2,0.5,0,3,3,1,0,4,1,1,7,-18,1,
22023,1630543,22300064,"OCT 25, 2023",IND vs. WAS,W,11,2,4,0.5,0,0,0.0,0,0,0.0,1,3,4,0,0,0,0,2,4,3,1,
22023,1630544,22300777,"FEB 14, 2024",CHA vs. ATL,W,30,7,13,0.538,4,5,0.8,3,3,1.0,1,7,8,6,2,0,1,1,21,4,1,
22023,1630544,22300761,"FEB 12, 2024",CHA vs. IND,W,34,5,11,0.455,1,3,0.333,0,0,0.0,1,8,9,7,0,0,4,1,11,10,1,
22023,1630544,22300751,"FEB 10, 2024",CHA vs. MEM,W,27,4,11,0.364,1,5,0.2,0,0,0.0,1,3,4,9,2,0,2,1,9,-6,1,
22023,1630544,22300529,"JAN 11, 2024",OKC vs. POR,W,18,4,5,0.8,3,4,0.75,0,0,0.0,1,6,7,4,0,0,1,0,11,13,1,
22023,1630544,22300419,"DEC 27, 2023",OKC vs. NYK,W,6,0,3,0.0,0,2,0.0,0,0,0.0,0,0,0,1,0,0,0,0,0,-5,1,
22023,1630544,22300411,"DEC 26, 2023",OKC vs. MIN,W,2,0,0,0.0,0,0,0.0,0,0,0.0,0,0,0,0,0,0,0,0,0,-2,1,
22023,1630544,22300379,"DEC 21, 2023",OKC vs. LAC,W,2,0,0,0.0,0,0,0.0,0,0,0.0,0,0,0,1,0,0,0,0,0,1,1,
22023,1630544,22300355,"DEC 18, 2023",OKC vs. MEM,W,7,0,0,0.0,0,0,0.0,0,0,0.0,0,0,0,2,0,0,1,0,0,-12,1,
22023,1630544,22300302,"DEC 11, 2023",OKC vs. UTA,W,13,2,6,0.333,0,1,0.0,0,0,0.0,0,2,2,0,0,0,1,2,4,-21,1,
22023,1630544,22301212,"DEC 06, 2023",OKC @ HOU,L,24,4,8,0.5,2,4,0.5,0,0,0.0,0,3,3,4,2,0,1,0,10,7,1,
22023,1630544,22300271,"NOV 30, 2023",OKC vs. LAL,W,3,0,0,0.0,0,0,0.0,0,0,0.0,0,1,1,2,0,0,0,0,0,3,1,
22023,1630544,22300215,"NOV 19, 2023",OKC @ POR,W,24,3,7,0.429,1,3,0.333,0,0,0.0,2,3,5,2,0,0,3,1,7,17,1,
22023,1630544,22300021,"NOV 14, 2023",OKC vs. SAS,W,9,2,4,0.5,1,3,0.333,0,0,0.0,0,2,2,2,1,0,1,0,5,7,1,
22023,1630544,22300109,"OCT 30, 2023",OKC vs. DET,W,2,0,0,0.0,0,0,0.0,0,0,0.0,0,0,0,0,0,0,0,0,0,-8,1,
22023,1630544,22300095,"OCT 29, 2023",OKC vs. DEN,L,8,5,7,0.714,1,2,0.5,1,1,1.0,1,3,4,1,0,0,1,0,12,-5,1,
22023,1630544,22300070,"OCT 25, 2023",OKC @ CHI,W,2,0,0,0.0,0,0,0.0,0,0,0.0,0,0,0,1,0,0,0,0,0,0,1,
22023,1630547,22300707,"FEB 04, 2024",CHA vs. IND,L,2,0,0,0.0,0,0,0.0,0,0,0.0,0,0,0,0,0,0,0,0,0,0,1,
22023,1630547,22300695,"FEB 02, 2024",CHA @ OKC,L,6,2,4,0.5,1,3,0.333,0,0,0.0,0,0,0,0,1,0,1,0,5,10,1,
22023,1630547,22300657,"JAN 29, 2024",CHA vs. NYK,L,2,0,1,0.0,0,1,0.0,0,0,0.0,0,0,0,0,0,0,0,1,0,-3,1,
22023,1630547,22300635,"JAN 26, 2024",CHA vs. HOU,L,7,2,6,0.333,1,4,0.25,0,0,0.0,0,0,0,0,0,0,0,0,5,3,1,
22023,1630547,22300575,"JAN 17, 2024",CHA @ NOP,L,4,2,3,0.667,2,2,1.0,0,0,0.0,0,0,0,0,0,0,0,0,6,-1,1,
22023,1630547,22300551,"JAN 14, 2024",CHA @ MIA,L,2,0,1,0.0,0,0,0.0,1,2,0.5,0,0,0,0,0,0,0,0,1,1,1,
22023,1630547,22300541,"JAN 12, 2024",CHA @ SAS,L,6,0,2,0.0,0,2,0.0,0,0,0.0,0,1,1,0,0,1,0,0,0,-9,1,
22023,1630547,22300518,"JAN 10, 2024",CHA vs. SAC,L,20,3,8,0.375,2,6,0.333,0,0,0.0,0,0,0,1,0,0,0,0,8,-10,1,
22023,1630547,22300506,"JAN 08, 2024",CHA vs. CHI,L,4,1,1,1.0,1,1,1.0,0,0,0.0,0,2,2,2,0,0,0,1,3,-2,1,
22023,1630547,22300455,"JAN 01, 2024",CHA @ DEN,L,4,0,1,0.0,0,0,0.0,0,0,0.0,0,0,0,2,0,0,0,0,0,6,1,
22023,1630547,22300428,"DEC 28, 2023",CHA @ LAL,L,6,2,3,0.667,1,1,1.0,0,0,0.0,0,2,2,1,0,0,0,0,5,6,1,
22023,1630547,22300365,"DEC 20, 2023",CHA @ IND,L,6,1,3,0.333,1,3,0.333,0,0,0.0,0,2,2,0,0,0,1,0,3,-5,1,
22023,1630547,22300335,"DEC 16, 2023",CHA vs. PHI,L,7,3,5,0.6,3,5,0.6,0,0,0.0,0,1,1,0,0,0,0,1,9,-6,1,
22023,1630547,22300057,"NOV 28, 2023",CHA @ NYK,L,5,2,3,0.667,1,2,0.5,0,0,0.0,1,0,1,0,0,0,0,0,5,-1,1,
22023,1630548,22300739,"FEB 08, 2024",UTA @ PHX,L,2,0,1,0.0,0,1,0.0,0,0,0.0,0,0,0,0,0,0,0,0,0,0,1,
22023,1630548,22300342,"DEC 16, 2023",UTA @ SAC,L,4,0,2,0.0,0,2,0.0,0,0,0.0,0,0,0,1,0,0,0,0,0,-1,1,
22023,1630549,22300780,"FEB 14, 2024",BKN @ BOS,L,13,2,2,1.0,1,1,1.0,2,2,1.0,2,1,3,2,1,0,2,2,7,-15,1,
22023,1630549,22300771,"FEB 13, 2024",BKN vs. BOS,L,9,2,3,0.667,0,0,0.0,2,2,1.0,2,2,4,1,0,0,0,2,6,3,1,
22023,1630549,22300498,"JAN 07, 2024",BKN vs. POR,L,17,4,7,0.571,0,0,0.0,3,4,0.75,3,3,6,2,0,1,0,3,11,-5,1,
22023,1630549,22300481,"JAN 05, 2024",BKN vs. OKC,W,9,1,3,0.333,0,0,0.0,4,4,1.0,1,1,2,2,1,0,0,1,6,-1,1,
22023,1630549,22300469,"JAN 03, 2024",BKN @ HOU,L,20,4,7,0.571,0,0,0.0,3,6,0.5,4,8,12,1,1,1,1,5,11,-5,1,
22023,1630549,22300461,"JAN 02, 2024",BKN @ NOP,L,17,6,9,0.667,0,0,0.0,0,0,0.0,3,6,9,2,0,1,1,0,12,-8,1,
22023,1630549,22300447,"DEC 31, 2023",BKN @ OKC,L,8,1,1,1.0,0,0,0.0,1,2,0.5,1,1,2,0,1,1,0,1,3,6,1,
22023,1630549,22300430,"DEC 29, 2023",BKN @ WAS,L,18,5,7,0.714,0,0,0.0,0,0,0.0,5,4,9,3,0,0,2,3,10,-10,1,
22023,1630549,22300417,"DEC 27, 2023",BKN vs. MIL,L,16,5,6,0.833,1,1,1.0,1,2,0.5,2,2,4,4,0,1,0,3,12,2,1,
22023,1630549,22300406,"DEC 26, 2023",BKN @ DET,W,22,3,4,0.75,0,0,0.0,5,7,0.714,3,8,11,3,2,4,1,1,11,15,1,
22023,1630549,22300394,"DEC 23, 2023",BKN vs. DET,W,18,5,6,0.833,0,0,0.0,1,3,0.333,1,2,3,1,0,0,1,4,11,6,1,
22023,1630549,22300383,"DEC 22, 2023",BKN vs. DEN,L,19,5,8,0.625,0,0,0.0,3,6,0.5,5,5,10,4,2,2,0,2,13,2,1,
22023,1630549,22300368,"DEC 20, 2023",BKN vs. NYK,L,19,3,7,0.429,0,0,0.0,3,4,0.75,9,6,15,3,1,0,1,4,9,6,1,
22023,1630549,22300357,"DEC 18, 2023",BKN @ UTA,L,16,3,5,0.6,0,0,0.0,0,1,0.0,3,2,5,0,0,1,1,1,6,6,1,
22023,1630549,22300339,"DEC 16, 2023",BKN @ GSW,L,9,0,3,0.0,0,0,0.0,0,0,0.0,3,1,4,2,0,2,0,3,0,-2,1,
22023,1630549,22300322,"DEC 14, 2023",BKN @ DEN,L,26,4,9,0.444,0,1,0.0,0,0,0.0,4,9,13,5,0,1,3,4,8,-8,1,
22023,1630549,22300317,"DEC 13, 2023",BKN @ PHX,W,8,1,3,0.333,0,1,0.0,1,2,0.5,3,0,3,0,0,0,0,0,3,-6,1,
22023,1630549,22300303,"DEC 11, 2023",BKN @ SAC,L,14,2,4,0.5,0,0,0.0,0,0,0.0,1,6,7,2,1,1,1,2,4,7,1,
22023,1630549,22301219,"DEC 08, 2023",BKN vs. WAS,W,20,7,13,0.538,0,0,0.0,1,1,1.0,5,6,11,4,1,1,2,3,15,11,1,
22023,1630549,22301209,"DEC 06, 2023",BKN @ ATL,W,19,3,5,0.6,0,0,0.0,2,5,0.4,4,6,10,0,0,2,3,4,8,5,1,
22023,1630549,22300282,"DEC 02, 2023",BKN vs. ORL,W,24,2,2,1.0,0,0,0.0,1,3,0.333,1,5,6,2,0,1,1,3,5,21,1,
22023,1630549,22300266,"NOV 30, 2023",BKN vs. CHA,L,18,4,5,0.8,0,0,0.0,1,3,0.333,2,3,5,0,1,0,0,3,9,4,1,
22023,1630549,22300054,"NOV 28, 2023",BKN vs. TOR,W,15,2,4,0.5,0,0,0.0,1,1,1.0,1,4,5,2,0,0,0,2,5,-13,1,
22023,1630549,22300250,"NOV 26, 2023",BKN vs. CHI,W,27,4,7,0.571,0,2,0.0,1,2,0.5,3,6,9,3,0,1,1,4,9,31,1,
22023,1630549,22300240,"NOV 25, 2023",BKN vs. MIA,W,12,0,1,0.0,0,0,0.0,4,4,1.0,0,4,4,1,0,2,0,2,4,4,1,
22023,1630549,22300227,"NOV 22, 2023",BKN @ ATL,L,14,3,6,0.5,0,0,0.0,0,0,0.0,4,3,7,0,2,1,1,2,6,4,1,
22023,1630549,22300208,"NOV 19, 2023",BKN vs. PHI,L,20,3,3,1.0,0,0,0.0,0,0,0.0,2,6,8,2,0,2,1,1,6,-8,1,
22023,1630549,22300200,"NOV 16, 2023",BKN @ MIA,L,15,1,6,0.167,0,0,0.0,0,0,0.0,2,3,5,0,0,0,1,0,2,-6,1,
22023,1630549,22300020,"NOV 14, 2023",BKN vs. ORL,W,24,4,7,0.571,0,0,0.0,3,5,0.6,5,5,10,0,0,1,2,6,11,-2,1,
22023,1630549,22300178,"NOV 12, 2023",BKN vs. WAS,W,19,3,6,0.5,0,1,0.0,2,2,1.0,7,5,12,1,1,1,1,1,8,-4,1,
22023,1630549,22300010,"NOV 10, 2023",BKN @ BOS,L,13,1,4,0.25,0,1,0.0,3,4,0.75,0,3,3,1,0,0,2,2,5,5,1,
22023,1630549,22300160,"NOV 08, 2023",BKN vs. LAC,W,19,4,9,0.444,0,0,0.0,3,3,1.0,4,6,10,0,1,0,2,3,11,7,1,
22023,1630549,22300149,"NOV 06, 2023",BKN vs. MIL,L,8,2,3,0.667,0,0,0.0,0,0,0.0,0,0,0,0,0,1,0,0,4,-7,1,
22023,1630549,22300136,"NOV 04, 2023",BKN vs. BOS,L,17,3,4,0.75,0,0,0.0,5,8,0.625,3,4,7,1,0,0,2,3,11,6,1,
22023,1630549,22300004,"NOV 03, 2023",BKN @ CHI,W,15,3,3,1.0,0,0,0.0,0,1,0.0,1,9,10,0,0,0,0,1,6,8,1,
22023,1630549,22300119,"NOV 01, 2023",BKN @ MIA,W,13,2,3,0.667,0,0,0.0,1,2,0.5,1,6,7,1,1,0,0,0,5,15,1,
22023,1630549,22300101,"OCT 30, 2023",BKN @ CHA,W,10,5,8,0.625,0,0,0.0,1,3,0.333,4,4,8,1,0,1,1,5,11,2,1,
22023,1630549,22300084,"OCT 27, 2023",BKN @ DAL,L,3,1,2,0.5,0,0,0.0,0,0,0.0,2,2,4,0,1,0,2,1,2,5,1,
22023,1630549,22300067,"OCT 25, 2023",BKN vs. CLE,L,12,2,3,0.667,0,0,0.0,0,0,0.0,1,1,2,0,0,2,3,2,4,2,1,
22023,1630550,22300777,"FEB 14, 2024",CHA vs. ATL,W,1,0,0,0.0,0,0,0.0,0,0,0.0,0,0,0,0,0,0,0,1,0,-2,1,
22023,1630550,22300745,"FEB 09, 2024",CHA @ MIL,L,19,0,1,0.0,0,0,0.0,0,0,0.0,0,3,3,0,0,0,0,2,0,-2,1,
22023,1630550,22300713,"FEB 05, 2024",CHA vs. LAL,L,7,0,0,0.0,0,0,0.0,0,0,0.0,0,0,0,1,0,0,0,1,0,4,1,
22023,1630550,22300707,"FEB 04, 2024",CHA vs. IND,L,10,1,1,1.0,0,0,0.0,0,0,0.0,0,3,3,1,0,0,0,0,2,-4,1,
22023,1630550,22300695,"FEB 02, 2024",CHA @ OKC,L,6,2,3,0.667,0,1,0.0,0,0,0.0,0,2,2,0,0,0,0,1,4,10,1,
22023,1630550,22300657,"JAN 29, 2024",CHA vs. NYK,L,2,0,2,0.0,0,1,0.0,1,2,0.5,1,0,1,0,0,0,0,0,1,-3,1,
22023,1630550,22300647,"JAN 27, 2024",CHA vs. UTA,L,5,2,3,0.667,1,1,1.0,0,0,0.0,0,0,0,0,0,0,1,0,5,0,1,
22023,1630550,22300635,"JAN 26, 2024",CHA vs. HOU,L,7,0,2,0.0,0,0,0.0,2,2,1.0,0,1,1,1,2,0,0,0,2,3,1,
22023,1630550,22300610,"JAN 22, 2024",CHA @ MIN,W,16,2,3,0.667,2,3,0.667,1,2,0.5,0,3,3,0,0,2,2,2,7,9,1,
22023,1630550,22300593,"JAN 20, 2024",CHA vs. PHI,L,22,3,5,0.6,1,3,0.333,0,0,0.0,3,3,6,0,0,1,0,1,7,5,1,
22023,1630550,22300584,"JAN 19, 2024",CHA vs. SAS,W,9,1,1,1.0,0,0,0.0,0,0,0.0,0,2,2,0,0,0,0,0,2,8,1,
22023,1630550,22300575,"JAN 17, 2024",CHA @ NOP,L,7,0,1,0.0,0,1,0.0,0,0,0.0,1,1,2,1,0,1,1,0,0,5,1,
22023,1630550,22300551,"JAN 14, 2024",CHA @ MIA,L,10,0,6,0.0,0,0,0.0,0,0,0.0,4,0,4,1,0,1,0,1,0,-10,1,
22023,1630550,22300541,"JAN 12, 2024",CHA @ SAS,L,19,2,7,0.286,1,3,0.333,0,0,0.0,2,2,4,0,0,0,1,3,5,-1,1,
22023,1630550,22300518,"JAN 10, 2024",CHA vs. SAC,L,21,1,7,0.143,0,2,0.0,0,0,0.0,2,3,5,0,0,0,0,2,2,-27,1,
22023,1630550,22300506,"JAN 08, 2024",CHA vs. CHI,L,21,4,12,0.333,1,2,0.5,0,0,0.0,6,2,8,0,0,2,0,1,9,0,1,
22023,1630550,22300484,"JAN 05, 2024",CHA @ CHI,L,16,1,2,0.5,0,0,0.0,0,0,0.0,0,2,2,1,0,0,0,1,2,-6,1,
22023,1630550,22300464,"JAN 02, 2024",CHA @ SAC,W,6,1,2,0.5,0,1,0.0,0,0,0.0,0,2,2,0,0,0,0,0,2,12,1,
22023,1630550,22300455,"JAN 01, 2024",CHA @ DEN,L,4,1,2,0.5,0,0,0.0,0,0,0.0,0,2,2,0,0,1,0,0,2,6,1,
22023,1630550,22300428,"DEC 28, 2023",CHA @ LAL,L,6,1,1,1.0,1,1,1.0,0,0,0.0,0,0,0,1,0,0,0,0,3,6,1,
22023,1630550,22300365,"DEC 20, 2023",CHA @ IND,L,6,0,0,0.0,0,0,0.0,2,2,1.0,1,0,1,0,0,0,0,2,2,-5,1,
22023,1630550,22300354,"DEC 18, 2023",CHA @ TOR,L,14,2,2,1.0,0,0,0.0,1,1,1.0,2,1,3,0,0,1,0,0,5,2,1,
22023,1630550,22300335,"DEC 16, 2023",CHA vs. PHI,L,22,1,8,0.125,0,3,0.0,0,0,0.0,1,1,2,0,0,0,1,1,2,-13,1,
22023,1630550,22300326,"DEC 15, 2023",CHA vs. NOP,L,14,0,2,0.0,0,1,0.0,0,0,0.0,1,1,2,0,0,2,0,1,0,1,1,
22023,1630550,22300312,"DEC 13, 2023",CHA @ MIA,L,16,0,2,0.0,0,2,0.0,0,0,0.0,0,1,1,0,1,0,1,3,0,-19,1,
22023,1630550,22300292,"DEC 11, 2023",CHA vs. MIA,L,9,0,2,0.0,0,2,0.0,0,0,0.0,0,0,0,0,1,1,0,0,0,-5,1,
22023,1630550,22300266,"NOV 30, 2023",CHA @ BKN,W,16,1,3,0.333,0,2,0.0,0,0,0.0,1,1,2,0,0,0,0,1,2,-2,1,
22023,1630550,22300057,"NOV 28, 2023",CHA @ NYK,L,13,0,0,0.0,0,0,0.0,0,0,0.0,0,2,2,0,0,0,1,1,0,-8,1,
22023,1630550,22300248,"NOV 26, 2023",CHA @ ORL,L,9,2,4,0.5,2,3,0.667,0,0,0.0,0,0,0,0,0,0,0,1,6,-4,1,
22023,1630550,22300225,"NOV 22, 2023",CHA vs. WAS,W,23,2,5,0.4,1,3,0.333,0,0,0.0,0,4,4,1,0,0,0,1,5,7,1,
22023,1630550,22300217,"NOV 20, 2023",CHA vs. BOS,W,5,0,0,0.0,0,0,0.0,0,0,0.0,0,0,0,0,0,0,0,1,0,-7,1,
22023,1630550,22300202,"NOV 18, 2023",CHA vs. NYK,L,11,2,3,0.667,1,2,0.5,0,0,0.0,1,1,2,0,0,1,0,1,5,-9,1,
22023,1630550,22300027,"NOV 17, 2023",CHA vs. MIL,L,6,1,1,1.0,0,0,0.0,0,0,0.0,0,1,1,0,0,0,0,1,2,-12,1,
22023,1630550,22300017,"NOV 14, 2023",CHA vs. MIA,L,28,2,6,0.333,1,2,0.5,0,0,0.0,3,1,4,1,0,0,0,1,5,-7,1,
22023,1630550,22300177,"NOV 12, 2023",CHA @ NYK,L,23,2,6,0.333,2,5,0.4,0,2,0.0,2,2,4,0,0,1,1,4,6,1,1,
22023,1630550,22300009,"NOV 10, 2023",CHA @ WAS,W,20,3,7,0.429,1,2,0.5,0,2,0.0,1,4,5,2,0,0,0,1,7,17,1,
22023,1630550,22300157,"NOV 08, 2023",CHA vs. WAS,L,21,0,3,0.0,0,2,0.0,0,0,0.0,2,3,5,1,0,1,0,3,0,-21,1,
22023,1630550,22300143,"NOV 05, 2023",CHA @ DAL,L,15,0,1,0.0,0,0,0.0,0,0,0.0,1,2,3,1,0,0,0,0,0,-10,1,
22023,1630550,22300133,"NOV 04, 2023",CHA @ IND,W,15,3,3,1.0,1,1,1.0,0,0,0.0,1,3,4,0,0,0,0,1,7,14,1,
22023,1630550,22300122,"NOV 01, 2023",CHA @ HOU,L,13,2,4,0.5,1,3,0.333,0,0,0.0,0,5,5,0,3,1,1,2,5,-15,1,
22023,1630550,22300101,"OCT 30, 2023",CHA vs. BKN,L,19,3,6,0.5,1,4,0.25,0,0,0.0,0,2,2,3,0,0,1,1,7,-1,1,
22023,1630550,22300077,"OCT 27, 2023",CHA vs. DET,L,25,1,3,0.333,0,1,0.0,0,0,0.0,1,3,4,0,1,1,0,1,2,0,1,
22023,1630550,22300063,"OCT 25, 2023",CHA vs. ATL,W,20,2,7,0.286,1,3,0.333,0,0,0.0,1,1,2,1,0,0,0,0,5,2,1,
22023,1630552,22300777,"FEB 14, 2024",ATL @ CHA,L,38,9,18,0.5,0,5,0.0,1,2,0.5,5,7,12,0,0,2,2,3,19,-20,1,
22023,1630552,22300763,"FEB 12, 2024",ATL vs. CHI,L,35,5,9,0.556,0,2,0.0,3,4,0.75,1,7,8,2,0,0,0,3,13,-13,1,
22023,1630552,22300754,"FEB 10, 2024",ATL vs. HOU,W,40,8,11,0.727,1,2,0.5,4,4,1.0,2,4,6,3,2,2,2,3,21,10,1,
22023,1630552,22300742,"FEB 09, 2024",ATL @ PHI,W,38,5,12,0.417,1,4,0.25,0,2,0.0,0,11,11,6,0,2,1,3,11,7,1,
22023,1630552,22300729,"FEB 07, 2024",ATL @ BOS,L,36,8,16,0.5,2,5,0.4,1,1,1.0,2,13,15,4,3,0,2,0,19,1,1,
22023,1630552,22300716,"FEB 05, 2024",ATL vs. LAC,L,37,3,14,0.214,1,3,0.333,2,3,0.667,1,6,7,5,0,1,1,4,9,-7,1,
22023,1630552,22300699,"FEB 03, 2024",ATL vs. GSW,W,43,9,20,0.45,2,6,0.333,1,1,1.0,3,10,13,8,0,1,0,3,21,-3,1,
22023,1630552,22300690,"FEB 02, 2024",ATL vs. PHX,W,38,6,14,0.429,2,6,0.333,2,3,0.667,0,7,7,4,1,1,1,2,16,-2,1,
22023,1630552,22300669,"JAN 30, 2024",ATL vs. LAL,W,35,8,14,0.571,1,2,0.5,2,2,1.0,1,10,11,3,3,0,0,5,19,3,1,
22023,1630552,22300653,"JAN 28, 2024",ATL vs. TOR,W,42,6,17,0.353,1,4,0.25,4,4,1.0,3,9,12,5,2,0,2,4,17,6,1,
22023,1630552,22300634,"JAN 26, 2024",ATL vs. DAL,L,37,10,12,0.833,2,3,0.667,3,4,0.75,0,3,3,3,1,1,0,6,25,6,1,
22023,1630552,22300626,"JAN 24, 2024",ATL @ GSW,L,36,8,16,0.5,2,6,0.333,3,5,0.6,1,8,9,6,1,0,0,4,21,-6,1,
22023,1630552,22300613,"JAN 22, 2024",ATL @ SAC,L,38,4,18,0.222,1,7,0.143,2,4,0.5,2,5,7,0,1,2,0,1,11,-24,1,
22023,1630552,22300595,"JAN 20, 2024",ATL vs. CLE,L,34,8,16,0.5,1,5,0.2,3,6,0.5,1,6,7,4,1,2,1,2,20,-19,1,
22023,1630552,22300587,"JAN 19, 2024",ATL @ MIA,W,34,7,14,0.5,1,4,0.25,0,0,0.0,2,5,7,2,2,0,2,1,15,1,1,
22023,1630552,22300570,"JAN 17, 2024",ATL vs. ORL,W,38,3,9,0.333,1,2,0.5,3,5,0.6,0,9,9,3,2,0,4,3,10,9,1,
22023,1630552,22300559,"JAN 15, 2024",ATL vs. SAS,W,38,7,13,0.538,1,2,0.5,1,1,1.0,0,10,10,7,6,0,5,3,16,16,1,
22023,1630552,22300543,"JAN 13, 2024",ATL vs. WAS,L,36,2,7,0.286,1,3,0.333,0,0,0.0,0,6,6,3,0,2,4,3,5,-23,1,
22023,1630552,22300533,"JAN 12, 2024",ATL vs. IND,L,32,7,11,0.636,1,2,0.5,1,3,0.333,0,4,4,3,2,0,3,3,16,-17,1,
22023,1630552,22300521,"JAN 10, 2024",ATL vs. PHI,W,41,8,13,0.615,3,4,0.75,6,6,1.0,2,14,16,7,1,2,1,3,25,6,1,
22023,1630552,22300499,"JAN 07, 2024",ATL @ ORL,L,40,6,12,0.5,0,4,0.0,0,0,0.0,1,10,11,4,0,1,3,6,12,-20,1,
22023,1630552,22300480,"JAN 05, 2024",ATL @ IND,L,29,5,11,0.455,1,4,0.25,1,1,1.0,1,7,8,3,1,0,0,1,12,-26,1,
22023,1630552,22300467,"JAN 03, 2024",ATL vs. OKC,W,29,11,18,0.611,2,4,0.5,4,4,1.0,1,6,7,3,4,0,1,5,28,-1,1,
22023,1630552,22300445,"DEC 31, 2023",ATL @ WAS,W,37,9,12,0.75,2,4,0.5,4,5,0.8,0,13,13,4,0,0,1,2,24,-13,1,
22023,1630552,22300431,"DEC 29, 2023",ATL vs. SAC,L,35,5,12,0.417,1,4,0.25,5,6,0.833,2,13,15,4,0,1,4,2,16,-7,1,
22023,1630552,22300408,"DEC 26, 2023",ATL @ CHI,L,29,5,8,0.625,0,1,0.0,0,0,0.0,3,6,9,4,1,0,2,1,10,-9,1,
22023,1630552,22300241,"NOV 25, 2023",ATL @ WAS,W,8,3,4,0.75,1,2,0.5,1,2,0.5,1,0,1,1,2,1,0,0,8,7,1,
22023,1630552,22300227,"NOV 22, 2023",ATL vs. BKN,W,40,3,7,0.429,1,2,0.5,0,0,0.0,0,6,6,3,2,1,5,3,7,-15,1,
22023,1630552,22300039,"NOV 21, 2023",ATL vs. IND,L,33,6,12,0.5,0,2,0.0,5,5,1.0,1,6,7,6,2,1,1,2,17,-4,1,
22023,1630552,22300029,"NOV 17, 2023",ATL vs. PHI,L,36,7,12,0.583,0,2,0.0,4,4,1.0,1,9,10,2,1,3,0,2,18,3,1,
22023,1630552,22300193,"NOV 15, 2023",ATL vs. NYK,L,31,7,9,0.778,4,4,1.0,0,0,0.0,0,5,5,0,0,2,3,1,18,-13,1,
22023,1630552,22300018,"NOV 14, 2023",ATL @ DET,W,36,6,9,0.667,2,2,1.0,2,2,1.0,1,4,5,1,1,1,2,2,16,0,1,
22023,1630552,22300175,"NOV 11, 2023",ATL vs. MIA,L,22,4,8,0.5,1,3,0.333,0,0,0.0,0,4,4,2,0,0,3,2,9,-6,1,
22023,1630552,22300172,"NOV 09, 2023",ATL @ ORL,W,31,7,9,0.778,2,4,0.5,3,4,0.75,2,7,9,2,0,1,3,4,19,15,1,
22023,1630552,22300155,"NOV 06, 2023",ATL @ OKC,L,34,6,15,0.4,0,4,0.0,1,2,0.5,6,6,12,5,3,1,0,2,13,-16,1,
22023,1630552,22300135,"NOV 04, 2023",ATL @ NOP,W,36,8,13,0.615,2,3,0.667,3,4,0.75,2,9,11,4,0,0,1,3,21,19,1,
22023,1630552,22300117,"NOV 01, 2023",ATL vs. WAS,W,24,3,7,0.429,0,2,0.0,2,2,1.0,4,7,11,2,0,0,5,2,8,10,1,
22023,1630552,22300104,"OCT 30, 2023",ATL vs. MIN,W,33,5,7,0.714,1,2,0.5,1,1,1.0,1,4,5,3,1,1,2,3,12,19,1,
22023,1630552,22300097,"OCT 29, 2023",ATL @ MIL,W,26,6,10,0.6,2,3,0.667,0,0,0.0,1,6,7,1,2,1,2,4,14,14,1,
22023,1630552,22300079,"OCT 27, 2023",ATL vs. NYK,L,30,5,8,0.625,0,2,0.0,1,3,0.333,0,9,9,2,1,1,3,2,11,-1,1,
22023,1630552,22300063,"OCT 25, 2023",ATL @ CHA,L,29,9,13,0.692,1,3,0.333,2,4,0.5,0,7,7,2,2,1,0,1,21,8,1,
22023,1630553,22300780,"FEB 14, 2024",BKN @ BOS,L,12,2,5,0.4,1,3,0.333,4,4,1.0,0,1,1,2,0,0,1,0,9,-4,1,
22023,1630553,22300735,"FEB 08, 2024",BKN vs. CLE,L,14,1,3,0.333,1,1,1.0,0,0,0.0,2,0,2,0,2,0,1,2,3,-5,1,
22023,1630553,22300417,"DEC 27, 2023",BKN vs. MIL,L,21,3,8,0.375,2,4,0.5,4,4,1.0,0,1,1,1,1,1,1,1,12,-18,1,
22023,1630556,22300774,"FEB 13, 2024",SAC @ PHX,L,2,0,0,0.0,0,0,0.0,0,0,0.0,0,1,1,0,0,0,0,2,0,-2,1,
22023,1630556,22300746,"FEB 09, 2024",SAC vs. DEN,W,6,2,3,0.667,2,3,0.667,0,0,0.0,0,1,1,0,0,0,0,1,6,0,1,
22023,1630556,22300714,"FEB 05, 2024",SAC @ CLE,L,9,2,5,0.4,1,4,0.25,0,0,0.0,0,0,0,0,0,0,0,2,5,-4,1,
22023,1630556,22300700,"FEB 03, 2024",SAC @ CHI,W,0,0,0,0.0,0,0,0.0,0,0,0.0,0,0,0,0,0,0,0,0,0,-2,1,
22023,1630556,22300691,"FEB 02, 2024",SAC @ IND,W,15,0,0,0.0,0,0,0.0,0,0,0.0,0,4,4,1,2,1,0,1,0,11,1,
22023,1630556,22300678,"JAN 31, 2024",SAC @ MIA,L,1,0,1,0.0,0,0,0.0,0,0,0.0,0,0,0,0,0,0,0,0,0,-8,1,
22023,1630556,22300651,"JAN 27, 2024",SAC @ DAL,W,1,0,0,0.0,0,0,0.0,0,0,0.0,0,0,0,0,0,1,0,0,0,-2,1,
22023,1630556,22300632,"JAN 25, 2024",SAC @ GSW,W,6,0,1,0.0,0,1,0.0,0,0,0.0,0,1,1,1,0,0,0,1,0,-1,1,
22023,1630556,22300532,"JAN 12, 2024",SAC @ PHI,L,6,1,3,0.333,0,1,0.0,0,0,0.0,1,0,1,0,0,0,0,1,2,3,1,
22023,1630556,22300512,"JAN 09, 2024",SAC @ DET,W,1,0,0,0.0,0,0,0.0,0,0,0.0,0,0,0,1,0,0,0,0,0,2,1,
22023,1630556,22300500,"JAN 07, 2024",SAC vs. NOP,L,8,3,4,0.75,2,2,1.0,2,2,1.0,1,1,2,0,0,0,0,0,10,7,1,
22023,1630556,22300449,"DEC 31, 2023",SAC @ MEM,W,4,0,2,0.0,0,2,0.0,0,0,0.0,0,0,0,0,0,0,0,0,0,4,1,
22023,1630556,22300413,"DEC 26, 2023",SAC @ POR,L,2,0,0,0.0,0,0,0.0,0,0,0.0,0,0,0,0,0,0,0,0,0,2,1,
22023,1630556,22300400,"DEC 23, 2023",SAC vs. MIN,L,0,0,0,0.0,0,0,0.0,0,0,0.0,0,0,0,0,0,0,0,0,0,0,1,
22023,1630556,22300387,"DEC 22, 2023",SAC vs. PHX,W,2,0,1,0.0,0,1,0.0,0,0,0.0,0,0,0,0,0,0,0,0,0,-6,1,
22023,1630556,22300373,"DEC 20, 2023",SAC vs. BOS,L,6,3,5,0.6,1,2,0.5,0,0,0.0,0,2,2,0,0,0,0,0,7,0,1,
22023,1630556,22300358,"DEC 18, 2023",SAC vs. WAS,W,4,1,2,0.5,1,2,0.5,0,0,0.0,0,1,1,1,0,0,0,0,3,-7,1,
22023,1630556,22300342,"DEC 16, 2023",SAC vs. UTA,W,2,0,0,0.0,0,0,0.0,0,0,0.0,0,0,0,0,0,0,0,0,0,1,1,
22023,1630556,22300324,"DEC 14, 2023",SAC vs. OKC,W,0,0,0,0.0,0,0,0.0,0,0,0.0,0,0,0,0,0,0,0,0,0,-2,1,
22023,1630556,22300309,"DEC 12, 2023",SAC @ LAC,L,8,3,3,1.0,1,1,1.0,0,0,0.0,0,0,0,0,0,0,0,0,7,12,1,
22023,1630556,22300303,"DEC 11, 2023",SAC vs. BKN,W,3,0,0,0.0,0,0,0.0,0,0,0.0,0,0,0,0,0,0,0,0,0,-7,1,
22023,1630556,22301228,"DEC 08, 2023",SAC @ PHX,W,1,0,0,0.0,0,0,0.0,0,0,0.0,0,0,0,0,0,0,0,1,0,-4,1,
22023,1630556,22300264,"NOV 29, 2023",SAC vs. LAC,L,7,0,1,0.0,0,1,0.0,0,0,0.0,1,0,1,0,0,0,0,0,0,-16,1,
22023,1630556,22300060,"NOV 28, 2023",SAC vs. GSW,W,5,0,1,0.0,0,1,0.0,0,0,0.0,0,2,2,0,0,0,0,0,0,-3,1,
22023,1630556,22300050,"NOV 24, 2023",SAC @ MIN,W,18,4,7,0.571,2,3,0.667,0,0,0.0,1,1,2,1,1,0,0,1,10,-7,1,
22023,1630556,22300233,"NOV 22, 2023",SAC @ NOP,L,1,0,1,0.0,0,1,0.0,0,0,0.0,0,0,0,0,0,0,0,0,0,0,1,
22023,1630556,22300222,"NOV 20, 2023",SAC @ NOP,L,15,1,4,0.25,1,4,0.25,0,0,0.0,0,4,4,0,0,1,0,2,3,-12,1,
22023,1630556,22300212,"NOV 19, 2023",SAC @ DAL,W,9,0,1,0.0,0,0,0.0,0,0,0.0,1,0,1,1,0,0,0,0,0,0,1,
22023,1630556,22300198,"NOV 15, 2023",SAC @ LAL,W,0,0,0,0.0,0,0,0.0,0,0,0.0,0,0,0,0,0,0,0,0,0,0,1,
22023,1630556,22300191,"NOV 13, 2023",SAC vs. CLE,W,1,0,0,0.0,0,0,0.0,0,0,0.0,0,0,0,0,0,0,0,0,0,-5,1,
22023,1630556,22300016,"NOV 10, 2023",SAC vs. OKC,W,3,0,0,0.0,0,0,0.0,0,0,0.0,0,0,0,0,0,0,0,0,0,-3,1,
22023,1630556,22300170,"NOV 08, 2023",SAC vs. POR,W,16,0,1,0.0,0,1,0.0,0,0,0.0,0,4,4,1,0,1,1,4,0,4,1,
22023,1630556,22300153,"NOV 06, 2023",SAC @ HOU,L,12,1,4,0.25,1,2,0.5,1,2,0.5,0,1,1,2,1,0,0,1,4,11,1,
22023,1630556,22300137,"NOV 04, 2023",SAC @ HOU,L,1,0,0,0.0,0,0,0.0,0,0,0.0,0,0,0,0,0,0,0,0,0,0,1,
22023,1630556,22300100,"OCT 29, 2023",SAC vs. LAL,W,0,0,0,0.0,0,0,0.0,0,0,0.0,0,0,0,0,0,0,0,0,0,-2,1,
22023,1630556,22300072,"OCT 25, 2023",SAC @ UTA,W,1,0,1,0.0,0,1,0.0,0,0,0.0,0,0,0,0,0,0,0,0,0,-2,1,
22023,1630557,22300784,"FEB 14, 2024",WAS @ NOP,L,32,7,15,0.467,5,10,0.5,1,1,1.0,0,4,4,6,1,0,2,5,20,2,1,
22023,1630557,22300768,"FEB 12, 2024",WAS @ DAL,L,24,2,11,0.182,1,7,0.143,0,0,0.0,1,3,4,1,0,0,1,2,5,-10,1,
22023,1630557,22300753,"FEB 10, 2024",WAS vs. PHI,L,24,2,6,0.333,1,4,0.25,0,0,0.0,0,2,2,0,0,0,0,1,5,-6,1,
22023,1630557,22300743,"FEB 09, 2024",WAS @ BOS,L,24,9,14,0.643,3,6,0.5,3,3,1.0,0,6,6,4,3,0,0,1,24,-14,1,
22023,1630557,22300728,"FEB 07, 2024",WAS vs. CLE,L,33,9,15,0.6,4,9,0.444,1,1,1.0,1,6,7,2,0,0,1,2,23,2,1,
22023,1630557,22300705,"FEB 04, 2024",WAS vs. PHX,L,25,6,13,0.462,0,7,0.0,3,3,1.0,1,1,2,4,1,0,3,4,15,-18,1,
22023,1630557,22300689,"FEB 02, 2024",WAS vs. MIA,L,31,10,18,0.556,6,14,0.429,0,1,0.0,0,4,4,2,0,0,0,3,26,-6,1,
22023,1630557,22300676,"JAN 31, 2024",WAS vs. LAC,L,27,6,11,0.545,3,8,0.375,1,2,0.5,0,2,2,1,0,0,1,1,16,-13,1,
22023,1630557,22300665,"JAN 29, 2024",WAS @ SAS,W,20,3,6,0.5,2,5,0.4,0,0,0.0,0,4,4,3,0,1,1,1,8,-3,1,
22023,1630557,22300642,"JAN 27, 2024",WAS @ DET,W,22,3,7,0.429,2,5,0.4,0,0,0.0,0,2,2,1,0,0,2,2,8,6,1,
22023,1630557,22300628,"JAN 25, 2024",WAS vs. UTA,L,20,4,9,0.444,0,4,0.0,0,0,0.0,0,0,0,1,3,0,0,0,8,-20,1,
22023,1630557,22300620,"JAN 24, 2024",WAS vs. MIN,L,16,3,6,0.5,0,0,0.0,1,1,1.0,0,4,4,0,0,0,3,0,7,-6,1,
22023,1630557,22300602,"JAN 21, 2024",WAS vs. DEN,L,18,1,9,0.111,0,6,0.0,4,4,1.0,0,3,3,1,0,0,1,0,6,5,1,
22023,1630557,22300594,"JAN 20, 2024",WAS vs. SAS,L,25,4,10,0.4,1,6,0.167,7,7,1.0,0,2,2,2,1,0,2,1,16,7,1,
22023,1630557,22300579,"JAN 18, 2024",WAS @ NYK,L,17,4,5,0.8,2,3,0.667,0,0,0.0,0,4,4,0,0,0,0,0,10,6,1,
22023,1630557,22300558,"JAN 15, 2024",WAS vs. DET,L,15,3,5,0.6,2,3,0.667,0,0,0.0,0,2,2,3,0,0,1,3,8,-6,1,
22023,1630557,22300543,"JAN 13, 2024",WAS @ ATL,W,18,4,8,0.5,3,5,0.6,0,0,0.0,1,3,4,2,0,0,1,3,11,8,1,
22023,1630557,22300520,"JAN 10, 2024",WAS @ IND,L,30,6,11,0.545,3,8,0.375,0,0,0.0,2,1,3,2,0,0,1,0,15,-11,1,
22023,1630557,22300508,"JAN 08, 2024",WAS vs. OKC,L,18,4,5,0.8,3,4,0.75,0,0,0.0,0,1,1,2,0,0,1,1,11,-7,1,
22023,1630557,22300494,"JAN 06, 2024",WAS vs. NYK,L,15,3,4,0.75,1,2,0.5,1,1,1.0,0,2,2,1,0,1,4,0,8,-20,1,
22023,1630557,22300482,"JAN 05, 2024",WAS @ CLE,L,20,6,12,0.5,1,6,0.167,0,0,0.0,0,1,1,1,0,1,2,2,13,-7,1,
22023,1630557,22300465,"JAN 03, 2024",WAS @ CLE,L,20,4,9,0.444,0,5,0.0,4,6,0.667,0,1,1,0,0,0,0,0,12,-21,1,
22023,1630557,22300445,"DEC 31, 2023",WAS vs. ATL,L,18,5,10,0.5,1,5,0.2,4,5,0.8,0,0,0,4,0,0,0,0,15,-4,1,
22023,1630557,22300430,"DEC 29, 2023",WAS vs. BKN,W,17,6,10,0.6,3,7,0.429,0,0,0.0,0,0,0,0,0,0,0,2,15,15,1,
22023,1630557,22300416,"DEC 27, 2023",WAS vs. TOR,L,21,5,8,0.625,2,5,0.4,1,1,1.0,1,1,2,2,1,0,2,2,13,-13,1,
22023,1630557,22300407,"DEC 26, 2023",WAS vs. ORL,L,19,6,8,0.75,3,5,0.6,0,2,0.0,0,4,4,1,0,0,0,1,15,6,1,
22023,1630557,22300386,"DEC 22, 2023",WAS @ GSW,L,25,7,15,0.467,2,7,0.286,2,2,1.0,0,1,1,0,0,1,1,3,18,-20,1,
22023,1630557,22300381,"DEC 21, 2023",WAS @ POR,W,22,3,8,0.375,2,6,0.333,1,1,1.0,0,0,0,2,0,0,0,0,9,0,1,
22023,1630557,22300358,"DEC 18, 2023",WAS @ SAC,L,21,2,6,0.333,2,5,0.4,1,2,0.5,0,3,3,3,0,0,2,1,7,4,1,
22023,1630557,22300347,"DEC 17, 2023",WAS @ PHX,L,25,2,9,0.222,2,7,0.286,0,0,0.0,0,0,0,1,0,1,0,2,6,-16,1,
22023,1630557,22300328,"DEC 15, 2023",WAS vs. IND,W,28,9,14,0.643,3,7,0.429,2,3,0.667,0,1,1,1,1,1,1,2,23,21,1,
22023,1630557,22300311,"DEC 13, 2023",WAS vs. NOP,L,21,4,7,0.571,3,6,0.5,1,2,0.5,0,3,3,0,0,1,1,2,12,-35,1,
22023,1630557,22300295,"DEC 11, 2023",WAS @ PHI,L,23,3,6,0.5,1,3,0.333,2,4,0.5,1,1,2,1,0,0,3,4,9,-21,1,
22023,1630557,22301219,"DEC 08, 2023",WAS @ BKN,L,21,3,11,0.273,1,7,0.143,0,0,0.0,0,2,2,2,0,1,0,2,7,-11,1,
22023,1630557,22301208,"DEC 06, 2023",WAS vs. PHI,L,25,5,7,0.714,4,5,0.8,2,2,1.0,0,3,3,1,1,0,1,1,16,6,1,
22023,1630557,22300274,"DEC 01, 2023",WAS @ ORL,L,23,4,11,0.364,4,6,0.667,3,4,0.75,0,1,1,3,0,0,0,2,15,-2,1,
22023,1630557,22300259,"NOV 29, 2023",WAS @ ORL,L,20,4,7,0.571,2,5,0.4,3,5,0.6,0,1,1,2,2,0,1,1,13,-18,1,
22023,1630557,22300253,"NOV 27, 2023",WAS @ DET,W,19,4,7,0.571,0,1,0.0,0,0,0.0,0,5,5,1,1,0,0,4,8,13,1,
22023,1630557,22300241,"NOV 25, 2023",WAS vs. ATL,L,28,3,14,0.214,1,10,0.1,3,3,1.0,0,1,1,2,0,0,0,2,10,-28,1,
22023,1630557,22300049,"NOV 24, 2023",WAS @ MIL,L,33,7,12,0.583,6,10,0.6,0,0,0.0,0,5,5,1,0,0,3,3,20,-2,1,
22023,1630557,22300225,"NOV 22, 2023",WAS @ CHA,L,18,2,7,0.286,1,4,0.25,1,1,1.0,1,3,4,1,0,0,1,1,6,-3,1,
22023,1630557,22300219,"NOV 20, 2023",WAS vs. MIL,L,21,5,9,0.556,1,4,0.25,1,2,0.5,1,1,2,1,1,0,0,1,12,-7,1,
22023,1630557,22300028,"NOV 17, 2023",WAS vs. NYK,L,26,3,5,0.6,1,3,0.333,1,1,1.0,2,1,3,1,1,0,0,1,8,1,1,
22023,1630557,22300192,"NOV 15, 2023",WAS vs. DAL,L,26,3,8,0.375,3,7,0.429,3,4,0.75,0,1,1,4,0,0,0,3,12,2,1,
22023,1630557,22300189,"NOV 13, 2023",WAS @ TOR,L,24,3,7,0.429,2,5,0.4,2,2,1.0,1,1,2,3,1,0,2,2,10,-7,1,
22023,1630557,22300178,"NOV 12, 2023",WAS @ BKN,L,27,2,8,0.25,0,5,0.0,4,4,1.0,1,2,3,4,1,0,1,1,8,4,1,
22023,1630557,22300009,"NOV 10, 2023",WAS vs. CHA,L,16,5,6,0.833,3,3,1.0,2,2,1.0,0,4,4,0,0,0,0,2,15,-6,1,
22023,1630557,22300157,"NOV 08, 2023",WAS @ CHA,W,23,5,9,0.556,2,4,0.5,0,0,0.0,1,2,3,3,1,0,2,2,12,6,1,
22023,1630557,22300148,"NOV 06, 2023",WAS @ PHI,L,14,0,2,0.0,0,2,0.0,3,4,0.75,0,1,1,0,0,0,2,2,3,-22,1,
22023,1630557,22300117,"NOV 01, 2023",WAS @ ATL,L,14,1,5,0.2,0,4,0.0,0,0,0.0,0,0,0,1,0,0,0,1,2,0,1,
22023,1630557,22300103,"OCT 30, 2023",WAS vs. BOS,L,24,3,6,0.5,3,6,0.5,0,2,0.0,0,2,2,0,0,0,2,1,9,-13,1,
22023,1630557,22300089,"OCT 28, 2023",WAS vs. MEM,W,32,8,14,0.571,5,10,0.5,1,1,1.0,0,3,3,1,0,0,2,2,22,5,1,
22023,1630557,22300064,"OCT 25, 2023",WAS @ IND,L,24,4,11,0.364,1,5,0.2,2,2,1.0,2,3,5,1,0,0,1,1,11,-8,1,
22023,1630558,22300786,"FEB 14, 2024",SAC @ DEN,W,8,1,2,0.5,1,1,1.0,0,0,0.0,0,0,0,0,0,0,0,0,3,-5,1,
22023,1630558,22300774,"FEB 13, 2024",SAC @ PHX,L,17,1,3,0.333,1,3,0.333,0,2,0.0,0,0,0,1,0,0,0,2,3,-8,1,
22023,1630558,22300760,"FEB 11, 2024",SAC @ OKC,L,20,5,6,0.833,4,4,1.0,0,0,0.0,1,3,4,2,1,0,1,2,14,23,1,
22023,1630558,22300746,"FEB 09, 2024",SAC vs. DEN,W,20,1,3,0.333,0,0,0.0,0,0,0.0,0,2,2,1,0,0,2,1,2,3,1,
22023,1630558,22300732,"FEB 07, 2024",SAC vs. DET,L,23,3,5,0.6,1,2,0.5,2,2,1.0,0,1,1,1,0,0,0,3,9,-1,1,
22023,1630558,22300714,"FEB 05, 2024",SAC @ CLE,L,9,1,3,0.333,0,1,0.0,0,0,0.0,0,0,0,3,0,0,0,1,2,-12,1,
22023,1630558,22300700,"FEB 03, 2024",SAC @ CHI,W,14,1,2,0.5,0,1,0.0,2,2,1.0,0,2,2,4,0,0,1,1,4,-1,1,
22023,1630558,22300691,"FEB 02, 2024",SAC @ IND,W,16,2,5,0.4,0,2,0.0,0,0,0.0,0,2,2,1,1,0,1,0,4,-1,1,
22023,1630558,22300678,"JAN 31, 2024",SAC @ MIA,L,12,1,2,0.5,0,0,0.0,1,1,1.0,0,1,1,1,0,0,1,1,3,-2,1,
22023,1630558,22300663,"JAN 29, 2024",SAC @ MEM,W,16,2,4,0.5,1,3,0.333,0,0,0.0,0,0,0,0,2,0,2,2,5,4,1,
22023,1630558,22300651,"JAN 27, 2024",SAC @ DAL,W,11,0,0,0.0,0,0,0.0,0,0,0.0,0,2,2,1,0,0,1,2,0,-13,1,
22023,1630558,22300632,"JAN 25, 2024",SAC @ GSW,W,15,3,5,0.6,3,5,0.6,1,2,0.5,1,1,2,4,0,0,0,2,10,13,1,
22023,1630558,22300613,"JAN 22, 2024",SAC vs. ATL,W,22,2,7,0.286,0,2,0.0,1,1,1.0,1,1,2,2,0,0,0,1,5,12,1,
22023,1630558,22300532,"JAN 12, 2024",SAC @ PHI,L,6,2,3,0.667,0,0,0.0,0,0,0.0,0,0,0,0,0,0,0,0,4,3,1,
22023,1630558,22300518,"JAN 10, 2024",SAC @ CHA,W,5,0,1,0.0,0,0,0.0,0,0,0.0,0,1,1,0,0,0,0,1,0,1,1,
22023,1630558,22300512,"JAN 09, 2024",SAC @ DET,W,1,0,0,0.0,0,0,0.0,0,0,0.0,1,0,1,0,0,0,0,0,0,2,1,
22023,1630558,22300500,"JAN 07, 2024",SAC vs. NOP,L,10,0,2,0.0,0,2,0.0,0,0,0.0,0,0,0,0,1,0,0,1,0,-12,1,
22023,1630558,22300492,"JAN 05, 2024",SAC vs. TOR,W,11,3,8,0.375,1,4,0.25,0,0,0.0,0,1,1,2,0,0,0,0,7,6,1,
22023,1630558,22300476,"JAN 03, 2024",SAC vs. ORL,W,14,1,3,0.333,0,2,0.0,0,0,0.0,0,1,1,3,0,0,2,0,2,6,1,
22023,1630558,22300464,"JAN 02, 2024",SAC vs. CHA,L,14,1,3,0.333,1,1,1.0,1,2,0.5,0,1,1,0,0,0,1,1,4,-4,1,
22023,1630558,22300449,"DEC 31, 2023",SAC @ MEM,W,14,4,4,1.0,0,0,0.0,0,0,0.0,0,2,2,4,0,0,0,2,8,11,1,
22023,1630558,22300431,"DEC 29, 2023",SAC @ ATL,W,13,1,3,0.333,0,1,0.0,0,0,0.0,1,0,1,2,0,0,0,2,2,-1,1,
22023,1630558,22300413,"DEC 26, 2023",SAC @ POR,L,2,1,3,0.333,0,2,0.0,0,0,0.0,0,1,1,0,0,0,0,0,2,2,1,
22023,1630558,22300387,"DEC 22, 2023",SAC vs. PHX,W,2,0,1,0.0,0,1,0.0,0,0,0.0,0,0,0,0,0,0,0,0,0,-6,1,
22023,1630558,22300373,"DEC 20, 2023",SAC vs. BOS,L,5,0,1,0.0,0,0,0.0,0,2,0.0,0,0,0,1,0,0,0,0,0,-4,1,
22023,1630558,22300358,"DEC 18, 2023",SAC vs. WAS,W,4,1,2,0.5,0,0,0.0,0,0,0.0,0,1,1,1,0,0,0,0,2,-6,1,
22023,1630558,22300342,"DEC 16, 2023",SAC vs. UTA,W,18,2,5,0.4,0,1,0.0,0,0,0.0,0,0,0,1,0,0,0,3,4,-8,1,
22023,1630558,22300309,"DEC 12, 2023",SAC @ LAC,L,15,0,3,0.0,0,1,0.0,1,2,0.5,0,0,0,2,0,0,0,1,1,-14,1,
22023,1630558,22300303,"DEC 11, 2023",SAC vs. BKN,W,3,0,1,0.0,0,1,0.0,0,0,0.0,1,0,1,1,0,0,0,0,0,-7,1,
22023,1630558,22301228,"DEC 08, 2023",SAC @ PHX,W,1,0,0,0.0,0,0,0.0,0,0,0.0,0,0,0,0,0,0,0,0,0,-4,1,
22023,1630558,22300264,"NOV 29, 2023",SAC vs. LAC,L,13,3,7,0.429,1,5,0.2,2,2,1.0,0,3,3,3,0,0,1,0,9,-5,1,
22023,1630558,22300060,"NOV 28, 2023",SAC vs. GSW,W,9,1,4,0.25,0,2,0.0,2,2,1.0,0,0,0,0,1,0,0,2,4,-14,1,
22023,1630558,22300050,"NOV 24, 2023",SAC @ MIN,W,9,2,2,1.0,1,1,1.0,0,0,0.0,0,0,0,1,0,0,1,1,5,-6,1,
22023,1630558,22300233,"NOV 22, 2023",SAC @ NOP,L,10,0,0,0.0,0,0,0.0,2,2,1.0,0,1,1,2,0,0,0,0,2,9,1,
22023,1630558,22300222,"NOV 20, 2023",SAC @ NOP,L,19,0,2,0.0,0,2,0.0,2,2,1.0,0,0,0,8,0,0,1,1,2,-4,1,
22023,1630558,22300212,"NOV 19, 2023",SAC @ DAL,W,9,0,3,0.0,0,1,0.0,0,0,0.0,0,0,0,1,0,0,2,0,0,1,1,
22023,1630558,22300016,"NOV 10, 2023",SAC vs. OKC,W,17,1,6,0.167,1,6,0.167,0,0,0.0,0,1,1,1,0,0,0,1,3,1,1,
22023,1630558,22300170,"NOV 08, 2023",SAC vs. POR,W,28,6,9,0.667,3,4,0.75,1,1,1.0,0,0,0,4,0,0,2,4,16,3,1,
22023,1630558,22300153,"NOV 06, 2023",SAC @ HOU,L,27,2,11,0.182,1,5,0.2,0,0,0.0,1,0,1,2,0,1,0,2,5,-30,1,
22023,1630558,22300137,"NOV 04, 2023",SAC @ HOU,L,26,3,7,0.429,1,4,0.25,0,0,0.0,0,3,3,5,0,1,1,3,7,-13,1,
22023,1630558,22300126,"NOV 01, 2023",SAC @ GSW,L,30,5,9,0.556,3,6,0.5,0,0,0.0,0,3,3,4,3,0,2,1,13,-3,1,
22023,1630558,22300100,"OCT 29, 2023",SAC vs. LAL,W,15,2,4,0.5,1,2,0.5,0,0,0.0,0,2,2,2,0,0,0,4,5,-17,1,
22023,1630558,22300087,"OCT 27, 2023",SAC vs. GSW,L,11,0,2,0.0,0,1,0.0,0,0,0.0,0,0,0,0,1,0,2,1,0,-8,1,
22023,1630558,22300072,"OCT 25, 2023",SAC @ UTA,W,14,0,3,0.0,0,2,0.0,0,0,0.0,0,3,3,4,0,0,1,3,0,4,1,
22023,1630559,22300788,"FEB 14, 2024",LAL @ UTA,W,34,9,13,0.692,3,5,0.6,1,1,1.0,0,4,4,7,3,0,3,0,22,22,1,
22023,1630559,22300776,"FEB 13, 2024",LAL vs. DET,W,32,3,9,0.333,2,5,0.4,7,7,1.0,0,7,7,6,1,1,2,4,15,25,1,
22023,1630559,22300747,"FEB 09, 2024",LAL vs. NOP,W,31,10,15,0.667,3,4,0.75,4,5,0.8,0,2,2,4,0,0,0,3,27,3,1,
22023,1630559,22300740,"FEB 08, 2024",LAL vs. DEN,L,36,6,16,0.375,2,7,0.286,1,2,0.5,1,1,2,10,2,0,1,2,15,-9,1,
22023,1630559,22300713,"FEB 05, 2024",LAL @ CHA,W,36,3,8,0.375,0,5,0.0,3,3,1.0,0,4,4,11,1,1,5,3,9,15,1,
22023,1630559,22300701,"FEB 03, 2024",LAL @ NYK,W,39,6,13,0.462,3,6,0.5,7,8,0.875,0,6,6,7,0,2,1,3,22,8,1,
22023,1630559,22300684,"FEB 01, 2024",LAL @ BOS,W,35,10,18,0.556,7,10,0.7,5,7,0.714,0,2,2,3,0,0,0,1,32,16,1,
22023,1630559,22300669,"JAN 30, 2024",LAL @ ATL,L,32,10,19,0.526,3,8,0.375,5,7,0.714,0,0,0,6,2,0,2,1,28,-15,1,
22023,1630559,22300662,"JAN 29, 2024",LAL @ HOU,L,30,3,8,0.375,1,3,0.333,1,2,0.5,1,2,3,5,1,0,2,1,8,-11,1,
22023,1630559,22300650,"JAN 27, 2024",LAL @ GSW,W,47,4,14,0.286,1,7,0.143,8,9,0.889,0,2,2,6,2,0,5,3,17,4,1,
22023,1630559,22300633,"JAN 25, 2024",LAL vs. CHI,W,33,7,9,0.778,2,3,0.667,4,4,1.0,0,3,3,8,0,0,1,4,20,14,1,
22023,1630559,22300618,"JAN 23, 2024",LAL @ LAC,L,34,5,14,0.357,2,8,0.25,0,0,0.0,0,2,2,5,2,1,3,3,12,-8,1,
22023,1630559,22300605,"JAN 21, 2024",LAL vs. POR,W,26,5,10,0.5,3,4,0.75,2,2,1.0,1,3,4,2,1,0,1,1,15,4,1,
22023,1630559,22300591,"JAN 19, 2024",LAL vs. BKN,L,33,4,12,0.333,0,6,0.0,1,1,1.0,0,3,3,5,1,0,0,2,9,-13,1,
22023,1630559,22300577,"JAN 17, 2024",LAL vs. DAL,W,30,6,8,0.75,2,2,1.0,0,0,0.0,0,3,3,7,1,0,3,2,14,20,1,
22023,1630559,22300565,"JAN 15, 2024",LAL vs. OKC,W,33,6,10,0.6,1,3,0.333,2,2,1.0,0,3,3,7,0,1,2,0,15,9,1,
22023,1630559,22300549,"JAN 13, 2024",LAL @ UTA,L,31,7,8,0.875,1,2,0.5,4,6,0.667,1,3,4,2,0,0,1,6,19,-21,1,
22023,1630559,22300531,"JAN 11, 2024",LAL vs. PHX,L,30,4,7,0.571,2,3,0.667,3,3,1.0,1,0,1,6,1,0,3,2,13,-23,1,
22023,1630559,22300516,"JAN 09, 2024",LAL vs. TOR,W,32,3,10,0.3,1,6,0.167,4,4,1.0,0,3,3,7,1,0,0,2,11,-2,1,
22023,1630559,22300505,"JAN 07, 2024",LAL vs. LAC,W,32,2,5,0.4,0,3,0.0,4,5,0.8,0,0,0,2,0,0,2,0,8,-4,1,
22023,1630559,22300491,"JAN 05, 2024",LAL vs. MEM,L,40,8,14,0.571,0,3,0.0,3,4,0.75,0,7,7,12,2,0,1,4,19,-23,1,
22023,1630559,22300475,"JAN 03, 2024",LAL vs. MIA,L,37,7,12,0.583,2,6,0.333,8,9,0.889,0,5,5,8,0,0,3,2,24,-2,1,
22023,1630559,22300446,"DEC 31, 2023",LAL @ NOP,L,36,7,12,0.583,1,5,0.2,5,6,0.833,1,1,2,9,1,1,0,3,20,-19,1,
22023,1630559,22300443,"DEC 30, 2023",LAL @ MIN,L,29,2,11,0.182,0,5,0.0,5,6,0.833,1,1,2,0,0,0,1,2,9,2,1,
22023,1630559,22300428,"DEC 28, 2023",LAL vs. CHA,W,24,6,8,0.75,2,3,0.667,2,2,1.0,0,2,2,4,1,0,0,4,16,9,1,
22023,1630559,22300403,"DEC 25, 2023",LAL vs. BOS,L,28,4,9,0.444,2,3,0.667,1,1,1.0,4,2,6,3,1,0,2,3,11,-1,1,
22023,1630559,22300397,"DEC 23, 2023",LAL @ OKC,W,28,4,8,0.5,2,5,0.4,1,1,1.0,0,3,3,9,0,0,1,3,11,-2,1,
22023,1630559,22300380,"DEC 21, 2023",LAL @ MIN,L,27,7,14,0.5,1,4,0.25,5,5,1.0,2,6,8,5,2,0,4,2,20,-9,1,
22023,1630559,22300370,"DEC 20, 2023",LAL @ CHI,L,28,9,14,0.643,2,5,0.4,1,1,1.0,0,0,0,3,1,1,3,1,21,-22,1,
22023,1630559,22300359,"DEC 18, 2023",LAL vs. NYK,L,33,6,15,0.4,3,7,0.429,5,5,1.0,0,3,3,7,1,0,4,2,20,7,1,
22023,1630559,22300331,"DEC 15, 2023",LAL @ SAS,L,34,8,18,0.444,4,10,0.4,2,2,1.0,2,5,7,4,0,0,2,0,22,-8,1,
22023,1630559,22300316,"DEC 13, 2023",LAL @ SAS,W,29,6,10,0.6,3,6,0.5,0,0,0.0,2,2,4,8,1,0,1,2,15,-9,1,
22023,1630559,22300306,"DEC 12, 2023",LAL @ DAL,L,32,7,14,0.5,4,7,0.571,4,5,0.8,0,5,5,8,0,0,3,2,22,4,1,
22023,1630559,22301230,"DEC 07, 2023",LAL vs. NOP,W,23,5,9,0.556,3,6,0.5,4,4,1.0,0,5,5,7,1,0,2,0,17,21,1,
22023,1630559,22301203,"DEC 05, 2023",LAL vs. PHX,W,27,7,16,0.438,3,8,0.375,3,3,1.0,2,4,6,2,0,0,3,1,20,17,1,
22023,1630559,22300291,"DEC 02, 2023",LAL vs. HOU,W,22,6,11,0.545,1,4,0.25,5,6,0.833,1,3,4,1,3,0,1,2,18,15,1,
22023,1630559,22300271,"NOV 30, 2023",LAL @ OKC,L,29,5,9,0.556,1,4,0.25,3,3,1.0,0,2,2,3,0,0,2,2,14,-23,1,
22023,1630559,22300258,"NOV 29, 2023",LAL @ DET,W,24,3,8,0.375,0,4,0.0,0,0,0.0,1,2,3,4,0,1,2,2,6,13,1,
22023,1630559,22300255,"NOV 27, 2023",LAL @ PHI,L,29,4,10,0.4,1,4,0.25,3,3,1.0,0,2,2,2,0,0,3,2,12,-19,1,
22023,1630559,22300242,"NOV 25, 2023",LAL @ CLE,W,32,4,8,0.5,1,2,0.5,6,6,1.0,1,4,5,10,2,0,2,1,15,-2,1,
22023,1630559,22300238,"NOV 22, 2023",LAL vs. DAL,L,31,7,14,0.5,1,5,0.2,2,3,0.667,1,5,6,6,0,0,2,5,17,-3,1,
22023,1630559,22300042,"NOV 21, 2023",LAL vs. UTA,W,26,7,13,0.538,1,4,0.25,4,4,1.0,0,5,5,5,3,0,2,0,19,10,1,
22023,1630559,22300216,"NOV 19, 2023",LAL vs. HOU,W,25,5,7,0.714,2,3,0.667,5,6,0.833,0,6,6,6,0,0,2,0,17,9,1,
22023,1630559,22300036,"NOV 17, 2023",LAL @ POR,W,18,1,4,0.25,0,0,0.0,5,6,0.833,1,1,2,4,0,0,3,0,7,11,1,
22023,1630559,22300198,"NOV 15, 2023",LAL vs. SAC,L,34,4,10,0.4,0,5,0.0,1,2,0.5,2,9,11,8,1,0,4,1,9,0,1,
22023,1630559,22300026,"NOV 14, 2023",LAL vs. MEM,W,29,5,9,0.556,4,4,1.0,2,3,0.667,2,10,12,7,0,0,3,0,16,13,1,
22023,1630559,22300187,"NOV 12, 2023",LAL vs. POR,W,28,6,12,0.5,2,4,0.5,4,4,1.0,0,4,4,4,0,0,1,0,18,3,1,
22023,1630559,22300015,"NOV 10, 2023",LAL @ PHX,W,35,6,11,0.545,2,4,0.5,1,1,1.0,0,1,1,7,1,0,2,1,15,-2,1,
22023,1630559,22300163,"NOV 08, 2023",LAL @ HOU,L,26,2,9,0.222,0,4,0.0,3,3,1.0,0,1,1,4,2,0,2,1,7,-28,1,
22023,1630559,22300150,"NOV 06, 2023",LAL @ MIA,L,40,9,14,0.643,3,8,0.375,2,3,0.667,3,7,10,9,1,0,4,1,23,2,1,
22023,1630559,22300134,"NOV 04, 2023",LAL @ ORL,L,34,7,11,0.636,3,5,0.6,3,4,0.75,0,2,2,2,2,0,1,0,20,6,1,
22023,1630559,22300127,"NOV 01, 2023",LAL vs. LAC,W,38,5,13,0.385,0,3,0.0,5,5,1.0,2,5,7,7,3,0,5,4,15,-5,1,
22023,1630559,22300111,"OCT 30, 2023",LAL vs. ORL,W,31,5,12,0.417,1,4,0.25,0,0,0.0,0,3,3,3,0,1,3,0,11,-14,1,
22023,1630559,22300100,"OCT 29, 2023",LAL @ SAC,L,28,1,12,0.083,1,8,0.125,2,2,1.0,0,2,2,2,1,0,3,2,5,-12,1,
22023,1630559,22300076,"OCT 26, 2023",LAL vs. PHX,W,28,4,7,0.571,1,2,0.5,1,2,0.5,1,1,2,1,1,0,1,5,10,-11,1,
22023,1630559,22300061,"OCT 24, 2023",LAL @ DEN,L,31,4,11,0.364,1,2,0.5,5,7,0.714,4,4,8,4,2,0,2,2,14,-14,1,
22023,1630560,22300780,"FEB 14, 2024",BKN @ BOS,L,25,1,9,0.111,1,5,0.2,2,2,1.0,0,1,1,2,1,0,1,1,5,-35,1,
22023,1630560,22300771,"FEB 13, 2024",BKN vs. BOS,L,34,10,20,0.5,4,7,0.571,2,2,1.0,1,1,2,4,2,0,3,5,26,-7,1,
22023,1630560,22300750,"FEB 10, 2024",BKN vs. SAS,W,36,9,19,0.474,5,10,0.5,2,2,1.0,1,1,2,4,2,0,2,2,25,22,1,
22023,1630560,22300735,"FEB 08, 2024",BKN vs. CLE,L,30,6,18,0.333,2,4,0.5,3,3,1.0,1,3,4,1,0,0,1,1,17,-24,1,
22023,1630560,22300720,"FEB 06, 2024",BKN vs. DAL,L,37,6,16,0.375,1,3,0.333,3,4,0.75,0,8,8,8,1,0,2,2,16,-19,1,
22023,1630560,22300717,"FEB 05, 2024",BKN vs. GSW,L,36,4,21,0.19,0,6,0.0,10,11,0.909,1,4,5,3,2,0,1,6,18,-14,1,
22023,1630560,22300698,"FEB 03, 2024",BKN @ PHI,W,36,14,26,0.538,5,11,0.455,7,8,0.875,1,2,3,5,1,0,3,3,40,23,1,
22023,1630560,22300677,"JAN 31, 2024",BKN vs. PHX,L,33,11,19,0.579,1,4,0.25,2,2,1.0,2,0,2,4,2,0,2,2,25,-11,1,
22023,1630560,22300660,"JAN 29, 2024",BKN vs. UTA,W,31,8,16,0.5,4,5,0.8,5,5,1.0,1,6,7,0,1,1,2,3,25,25,1,
22023,1630560,22300645,"JAN 27, 2024",BKN vs. HOU,W,41,11,19,0.579,3,6,0.5,12,15,0.8,0,3,3,3,1,0,5,4,37,12,1,
22023,1630560,22300629,"JAN 25, 2024",BKN vs. MIN,L,28,7,15,0.467,1,4,0.25,10,10,1.0,0,6,6,3,2,0,5,0,25,6,1,
22023,1630560,22300615,"JAN 23, 2024",BKN vs. NYK,L,22,6,11,0.545,0,3,0.0,2,2,1.0,0,1,1,2,0,1,1,3,14,-3,1,
22023,1630560,22300600,"JAN 21, 2024",BKN @ LAC,L,27,8,17,0.471,1,5,0.2,3,4,0.75,0,2,2,6,0,0,4,2,20,-19,1,
22023,1630560,22300591,"JAN 19, 2024",BKN @ LAL,W,32,13,18,0.722,4,7,0.571,3,4,0.75,0,3,3,4,1,0,1,2,33,12,1,
22023,1630560,22300578,"JAN 17, 2024",BKN @ POR,L,22,2,7,0.286,2,4,0.5,2,2,1.0,0,0,0,4,0,0,1,0,8,-1,1,
22023,1630560,22300562,"JAN 15, 2024",BKN vs. MIA,L,32,7,20,0.35,2,10,0.2,7,7,1.0,0,2,2,3,0,0,2,2,23,9,1,
22023,1630560,22300527,"JAN 11, 2024",BKN @ CLE,L,35,9,21,0.429,1,5,0.2,7,11,0.636,0,6,6,2,0,1,0,3,26,2,1,
22023,1630560,22300498,"JAN 07, 2024",BKN vs. POR,L,18,4,9,0.444,1,3,0.333,0,0,0.0,0,3,3,0,0,0,1,0,9,-5,1,
22023,1630560,22300481,"JAN 05, 2024",BKN vs. OKC,W,24,6,14,0.429,3,5,0.6,4,5,0.8,0,2,2,0,1,0,1,0,19,6,1,
22023,1630560,22300469,"JAN 03, 2024",BKN @ HOU,L,17,0,7,0.0,0,2,0.0,4,4,1.0,0,0,0,5,1,0,1,1,4,-10,1,
22023,1630560,22300461,"JAN 02, 2024",BKN @ NOP,L,20,0,11,0.0,0,4,0.0,0,0,0.0,1,1,2,0,1,0,1,0,0,-14,1,
22023,1630560,22300447,"DEC 31, 2023",BKN @ OKC,L,26,7,18,0.389,3,8,0.375,3,7,0.429,1,0,1,1,1,0,1,2,20,-9,1,
22023,1630560,22300430,"DEC 29, 2023",BKN @ WAS,L,24,6,15,0.4,0,1,0.0,3,6,0.5,0,1,1,3,0,0,1,0,15,-14,1,
22023,1630560,22300417,"DEC 27, 2023",BKN vs. MIL,L,12,4,9,0.444,0,2,0.0,0,0,0.0,0,0,0,0,1,0,0,1,8,-1,1,
22023,1630560,22300406,"DEC 26, 2023",BKN @ DET,W,23,7,13,0.538,0,1,0.0,3,4,0.75,0,1,1,1,0,0,2,4,17,-4,1,
22023,1630560,22300394,"DEC 23, 2023",BKN vs. DET,W,28,7,16,0.438,1,3,0.333,5,5,1.0,0,2,2,3,1,0,2,3,20,2,1,
22023,1630560,22300383,"DEC 22, 2023",BKN vs. DEN,L,34,8,21,0.381,1,6,0.167,6,6,1.0,0,0,0,2,0,0,2,5,23,-5,1,
22023,1630560,22300368,"DEC 20, 2023",BKN vs. NYK,L,32,8,18,0.444,4,7,0.571,0,1,0.0,1,1,2,5,0,0,1,2,20,-25,1,
22023,1630560,22300357,"DEC 18, 2023",BKN @ UTA,L,37,12,23,0.522,5,7,0.714,3,3,1.0,2,2,4,3,1,1,3,1,32,-17,1,
22023,1630560,22300339,"DEC 16, 2023",BKN @ GSW,L,37,15,24,0.625,5,13,0.385,6,6,1.0,0,5,5,2,1,0,5,5,41,-3,1,
22023,1630560,22300322,"DEC 14, 2023",BKN @ DEN,L,27,5,13,0.385,0,2,0.0,3,6,0.5,0,3,3,0,0,0,0,3,13,-25,1,
22023,1630560,22300317,"DEC 13, 2023",BKN @ PHX,W,28,6,17,0.353,4,8,0.5,8,8,1.0,1,1,2,4,1,1,2,0,24,-5,1,
22023,1630560,22300303,"DEC 11, 2023",BKN @ SAC,L,31,8,21,0.381,2,6,0.333,2,2,1.0,0,0,0,2,0,0,2,2,20,-15,1,
22023,1630560,22301219,"DEC 08, 2023",BKN vs. WAS,W,29,7,19,0.368,2,4,0.5,1,2,0.5,0,2,2,4,1,1,2,3,17,14,1,
22023,1630560,22301209,"DEC 06, 2023",BKN @ ATL,W,27,3,10,0.3,0,2,0.0,0,0,0.0,0,1,1,1,0,0,5,2,6,-5,1,
22023,1630560,22300282,"DEC 02, 2023",BKN vs. ORL,W,38,7,23,0.304,4,9,0.444,2,2,1.0,0,7,7,5,0,0,2,3,20,11,1,
22023,1630560,22300266,"NOV 30, 2023",BKN vs. CHA,L,25,11,21,0.524,2,5,0.4,2,3,0.667,0,2,2,1,0,1,1,1,26,0,1,
22023,1630560,22300160,"NOV 08, 2023",BKN vs. LAC,W,20,6,14,0.429,0,2,0.0,2,2,1.0,0,2,2,0,0,1,2,1,14,1,1,
22023,1630560,22300149,"NOV 06, 2023",BKN vs. MIL,L,41,17,33,0.515,6,16,0.375,5,6,0.833,1,3,4,3,1,0,1,3,45,3,1,
22023,1630560,22300136,"NOV 04, 2023",BKN vs. BOS,L,37,11,24,0.458,2,6,0.333,3,3,1.0,0,5,5,3,1,1,0,2,27,-9,1,
22023,1630560,22300004,"NOV 03, 2023",BKN @ CHI,W,31,6,18,0.333,3,9,0.333,2,2,1.0,1,4,5,4,0,1,0,1,17,-5,1,
22023,1630560,22300119,"NOV 01, 2023",BKN @ MIA,W,34,4,19,0.211,2,7,0.286,3,4,0.75,0,2,2,1,3,1,4,2,13,-9,1,
22023,1630560,22300101,"OCT 30, 2023",BKN @ CHA,W,38,10,17,0.588,1,4,0.25,12,14,0.857,0,2,2,2,0,0,2,4,33,8,1,
22023,1630560,22300084,"OCT 27, 2023",BKN @ DAL,L,33,12,19,0.632,1,4,0.25,5,5,1.0,0,7,7,2,1,1,0,2,30,3,1,
22023,1630560,22300067,"OCT 25, 2023",BKN vs. CLE,L,25,13,21,0.619,2,5,0.4,8,11,0.727,0,3,3,2,1,0,1,0,36,5,1,
22023,1630563,22300343,"DEC 16, 2023",LAC vs. NYK,W,5,1,2,0.5,0,1,0.0,0,0,0.0,0,0,0,0,0,1,3,0,2,-2,1,
22023,1630567,22300782,"FEB 14, 2024",TOR vs. IND,L,36,12,22,0.545,0,4,0.0,5,5,1.0,2,10,12,8,1,1,6,1,29,2,1,
22023,1630567,22300764,"FEB 12, 2024",TOR vs. SAS,L,30,3,15,0.2,1,3,0.333,0,1,0.0,5,4,9,9,1,1,5,3,7,-6,1,
22023,1630567,22300756,"FEB 10, 2024",TOR vs. CLE,L,35,9,15,0.6,1,3,0.333,5,6,0.833,2,8,10,10,1,1,1,3,24,1,1,
22023,1630567,22300744,"FEB 09, 2024",TOR vs. HOU,W,35,4,16,0.25,0,3,0.0,5,5,1.0,6,4,10,8,2,2,1,2,13,-2,1,
22023,1630567,22300726,"FEB 07, 2024",TOR @ CHA,W,36,6,14,0.429,1,5,0.2,5,6,0.833,0,4,4,5,0,1,2,2,18,4,1,
22023,1630567,22300718,"FEB 05, 2024",TOR @ NOP,L,25,5,12,0.417,2,5,0.4,5,6,0.833,2,3,5,4,0,2,1,1,17,-22,1,
22023,1630567,22300710,"FEB 04, 2024",TOR @ OKC,L,48,8,15,0.533,3,5,0.6,0,1,0.0,3,4,7,9,0,1,3,3,19,4,1,
22023,1630567,22300692,"FEB 02, 2024",TOR @ HOU,L,33,10,17,0.588,1,2,0.5,7,8,0.875,3,4,7,4,1,0,1,1,28,-10,1,
22023,1630567,22300672,"JAN 30, 2024",TOR @ CHI,W,37,4,14,0.286,0,3,0.0,5,6,0.833,1,3,4,7,1,0,5,1,13,10,1,
22023,1630567,22300653,"JAN 28, 2024",TOR @ ATL,L,38,8,14,0.571,0,0,0.0,8,8,1.0,1,3,4,8,0,2,5,2,24,-11,1,
22023,1630567,22300637,"JAN 26, 2024",TOR vs. LAC,L,35,9,21,0.429,1,5,0.2,4,5,0.8,1,4,5,4,1,0,1,1,23,-13,1,
22023,1630567,22300609,"JAN 22, 2024",TOR vs. MEM,L,41,6,14,0.429,1,3,0.333,9,9,1.0,5,7,12,8,0,6,5,2,22,2,1,
22023,1630567,22300596,"JAN 20, 2024",TOR @ NYK,L,33,4,14,0.286,0,3,0.0,1,3,0.333,2,4,6,7,0,2,3,2,9,-15,1,
22023,1630567,22300580,"JAN 18, 2024",TOR vs. CHI,L,37,11,18,0.611,2,6,0.333,7,9,0.778,1,6,7,6,3,3,6,1,31,-3,1,
22023,1630567,22300574,"JAN 17, 2024",TOR vs. MIA,W,34,9,16,0.563,1,6,0.167,1,1,1.0,2,3,5,8,2,1,5,2,20,5,1,
22023,1630567,22300563,"JAN 15, 2024",TOR vs. BOS,L,41,5,12,0.417,0,2,0.0,0,0,0.0,2,11,13,2,2,0,4,2,10,-1,1,
22023,1630567,22300540,"JAN 12, 2024",TOR @ UTA,L,28,6,13,0.462,2,4,0.5,5,11,0.455,1,2,3,3,0,3,3,3,19,-21,1,
22023,1630567,22300526,"JAN 10, 2024",TOR @ LAC,L,34,5,10,0.5,1,5,0.2,1,3,0.333,0,7,7,6,0,2,2,1,12,-9,1,
22023,1630567,22300516,"JAN 09, 2024",TOR @ LAL,L,40,11,20,0.55,3,7,0.429,1,2,0.5,1,2,3,6,0,2,2,6,26,0,1,
22023,1630567,22300504,"JAN 07, 2024",TOR @ GSW,W,24,3,11,0.273,0,4,0.0,0,0,0.0,1,1,2,3,1,1,2,1,6,3,1,
22023,1630567,22300492,"JAN 05, 2024",TOR @ SAC,L,35,8,15,0.533,4,8,0.5,0,0,0.0,0,4,4,6,1,2,5,2,20,-23,1,
22023,1630567,22300470,"JAN 03, 2024",TOR @ MEM,W,40,7,14,0.5,2,5,0.4,4,4,1.0,0,2,2,8,1,0,1,2,20,2,1,
22023,1630567,22300452,"JAN 01, 2024",TOR vs. CLE,W,36,7,17,0.412,1,5,0.2,5,7,0.714,1,5,6,5,1,1,0,3,20,-5,1,
22023,1630567,22300440,"DEC 30, 2023",TOR @ DET,L,36,8,20,0.4,1,5,0.2,5,5,1.0,2,7,9,2,2,1,1,4,22,1,1,
22023,1630567,22300432,"DEC 29, 2023",TOR @ BOS,L,38,10,24,0.417,7,15,0.467,3,4,0.75,3,7,10,5,1,3,2,2,30,-3,1,
22023,1630567,22300416,"DEC 27, 2023",TOR @ WAS,W,33,8,16,0.5,4,8,0.5,0,0,0.0,5,7,12,8,3,2,2,0,20,10,1,
22023,1630567,22300395,"DEC 23, 2023",TOR vs. UTA,L,38,12,23,0.522,4,8,0.5,4,4,1.0,3,11,14,7,0,1,4,4,32,-6,1,
22023,1630567,22300382,"DEC 22, 2023",TOR @ PHI,L,35,3,11,0.273,2,7,0.286,4,4,1.0,1,6,7,7,1,4,3,0,12,-1,1,
22023,1630567,22300369,"DEC 20, 2023",TOR vs. DEN,L,33,13,22,0.591,1,5,0.2,3,4,0.75,1,9,10,5,0,1,2,0,30,-4,1,
22023,1630567,22300354,"DEC 18, 2023",TOR vs. CHA,W,39,7,14,0.5,1,2,0.5,7,7,1.0,5,12,17,7,0,3,5,3,22,22,1,
22023,1630567,22300330,"DEC 15, 2023",TOR vs. ATL,L,34,9,15,0.6,1,5,0.2,4,8,0.5,1,3,4,8,1,2,3,2,23,-19,1,
22023,1630567,22300313,"DEC 13, 2023",TOR vs. ATL,W,34,11,14,0.786,3,4,0.75,2,3,0.667,1,9,10,6,0,1,3,3,27,7,1,
22023,1630567,22300297,"DEC 11, 2023",TOR @ NYK,L,38,7,13,0.538,3,8,0.375,3,3,1.0,4,2,6,5,2,0,1,1,20,-10,1,
22023,1630567,22301216,"DEC 08, 2023",TOR @ CHA,L,36,12,18,0.667,3,6,0.5,4,8,0.5,4,6,10,10,2,1,5,1,31,1,1,
22023,1630567,22301207,"DEC 06, 2023",TOR vs. MIA,L,34,5,17,0.294,2,7,0.286,0,0,0.0,3,8,11,5,0,1,3,2,12,-25,1,
22023,1630567,22300276,"DEC 01, 2023",TOR vs. NYK,L,37,13,19,0.684,3,7,0.429,0,1,0.0,3,6,9,4,5,1,2,2,29,-7,1,
22023,1630567,22300260,"NOV 29, 2023",TOR vs. PHX,W,38,7,15,0.467,1,3,0.333,8,8,1.0,2,5,7,4,0,3,0,4,23,14,1,
22023,1630567,22300054,"NOV 28, 2023",TOR @ BKN,L,36,5,19,0.263,3,7,0.429,4,5,0.8,4,7,11,6,3,0,1,4,17,-22,1,
22023,1630567,22300251,"NOV 26, 2023",TOR @ CLE,L,33,5,14,0.357,1,4,0.25,4,5,0.8,1,7,8,3,1,1,2,1,15,-20,1,
22023,1630567,22300046,"NOV 24, 2023",TOR vs. CHI,W,33,5,11,0.455,2,5,0.4,1,2,0.5,5,5,10,6,1,2,1,1,13,19,1,
22023,1630567,22300230,"NOV 22, 2023",TOR @ IND,W,39,7,17,0.412,2,6,0.333,4,5,0.8,3,9,12,4,4,0,3,0,20,-10,1,
22023,1630567,22300038,"NOV 21, 2023",TOR @ ORL,L,30,5,11,0.455,1,4,0.25,3,4,0.75,0,8,8,4,3,0,5,1,14,-22,1,
22023,1630567,22300211,"NOV 19, 2023",TOR vs. DET,W,25,7,11,0.636,3,4,0.75,0,0,0.0,2,5,7,9,0,0,3,1,17,37,1,
22023,1630567,22300031,"NOV 17, 2023",TOR vs. BOS,L,32,5,13,0.385,2,6,0.333,2,3,0.667,0,3,3,6,0,1,1,2,14,-3,1,
22023,1630567,22300195,"NOV 15, 2023",TOR vs. MIL,L,31,11,19,0.579,3,3,1.0,4,5,0.8,5,4,9,7,1,0,3,2,29,-24,1,
22023,1630567,22300189,"NOV 13, 2023",TOR vs. WAS,W,38,8,17,0.471,0,2,0.0,3,4,0.75,3,6,9,4,5,0,1,3,19,-3,1,
22023,1630567,22300174,"NOV 11, 2023",TOR @ BOS,L,29,4,15,0.267,2,9,0.222,0,0,0.0,1,4,5,4,1,1,1,1,10,-28,1,
22023,1630567,22300168,"NOV 08, 2023",TOR @ DAL,W,39,4,15,0.267,0,4,0.0,6,8,0.75,6,8,14,7,4,2,0,2,14,9,1,
22023,1630567,22300141,"NOV 05, 2023",TOR @ SAS,W,42,9,20,0.45,5,10,0.5,7,11,0.636,4,7,11,6,3,3,3,1,30,14,1,
22023,1630567,22300128,"NOV 02, 2023",TOR @ PHI,L,35,9,16,0.563,2,7,0.286,4,4,1.0,2,6,8,8,0,0,1,4,24,-11,1,
22023,1630567,22300116,"NOV 01, 2023",TOR vs. MIL,W,29,8,16,0.5,4,6,0.667,1,1,1.0,5,7,12,5,1,2,3,1,21,14,1,
22023,1630567,22300105,"OCT 30, 2023",TOR vs. POR,L,37,8,19,0.421,1,4,0.25,3,3,1.0,4,8,12,2,2,1,4,3,20,1,1,
22023,1630567,22300092,"OCT 28, 2023",TOR vs. PHI,L,37,11,16,0.688,2,5,0.4,0,0,0.0,1,7,8,5,0,2,1,3,24,-6,1,
22023,1630567,22300082,"OCT 27, 2023",TOR @ CHI,L,39,9,14,0.643,1,2,0.5,3,4,0.75,1,9,10,10,0,2,7,5,22,15,1,
22023,1630567,22300069,"OCT 25, 2023",TOR vs. MIN,W,37,6,16,0.375,1,4,0.25,4,6,0.667,1,7,8,5,2,5,4,1,17,2,1,
22023,1630568,22300775,"FEB 13, 2024",MIN @ POR,W,4,1,2,0.5,1,2,0.5,2,2,1.0,1,0,1,0,0,0,0,2,5,-7,1,
22023,1630568,22300738,"FEB 08, 2024",MIN @ MIL,W,3,0,0,0.0,0,0,0.0,0,0,0.0,0,1,1,0,0,0,0,0,0,3,1,
22023,1630568,22300709,"FEB 04, 2024",MIN vs. HOU,W,4,2,2,1.0,1,1,1.0,0,0,0.0,0,0,0,0,0,0,0,1,5,-7,1,
22023,1630568,22300680,"JAN 31, 2024",MIN vs. DAL,W,5,3,5,0.6,1,1,1.0,1,2,0.5,1,0,1,0,0,0,0,1,8,8,1,
22023,1630568,22300620,"JAN 24, 2024",MIN @ WAS,W,1,0,0,0.0,0,0,0.0,0,0,0.0,0,0,0,0,0,0,0,0,0,-3,1,
22023,1630568,22300582,"JAN 18, 2024",MIN vs. MEM,W,1,0,0,0.0,0,0,0.0,0,0,0.0,0,0,0,0,0,0,0,0,0,0,1,
22023,1630568,22300485,"JAN 05, 2024",MIN @ HOU,W,3,1,4,0.25,0,2,0.0,0,0,0.0,1,0,1,0,0,0,1,1,2,0,1,
22023,1630568,22300367,"DEC 20, 2023",MIN @ PHI,L,2,0,1,0.0,0,1,0.0,0,0,0.0,0,1,1,1,0,0,0,2,0,0,1,
22023,1630568,22301221,"DEC 08, 2023",MIN @ MEM,W,3,0,1,0.0,0,0,0.0,0,0,0.0,0,0,0,1,0,0,0,1,0,1,1,
22023,1630568,22300232,"NOV 22, 2023",MIN vs. PHI,W,2,0,1,0.0,0,1,0.0,1,2,0.5,0,1,1,0,0,0,1,0,1,-1,1,
22023,1630568,22300197,"NOV 15, 2023",MIN @ PHX,L,5,1,4,0.25,0,1,0.0,3,4,0.75,2,0,2,0,0,0,0,0,5,5,1,
22023,1630568,22300166,"NOV 08, 2023",MIN vs. NOP,W,5,2,4,0.5,0,0,0.0,1,2,0.5,1,1,2,0,0,0,0,3,5,-6,1,
22023,1630568,22300104,"OCT 30, 2023",MIN @ ATL,L,1,1,1,1.0,0,0,0.0,0,0,0.0,0,1,1,0,0,0,0,0,2,4,1,
22023,1630572,22300785,"FEB 14, 2024",SAS @ DAL,L,5,0,2,0.0,0,0,0.0,0,0,0.0,1,0,1,0,0,0,0,0,0,2,1,
22023,1630572,22300764,"FEB 12, 2024",SAS @ TOR,W,6,1,2,0.5,0,1,0.0,0,1,0.0,1,1,2,0,0,0,0,1,2,-4,1,
22023,1630572,22300750,"FEB 10, 2024",SAS @ BKN,L,4,1,1,1.0,0,0,0.0,0,0,0.0,0,0,0,0,0,0,0,0,2,4,1,
22023,1630572,22300730,"FEB 07, 2024",SAS @ MIA,L,3,1,2,0.5,0,1,0.0,0,0,0.0,0,0,0,2,0,0,0,0,2,4,1,
22023,1630572,22300641,"JAN 26, 2024",SAS vs. POR,W,1,0,0,0.0,0,0,0.0,0,0,0.0,0,0,0,0,0,0,0,0,0,1,1,
22023,1630572,22300622,"JAN 24, 2024",SAS vs. OKC,L,5,2,3,0.667,0,1,0.0,0,0,0.0,0,1,1,0,0,0,0,0,4,7,1,
22023,1630572,22300571,"JAN 17, 2024",SAS @ BOS,L,5,1,2,0.5,0,1,0.0,0,0,0.0,0,2,2,0,0,0,0,0,2,2,1,
22023,1630572,22300559,"JAN 15, 2024",SAS @ ATL,L,1,0,1,0.0,0,1,0.0,0,0,0.0,0,0,0,0,0,0,0,0,0,-4,1,
22023,1630572,22300548,"JAN 13, 2024",SAS vs. CHI,L,18,3,7,0.429,1,3,0.333,1,2,0.5,3,5,8,1,1,2,0,5,8,-6,1,
22023,1630572,22300541,"JAN 12, 2024",SAS vs. CHA,W,10,0,1,0.0,0,0,0.0,1,2,0.5,1,1,2,0,0,1,0,1,1,2,1,
22023,1630572,22300519,"JAN 10, 2024",SAS @ DET,W,2,0,0,0.0,0,0,0.0,0,0,0.0,0,0,0,0,0,0,0,0,0,1,1,
22023,1630572,22300477,"JAN 04, 2024",SAS vs. MIL,L,3,0,0,0.0,0,0,0.0,0,0,0.0,0,0,0,2,0,0,0,0,0,-1,1,
22023,1630572,22300460,"JAN 02, 2024",SAS @ MEM,L,2,1,1,1.0,1,1,1.0,0,0,0.0,0,0,0,0,0,1,1,0,3,4,1,
22023,1630572,22300448,"DEC 31, 2023",SAS vs. BOS,L,20,3,9,0.333,1,5,0.2,0,0,0.0,2,5,7,4,0,0,0,1,7,-9,1,
22023,1630572,22300437,"DEC 29, 2023",SAS @ POR,L,8,1,2,0.5,0,1,0.0,0,0,0.0,0,1,1,2,0,0,0,1,2,8,1,
22023,1630572,22300427,"DEC 28, 2023",SAS @ POR,W,1,0,1,0.0,0,1,0.0,0,0,0.0,0,0,0,0,0,0,0,0,0,-2,1,
22023,1630572,22300412,"DEC 26, 2023",SAS vs. UTA,L,2,0,1,0.0,0,0,0.0,0,0,0.0,0,1,1,0,0,0,0,0,0,7,1,
22023,1630572,22300398,"DEC 23, 2023",SAS @ DAL,L,15,4,6,0.667,1,3,0.333,5,6,0.833,3,2,5,3,0,1,1,1,14,4,1,
22023,1630572,22300376,"DEC 21, 2023",SAS @ CHI,L,3,0,0,0.0,0,0,0.0,0,0,0.0,0,1,1,0,0,0,0,0,0,1,1,
22023,1630572,22300361,"DEC 19, 2023",SAS @ MIL,L,15,1,5,0.2,1,4,0.25,0,0,0.0,1,7,8,3,1,2,2,1,3,-7,1,
22023,1630572,22300345,"DEC 17, 2023",SAS vs. NOP,L,8,1,4,0.25,0,3,0.0,0,0,0.0,0,0,0,2,0,0,1,0,2,-4,1,
22023,1630572,22300331,"DEC 15, 2023",SAS vs. LAL,W,2,1,1,1.0,1,1,1.0,0,0,0.0,0,0,0,0,0,0,0,0,3,-3,1,
22023,1630572,22300298,"DEC 11, 2023",SAS @ HOU,L,4,0,0,0.0,0,0,0.0,0,0,0.0,0,1,1,0,0,0,0,1,0,0,1,
22023,1630572,22300278,"DEC 01, 2023",SAS @ NOP,L,6,1,3,0.333,1,2,0.5,0,0,0.0,1,0,1,1,0,0,0,1,3,0,1,
22023,1630572,22300252,"NOV 26, 2023",SAS @ DEN,L,7,0,0,0.0,0,0,0.0,0,0,0.0,0,0,0,2,1,0,0,1,0,8,1,
22023,1630572,22300206,"NOV 18, 2023",SAS vs. MEM,L,11,2,5,0.4,1,2,0.5,0,0,0.0,0,2,2,1,0,1,1,3,5,-4,1,
22023,1630572,22300032,"NOV 17, 2023",SAS vs. SAC,L,12,1,2,0.5,0,0,0.0,4,4,1.0,1,2,3,3,0,0,1,1,6,21,1,
22023,1630572,22300161,"NOV 08, 2023",SAS @ NYK,L,3,0,1,0.0,0,1,0.0,0,0,0.0,1,0,1,0,0,0,0,1,0,0,1,
22023,1630572,22300146,"NOV 06, 2023",SAS @ IND,L,9,2,4,0.5,0,2,0.0,1,2,0.5,2,2,4,1,0,0,0,0,5,-6,1,
22023,1630572,22300099,"OCT 29, 2023",SAS @ LAC,L,7,0,0,0.0,0,0,0.0,0,0,0.0,1,1,2,0,1,0,1,1,0,-13,1,
22023,1630573,22300780,"FEB 14, 2024",BOS vs. BKN,W,29,5,9,0.556,4,8,0.5,0,0,0.0,0,5,5,2,1,0,0,0,14,40,1,
22023,1630573,22300771,"FEB 13, 2024",BOS @ BKN,W,14,1,3,0.333,1,3,0.333,0,0,0.0,1,1,2,0,0,0,0,2,3,1,1,
22023,1630573,22300759,"FEB 11, 2024",BOS @ MIA,W,15,2,4,0.5,2,4,0.5,0,0,0.0,0,0,0,0,0,0,0,1,6,0,1,
22023,1630573,22300743,"FEB 09, 2024",BOS vs. WAS,W,16,1,6,0.167,1,6,0.167,2,2,1.0,0,1,1,1,1,0,0,1,5,14,1,
22023,1630573,22300729,"FEB 07, 2024",BOS vs. ATL,W,25,3,8,0.375,2,6,0.333,2,2,1.0,2,3,5,0,0,0,2,1,10,14,1,
22023,1630573,22300706,"FEB 04, 2024",BOS vs. MEM,W,24,1,3,0.333,1,3,0.333,0,0,0.0,0,3,3,1,0,0,0,1,3,16,1,
22023,1630573,22300684,"FEB 01, 2024",BOS vs. LAL,L,23,6,11,0.545,5,9,0.556,0,0,0.0,0,3,3,0,0,0,0,1,17,6,1,
22023,1630573,22300670,"JAN 30, 2024",BOS vs. IND,W,23,3,5,0.6,3,5,0.6,0,0,0.0,0,2,2,1,1,0,2,3,9,14,1,
22023,1630573,22300659,"JAN 29, 2024",BOS vs. NOP,W,26,4,8,0.5,3,7,0.429,0,0,0.0,0,0,0,1,1,0,0,0,11,9,1,
22023,1630573,22300646,"JAN 27, 2024",BOS vs. LAC,L,20,2,5,0.4,2,4,0.5,0,0,0.0,0,3,3,1,0,1,0,1,6,-11,1,
22023,1630573,22300630,"JAN 25, 2024",BOS @ MIA,W,12,2,2,1.0,1,1,1.0,0,0,0.0,0,0,0,1,0,0,1,0,5,13,1,
22023,1630573,22300611,"JAN 22, 2024",BOS @ DAL,W,15,2,3,0.667,1,2,0.5,0,0,0.0,1,0,1,0,0,0,0,1,5,-4,1,
22023,1630573,22300603,"JAN 21, 2024",BOS @ HOU,W,31,3,12,0.25,3,12,0.25,0,0,0.0,2,5,7,6,1,1,1,0,9,8,1,
22023,1630573,22300586,"JAN 19, 2024",BOS vs. DEN,L,16,0,1,0.0,0,1,0.0,0,0,0.0,0,1,1,1,0,0,0,2,0,-5,1,
22023,1630573,22300571,"JAN 17, 2024",BOS vs. SAS,W,20,3,6,0.5,1,4,0.25,0,0,0.0,0,4,4,2,0,0,2,0,7,18,1,
22023,1630573,22300563,"JAN 15, 2024",BOS @ TOR,W,16,1,2,0.5,1,1,1.0,0,0,0.0,0,5,5,0,0,1,0,0,3,5,1,
22023,1630573,22300542,"JAN 13, 2024",BOS vs. HOU,W,20,2,9,0.222,2,8,0.25,0,0,0.0,0,6,6,0,0,0,0,0,6,20,1,
22023,1630573,22300528,"JAN 11, 2024",BOS @ MIL,L,24,4,8,0.5,4,8,0.5,3,3,1.0,1,3,4,0,1,0,1,1,15,-16,1,
22023,1630573,22300517,"JAN 10, 2024",BOS vs. MIN,W,18,2,6,0.333,2,5,0.4,0,0,0.0,0,4,4,0,0,1,0,2,6,-2,1,
22023,1630573,22300493,"JAN 06, 2024",BOS @ IND,W,16,2,6,0.333,1,5,0.2,0,0,0.0,0,4,4,1,0,0,1,4,5,2,1,
22023,1630573,22300479,"JAN 05, 2024",BOS vs. UTA,W,23,5,10,0.5,3,7,0.429,0,0,0.0,1,4,5,1,1,0,0,1,13,17,1,
22023,1630573,22300462,"JAN 02, 2024",BOS @ OKC,L,10,2,3,0.667,2,3,0.667,0,0,0.0,0,1,1,0,0,0,0,0,6,-7,1,
22023,1630573,22300448,"DEC 31, 2023",BOS @ SAS,W,20,4,6,0.667,3,5,0.6,0,0,0.0,0,4,4,1,0,0,1,2,11,15,1,
22023,1630573,22300432,"DEC 29, 2023",BOS vs. TOR,W,34,3,7,0.429,3,7,0.429,0,0,0.0,0,9,9,1,0,1,0,2,9,-8,1,
22023,1630573,22300421,"DEC 28, 2023",BOS vs. DET,W,18,2,6,0.333,1,4,0.25,0,0,0.0,1,2,3,1,0,0,1,0,5,-8,1,
22023,1630573,22300403,"DEC 25, 2023",BOS @ LAL,W,15,1,5,0.2,0,4,0.0,0,0,0.0,1,1,2,0,0,0,0,0,2,3,1,
22023,1630573,22300389,"DEC 23, 2023",BOS @ LAC,W,19,1,5,0.2,1,5,0.2,0,0,0.0,0,2,2,4,0,0,0,3,3,11,1,
22023,1630573,22300373,"DEC 20, 2023",BOS @ SAC,W,35,4,6,0.667,2,4,0.5,0,0,0.0,0,5,5,1,0,0,0,3,10,24,1,
22023,1630573,22300362,"DEC 19, 2023",BOS @ GSW,L,21,0,7,0.0,0,6,0.0,0,0,0.0,1,2,3,1,0,0,0,2,0,1,1,
22023,1630573,22300344,"DEC 17, 2023",BOS vs. ORL,W,17,2,5,0.4,0,3,0.0,0,0,0.0,1,1,2,0,1,0,1,0,4,12,1,
22023,1630573,22300329,"DEC 15, 2023",BOS vs. ORL,W,32,4,8,0.5,3,6,0.5,0,0,0.0,2,5,7,4,4,0,1,1,11,19,1,
22023,1630573,22300319,"DEC 14, 2023",BOS vs. CLE,W,18,3,3,1.0,3,3,1.0,0,0,0.0,0,0,0,1,0,0,0,2,9,9,1,
22023,1630573,22300305,"DEC 12, 2023",BOS vs. CLE,W,20,3,5,0.6,3,4,0.75,0,0,0.0,1,2,3,1,0,0,0,1,9,14,1,
22023,1630573,22301227,"DEC 08, 2023",BOS vs. NYK,W,21,0,5,0.0,0,5,0.0,1,2,0.5,1,2,3,1,0,1,0,1,1,-10,1,
22023,1630573,22301202,"DEC 04, 2023",BOS @ IND,L,23,5,9,0.556,5,7,0.714,0,0,0.0,2,4,6,1,0,0,0,2,15,9,1,
22023,1630573,22300275,"DEC 01, 2023",BOS vs. PHI,W,26,3,5,0.6,3,4,0.75,2,2,1.0,1,4,5,1,1,1,3,2,11,-3,1,
22023,1630573,22300053,"NOV 28, 2023",BOS vs. CHI,W,21,3,12,0.25,2,10,0.2,1,2,0.5,4,6,10,2,0,0,2,1,9,13,1,
22023,1630573,22300246,"NOV 26, 2023",BOS vs. ATL,W,32,4,9,0.444,4,9,0.444,0,0,0.0,2,2,4,2,0,0,0,2,12,11,1,
22023,1630573,22300043,"NOV 24, 2023",BOS @ ORL,L,25,4,6,0.667,2,4,0.5,0,0,0.0,1,1,2,0,0,0,1,0,10,-16,1,
22023,1630573,22300228,"NOV 22, 2023",BOS vs. MIL,W,20,4,5,0.8,2,3,0.667,0,0,0.0,1,1,2,1,0,1,1,2,10,10,1,
22023,1630573,22300217,"NOV 20, 2023",BOS @ CHA,L,37,1,9,0.111,1,9,0.111,0,0,0.0,0,1,1,1,0,0,1,3,3,-22,1,
22023,1630573,22300213,"NOV 19, 2023",BOS @ MEM,W,22,5,8,0.625,5,7,0.714,0,0,0.0,0,4,4,0,2,0,0,0,15,17,1,
22023,1630573,22300031,"NOV 17, 2023",BOS @ TOR,W,23,4,7,0.571,3,6,0.5,0,0,0.0,1,2,3,3,1,0,0,0,11,8,1,
22023,1630573,22300194,"NOV 15, 2023",BOS @ PHI,W,35,3,9,0.333,2,8,0.25,0,0,0.0,1,1,2,2,0,1,0,2,8,4,1,
22023,1630573,22300188,"NOV 13, 2023",BOS vs. NYK,W,21,4,6,0.667,4,6,0.667,0,0,0.0,0,4,4,2,0,0,0,0,12,6,1,
22023,1630573,22300174,"NOV 11, 2023",BOS vs. TOR,W,18,4,6,0.667,4,6,0.667,0,0,0.0,0,4,4,0,0,0,0,2,12,-2,1,
22023,1630573,22300010,"NOV 10, 2023",BOS vs. BKN,W,25,5,10,0.5,5,10,0.5,0,0,0.0,1,1,2,1,0,0,0,1,15,-1,1,
22023,1630573,22300159,"NOV 08, 2023",BOS @ PHI,L,19,5,8,0.625,3,6,0.5,0,0,0.0,0,4,4,0,1,1,0,0,13,-6,1,
22023,1630573,22300154,"NOV 06, 2023",BOS @ MIN,L,25,3,8,0.375,3,8,0.375,2,2,1.0,1,3,4,0,1,1,1,3,11,-3,1,
22023,1630573,22300136,"NOV 04, 2023",BOS @ BKN,W,19,2,3,0.667,1,2,0.5,0,0,0.0,0,1,1,0,2,0,1,3,5,-5,1,
22023,1630573,22300118,"NOV 01, 2023",BOS vs. IND,W,19,5,7,0.714,5,6,0.833,2,2,1.0,0,3,3,0,1,0,1,3,17,23,1,
22023,1630573,22300103,"OCT 30, 2023",BOS @ WAS,W,25,3,10,0.3,2,9,0.222,0,0,0.0,3,5,8,1,0,1,1,3,8,-10,1,
22023,1630573,22300080,"OCT 27, 2023",BOS vs. MIA,W,10,1,2,0.5,1,2,0.5,0,0,0.0,0,1,1,0,0,0,0,1,3,6,1,
22023,1630573,22300065,"OCT 25, 2023",BOS @ NYK,W,14,0,4,0.0,0,4,0.0,0,0,0.0,0,2,2,0,1,1,0,1,0,5,1,
22023,1630577,22300785,"FEB 14, 2024",SAS @ DAL,L,18,2,4,0.5,1,3,0.333,0,0,0.0,0,2,2,1,1,0,0,0,5,0,1,
22023,1630577,22300764,"FEB 12, 2024",SAS @ TOR,W,10,1,3,0.333,0,2,0.0,0,0,0.0,0,1,1,0,0,0,1,0,2,0,1,
22023,1630577,22300750,"FEB 10, 2024",SAS @ BKN,L,20,1,5,0.2,0,3,0.0,0,0,0.0,1,2,3,1,0,0,0,2,2,-9,1,
22023,1630577,22300734,"FEB 08, 2024",SAS @ ORL,L,21,2,4,0.5,1,3,0.333,3,3,1.0,1,4,5,2,0,0,0,0,8,-12,1,
22023,1630577,22300730,"FEB 07, 2024",SAS @ MIA,L,19,2,7,0.286,2,5,0.4,0,0,0.0,3,2,5,3,2,0,0,2,6,7,1,
22023,1630577,22300703,"FEB 03, 2024",SAS vs. CLE,L,23,3,6,0.5,1,3,0.333,1,2,0.5,1,4,5,1,0,2,1,1,8,10,1,
22023,1630577,22300696,"FEB 02, 2024",SAS vs. NOP,L,30,2,6,0.333,0,4,0.0,1,2,0.5,3,3,6,3,0,3,0,2,5,-3,1,
22023,1630577,22300681,"JAN 31, 2024",SAS vs. ORL,L,20,0,4,0.0,0,2,0.0,0,0,0.0,0,1,1,1,2,0,1,1,0,-15,1,
22023,1630577,22300665,"JAN 29, 2024",SAS vs. WAS,L,20,1,2,0.5,1,1,1.0,0,1,0.0,0,1,1,1,0,2,1,0,3,2,1,
22023,1630577,22300649,"JAN 27, 2024",SAS vs. MIN,W,18,1,4,0.25,1,3,0.333,1,2,0.5,2,1,3,0,0,0,0,1,4,1,1,
22023,1630577,22300641,"JAN 26, 2024",SAS vs. POR,W,19,2,4,0.5,0,2,0.0,1,1,1.0,0,4,4,3,1,0,1,0,5,6,1,
22023,1630577,22300622,"JAN 24, 2024",SAS vs. OKC,L,21,1,5,0.2,1,5,0.2,0,0,0.0,0,2,2,1,2,0,2,1,3,3,1,
22023,1630577,22300608,"JAN 22, 2024",SAS @ PHI,L,15,3,4,0.75,3,3,1.0,3,3,1.0,0,2,2,1,0,0,0,2,12,0,1,
22023,1630577,22300594,"JAN 20, 2024",SAS @ WAS,W,23,4,7,0.571,3,6,0.5,0,0,0.0,2,5,7,0,0,2,2,2,11,-10,1,
22023,1630577,22300584,"JAN 19, 2024",SAS @ CHA,L,19,4,7,0.571,1,4,0.25,0,0,0.0,1,1,2,3,1,1,0,0,9,-18,1,
22023,1630577,22300571,"JAN 17, 2024",SAS @ BOS,L,18,4,8,0.5,1,2,0.5,0,0,0.0,1,4,5,0,0,0,1,1,9,2,1,
22023,1630577,22300559,"JAN 15, 2024",SAS @ ATL,L,20,5,8,0.625,5,8,0.625,0,0,0.0,0,1,1,1,1,0,0,1,15,5,1,
22023,1630577,22300548,"JAN 13, 2024",SAS vs. CHI,L,17,1,5,0.2,1,3,0.333,3,3,1.0,0,5,5,4,0,0,1,1,6,-4,1,
22023,1630577,22300541,"JAN 12, 2024",SAS vs. CHA,W,21,2,8,0.25,2,7,0.286,3,3,1.0,0,2,2,1,0,0,1,2,9,15,1,
22023,1630577,22300519,"JAN 10, 2024",SAS @ DET,W,21,1,3,0.333,0,2,0.0,0,0,0.0,1,3,4,1,2,0,0,2,2,9,1,
22023,1630577,22300497,"JAN 07, 2024",SAS @ CLE,L,16,0,2,0.0,0,2,0.0,2,2,1.0,0,2,2,1,1,0,1,0,2,9,1,
22023,1630577,22300477,"JAN 04, 2024",SAS vs. MIL,L,21,0,4,0.0,0,2,0.0,0,0,0.0,0,0,0,2,1,0,0,0,0,-3,1,
22023,1630577,22300460,"JAN 02, 2024",SAS @ MEM,L,22,3,6,0.5,3,6,0.5,3,3,1.0,0,4,4,2,1,0,1,4,12,12,1,
22023,1630577,22300448,"DEC 31, 2023",SAS vs. BOS,L,19,0,2,0.0,0,2,0.0,0,0,0.0,0,2,2,2,0,0,1,2,0,-26,1,
22023,1630577,22300437,"DEC 29, 2023",SAS @ POR,L,12,1,5,0.2,1,4,0.25,4,5,0.8,2,1,3,0,1,1,1,1,7,-8,1,
22023,1630577,22300427,"DEC 28, 2023",SAS @ POR,W,14,0,1,0.0,0,1,0.0,2,2,1.0,0,1,1,0,2,1,1,0,2,8,1,
22023,1630577,22300412,"DEC 26, 2023",SAS vs. UTA,L,25,6,9,0.667,4,6,0.667,0,0,0.0,1,4,5,1,2,1,0,5,16,4,1,
22023,1630577,22300398,"DEC 23, 2023",SAS @ DAL,L,21,4,6,0.667,2,4,0.5,2,2,1.0,0,5,5,1,1,0,0,0,12,-7,1,
22023,1630577,22300376,"DEC 21, 2023",SAS @ CHI,L,11,1,1,1.0,1,1,1.0,0,0,0.0,0,1,1,0,0,1,1,1,3,-7,1,
22023,1630577,22300361,"DEC 19, 2023",SAS @ MIL,L,2,1,1,1.0,0,0,0.0,0,0,0.0,0,0,0,0,0,0,0,0,2,2,1,
22023,1630577,22300345,"DEC 17, 2023",SAS vs. NOP,L,14,5,6,0.833,5,6,0.833,0,0,0.0,1,0,1,1,0,2,0,0,15,-12,1,
22023,1630577,22300331,"DEC 15, 2023",SAS vs. LAL,W,9,0,2,0.0,0,2,0.0,0,0,0.0,0,0,0,0,0,0,0,1,0,-8,1,
22023,1630577,22300316,"DEC 13, 2023",SAS vs. LAL,L,6,0,2,0.0,0,2,0.0,0,0,0.0,0,1,1,1,1,0,0,0,0,-2,1,
22023,1630577,22300298,"DEC 11, 2023",SAS @ HOU,L,8,0,1,0.0,0,1,0.0,0,0,0.0,0,1,1,0,0,0,0,1,0,-2,1,
22023,1630577,22301223,"DEC 08, 2023",SAS vs. CHI,L,6,0,0,0.0,0,0,0.0,0,0,0.0,0,0,0,0,0,1,0,3,0,-12,1,
22023,1630577,22301210,"DEC 06, 2023",SAS @ MIN,L,4,0,1,0.0,0,1,0.0,0,0,0.0,0,1,1,0,0,0,0,0,0,-1,1,
22023,1630577,22300278,"DEC 01, 2023",SAS @ NOP,L,22,4,7,0.571,3,6,0.5,1,1,1.0,1,4,5,3,0,0,3,3,12,-7,1,
22023,1630577,22300272,"NOV 30, 2023",SAS vs. ATL,L,20,5,8,0.625,5,8,0.625,0,0,0.0,1,2,3,0,0,0,1,2,15,-6,1,
22023,1630577,22300252,"NOV 26, 2023",SAS @ DEN,L,17,4,8,0.5,3,6,0.5,2,4,0.5,0,1,1,1,0,1,0,1,13,2,1,
22023,1630577,22300223,"NOV 20, 2023",SAS vs. LAC,L,23,2,7,0.286,1,5,0.2,0,0,0.0,1,3,4,1,1,1,1,2,5,-11,1,
22023,1630577,22300206,"NOV 18, 2023",SAS vs. MEM,L,20,2,6,0.333,2,6,0.333,0,0,0.0,0,2,2,2,0,0,1,0,6,6,1,
22023,1630577,22300032,"NOV 17, 2023",SAS vs. SAC,L,25,2,5,0.4,2,4,0.5,3,4,0.75,1,1,2,3,0,1,2,3,9,-9,1,
22023,1630577,22300021,"NOV 14, 2023",SAS @ OKC,L,31,4,14,0.286,3,7,0.429,2,2,1.0,1,2,3,3,4,3,2,0,13,-21,1,
22023,1630577,22300161,"NOV 08, 2023",SAS @ NYK,L,3,0,2,0.0,0,2,0.0,0,0,0.0,0,0,0,0,0,0,0,0,0,0,1,
22023,1630577,22300146,"NOV 06, 2023",SAS @ IND,L,17,2,8,0.25,0,3,0.0,0,0,0.0,0,2,2,0,0,2,1,0,4,-15,1,
22023,1630577,22300141,"NOV 05, 2023",SAS vs. TOR,L,7,1,3,0.333,0,2,0.0,0,0,0.0,0,0,0,0,1,0,1,0,2,-1,1,
22023,1630577,22300113,"OCT 31, 2023",SAS @ PHX,W,3,0,1,0.0,0,1,0.0,0,0,0.0,0,0,0,0,0,0,0,0,0,-1,1,
22023,1630577,22300099,"OCT 29, 2023",SAS @ LAC,L,7,1,4,0.25,1,2,0.5,0,0,0.0,0,2,2,0,0,1,1,0,3,-13,1,
22023,1630578,22300783,"FEB 14, 2024",HOU @ MEM,L,34,8,16,0.5,1,2,0.5,2,7,0.286,3,2,5,6,1,1,1,6,19,-6,1,
22023,1630578,22300765,"FEB 12, 2024",HOU vs. NYK,W,36,6,10,0.6,0,0,0.0,6,8,0.75,0,3,3,6,1,3,3,3,18,-6,1,
22023,1630578,22300744,"FEB 09, 2024",HOU @ TOR,L,21,3,7,0.429,0,0,0.0,1,2,0.5,3,4,7,1,0,0,2,3,7,-21,1,
22023,1630578,22300719,"FEB 06, 2024",HOU @ IND,L,36,7,15,0.467,0,1,0.0,6,8,0.75,5,5,10,6,1,0,1,2,20,8,1,
22023,1630578,22300709,"FEB 04, 2024",HOU @ MIN,L,30,7,14,0.5,1,1,1.0,0,2,0.0,4,6,10,1,1,1,3,4,15,-14,1,
22023,1630578,22300692,"FEB 02, 2024",HOU vs. TOR,W,29,10,14,0.714,1,2,0.5,3,3,1.0,1,12,13,8,0,0,2,4,24,23,1,
22023,1630578,22300679,"JAN 31, 2024",HOU vs. NOP,L,34,4,11,0.364,0,1,0.0,2,2,1.0,2,8,10,5,2,0,2,3,10,-5,1,
22023,1630578,22300662,"JAN 29, 2024",HOU vs. LAL,W,39,14,23,0.609,1,4,0.25,2,4,0.5,3,9,12,7,2,1,4,4,31,15,1,
22023,1630578,22300645,"JAN 27, 2024",HOU @ BKN,L,28,6,13,0.462,0,1,0.0,3,4,0.75,5,6,11,2,0,0,3,2,15,-7,1,
22023,1630578,22300635,"JAN 26, 2024",HOU @ CHA,W,25,5,7,0.714,0,0,0.0,1,2,0.5,2,4,6,7,0,1,2,2,11,18,1,
22023,1630578,22300623,"JAN 24, 2024",HOU vs. POR,L,40,11,17,0.647,1,2,0.5,7,8,0.875,4,6,10,8,1,0,2,5,30,-9,1,
22023,1630578,22300603,"JAN 21, 2024",HOU vs. BOS,L,36,10,18,0.556,0,2,0.0,4,4,1.0,2,10,12,10,1,0,6,2,24,-12,1,
22023,1630578,22300598,"JAN 20, 2024",HOU vs. UTA,W,42,15,26,0.577,1,1,1.0,6,10,0.6,8,6,14,6,1,1,1,4,37,-8,1,
22023,1630578,22300573,"JAN 17, 2024",HOU @ NYK,L,40,7,16,0.438,0,1,0.0,4,7,0.571,3,7,10,5,1,4,3,3,18,-16,1,
22023,1630578,22300555,"JAN 15, 2024",HOU @ PHI,L,30,7,15,0.467,1,1,1.0,4,6,0.667,5,4,9,6,1,2,5,1,19,-4,1,
22023,1630578,22300542,"JAN 13, 2024",HOU @ BOS,L,24,8,17,0.471,0,2,0.0,3,3,1.0,2,8,10,3,4,0,3,3,19,-14,1,
22023,1630578,22300534,"JAN 12, 2024",HOU @ DET,W,37,12,19,0.632,0,1,0.0,5,7,0.714,0,6,6,1,1,0,4,3,29,10,1,
22023,1630578,22300523,"JAN 10, 2024",HOU @ CHI,L,41,11,19,0.579,0,3,0.0,3,8,0.375,2,7,9,5,2,0,2,5,25,-8,1,
22023,1630578,22300509,"JAN 08, 2024",HOU @ MIA,L,33,9,15,0.6,1,2,0.5,3,4,0.75,3,7,10,2,3,0,3,6,22,-10,1,
22023,1630578,22300496,"JAN 06, 2024",HOU vs. MIL,W,31,7,21,0.333,0,1,0.0,7,10,0.7,1,10,11,4,0,0,3,5,21,0,1,
22023,1630578,22300485,"JAN 05, 2024",HOU vs. MIN,L,33,8,17,0.471,0,1,0.0,3,3,1.0,1,4,5,1,0,0,2,3,19,-16,1,
22023,1630578,22300469,"JAN 03, 2024",HOU vs. BKN,W,34,11,17,0.647,0,2,0.0,8,10,0.8,4,4,8,4,3,1,2,1,30,17,1,
22023,1630578,22300453,"JAN 01, 2024",HOU vs. DET,W,27,9,13,0.692,0,2,0.0,8,9,0.889,1,3,4,9,3,0,2,3,26,20,1,
22023,1630578,22300434,"DEC 29, 2023",HOU vs. PHI,L,34,12,16,0.75,1,2,0.5,3,4,0.75,3,4,7,8,1,1,5,6,28,12,1,
22023,1630578,22300418,"DEC 27, 2023",HOU vs. PHX,L,29,9,18,0.5,1,4,0.25,5,6,0.833,1,4,5,1,2,0,0,3,24,-11,1,
22023,1630578,22300409,"DEC 26, 2023",HOU vs. IND,L,37,11,20,0.55,0,0,0.0,8,9,0.889,7,9,16,5,4,0,4,2,30,-8,1,
22023,1630578,22300392,"DEC 23, 2023",HOU @ NOP,W,38,11,21,0.524,1,1,1.0,14,17,0.824,4,7,11,6,1,1,2,4,37,-2,1,
22023,1630578,22300385,"DEC 22, 2023",HOU vs. DAL,W,25,8,12,0.667,1,1,1.0,5,5,1.0,2,13,15,3,0,0,0,2,22,30,1,
22023,1630578,22300371,"DEC 20, 2023",HOU vs. ATL,L,27,7,12,0.583,0,0,0.0,0,0,0.0,2,7,9,5,0,1,0,2,14,-10,1,
22023,1630578,22300349,"DEC 18, 2023",HOU @ CLE,L,31,11,20,0.55,1,3,0.333,1,2,0.5,4,4,8,6,1,0,4,5,24,-3,1,
22023,1630578,22300346,"DEC 17, 2023",HOU @ MIL,L,31,8,15,0.533,0,3,0.0,4,6,0.667,2,6,8,5,1,1,0,4,20,-7,1,
22023,1630578,22300332,"DEC 15, 2023",HOU @ MEM,W,32,4,12,0.333,0,0,0.0,7,7,1.0,4,3,7,1,2,3,4,3,15,1,1,
22023,1630578,22300314,"DEC 13, 2023",HOU vs. MEM,W,24,2,8,0.25,0,1,0.0,5,6,0.833,1,9,10,2,0,0,2,4,9,-10,1,
22023,1630578,22300298,"DEC 11, 2023",HOU vs. SAS,W,30,6,12,0.5,1,1,1.0,2,4,0.5,2,7,9,4,2,1,6,3,15,10,1,
22023,1630578,22301224,"DEC 08, 2023",HOU @ DEN,W,34,7,14,0.5,0,1,0.0,3,5,0.6,2,8,10,7,0,1,1,3,17,11,1,
22023,1630578,22301212,"DEC 06, 2023",HOU vs. OKC,W,35,8,13,0.615,0,2,0.0,5,11,0.455,1,5,6,7,1,2,4,4,21,12,1,
22023,1630578,22300291,"DEC 02, 2023",HOU @ LAL,L,34,8,25,0.32,3,8,0.375,2,2,1.0,3,10,13,5,2,2,0,2,21,-6,1,
22023,1630578,22300263,"NOV 29, 2023",HOU @ DEN,L,28,10,18,0.556,2,6,0.333,0,0,0.0,2,5,7,4,1,0,1,3,22,-19,1,
22023,1630578,22300059,"NOV 28, 2023",HOU @ DAL,L,35,10,19,0.526,0,2,0.0,11,14,0.786,4,5,9,6,0,1,3,2,31,-8,1,
22023,1630578,22300048,"NOV 24, 2023",HOU vs. DEN,W,43,8,19,0.421,0,4,0.0,5,6,0.833,1,14,15,8,2,1,5,4,21,12,1,
22023,1630578,22300231,"NOV 22, 2023",HOU vs. MEM,W,32,4,9,0.444,1,1,1.0,2,3,0.667,1,6,7,3,0,3,2,5,11,21,1,
22023,1630578,22300224,"NOV 20, 2023",HOU @ GSW,L,37,13,23,0.565,2,3,0.667,2,5,0.4,7,6,13,5,1,1,3,4,30,6,1,
22023,1630578,22300216,"NOV 19, 2023",HOU @ LAL,L,31,11,16,0.688,1,2,0.5,0,0,0.0,2,8,10,5,0,1,4,4,23,21,1,
22023,1630578,22300037,"NOV 17, 2023",HOU @ LAC,L,34,8,18,0.444,2,5,0.4,5,7,0.714,2,6,8,4,1,0,6,4,23,-17,1,
22023,1630578,22300182,"NOV 12, 2023",HOU vs. DEN,W,35,9,18,0.5,0,2,0.0,5,6,0.833,4,4,8,5,1,2,3,2,23,-8,1,
22023,1630578,22300011,"NOV 10, 2023",HOU vs. NOP,W,34,11,15,0.733,0,2,0.0,2,5,0.4,4,4,8,3,2,1,4,3,24,-2,1,
22023,1630578,22300163,"NOV 08, 2023",HOU vs. LAL,W,25,8,10,0.8,0,0,0.0,3,4,0.75,0,7,7,4,0,0,1,1,19,18,1,
22023,1630578,22300153,"NOV 06, 2023",HOU vs. SAC,W,26,7,13,0.538,0,2,0.0,3,4,0.75,2,6,8,12,1,0,1,3,17,30,1,
22023,1630578,22300137,"NOV 04, 2023",HOU vs. SAC,W,34,7,13,0.538,1,3,0.333,0,0,0.0,0,9,9,6,2,0,2,2,15,27,1,
22023,1630578,22300122,"NOV 01, 2023",HOU vs. CHA,W,27,9,12,0.75,1,1,1.0,0,1,0.0,1,6,7,4,1,0,1,1,19,9,1,
22023,1630578,22300096,"OCT 29, 2023",HOU vs. GSW,L,33,7,15,0.467,1,2,0.5,4,4,1.0,4,1,5,7,0,0,0,3,19,-10,1,
22023,1630578,22300083,"OCT 27, 2023",HOU @ SAS,L,41,11,18,0.611,1,3,0.333,2,6,0.333,6,8,14,7,2,1,6,6,25,-4,1,
22023,1630578,22300066,"OCT 25, 2023",HOU @ ORL,L,28,6,11,0.545,0,1,0.0,2,4,0.5,2,6,8,6,0,0,1,4,14,-4,1,
22023,1630579,22300778,"FEB 14, 2024",NYK @ ORL,L,39,3,5,0.6,0,0,0.0,2,3,0.667,2,6,8,1,1,0,0,0,8,-14,1,
22023,1630579,22300765,"FEB 12, 2024",NYK @ HOU,L,29,2,3,0.667,0,0,0.0,0,0,0.0,3,4,7,0,0,0,1,4,4,7,1,
22023,1630579,22300701,"FEB 03, 2024",NYK vs. LAL,L,15,1,1,1.0,0,0,0.0,0,0,0.0,1,2,3,0,0,0,0,1,2,-5,1,
22023,1630579,22300685,"FEB 01, 2024",NYK vs. IND,W,13,1,1,1.0,0,0,0.0,0,0,0.0,4,0,4,1,0,3,1,0,2,-5,1,
22023,1630579,22300671,"JAN 30, 2024",NYK vs. UTA,W,19,1,2,0.5,0,0,0.0,0,0,0.0,3,1,4,0,0,0,0,0,2,14,1,
22023,1630579,22300657,"JAN 29, 2024",NYK @ CHA,W,24,3,3,1.0,0,0,0.0,0,0,0.0,3,4,7,2,0,0,2,1,6,5,1,
22023,1630579,22300643,"JAN 27, 2024",NYK vs. MIA,W,1,0,0,0.0,0,0,0.0,1,2,0.5,0,0,0,0,0,0,0,0,1,-4,1,
22023,1630579,22300631,"JAN 25, 2024",NYK vs. DEN,W,25,1,1,1.0,0,0,0.0,0,0,0.0,1,7,8,0,0,1,1,4,2,20,1,
22023,1630579,22300615,"JAN 23, 2024",NYK @ BKN,W,27,3,4,0.75,0,0,0.0,0,0,0.0,2,2,4,2,0,4,0,1,6,-8,1,
22023,1630579,22300596,"JAN 20, 2024",NYK vs. TOR,W,3,0,0,0.0,0,0,0.0,0,0,0.0,0,0,0,0,0,1,0,0,0,3,1,
22023,1630579,22300514,"JAN 09, 2024",NYK vs. POR,W,7,0,0,0.0,0,0,0.0,0,0,0.0,0,1,1,0,1,0,1,0,0,-4,1,
22023,1630579,22300494,"JAN 06, 2024",NYK @ WAS,W,2,0,0,0.0,0,0,0.0,0,0,0.0,0,0,0,0,0,0,0,0,0,-7,1,
22023,1630579,22300483,"JAN 05, 2024",NYK @ PHI,W,2,0,0,0.0,0,0,0.0,0,0,0.0,0,0,0,0,0,0,0,0,0,-3,1,
22023,1630579,22300468,"JAN 03, 2024",NYK vs. CHI,W,1,0,0,0.0,0,0,0.0,0,0,0.0,0,1,1,0,0,0,0,0,0,0,1,
22023,1630579,22300359,"DEC 18, 2023",NYK @ LAL,W,3,0,0,0.0,0,0,0.0,0,0,0.0,0,0,0,0,0,0,0,2,0,-2,1,
22023,1630579,22300343,"DEC 16, 2023",NYK @ LAC,L,18,3,4,0.75,0,0,0.0,1,1,1.0,0,2,2,1,1,0,0,3,7,-13,1,
22023,1630579,22300333,"DEC 15, 2023",NYK @ PHX,W,17,2,4,0.5,0,0,0.0,1,1,1.0,1,2,3,0,0,0,0,3,5,-12,1,
22023,1630579,22300318,"DEC 13, 2023",NYK @ UTA,L,18,2,2,1.0,0,0,0.0,0,0,0.0,1,1,2,0,0,1,1,2,4,-8,1,
22023,1630579,22300297,"DEC 11, 2023",NYK vs. TOR,W,21,1,2,0.5,0,0,0.0,0,0,0.0,3,4,7,1,0,0,0,3,2,5,1,
22023,1630579,22301201,"DEC 05, 2023",NYK @ MIL,L,3,0,0,0.0,0,0,0.0,0,0,0.0,0,0,0,0,0,0,1,0,0,-2,1,
22023,1630579,22300057,"NOV 28, 2023",NYK vs. CHA,W,2,0,0,0.0,0,0,0.0,0,0,0.0,0,0,0,0,0,0,0,0,0,-1,1,
22023,1630579,22300221,"NOV 20, 2023",NYK @ MIN,L,3,1,1,1.0,0,0,0.0,0,0,0.0,0,1,1,0,0,0,0,0,2,0,1,
22023,1630579,22300028,"NOV 17, 2023",NYK @ WAS,W,1,0,0,0.0,0,0,0.0,0,0,0.0,0,1,1,0,0,0,0,0,0,1,1,
22023,1630579,22300188,"NOV 13, 2023",NYK @ BOS,L,1,0,0,0.0,0,0,0.0,0,0,0.0,0,0,0,0,0,0,0,0,0,0,1,
22023,1630579,22300177,"NOV 12, 2023",NYK vs. CHA,W,7,1,1,1.0,0,0,0.0,1,3,0.333,0,3,3,0,0,0,0,1,3,-6,1,
22023,1630579,22300161,"NOV 08, 2023",NYK vs. SAS,W,2,0,0,0.0,0,0,0.0,0,0,0.0,0,1,1,0,0,0,0,0,0,-2,1,
22023,1630579,22300112,"OCT 31, 2023",NYK @ CLE,W,3,0,1,0.0,0,0,0.0,0,0,0.0,1,0,1,1,0,0,0,0,0,0,1,
22023,1630579,22300090,"OCT 28, 2023",NYK @ NOP,L,5,0,0,0.0,0,0,0.0,0,0,0.0,0,3,3,0,0,0,0,0,0,10,1,
22023,1630581,22300772,"FEB 13, 2024",OKC @ ORL,W,27,5,8,0.625,0,3,0.0,0,0,0.0,1,4,5,5,0,0,1,1,10,0,1,
22023,1630581,22300760,"FEB 11, 2024",OKC vs. SAC,W,20,2,6,0.333,1,3,0.333,0,0,0.0,0,5,5,4,0,1,0,3,5,29,1,
22023,1630581,22300748,"FEB 10, 2024",OKC @ DAL,L,23,3,14,0.214,3,9,0.333,2,2,1.0,1,2,3,3,1,0,1,1,11,-23,1,
22023,1630581,22300724,"FEB 06, 2024",OKC @ UTA,L,26,3,8,0.375,2,4,0.5,0,0,0.0,0,3,3,2,0,1,1,3,8,-5,1,
22023,1630581,22300710,"FEB 04, 2024",OKC vs. TOR,W,41,9,15,0.6,2,6,0.333,4,4,1.0,2,4,6,6,0,2,2,1,24,17,1,
22023,1630581,22300695,"FEB 02, 2024",OKC vs. CHA,W,19,3,8,0.375,0,2,0.0,2,2,1.0,0,6,6,4,1,1,2,0,8,16,1,
22023,1630581,22300682,"JAN 31, 2024",OKC vs. DEN,W,25,2,11,0.182,0,2,0.0,4,4,1.0,3,6,9,5,0,1,2,0,8,-2,1,
22023,1630581,22300664,"JAN 29, 2024",OKC vs. MIN,L,19,5,10,0.5,3,7,0.429,0,1,0.0,1,3,4,2,0,1,1,1,13,-17,1,
22023,1630581,22300654,"JAN 28, 2024",OKC @ DET,L,27,5,10,0.5,0,1,0.0,2,2,1.0,2,7,9,5,0,1,2,0,12,-15,1,
22023,1630581,22300640,"JAN 26, 2024",OKC @ NOP,W,23,2,4,0.5,0,1,0.0,0,0,0.0,0,5,5,6,1,1,1,0,4,13,1,
22023,1630581,22300622,"JAN 24, 2024",OKC @ SAS,W,22,6,13,0.462,0,3,0.0,0,0,0.0,5,3,8,4,0,0,2,1,12,1,1,
22023,1630581,22300617,"JAN 23, 2024",OKC vs. POR,W,25,3,6,0.5,0,0,0.0,1,2,0.5,2,3,5,3,0,0,0,2,7,-2,1,
22023,1630581,22300599,"JAN 20, 2024",OKC @ MIN,W,25,2,8,0.25,0,4,0.0,1,2,0.5,1,7,8,4,1,0,1,0,5,1,1,
22023,1630581,22300581,"JAN 18, 2024",OKC @ UTA,W,30,8,16,0.5,1,5,0.2,3,3,1.0,1,9,10,6,1,0,2,3,20,10,1,
22023,1630581,22300568,"JAN 16, 2024",OKC @ LAC,L,19,4,9,0.444,1,3,0.333,0,0,0.0,1,3,4,4,0,0,0,0,9,-2,1,
22023,1630581,22300565,"JAN 15, 2024",OKC @ LAL,L,22,2,8,0.25,2,5,0.4,2,2,1.0,2,3,5,3,0,1,0,1,8,-6,1,
22023,1630581,22300546,"JAN 13, 2024",OKC vs. ORL,W,27,4,12,0.333,1,5,0.2,3,4,0.75,1,7,8,4,1,0,0,1,12,15,1,
22023,1630581,22300529,"JAN 11, 2024",OKC vs. POR,W,23,5,5,1.0,0,0,0.0,3,3,1.0,0,10,10,12,0,3,1,0,13,46,1,
22023,1630581,22300522,"JAN 10, 2024",OKC @ MIA,W,20,3,5,0.6,1,2,0.5,2,2,1.0,0,7,7,2,1,0,2,0,9,7,1,
22023,1630581,22300508,"JAN 08, 2024",OKC @ WAS,W,26,4,11,0.364,1,3,0.333,0,0,0.0,1,5,6,9,2,0,1,2,9,22,1,
22023,1630581,22300481,"JAN 05, 2024",OKC @ BKN,L,24,5,9,0.556,0,1,0.0,3,4,0.75,0,8,8,5,1,1,2,3,13,-7,1,
22023,1630581,22300467,"JAN 03, 2024",OKC @ ATL,L,22,3,7,0.429,2,3,0.667,1,2,0.5,2,1,3,4,1,0,2,1,9,1,1,
22023,1630581,22300462,"JAN 02, 2024",OKC vs. BOS,W,27,8,14,0.571,4,7,0.571,3,3,1.0,1,7,8,6,0,0,3,0,23,10,1,
22023,1630581,22300447,"DEC 31, 2023",OKC vs. BKN,W,27,8,16,0.5,4,8,0.5,0,0,0.0,1,5,6,5,0,0,2,3,20,4,1,
22023,1630581,22300435,"DEC 29, 2023",OKC @ DEN,W,21,6,10,0.6,0,1,0.0,0,0,0.0,2,6,8,4,1,0,3,1,12,16,1,
22023,1630581,22300419,"DEC 27, 2023",OKC vs. NYK,W,29,3,4,0.75,0,0,0.0,1,2,0.5,0,6,6,2,0,2,2,1,7,11,1,
22023,1630581,22300411,"DEC 26, 2023",OKC vs. MIN,W,25,4,7,0.571,0,2,0.0,2,2,1.0,0,2,2,7,0,0,2,3,10,21,1,
22023,1630581,22300379,"DEC 21, 2023",OKC vs. LAC,W,14,4,5,0.8,3,3,1.0,0,0,0.0,1,2,3,4,0,0,5,0,11,2,1,
22023,1630581,22300355,"DEC 18, 2023",OKC vs. MEM,W,24,6,12,0.5,0,4,0.0,4,4,1.0,3,9,12,4,1,0,1,0,16,16,1,
22023,1630581,22300340,"DEC 16, 2023",OKC @ DEN,W,15,2,4,0.5,0,1,0.0,0,0,0.0,0,2,2,4,0,0,1,0,4,-7,1,
22023,1630581,22300324,"DEC 14, 2023",OKC @ SAC,L,29,8,14,0.571,2,3,0.667,0,0,0.0,5,3,8,4,2,1,4,4,18,10,1,
22023,1630581,22300302,"DEC 11, 2023",OKC vs. UTA,W,24,5,11,0.455,2,3,0.667,0,0,0.0,2,8,10,8,1,1,3,1,12,17,1,
22023,1630581,22301222,"DEC 08, 2023",OKC vs. GSW,W,25,4,12,0.333,1,6,0.167,0,0,0.0,1,8,9,4,3,0,1,2,9,-10,1,
22023,1630581,22301212,"DEC 06, 2023",OKC @ HOU,L,25,3,11,0.273,2,5,0.4,0,0,0.0,1,3,4,6,1,0,0,3,8,-11,1,
22023,1630581,22300287,"DEC 02, 2023",OKC @ DAL,W,17,4,13,0.308,2,6,0.333,0,0,0.0,2,1,3,1,0,0,2,1,10,1,1,
22023,1630581,22300271,"NOV 30, 2023",OKC vs. LAL,W,21,5,10,0.5,2,5,0.4,2,2,1.0,2,6,8,1,1,0,4,2,14,6,1,
22023,1630581,22300058,"NOV 28, 2023",OKC @ MIN,L,28,4,8,0.5,0,1,0.0,2,4,0.5,3,3,6,1,0,0,2,1,10,-10,1,
22023,1630581,22300239,"NOV 25, 2023",OKC vs. PHI,L,26,4,12,0.333,0,1,0.0,2,2,1.0,3,4,7,8,0,0,1,4,10,-13,1,
22023,1630581,22300234,"NOV 22, 2023",OKC vs. CHI,W,29,4,13,0.308,1,3,0.333,1,2,0.5,1,5,6,2,2,0,2,1,10,3,1,
22023,1630581,22300215,"NOV 19, 2023",OKC @ POR,W,23,3,6,0.5,0,0,0.0,0,0,0.0,0,4,4,5,1,0,4,1,6,12,1,
22023,1630581,22300207,"NOV 18, 2023",OKC @ GSW,W,22,4,10,0.4,1,2,0.5,2,2,1.0,2,3,5,2,1,2,0,2,11,4,1,
22023,1630581,22300201,"NOV 16, 2023",OKC @ GSW,W,26,8,14,0.571,3,3,1.0,0,0,0.0,2,4,6,1,2,0,3,1,19,-3,1,
22023,1630581,22300021,"NOV 14, 2023",OKC vs. SAS,W,25,7,11,0.636,0,2,0.0,4,5,0.8,1,6,7,7,0,2,3,0,18,20,1,
22023,1630581,22300185,"NOV 12, 2023",OKC @ PHX,W,32,5,12,0.417,0,1,0.0,0,0,0.0,3,3,6,10,2,2,4,1,10,17,1,
22023,1630581,22300016,"NOV 10, 2023",OKC @ SAC,L,27,6,10,0.6,0,1,0.0,1,1,1.0,1,3,4,5,0,0,4,1,13,-19,1,
22023,1630581,22300167,"NOV 08, 2023",OKC vs. CLE,W,25,4,11,0.364,0,2,0.0,0,0,0.0,1,4,5,6,2,1,1,0,8,2,1,
22023,1630581,22300155,"NOV 06, 2023",OKC vs. ATL,W,27,4,13,0.308,0,0,0.0,0,0,0.0,3,4,7,4,0,0,4,3,8,8,1,
22023,1630581,22300005,"NOV 03, 2023",OKC vs. GSW,L,31,8,15,0.533,0,3,0.0,2,2,1.0,0,5,5,4,0,0,6,2,18,4,1,
22023,1630581,22300121,"NOV 01, 2023",OKC vs. NOP,L,31,6,16,0.375,1,4,0.25,2,2,1.0,0,9,9,4,1,1,2,1,15,-6,1,
22023,1630581,22300109,"OCT 30, 2023",OKC vs. DET,W,28,9,18,0.5,0,2,0.0,3,5,0.6,3,4,7,3,1,1,1,1,21,10,1,
22023,1630581,22300095,"OCT 29, 2023",OKC vs. DEN,L,22,4,13,0.308,1,2,0.5,0,0,0.0,1,1,2,3,1,0,2,0,9,-18,1,
22023,1630581,22300081,"OCT 27, 2023",OKC @ CLE,W,28,1,8,0.125,0,1,0.0,0,0,0.0,0,6,6,6,0,0,3,1,2,-12,1,
22023,1630581,22300070,"OCT 25, 2023",OKC @ CHI,W,32,7,14,0.5,2,3,0.667,0,0,0.0,1,5,6,6,0,0,3,1,16,19,1,
22023,1630583,22300790,"FEB 15, 2024",MEM vs. MIL,W,33,3,4,0.75,1,1,1.0,0,0,0.0,0,3,3,7,0,1,1,1,7,4,1,
22023,1630583,22300783,"FEB 14, 2024",MEM vs. HOU,W,22,2,7,0.286,1,6,0.167,2,4,0.5,2,3,5,4,1,1,0,3,7,11,1,
22023,1630583,22300766,"FEB 12, 2024",MEM vs. NOP,L,29,2,9,0.222,2,8,0.25,0,0,0.0,0,4,4,5,0,1,1,0,6,-12,1,
22023,1630583,22300751,"FEB 10, 2024",MEM @ CHA,L,32,5,14,0.357,1,7,0.143,0,2,0.0,1,5,6,3,2,0,0,1,11,-3,1,
22023,1630583,22300737,"FEB 08, 2024",MEM vs. CHI,L,37,6,13,0.462,3,8,0.375,0,0,0.0,1,4,5,2,0,0,2,2,15,-7,1,
22023,1630583,22300722,"FEB 06, 2024",MEM @ NYK,L,23,4,6,0.667,3,4,0.75,0,0,0.0,0,4,4,5,0,0,2,0,11,-28,1,
22023,1630583,22300693,"FEB 02, 2024",MEM vs. GSW,L,21,1,8,0.125,0,6,0.0,0,0,0.0,1,4,5,2,2,0,0,2,2,-3,1,
22023,1630583,22300687,"FEB 01, 2024",MEM vs. CLE,L,38,7,12,0.583,4,7,0.571,0,0,0.0,1,8,9,3,0,2,1,0,18,-13,1,
22023,1630583,22300663,"JAN 29, 2024",MEM vs. SAC,L,34,5,14,0.357,5,8,0.625,1,1,1.0,2,5,7,2,2,0,2,2,16,-6,1,
22023,1630583,22300652,"JAN 28, 2024",MEM @ IND,L,28,4,11,0.364,2,5,0.4,0,0,0.0,1,5,6,1,0,0,1,0,10,-1,1,
22023,1630583,22300638,"JAN 26, 2024",MEM vs. ORL,W,29,6,9,0.667,2,5,0.4,0,0,0.0,2,5,7,5,0,0,1,2,14,-2,1,
22023,1630583,22300609,"JAN 22, 2024",MEM @ TOR,W,23,4,9,0.444,1,4,0.25,1,1,1.0,1,3,4,4,1,0,1,0,10,12,1,
22023,1630583,22300597,"JAN 20, 2024",MEM @ CHI,L,28,2,7,0.286,1,5,0.2,0,0,0.0,0,8,8,3,1,2,2,0,5,-25,1,
22023,1630583,22300582,"JAN 18, 2024",MEM @ MIN,L,25,5,14,0.357,2,5,0.4,1,3,0.333,0,5,5,0,1,1,2,4,13,-2,1,
22023,1630583,22300560,"JAN 15, 2024",MEM vs. GSW,W,17,3,6,0.5,1,4,0.25,4,5,0.8,0,6,6,1,0,3,1,2,11,-6,1,
22023,1630583,22300503,"JAN 07, 2024",MEM @ PHX,W,16,2,11,0.182,1,7,0.143,2,3,0.667,2,5,7,1,1,1,4,2,7,-5,1,
22023,1630583,22300491,"JAN 05, 2024",MEM @ LAL,W,9,0,0,0.0,0,0,0.0,0,0,0.0,0,0,0,0,1,0,1,0,0,-3,1,
22023,1630583,22300470,"JAN 03, 2024",MEM vs. TOR,L,22,2,6,0.333,2,4,0.5,1,2,0.5,1,7,8,3,1,0,1,4,7,2,1,
22023,1630583,22300460,"JAN 02, 2024",MEM vs. SAS,W,28,5,6,0.833,1,2,0.5,2,2,1.0,2,9,11,0,0,1,0,1,13,12,1,
22023,1630583,22300449,"DEC 31, 2023",MEM vs. SAC,L,14,2,6,0.333,1,5,0.2,0,2,0.0,0,2,2,1,0,0,0,0,5,-13,1,
22023,1630583,22300438,"DEC 29, 2023",MEM @ LAC,L,22,5,7,0.714,2,3,0.667,0,0,0.0,1,4,5,1,1,0,0,1,12,0,1,
22023,1630583,22300410,"DEC 26, 2023",MEM @ NOP,W,9,0,2,0.0,0,2,0.0,0,0,0.0,0,2,2,0,0,1,0,2,0,-8,1,
22023,1630583,22300393,"DEC 23, 2023",MEM @ ATL,W,27,2,7,0.286,1,4,0.25,1,2,0.5,0,4,4,3,0,1,1,0,6,3,1,
22023,1630583,22300377,"DEC 21, 2023",MEM vs. IND,W,25,5,7,0.714,3,5,0.6,0,0,0.0,0,3,3,2,1,0,2,0,13,24,1,
22023,1630583,22300360,"DEC 19, 2023",MEM @ NOP,W,16,3,4,0.75,2,2,1.0,0,0,0.0,2,1,3,0,1,1,0,1,8,-5,1,
22023,1630583,22300355,"DEC 18, 2023",MEM @ OKC,L,20,2,10,0.2,2,7,0.286,3,4,0.75,2,7,9,1,0,0,1,1,9,-21,1,
22023,1630583,22300332,"DEC 15, 2023",MEM vs. HOU,L,26,4,8,0.5,2,4,0.5,1,2,0.5,2,2,4,0,0,0,2,3,11,-12,1,
22023,1630583,22300314,"DEC 13, 2023",MEM @ HOU,L,16,3,4,0.75,1,2,0.5,0,0,0.0,0,5,5,1,0,2,1,4,7,-11,1,
22023,1630583,22300299,"DEC 11, 2023",MEM vs. DAL,L,20,2,6,0.333,2,5,0.4,0,0,0.0,0,2,2,3,2,1,1,2,6,-1,1,
22023,1630583,22301221,"DEC 08, 2023",MEM vs. MIN,L,24,2,8,0.25,1,3,0.333,4,6,0.667,4,6,10,6,0,1,0,1,9,-11,1,
22023,1630583,22301206,"DEC 06, 2023",MEM @ DET,W,26,3,9,0.333,1,3,0.333,0,0,0.0,3,0,3,3,1,1,1,0,7,14,1,
22023,1630583,22300288,"DEC 02, 2023",MEM @ PHX,L,31,3,10,0.3,1,6,0.167,0,0,0.0,0,7,7,1,3,1,1,5,7,-5,1,
22023,1630583,22300277,"DEC 01, 2023",MEM @ DAL,W,33,7,10,0.7,1,4,0.25,2,2,1.0,5,7,12,3,1,1,1,1,17,17,1,
22023,1630583,22300261,"NOV 29, 2023",MEM vs. UTA,W,25,4,9,0.444,1,4,0.25,2,4,0.5,2,2,4,1,1,1,1,1,11,7,1,
22023,1630583,22300249,"NOV 26, 2023",MEM vs. MIN,L,27,6,15,0.4,1,7,0.143,1,2,0.5,2,5,7,2,0,0,1,0,14,-15,1,
22023,1630583,22300044,"NOV 24, 2023",MEM vs. PHX,L,36,9,20,0.45,3,10,0.3,0,0,0.0,1,4,5,0,0,0,0,2,21,-18,1,
22023,1630583,22300231,"NOV 22, 2023",MEM @ HOU,L,22,2,5,0.4,1,3,0.333,3,3,1.0,0,2,2,0,0,1,0,5,8,-4,1,
22023,1630583,22300213,"NOV 19, 2023",MEM vs. BOS,L,39,11,27,0.407,6,15,0.4,0,0,0.0,4,8,12,6,2,0,1,2,28,4,1,
22023,1630583,22300206,"NOV 18, 2023",MEM @ SAS,W,36,7,15,0.467,1,5,0.2,2,3,0.667,2,8,10,3,1,1,3,2,17,19,1,
22023,1630583,22300026,"NOV 14, 2023",MEM @ LAL,L,25,9,15,0.6,3,8,0.375,3,5,0.6,0,5,5,4,0,2,3,0,24,-12,1,
22023,1630583,22300179,"NOV 12, 2023",MEM @ LAC,W,21,4,8,0.5,1,4,0.25,0,0,0.0,0,3,3,2,0,1,2,1,9,-3,1,
22023,1630583,22300012,"NOV 10, 2023",MEM vs. UTA,L,13,2,3,0.667,1,1,1.0,1,2,0.5,0,2,2,0,0,0,0,1,6,2,1,
22023,1630583,22300164,"NOV 08, 2023",MEM vs. MIA,L,26,5,14,0.357,2,4,0.5,0,2,0.0,2,6,8,0,2,1,1,4,12,8,1,
22023,1630583,22300144,"NOV 05, 2023",MEM @ POR,W,20,3,8,0.375,1,3,0.333,0,0,0.0,1,4,5,3,0,0,2,0,7,-4,1,
22023,1630586,22300399,"DEC 23, 2023",GSW vs. POR,W,4,0,0,0.0,0,0,0.0,0,0,0.0,0,0,0,0,1,0,0,1,0,1,1,
22023,1630586,22300386,"DEC 22, 2023",GSW vs. WAS,W,2,0,1,0.0,0,0,0.0,0,0,0.0,0,0,0,1,0,0,0,0,0,-4,1,
22023,1630587,22300534,"JAN 12, 2024",DET vs. HOU,L,16,1,4,0.25,1,4,0.25,0,0,0.0,0,0,0,1,0,2,0,3,3,-3,1,
22023,1630587,22300519,"JAN 10, 2024",DET vs. SAS,L,17,2,3,0.667,2,3,0.667,0,0,0.0,2,2,4,1,1,0,0,1,6,-6,1,
22023,1630587,22300512,"JAN 09, 2024",DET vs. SAC,L,15,1,3,0.333,1,2,0.5,0,0,0.0,1,0,1,2,0,0,0,0,3,-7,1,
22023,1630587,22300502,"JAN 07, 2024",DET @ DEN,L,31,4,8,0.5,1,2,0.5,2,2,1.0,2,3,5,1,1,0,0,5,11,-1,1,
22023,1630587,22300490,"JAN 05, 2024",DET @ GSW,L,22,2,3,0.667,1,2,0.5,0,0,0.0,0,1,1,1,1,0,0,2,5,-7,1,
22023,1630587,22300474,"JAN 03, 2024",DET @ UTA,L,36,4,7,0.571,1,4,0.25,1,1,1.0,3,1,4,0,2,0,1,4,10,-13,1,
22023,1630587,22300453,"JAN 01, 2024",DET @ HOU,L,13,1,2,0.5,0,0,0.0,0,0,0.0,0,0,0,0,0,0,0,0,2,-11,1,
22023,1630587,22300440,"DEC 30, 2023",DET vs. TOR,W,17,1,2,0.5,1,2,0.5,0,0,0.0,0,1,1,1,0,0,1,3,3,1,1,
22023,1630587,22300421,"DEC 28, 2023",DET @ BOS,L,23,3,7,0.429,2,6,0.333,1,4,0.25,0,1,1,2,0,1,3,2,9,-13,1,
22023,1630587,22300374,"DEC 21, 2023",DET vs. UTA,L,13,0,3,0.0,0,3,0.0,0,0,0.0,1,2,3,1,0,0,1,2,0,-7,1,
22023,1630587,22300352,"DEC 18, 2023",DET @ ATL,L,4,0,3,0.0,0,1,0.0,0,0,0.0,0,0,0,0,0,0,0,0,0,-4,1,
22023,1630587,22300334,"DEC 16, 2023",DET @ MIL,L,27,1,8,0.125,0,5,0.0,0,0,0.0,2,2,4,1,3,1,0,1,2,-17,1,
22023,1630587,22300327,"DEC 15, 2023",DET @ PHI,L,25,1,4,0.25,0,2,0.0,1,2,0.5,0,3,3,2,1,1,0,4,3,5,1,
22023,1630587,22300310,"DEC 13, 2023",DET vs. PHI,L,27,1,4,0.25,0,2,0.0,0,0,0.0,0,3,3,0,1,0,0,1,2,-16,1,
22023,1630587,22300293,"DEC 11, 2023",DET vs. IND,L,17,2,5,0.4,2,5,0.4,2,2,1.0,0,2,2,3,2,0,0,1,8,6,1,
22023,1630587,22301217,"DEC 08, 2023",DET @ ORL,L,12,0,5,0.0,0,3,0.0,0,0,0.0,0,1,1,1,0,0,0,2,0,-11,1,
22023,1630587,22301206,"DEC 06, 2023",DET vs. MEM,L,19,2,5,0.4,1,4,0.25,0,0,0.0,0,1,1,1,0,0,0,2,5,-17,1,
22023,1630587,22300283,"DEC 02, 2023",DET vs. CLE,L,14,0,1,0.0,0,1,0.0,0,0,0.0,0,0,0,0,0,0,2,1,0,-22,1,
22023,1630587,22300268,"NOV 30, 2023",DET @ NYK,L,27,2,8,0.25,1,5,0.2,1,3,0.333,2,2,4,1,0,0,2,2,6,4,1,
22023,1630587,22300258,"NOV 29, 2023",DET vs. LAL,L,22,5,8,0.625,4,6,0.667,0,0,0.0,0,3,3,2,0,0,2,2,14,-12,1,
22023,1630587,22300253,"NOV 27, 2023",DET vs. WAS,L,23,3,11,0.273,2,8,0.25,0,0,0.0,0,1,1,3,1,0,2,1,8,-26,1,
22023,1630587,22300047,"NOV 24, 2023",DET @ IND,L,26,3,5,0.6,2,4,0.5,0,0,0.0,0,2,2,0,0,0,0,2,8,-15,1,
22023,1630587,22300218,"NOV 20, 2023",DET vs. DEN,L,23,1,7,0.143,0,3,0.0,4,4,1.0,2,2,4,1,0,0,2,2,6,-7,1,
22023,1630591,22300772,"FEB 13, 2024",ORL vs. OKC,L,33,5,13,0.385,4,12,0.333,3,4,0.75,3,4,7,4,1,0,2,4,17,-3,1,
22023,1630591,22300752,"FEB 10, 2024",ORL vs. CHI,W,26,5,9,0.556,3,5,0.6,0,0,0.0,0,1,1,1,1,0,3,1,13,-8,1,
22023,1630591,22300734,"FEB 08, 2024",ORL vs. SAS,W,29,6,11,0.545,3,6,0.5,2,4,0.5,1,2,3,2,2,0,2,4,17,18,1,
22023,1630591,22300721,"FEB 06, 2024",ORL @ MIA,L,28,1,7,0.143,1,6,0.167,0,0,0.0,0,3,3,4,0,0,0,2,3,-9,1,
22023,1630591,22300704,"FEB 04, 2024",ORL @ DET,W,28,4,8,0.5,1,3,0.333,0,0,0.0,1,4,5,2,2,1,0,2,9,14,1,
22023,1630591,22300694,"FEB 02, 2024",ORL @ MIN,W,36,4,12,0.333,4,9,0.444,3,4,0.75,2,4,6,2,2,1,3,2,15,0,1,
22023,1630591,22300681,"JAN 31, 2024",ORL @ SAS,W,33,3,9,0.333,1,4,0.25,0,0,0.0,0,1,1,5,4,0,1,3,7,10,1,
22023,1630591,22300666,"JAN 29, 2024",ORL @ DAL,L,26,4,8,0.5,3,6,0.5,0,0,0.0,0,2,2,1,3,0,2,4,11,-14,1,
22023,1630591,22300655,"JAN 28, 2024",ORL vs. PHX,W,32,4,11,0.364,2,8,0.25,0,0,0.0,1,3,4,5,2,1,2,4,10,4,1,
22023,1630591,22300638,"JAN 26, 2024",ORL @ MEM,L,4,0,2,0.0,0,2,0.0,0,0,0.0,0,0,0,0,0,0,0,0,0,-8,1,
22023,1630591,22300607,"JAN 22, 2024",ORL vs. CLE,L,26,2,5,0.4,2,4,0.5,0,0,0.0,0,2,2,3,2,0,3,2,6,-24,1,
22023,1630591,22300601,"JAN 21, 2024",ORL vs. MIA,W,29,4,11,0.364,1,6,0.167,2,2,1.0,4,0,4,1,1,0,2,4,11,10,1,
22023,1630591,22300585,"JAN 19, 2024",ORL vs. PHI,L,25,5,13,0.385,2,5,0.4,4,4,1.0,0,2,2,2,1,1,1,1,16,-11,1,
22023,1630591,22300570,"JAN 17, 2024",ORL @ ATL,L,28,6,7,0.857,3,3,1.0,1,2,0.5,2,2,4,1,0,0,2,3,16,-1,1,
22023,1630591,22300557,"JAN 15, 2024",ORL @ NYK,W,27,1,8,0.125,1,6,0.167,1,2,0.5,0,5,5,4,0,0,2,3,4,-6,1,
22023,1630591,22300546,"JAN 13, 2024",ORL @ OKC,L,20,4,8,0.5,1,3,0.333,0,0,0.0,1,3,4,0,0,0,1,3,9,-9,1,
22023,1630591,22300535,"JAN 12, 2024",ORL @ MIA,L,14,1,5,0.2,0,4,0.0,0,0,0.0,0,0,0,0,0,3,0,3,2,-11,1,
22023,1630591,22300513,"JAN 09, 2024",ORL vs. MIN,L,27,8,14,0.571,4,8,0.5,0,1,0.0,1,4,5,2,3,0,2,2,20,-16,1,
22023,1630591,22300499,"JAN 07, 2024",ORL vs. ATL,W,29,6,13,0.462,4,7,0.571,0,0,0.0,1,4,5,3,1,0,1,6,16,16,1,
22023,1630591,22300488,"JAN 05, 2024",ORL @ DEN,W,34,9,15,0.6,7,9,0.778,2,4,0.5,2,2,4,1,0,1,2,3,27,1,1,
22023,1630591,22300476,"JAN 03, 2024",ORL @ SAC,L,39,8,18,0.444,6,12,0.5,2,2,1.0,1,2,3,4,2,2,4,4,24,-13,1,
22023,1630591,22300463,"JAN 02, 2024",ORL @ GSW,L,31,3,14,0.214,3,7,0.429,1,2,0.5,1,1,2,3,0,0,4,2,10,-9,1,
22023,1630591,22300450,"DEC 31, 2023",ORL @ PHX,L,29,1,10,0.1,1,7,0.143,1,2,0.5,0,4,4,3,0,1,1,4,4,-10,1,
22023,1630591,22300429,"DEC 29, 2023",ORL vs. NYK,W,31,8,15,0.533,2,7,0.286,3,6,0.5,0,2,2,6,0,1,3,4,21,9,1,
22023,1630591,22300415,"DEC 27, 2023",ORL vs. PHI,L,28,8,12,0.667,1,2,0.5,3,3,1.0,1,1,2,1,1,1,3,5,20,-17,1,
22023,1630591,22300407,"DEC 26, 2023",ORL @ WAS,W,29,4,11,0.364,3,10,0.3,0,0,0.0,1,2,3,1,3,1,2,1,11,-1,1,
22023,1630591,22300366,"DEC 20, 2023",ORL vs. MIA,L,21,5,9,0.556,1,5,0.2,0,0,0.0,0,1,1,3,0,1,1,0,11,-23,1,
22023,1630591,22300344,"DEC 17, 2023",ORL @ BOS,L,28,5,9,0.556,1,4,0.25,2,2,1.0,0,5,5,0,1,0,2,4,13,-9,1,
22023,1630591,22300329,"DEC 15, 2023",ORL @ BOS,L,26,7,12,0.583,5,9,0.556,0,0,0.0,0,4,4,1,0,1,1,2,19,-9,1,
22023,1630591,22300294,"DEC 11, 2023",ORL vs. CLE,W,28,4,6,0.667,2,4,0.5,2,2,1.0,1,3,4,3,0,1,1,2,12,10,1,
22023,1630591,22301205,"DEC 06, 2023",ORL @ CLE,L,9,0,2,0.0,0,1,0.0,0,0,0.0,0,0,0,1,2,1,1,0,0,-6,1,
22023,1630591,22300282,"DEC 02, 2023",ORL @ BKN,L,22,3,7,0.429,1,3,0.333,0,0,0.0,0,0,0,2,1,1,4,5,7,-14,1,
22023,1630591,22300274,"DEC 01, 2023",ORL vs. WAS,W,27,5,9,0.556,2,6,0.333,3,5,0.6,0,2,2,4,3,2,3,4,15,10,1,
22023,1630591,22300259,"NOV 29, 2023",ORL vs. WAS,W,29,9,15,0.6,3,6,0.5,1,1,1.0,1,2,3,3,2,0,2,4,22,4,1,
22023,1630591,22300248,"NOV 26, 2023",ORL vs. CHA,W,32,5,9,0.556,2,5,0.4,0,0,0.0,0,5,5,1,1,2,1,2,12,6,1,
22023,1630591,22300043,"NOV 24, 2023",ORL vs. BOS,W,28,3,8,0.375,3,4,0.75,1,2,0.5,0,4,4,1,1,0,3,2,10,0,1,
22023,1630591,22300226,"NOV 22, 2023",ORL vs. DEN,W,29,4,8,0.5,0,3,0.0,2,2,1.0,0,4,4,4,1,0,2,5,10,3,1,
22023,1630591,22300038,"NOV 21, 2023",ORL vs. TOR,W,21,6,10,0.6,2,4,0.5,4,4,1.0,1,2,3,4,2,0,2,3,18,5,1,
22023,1630591,22300209,"NOV 19, 2023",ORL @ IND,W,18,6,8,0.75,1,2,0.5,5,6,0.833,1,2,3,1,1,0,0,1,18,20,1,
22023,1630591,22300196,"NOV 15, 2023",ORL @ CHI,W,27,2,8,0.25,2,7,0.286,4,4,1.0,0,2,2,5,3,0,4,4,10,-2,1,
22023,1630591,22300020,"NOV 14, 2023",ORL @ BKN,L,32,4,13,0.308,2,7,0.286,0,0,0.0,0,2,2,2,2,1,3,2,10,-27,1,
22023,1630591,22300173,"NOV 11, 2023",ORL vs. MIL,W,38,5,11,0.455,2,4,0.5,8,10,0.8,0,2,2,2,1,0,1,0,20,10,1,
22023,1630591,22300172,"NOV 09, 2023",ORL vs. ATL,L,31,7,10,0.7,4,5,0.8,3,6,0.5,0,2,2,1,6,0,2,5,21,1,1,
22023,1630591,22300147,"NOV 06, 2023",ORL vs. DAL,L,24,4,12,0.333,1,6,0.167,1,2,0.5,1,3,4,7,1,1,4,3,10,-6,1,
22023,1630591,22300134,"NOV 04, 2023",ORL vs. LAL,W,27,4,11,0.364,0,2,0.0,1,1,1.0,1,5,6,5,1,1,2,1,9,26,1,
22023,1630591,22300130,"NOV 02, 2023",ORL @ UTA,W,21,1,7,0.143,0,0,0.0,4,4,1.0,2,2,4,3,4,0,3,4,6,-4,1,
22023,1630591,22300114,"OCT 31, 2023",ORL @ LAC,L,32,5,10,0.5,1,5,0.2,0,0,0.0,2,4,6,3,1,1,3,5,11,-12,1,
22023,1630591,22300111,"OCT 30, 2023",ORL @ LAL,L,26,4,12,0.333,3,7,0.429,4,4,1.0,3,5,8,2,1,0,0,2,15,10,1,
22023,1630591,22300086,"OCT 27, 2023",ORL @ POR,W,27,4,5,0.8,0,1,0.0,3,3,1.0,0,5,5,2,4,2,1,3,11,3,1,
22023,1630591,22300066,"OCT 25, 2023",ORL vs. HOU,W,21,3,12,0.25,2,7,0.286,0,0,0.0,1,3,4,0,0,0,0,2,8,5,1,
22023,1630595,22300787,"FEB 14, 2024",DET @ PHX,L,26,5,11,0.455,0,1,0.0,3,5,0.6,1,3,4,8,1,2,5,3,13,-17,1,
22023,1630595,22300776,"FEB 13, 2024",DET @ LAL,L,25,4,15,0.267,0,2,0.0,4,4,1.0,1,6,7,7,0,0,0,1,12,-17,1,
22023,1630595,22300749,"FEB 10, 2024",DET @ LAC,L,35,9,18,0.5,1,3,0.333,3,3,1.0,0,6,6,10,0,1,2,2,22,2,1,
22023,1630595,22300741,"FEB 08, 2024",DET @ POR,W,39,8,17,0.471,1,5,0.2,6,6,1.0,0,2,2,5,0,0,2,0,23,7,1,
22023,1630595,22300704,"FEB 04, 2024",DET vs. ORL,L,32,6,14,0.429,1,3,0.333,5,7,0.714,0,5,5,7,2,0,1,2,18,-8,1,
22023,1630595,22300688,"FEB 02, 2024",DET vs. LAC,L,33,7,17,0.412,1,3,0.333,1,1,1.0,0,3,3,11,1,0,4,4,16,-11,1,
22023,1630595,22300675,"JAN 31, 2024",DET @ CLE,L,31,8,16,0.5,2,4,0.5,1,2,0.5,0,2,2,7,2,1,0,4,19,-22,1,
22023,1630595,22300642,"JAN 27, 2024",DET vs. WAS,L,35,7,17,0.412,2,3,0.667,4,6,0.667,0,4,4,12,0,0,7,3,20,-6,1,
22023,1630595,22300502,"JAN 07, 2024",DET @ DEN,L,11,1,6,0.167,1,2,0.5,0,0,0.0,0,3,3,3,0,0,0,2,3,-2,1,
22023,1630595,22300490,"JAN 05, 2024",DET @ GSW,L,35,13,22,0.591,1,7,0.143,3,3,1.0,0,5,5,3,0,1,2,2,30,-7,1,
22023,1630595,22300474,"JAN 03, 2024",DET @ UTA,L,40,12,21,0.571,3,7,0.429,4,5,0.8,0,5,5,13,1,0,6,5,31,-13,1,
22023,1630595,22300453,"JAN 01, 2024",DET @ HOU,L,30,3,16,0.188,0,5,0.0,0,1,0.0,0,1,1,10,0,0,4,2,6,-21,1,
22023,1630595,22300440,"DEC 30, 2023",DET vs. TOR,W,38,9,20,0.45,2,4,0.5,10,10,1.0,0,3,3,12,1,0,0,4,30,1,1,
22023,1630595,22300421,"DEC 28, 2023",DET @ BOS,L,43,12,22,0.545,4,6,0.667,3,4,0.75,1,5,6,9,3,2,6,3,31,4,1,
22023,1630595,22300406,"DEC 26, 2023",DET vs. BKN,L,37,15,21,0.714,3,4,0.75,8,10,0.8,1,8,9,5,1,1,3,4,41,5,1,
22023,1630595,22300394,"DEC 23, 2023",DET @ BKN,L,33,9,20,0.45,1,5,0.2,3,4,0.75,0,3,3,6,0,0,2,4,22,-5,1,
22023,1630595,22300374,"DEC 21, 2023",DET vs. UTA,L,39,10,22,0.455,2,6,0.333,6,7,0.857,1,5,6,10,2,1,6,2,28,1,1,
22023,1630595,22300352,"DEC 18, 2023",DET @ ATL,L,44,16,24,0.667,3,5,0.6,8,9,0.889,1,4,5,7,3,1,3,1,43,-2,1,
22023,1630595,22300334,"DEC 16, 2023",DET @ MIL,L,31,10,17,0.588,0,2,0.0,5,6,0.833,0,1,1,6,1,0,2,3,25,-13,1,
22023,1630595,22300327,"DEC 15, 2023",DET @ PHI,L,24,2,9,0.222,0,2,0.0,0,0,0.0,0,3,3,2,1,1,3,3,4,-32,1,
22023,1630595,22300310,"DEC 13, 2023",DET vs. PHI,L,30,5,17,0.294,1,8,0.125,10,12,0.833,1,5,6,7,0,0,1,3,21,-23,1,
22023,1630595,22300293,"DEC 11, 2023",DET vs. IND,L,38,11,21,0.524,1,6,0.167,0,0,0.0,0,6,6,7,1,0,3,3,23,-8,1,
22023,1630595,22301217,"DEC 08, 2023",DET @ ORL,L,32,8,15,0.533,2,6,0.333,3,4,0.75,1,2,3,6,1,0,3,1,21,-20,1,
22023,1630595,22301206,"DEC 06, 2023",DET vs. MEM,L,34,6,14,0.429,1,5,0.2,3,3,1.0,0,4,4,10,2,1,5,2,16,-1,1,
22023,1630595,22300283,"DEC 02, 2023",DET vs. CLE,L,37,8,20,0.4,3,6,0.5,4,4,1.0,0,8,8,11,2,0,1,3,23,13,1,
22023,1630595,22300268,"NOV 30, 2023",DET @ NYK,L,37,12,20,0.6,4,9,0.444,3,4,0.75,0,2,2,8,2,0,7,2,31,1,1,
22023,1630595,22300258,"NOV 29, 2023",DET vs. LAL,L,23,6,15,0.4,2,4,0.5,1,1,1.0,0,4,4,5,1,0,2,1,15,-33,1,
22023,1630595,22300253,"NOV 27, 2023",DET vs. WAS,L,32,10,22,0.455,2,7,0.286,4,4,1.0,1,4,5,7,1,0,1,2,26,-12,1,
22023,1630595,22300047,"NOV 24, 2023",DET @ IND,L,38,10,26,0.385,2,4,0.5,9,9,1.0,0,3,3,5,0,0,4,0,31,-12,1,
22023,1630595,22300218,"NOV 20, 2023",DET vs. DEN,L,38,7,17,0.412,2,4,0.5,11,11,1.0,0,2,2,9,3,1,5,2,27,7,1,
22023,1630595,22300211,"NOV 19, 2023",DET @ TOR,L,27,7,17,0.412,3,5,0.6,1,3,0.333,2,3,5,4,0,0,3,2,18,-22,1,
22023,1630595,22300030,"NOV 17, 2023",DET @ CLE,L,34,9,21,0.429,2,7,0.286,0,0,0.0,1,4,5,8,0,0,4,4,20,5,1,
22023,1630595,22300018,"NOV 14, 2023",DET vs. ATL,L,38,4,14,0.286,1,3,0.333,0,0,0.0,1,2,3,12,3,0,6,3,9,-11,1,
22023,1630595,22300181,"NOV 12, 2023",DET @ CHI,L,38,4,15,0.267,0,5,0.0,2,2,1.0,0,3,3,5,0,1,1,4,10,-24,1,
22023,1630595,22300008,"NOV 10, 2023",DET vs. PHI,L,36,8,18,0.444,1,5,0.2,4,4,1.0,1,3,4,7,0,0,4,5,21,-5,1,
22023,1630595,22300165,"NOV 08, 2023",DET @ MIL,L,39,11,27,0.407,2,8,0.25,9,10,0.9,2,6,8,8,0,0,5,2,33,-8,1,
22023,1630595,22300145,"NOV 06, 2023",DET vs. GSW,L,40,7,18,0.389,1,6,0.167,6,7,0.857,0,4,4,5,2,0,5,2,21,-9,1,
22023,1630595,22300140,"NOV 05, 2023",DET vs. PHX,L,39,12,24,0.5,0,6,0.0,2,3,0.667,1,2,3,6,0,1,6,2,26,-21,1,
22023,1630595,22300129,"NOV 02, 2023",DET @ NOP,L,34,8,22,0.364,2,7,0.286,4,5,0.8,0,2,2,11,1,0,6,4,22,3,1,
22023,1630595,22300115,"NOV 01, 2023",DET vs. POR,L,37,11,27,0.407,5,9,0.556,3,3,1.0,0,5,5,4,1,0,6,3,30,-7,1,
22023,1630595,22300109,"OCT 30, 2023",DET @ OKC,L,35,5,15,0.333,3,7,0.429,4,5,0.8,0,2,2,5,0,0,7,1,17,-14,1,
22023,1630595,22300088,"OCT 28, 2023",DET vs. CHI,W,40,9,19,0.474,1,4,0.25,6,7,0.857,0,4,4,10,0,0,6,3,25,10,1,
22023,1630595,22300077,"OCT 27, 2023",DET @ CHA,W,24,4,13,0.308,2,5,0.4,2,2,1.0,1,1,2,6,1,0,5,6,12,7,1,
22023,1630595,22300068,"OCT 25, 2023",DET @ MIA,L,36,13,27,0.481,4,9,0.444,0,0,0.0,0,3,3,9,1,1,3,5,30,-2,1,
22023,1630596,22300781,"FEB 14, 2024",CLE vs. CHI,W,31,6,8,0.75,1,1,1.0,1,2,0.5,4,5,9,0,1,1,1,2,14,-6,1,
22023,1630596,22300762,"FEB 12, 2024",CLE vs. PHI,L,28,6,11,0.545,1,2,0.5,1,2,0.5,2,8,10,3,2,4,1,2,14,-11,1,
22023,1630596,22300756,"FEB 10, 2024",CLE @ TOR,W,27,7,13,0.538,1,4,0.25,2,4,0.5,4,7,11,3,0,0,2,3,17,17,1,
22023,1630596,22300735,"FEB 08, 2024",CLE @ BKN,W,26,5,8,0.625,0,0,0.0,4,4,1.0,0,12,12,2,0,2,2,3,14,25,1,
22023,1630596,22300728,"FEB 07, 2024",CLE @ WAS,W,25,9,10,0.9,2,2,1.0,2,2,1.0,2,6,8,1,1,1,2,2,22,7,1,
22023,1630596,22300714,"FEB 05, 2024",CLE vs. SAC,W,28,5,12,0.417,0,1,0.0,1,2,0.5,1,13,14,7,2,1,0,3,11,4,1,
22023,1630596,22300703,"FEB 03, 2024",CLE @ SAS,W,24,11,15,0.733,3,3,1.0,3,4,0.75,2,8,10,3,0,0,0,5,28,-7,1,
22023,1630596,22300675,"JAN 31, 2024",CLE vs. DET,W,22,3,7,0.429,0,1,0.0,2,2,1.0,1,2,3,4,1,0,0,2,8,-4,1,
22023,1630596,22300658,"JAN 29, 2024",CLE vs. LAC,W,21,5,7,0.714,0,0,0.0,0,0,0.0,1,8,9,0,1,0,3,3,10,-5,1,
22023,1630596,22301205,"DEC 06, 2023",CLE vs. ORL,W,37,8,12,0.667,0,0,0.0,0,0,0.0,1,4,5,2,1,1,4,5,16,13,1,
22023,1630596,22300283,"DEC 02, 2023",CLE @ DET,W,36,2,5,0.4,0,0,0.0,2,3,0.667,1,10,11,1,0,0,2,3,6,1,1,
22023,1630596,22300265,"NOV 30, 2023",CLE vs. POR,L,34,9,14,0.643,0,1,0.0,2,2,1.0,2,6,8,3,2,0,3,1,20,3,1,
22023,1630596,22300055,"NOV 28, 2023",CLE vs. ATL,W,34,8,11,0.727,1,1,1.0,0,0,0.0,5,14,19,1,0,7,1,4,17,25,1,
22023,1630596,22300251,"NOV 26, 2023",CLE vs. TOR,W,38,5,14,0.357,0,1,0.0,2,2,1.0,3,11,14,1,0,2,3,3,12,-4,1,
22023,1630596,22300242,"NOV 25, 2023",CLE vs. LAL,L,36,8,12,0.667,0,0,0.0,2,3,0.667,1,5,6,6,4,1,2,3,18,-5,1,
22023,1630596,22300229,"NOV 22, 2023",CLE vs. MIA,L,25,5,7,0.714,0,0,0.0,3,3,1.0,2,8,10,2,0,0,2,0,13,-12,1,
22023,1630596,22300040,"NOV 21, 2023",CLE @ PHI,W,38,6,10,0.6,0,0,0.0,6,6,1.0,0,12,12,3,0,1,4,4,18,-4,1,
22023,1630596,22300210,"NOV 19, 2023",CLE vs. DEN,W,32,8,11,0.727,0,0,0.0,0,0,0.0,3,7,10,5,0,2,2,3,16,12,1,
22023,1630596,22300030,"NOV 17, 2023",CLE vs. DET,W,35,8,12,0.667,0,0,0.0,2,4,0.5,4,6,10,5,1,0,3,4,18,-6,1,
22023,1630596,22300199,"NOV 15, 2023",CLE @ POR,W,35,8,11,0.727,0,1,0.0,5,8,0.625,3,9,12,3,1,3,1,1,21,26,1,
22023,1630596,22300191,"NOV 13, 2023",CLE @ SAC,L,30,8,14,0.571,0,0,0.0,0,0,0.0,7,5,12,2,1,0,3,4,16,-3,1,
22023,1630596,22300176,"NOV 11, 2023",CLE @ GSW,W,31,6,10,0.6,0,1,0.0,7,7,1.0,1,4,5,2,1,1,2,4,19,-4,1,
22023,1630596,22300167,"NOV 08, 2023",CLE @ OKC,L,33,9,16,0.563,0,1,0.0,4,4,1.0,2,3,5,1,1,1,1,2,22,3,1,
22023,1630596,22300142,"NOV 05, 2023",CLE vs. GSW,W,29,6,10,0.6,0,1,0.0,1,4,0.25,5,11,16,2,0,1,5,4,13,8,1,
22023,1630596,22300001,"NOV 03, 2023",CLE @ IND,L,36,7,13,0.538,0,2,0.0,0,0,0.0,2,8,10,5,3,4,2,2,14,11,1,
22023,1630596,22300120,"NOV 01, 2023",CLE @ NYK,W,35,6,12,0.5,0,0,0.0,2,3,0.667,2,6,8,5,2,2,2,2,14,8,1,
22023,1630596,22300112,"OCT 31, 2023",CLE vs. NYK,L,29,3,9,0.333,0,0,0.0,0,0,0.0,4,8,12,5,0,2,2,0,6,-19,1,
22023,1630596,22300091,"OCT 28, 2023",CLE vs. IND,L,33,12,22,0.545,1,1,1.0,8,10,0.8,5,9,14,3,0,3,2,4,33,-15,1,
22023,1630596,22300081,"OCT 27, 2023",CLE vs. OKC,L,34,5,12,0.417,0,0,0.0,4,6,0.667,2,13,15,3,0,2,2,4,14,-9,1,
22023,1630596,22300067,"OCT 25, 2023",CLE @ BKN,W,34,5,11,0.455,0,0,0.0,0,0,0.0,1,5,6,1,0,2,0,3,10,3,1,
22023,1630600,22300375,"DEC 21, 2023",CLE vs. NOP,L,4,1,1,1.0,1,1,1.0,0,0,0.0,0,0,0,1,0,0,0,0,3,2,1,
22023,1630600,22300229,"NOV 22, 2023",CLE vs. MIA,L,9,1,3,0.333,0,1,0.0,0,0,0.0,0,1,1,3,1,0,1,1,2,-5,1,
22023,1630600,22300112,"OCT 31, 2023",CLE vs. NYK,L,1,0,0,0.0,0,0,0.0,0,0,0.0,0,1,1,0,0,0,0,1,0,-3,1,
22023,1630604,22300648,"JAN 27, 2024",NOP @ MIL,L,3,0,0,0.0,0,0,0.0,0,0,0.0,0,2,2,0,0,0,0,0,0,5,1,
22023,1630604,22300640,"JAN 26, 2024",NOP vs. OKC,L,3,0,1,0.0,0,1,0.0,0,0,0.0,0,0,0,0,2,0,0,0,0,-1,1,
22023,1630604,22300539,"JAN 12, 2024",NOP @ DEN,L,2,0,0,0.0,0,0,0.0,0,0,0.0,0,1,1,1,0,0,0,0,0,6,1,
22023,1630604,22300525,"JAN 10, 2024",NOP @ GSW,W,3,0,1,0.0,0,1,0.0,0,0,0.0,0,0,0,0,0,0,0,0,0,-2,1,
22023,1630604,22300500,"JAN 07, 2024",NOP @ SAC,W,4,0,0,0.0,0,0,0.0,0,0,0.0,0,0,0,0,0,1,1,1,0,-7,1,
22023,1630604,22300166,"NOV 08, 2023",NOP @ MIN,L,5,1,3,0.333,0,2,0.0,2,2,1.0,0,0,0,0,0,1,1,1,4,6,1,
22023,1630604,22300135,"NOV 04, 2023",NOP vs. ATL,L,1,0,0,0.0,0,0,0.0,0,0,0.0,0,0,0,0,0,0,0,0,0,-1,1,
22023,1630604,22300090,"OCT 28, 2023",NOP vs. NYK,W,2,0,1,0.0,0,1,0.0,0,0,0.0,0,2,2,0,0,0,0,0,0,-10,1,
22023,1630606,22300382,"DEC 22, 2023",PHI vs. TOR,W,1,0,0,0.0,0,0,0.0,0,0,0.0,0,0,0,0,0,0,0,0,0,-3,1,
22023,1630608,22300140,"NOV 05, 2023",DET vs. PHX,L,3,0,0,0.0,0,0,0.0,0,0,0.0,0,0,0,0,0,0,0,0,0,5,1,
22023,1630611,22300769,"FEB 12, 2024",GSW @ UTA,W,2,1,2,0.5,1,2,0.5,0,0,0.0,1,1,2,0,1,0,0,0,3,2,1,
22023,1630611,22300733,"FEB 08, 2024",GSW @ IND,W,21,5,8,0.625,2,2,1.0,1,2,0.5,2,6,8,1,0,0,0,1,13,5,1,
22023,1630611,22300727,"FEB 07, 2024",GSW @ PHI,W,8,0,2,0.0,0,1,0.0,2,2,1.0,0,1,1,1,1,0,0,2,2,-2,1,
22023,1630611,22300717,"FEB 05, 2024",GSW @ BKN,W,18,3,5,0.6,0,0,0.0,3,3,1.0,2,3,5,0,1,2,0,2,9,13,1,
22023,1630611,22300699,"FEB 03, 2024",GSW @ ATL,L,15,0,2,0.0,0,2,0.0,2,2,1.0,1,1,2,3,0,0,1,4,2,5,1,
22023,1630611,22300693,"FEB 02, 2024",GSW @ MEM,W,11,2,2,1.0,0,0,0.0,0,0,0.0,1,1,2,0,0,0,0,2,4,5,1,
22023,1630611,22300626,"JAN 24, 2024",GSW vs. ATL,W,3,0,1,0.0,0,0,0.0,0,0,0.0,1,0,1,0,0,0,0,0,0,2,1,
22023,1630611,22300525,"JAN 10, 2024",GSW vs. NOP,L,10,0,3,0.0,0,3,0.0,2,2,1.0,0,3,3,1,0,0,0,0,2,-6,1,
22023,1630611,22300399,"DEC 23, 2023",GSW vs. POR,W,4,0,0,0.0,0,0,0.0,2,2,1.0,1,1,2,0,0,0,0,0,2,1,1,
22023,1630611,22300386,"DEC 22, 2023",GSW vs. WAS,W,6,2,3,0.667,1,2,0.5,2,2,1.0,1,1,2,0,0,0,0,1,7,-12,1,
22023,1630611,22300236,"NOV 22, 2023",GSW @ PHX,L,8,1,1,1.0,0,0,0.0,0,0,0.0,0,1,1,0,0,0,2,2,2,3,1,
22023,1630611,22300201,"NOV 16, 2023",GSW vs. OKC,L,4,1,3,0.333,0,1,0.0,0,0,0.0,2,1,3,1,0,0,0,0,2,-1,1,
22023,1630625,22300791,"FEB 15, 2024",POR vs. MIN,L,18,1,4,0.25,0,0,0.0,2,4,0.5,0,2,2,0,2,0,1,1,4,-12,1,
22023,1630625,22300775,"FEB 13, 2024",POR vs. MIN,L,26,4,8,0.5,1,2,0.5,7,10,0.7,1,4,5,3,1,0,4,2,16,-8,1,
22023,1630625,22300758,"FEB 10, 2024",POR vs. NOP,L,25,5,14,0.357,1,5,0.2,1,1,1.0,0,3,3,3,0,0,2,0,12,-4,1,
22023,1630625,22300706,"FEB 04, 2024",BOS vs. MEM,W,7,0,4,0.0,0,2,0.0,0,0,0.0,0,1,1,2,0,0,0,0,0,11,1,
22023,1630625,22300684,"FEB 01, 2024",BOS vs. LAL,L,2,0,0,0.0,0,0,0.0,2,2,1.0,0,1,1,1,0,0,0,0,2,4,1,
22023,1630625,22300646,"JAN 27, 2024",BOS vs. LAC,L,12,1,4,0.25,0,2,0.0,0,0,0.0,0,0,0,3,0,0,1,0,2,12,1,
22023,1630625,22300630,"JAN 25, 2024",BOS @ MIA,W,7,0,1,0.0,0,0,0.0,0,0,0.0,0,0,0,2,1,0,0,1,0,1,1,
22023,1630625,22300571,"JAN 17, 2024",BOS vs. SAS,W,4,0,2,0.0,0,1,0.0,1,2,0.5,1,1,2,0,0,0,0,0,1,-2,1,
22023,1630625,22300528,"JAN 11, 2024",BOS @ MIL,L,18,1,5,0.2,1,2,0.5,1,2,0.5,0,1,1,3,2,1,0,1,4,7,1,
22023,1630625,22300507,"JAN 08, 2024",BOS @ IND,L,4,0,0,0.0,0,0,0.0,0,0,0.0,0,0,0,0,0,0,1,3,0,2,1,
22023,1630625,22300493,"JAN 06, 2024",BOS @ IND,W,1,0,0,0.0,0,0,0.0,0,0,0.0,0,0,0,0,0,0,0,0,0,0,1,
22023,1630625,22300479,"JAN 05, 2024",BOS vs. UTA,W,6,1,2,0.5,0,1,0.0,3,4,0.75,0,1,1,1,0,0,0,1,5,3,1,
22023,1630625,22300448,"DEC 31, 2023",BOS @ SAS,W,11,0,2,0.0,0,0,0.0,4,4,1.0,1,3,4,1,0,0,2,2,4,-3,1,
22023,1630625,22300432,"DEC 29, 2023",BOS vs. TOR,W,2,1,1,1.0,0,0,0.0,0,0,0.0,0,0,0,0,0,0,1,0,2,-4,1,
22023,1630625,22300389,"DEC 23, 2023",BOS @ LAC,W,4,1,1,1.0,0,0,0.0,0,0,0.0,0,0,0,1,0,0,0,0,2,6,1,
22023,1630625,22300344,"DEC 17, 2023",BOS vs. ORL,W,2,1,2,0.5,0,1,0.0,0,0,0.0,0,0,0,0,0,0,0,0,2,-4,1,
22023,1630625,22301227,"DEC 08, 2023",BOS vs. NYK,W,0,0,0,0.0,0,0,0.0,0,0,0.0,0,0,0,0,0,0,0,0,0,-2,1,
22023,1630625,22301202,"DEC 04, 2023",BOS @ IND,L,11,0,1,0.0,0,0,0.0,0,0,0.0,1,3,4,1,0,0,3,1,0,-2,1,
22023,1630625,22300275,"DEC 01, 2023",BOS vs. PHI,W,10,2,4,0.5,0,1,0.0,0,1,0.0,3,2,5,1,0,1,0,1,4,1,1,
22023,1630625,22300053,"NOV 28, 2023",BOS vs. CHI,W,15,2,3,0.667,1,2,0.5,0,0,0.0,0,0,0,0,0,1,0,1,5,10,1,
22023,1630625,22300246,"NOV 26, 2023",BOS vs. ATL,W,19,3,5,0.6,0,1,0.0,2,2,1.0,2,3,5,1,0,0,1,4,8,-4,1,
22023,1630625,22300043,"NOV 24, 2023",BOS @ ORL,L,1,0,1,0.0,0,0,0.0,0,0,0.0,0,0,0,0,0,0,0,0,0,-2,1,
22023,1630625,22300194,"NOV 15, 2023",BOS @ PHI,W,8,1,4,0.25,0,1,0.0,0,0,0.0,1,4,5,0,1,0,0,2,2,8,1,
22023,1630625,22300174,"NOV 11, 2023",BOS vs. TOR,W,6,0,1,0.0,0,1,0.0,0,0,0.0,0,0,0,0,0,0,0,0,0,-2,1,
22023,1630625,22300010,"NOV 10, 2023",BOS vs. BKN,W,4,0,1,0.0,0,0,0.0,0,0,0.0,1,0,1,0,0,0,0,0,0,-6,1,
22023,1630625,22300118,"NOV 01, 2023",BOS vs. IND,W,8,4,4,1.0,0,0,0.0,3,3,1.0,0,3,3,1,1,0,0,2,11,3,1,
22023,1630625,22300103,"OCT 30, 2023",BOS @ WAS,W,10,1,3,0.333,0,1,0.0,0,0,0.0,2,0,2,1,0,0,1,1,2,-17,1,
22023,1630631,22300784,"FEB 14, 2024",NOP vs. WAS,W,22,3,7,0.429,0,4,0.0,1,1,1.0,0,3,3,3,2,0,0,2,7,17,1,
22023,1630631,22300766,"FEB 12, 2024",NOP @ MEM,W,15,3,7,0.429,2,5,0.4,2,2,1.0,0,3,3,0,2,0,1,2,10,0,1,
22023,1630631,22300758,"FEB 10, 2024",NOP @ POR,W,20,1,3,0.333,0,1,0.0,0,0,0.0,0,2,2,2,3,1,1,0,2,-10,1,
22023,1630631,22300747,"FEB 09, 2024",NOP @ LAL,L,21,3,9,0.333,1,5,0.2,0,0,0.0,1,2,3,2,0,0,0,2,7,-1,1,
22023,1630631,22300731,"FEB 07, 2024",NOP @ LAC,W,13,3,4,0.75,1,2,0.5,0,0,0.0,1,0,1,0,0,0,0,0,7,6,1,
22023,1630631,22300718,"FEB 05, 2024",NOP vs. TOR,W,25,5,11,0.455,1,7,0.143,0,0,0.0,0,4,4,4,3,0,1,0,11,23,1,
22023,1630631,22300696,"FEB 02, 2024",NOP @ SAS,W,19,3,7,0.429,2,5,0.4,0,0,0.0,0,2,2,3,2,0,0,3,8,9,1,
22023,1630631,22300679,"JAN 31, 2024",NOP @ HOU,W,14,2,3,0.667,2,3,0.667,1,2,0.5,0,1,1,0,0,0,0,3,7,7,1,
22023,1630631,22300648,"JAN 27, 2024",NOP @ MIL,L,21,1,2,0.5,0,0,0.0,2,2,1.0,0,1,1,2,2,0,0,4,4,0,1,
22023,1630631,22300640,"JAN 26, 2024",NOP vs. OKC,L,12,2,7,0.286,1,6,0.167,0,0,0.0,0,2,2,3,2,0,1,0,5,-3,1,
22023,1630631,22300616,"JAN 23, 2024",NOP vs. UTA,W,5,3,5,0.6,3,4,0.75,0,0,0.0,0,2,2,0,0,0,1,0,9,3,1,
22023,1630631,22300588,"JAN 19, 2024",NOP vs. PHX,L,7,1,4,0.25,0,3,0.0,0,0,0.0,0,0,0,1,0,0,0,1,2,11,1,
22023,1630631,22300575,"JAN 17, 2024",NOP vs. CHA,W,3,0,0,0.0,0,0,0.0,2,2,1.0,0,0,0,0,0,0,0,2,2,-2,1,
22023,1630631,22300547,"JAN 13, 2024",NOP @ DAL,W,26,5,12,0.417,3,8,0.375,1,2,0.5,0,2,2,4,1,0,0,2,14,8,1,
22023,1630631,22300539,"JAN 12, 2024",NOP @ DEN,L,17,3,7,0.429,2,3,0.667,2,2,1.0,1,0,1,1,1,0,1,0,10,-2,1,
22023,1630631,22300486,"JAN 05, 2024",NOP vs. LAC,L,19,1,7,0.143,0,2,0.0,0,0,0.0,0,1,1,2,0,1,0,0,2,-9,1,
22023,1630631,22300471,"JAN 03, 2024",NOP @ MIN,W,27,3,8,0.375,2,6,0.333,0,0,0.0,1,2,3,3,0,1,1,3,8,2,1,
22023,1630631,22300461,"JAN 02, 2024",NOP vs. BKN,W,22,4,9,0.444,3,6,0.5,2,3,0.667,1,2,3,2,2,0,1,2,13,16,1,
22023,1630631,22300446,"DEC 31, 2023",NOP vs. LAL,W,20,3,8,0.375,2,5,0.4,0,0,0.0,0,3,3,1,4,2,1,1,8,8,1,
22023,1630631,22300424,"DEC 28, 2023",NOP vs. UTA,W,12,3,4,0.75,1,2,0.5,0,0,0.0,0,0,0,0,0,0,1,2,7,1,1,
22023,1630631,22300410,"DEC 26, 2023",NOP vs. MEM,L,12,3,8,0.375,1,4,0.25,1,2,0.5,1,2,3,2,1,0,0,0,8,10,1,
22023,1630631,22300392,"DEC 23, 2023",NOP vs. HOU,L,10,2,4,0.5,0,2,0.0,0,0,0.0,0,2,2,0,0,1,1,3,4,2,1,
22023,1630631,22300375,"DEC 21, 2023",NOP @ CLE,W,18,1,1,1.0,0,0,0.0,0,0,0.0,1,1,2,3,0,0,0,2,2,16,1,
22023,1630631,22300360,"DEC 19, 2023",NOP vs. MEM,L,8,1,4,0.25,0,2,0.0,0,0,0.0,1,1,2,0,0,0,0,1,2,-9,1,
22023,1630631,22300345,"DEC 17, 2023",NOP @ SAS,W,22,5,7,0.714,3,5,0.6,3,4,0.75,0,3,3,4,1,0,1,0,16,15,1,
22023,1630631,22300326,"DEC 15, 2023",NOP @ CHA,W,21,1,6,0.167,1,3,0.333,5,6,0.833,1,7,8,1,1,1,1,3,8,9,1,
22023,1630631,22300311,"DEC 13, 2023",NOP @ WAS,W,18,2,3,0.667,2,3,0.667,1,2,0.5,0,2,2,1,2,0,2,2,7,15,1,
22023,1630631,22300301,"DEC 11, 2023",NOP vs. MIN,W,15,0,5,0.0,0,3,0.0,0,0,0.0,1,1,2,3,1,1,1,3,0,-11,1,
22023,1630631,22301230,"DEC 07, 2023",NOP @ LAL,L,20,3,7,0.429,2,3,0.667,0,0,0.0,0,2,2,4,2,0,1,1,8,-13,1,
22023,1630631,22301204,"DEC 04, 2023",NOP @ SAC,W,18,3,4,0.75,2,3,0.667,1,2,0.5,0,3,3,2,2,2,1,1,9,19,1,
22023,1630631,22300285,"DEC 02, 2023",NOP @ CHI,L,18,3,8,0.375,2,5,0.4,0,0,0.0,0,1,1,2,0,0,1,0,8,-7,1,
22023,1630631,22300262,"NOV 29, 2023",NOP vs. PHI,W,9,2,5,0.4,1,2,0.5,0,0,0.0,2,0,2,1,1,0,2,1,5,-12,1,
22023,1630631,22300256,"NOV 27, 2023",NOP @ UTA,L,14,2,3,0.667,0,0,0.0,0,0,0.0,0,1,1,2,0,0,0,2,4,3,1,
22023,1630631,22300243,"NOV 25, 2023",NOP @ UTA,L,23,5,11,0.455,3,6,0.5,0,0,0.0,1,3,4,3,2,1,0,4,13,11,1,
22023,1630631,22300052,"NOV 24, 2023",NOP @ LAC,W,16,1,6,0.167,0,2,0.0,2,2,1.0,1,4,5,1,1,0,1,0,4,-12,1,
22023,1630631,22300233,"NOV 22, 2023",NOP vs. SAC,W,19,4,9,0.444,2,6,0.333,0,4,0.0,0,1,1,2,3,0,1,2,10,9,1,
22023,1630631,22300222,"NOV 20, 2023",NOP vs. SAC,W,15,2,5,0.4,1,3,0.333,0,0,0.0,0,0,0,3,0,0,2,0,5,8,1,
22023,1630639,22300785,"FEB 14, 2024",DAL vs. SAS,W,5,0,1,0.0,0,0,0.0,0,0,0.0,0,2,2,0,0,0,0,0,0,-2,1,
22023,1630639,22300768,"FEB 12, 2024",DAL vs. WAS,W,0,0,0,0.0,0,0,0.0,0,0,0.0,0,0,0,0,0,0,0,0,0,0,1,
22023,1630639,22300748,"FEB 10, 2024",DAL vs. OKC,W,6,2,4,0.5,1,2,0.5,0,0,0.0,1,1,2,0,0,0,0,2,5,0,1,
22023,1630639,22300736,"FEB 08, 2024",DAL @ NYK,W,1,0,0,0.0,0,0,0.0,0,0,0.0,0,0,0,0,0,0,0,0,0,-2,1,
22023,1630639,22300715,"FEB 05, 2024",DAL @ PHI,W,5,3,3,1.0,0,0,0.0,0,2,0.0,0,0,0,0,0,0,0,0,6,0,1,
22023,1630639,22300680,"JAN 31, 2024",DAL @ MIN,L,15,1,5,0.2,0,2,0.0,1,2,0.5,1,1,2,1,0,1,0,2,3,-5,1,
22023,1630639,22300651,"JAN 27, 2024",DAL vs. SAC,L,4,1,2,0.5,0,1,0.0,0,0,0.0,0,0,0,1,0,0,1,1,2,-9,1,
22023,1630639,22300625,"JAN 24, 2024",DAL vs. PHX,L,5,1,3,0.333,1,2,0.5,0,0,0.0,0,1,1,1,0,0,0,0,3,0,1,
22023,1630639,22300577,"JAN 17, 2024",DAL @ LAL,L,5,1,1,1.0,0,0,0.0,0,0,0.0,0,0,0,0,0,0,0,0,2,6,1,
22023,1630639,22300556,"JAN 15, 2024",DAL vs. NOP,W,14,1,3,0.333,1,2,0.5,0,0,0.0,1,0,1,0,0,1,0,1,3,-1,1,
22023,1630639,22300547,"JAN 13, 2024",DAL vs. NOP,L,6,1,3,0.333,0,1,0.0,1,1,1.0,0,1,1,1,0,0,1,0,3,4,1,
22023,1630639,22300515,"JAN 09, 2024",DAL vs. MEM,L,5,1,3,0.333,1,2,0.5,0,0,0.0,1,1,2,0,0,0,0,1,3,-3,1,
22023,1630639,22300487,"JAN 05, 2024",DAL vs. POR,W,25,4,8,0.5,1,4,0.25,5,6,0.833,1,4,5,2,2,0,2,5,14,21,1,
22023,1630639,22300472,"JAN 03, 2024",DAL vs. POR,W,8,1,4,0.25,1,1,1.0,0,0,0.0,0,0,0,0,1,0,0,1,3,-3,1,
22023,1630639,22300405,"DEC 25, 2023",DAL @ PHX,W,5,0,2,0.0,0,2,0.0,0,0,0.0,0,1,1,0,0,0,0,0,0,-1,1,
22023,1630639,22300398,"DEC 23, 2023",DAL vs. SAS,W,31,7,10,0.7,3,4,0.75,0,0,0.0,3,4,7,3,2,0,1,2,17,16,1,
22023,1630639,22300385,"DEC 22, 2023",DAL @ HOU,L,23,3,4,0.75,0,1,0.0,2,2,1.0,0,2,2,1,4,0,3,0,8,2,1,
22023,1630639,22300372,"DEC 20, 2023",DAL vs. LAC,L,1,0,0,0.0,0,0,0.0,0,0,0.0,0,0,0,0,0,0,0,0,0,0,1,
22023,1630639,22300356,"DEC 18, 2023",DAL @ DEN,L,15,2,4,0.5,1,2,0.5,1,2,0.5,1,1,2,0,0,0,1,2,6,-9,1,
22023,1630639,22300341,"DEC 16, 2023",DAL @ POR,W,1,0,0,0.0,0,0,0.0,0,0,0.0,0,0,0,0,0,0,0,0,0,0,1,
22023,1630639,22300321,"DEC 14, 2023",DAL vs. MIN,L,2,1,1,1.0,0,0,0.0,0,0,0.0,0,0,0,0,0,0,0,0,2,1,1,
22023,1630639,22300306,"DEC 12, 2023",DAL vs. LAL,W,0,0,0,0.0,0,0,0.0,0,0,0.0,0,0,0,0,0,0,0,0,0,-3,1,
22023,1630639,22300299,"DEC 11, 2023",DAL @ MEM,W,14,2,7,0.286,0,4,0.0,0,0,0.0,1,0,1,1,0,0,1,0,4,1,1,
22023,1630639,22301226,"DEC 08, 2023",DAL @ POR,W,7,1,3,0.333,0,2,0.0,0,0,0.0,0,1,1,0,0,0,0,1,2,-4,1,
22023,1630639,22301213,"DEC 06, 2023",DAL vs. UTA,W,7,2,2,1.0,0,0,0.0,0,0,0.0,1,0,1,0,0,0,0,0,4,7,1,
22023,1630639,22300287,"DEC 02, 2023",DAL vs. OKC,L,19,4,10,0.4,3,7,0.429,1,2,0.5,0,0,0,2,0,1,0,1,12,9,1,
22023,1630639,22300277,"DEC 01, 2023",DAL vs. MEM,L,4,0,1,0.0,0,1,0.0,1,2,0.5,0,1,1,0,0,0,0,0,1,4,1,
22023,1630643,22300746,"FEB 09, 2024",DEN @ SAC,L,4,1,1,1.0,1,1,1.0,0,0,0.0,0,2,2,0,0,0,0,0,3,-1,1,
22023,1630643,22300697,"FEB 02, 2024",DEN vs. POR,W,1,0,0,0.0,0,0,0.0,0,0,0.0,0,0,0,0,1,0,0,0,0,2,1,
22023,1630643,22300631,"JAN 25, 2024",DEN @ NYK,L,5,1,2,0.5,1,2,0.5,0,0,0.0,0,0,0,0,0,0,0,2,3,-3,1,
22023,1630643,22300539,"JAN 12, 2024",DEN vs. NOP,W,2,0,0,0.0,0,0,0.0,0,0,0.0,0,1,1,0,0,0,0,1,0,-6,1,
22023,1630643,22300524,"JAN 10, 2024",DEN @ UTA,L,6,1,2,0.5,0,1,0.0,0,0,0.0,0,0,0,1,0,0,1,1,2,12,1,
22023,1630643,22300502,"JAN 07, 2024",DEN vs. DET,W,2,0,1,0.0,0,1,0.0,0,0,0.0,0,0,0,0,0,0,0,1,0,-6,1,
22023,1630643,22300257,"NOV 27, 2023",DEN @ LAC,W,0,0,0,0.0,0,0,0.0,0,0,0.0,0,0,0,0,0,0,0,0,0,0,1,
22023,1630643,22300252,"NOV 26, 2023",DEN vs. SAS,W,2,1,1,1.0,0,0,0.0,0,0,0.0,0,0,0,0,0,0,0,0,2,-4,1,
22023,1630647,22300784,"FEB 14, 2024",WAS @ NOP,L,3,0,0,0.0,0,0,0.0,0,0,0.0,0,0,0,0,0,0,0,2,0,-10,1,
22023,1630647,22300753,"FEB 10, 2024",WAS vs. PHI,L,8,0,4,0.0,0,1,0.0,2,2,1.0,2,3,5,0,0,0,0,3,2,-15,1,
22023,1630647,22300743,"FEB 09, 2024",WAS @ BOS,L,13,2,4,0.5,0,1,0.0,0,0,0.0,1,4,5,2,0,0,2,2,4,-16,1,
22023,1630647,22300728,"FEB 07, 2024",WAS vs. CLE,L,13,1,6,0.167,0,0,0.0,1,2,0.5,3,0,3,3,3,0,2,3,3,-19,1,
22023,1630647,22300705,"FEB 04, 2024",WAS vs. PHX,L,23,6,12,0.5,1,3,0.333,3,4,0.75,5,5,10,3,3,0,0,3,16,-6,1,
22023,1630647,22300494,"JAN 06, 2024",WAS vs. NYK,L,3,0,1,0.0,0,1,0.0,0,0,0.0,0,1,1,1,0,0,0,1,0,5,1,
22023,1630647,22300482,"JAN 05, 2024",WAS @ CLE,L,7,3,5,0.6,0,1,0.0,2,2,1.0,1,0,1,0,1,0,0,2,8,1,1,
22023,1630647,22300465,"JAN 03, 2024",WAS @ CLE,L,7,1,3,0.333,0,1,0.0,0,0,0.0,1,0,1,0,0,0,0,2,2,-4,1,
22023,1630647,22300416,"DEC 27, 2023",WAS vs. TOR,L,6,3,4,0.75,0,1,0.0,1,2,0.5,0,1,1,2,2,0,1,2,7,-4,1,
22023,1630647,22300358,"DEC 18, 2023",WAS @ SAC,L,5,1,3,0.333,0,1,0.0,0,0,0.0,0,2,2,0,0,0,0,1,2,6,1,
22023,1630647,22300347,"DEC 17, 2023",WAS @ PHX,L,0,0,0,0.0,0,0,0.0,0,0,0.0,0,0,0,0,0,0,0,0,0,0,1,
22023,1630647,22300295,"DEC 11, 2023",WAS @ PHI,L,2,0,1,0.0,0,0,0.0,0,0,0.0,0,0,0,0,0,0,0,1,0,-4,1,
22023,1630647,22301219,"DEC 08, 2023",WAS @ BKN,L,4,1,2,0.5,0,1,0.0,1,1,1.0,0,1,1,0,1,0,2,1,3,-2,1,
22023,1630647,22300259,"NOV 29, 2023",WAS @ ORL,L,10,3,5,0.6,1,2,0.5,3,4,0.75,1,0,1,1,1,0,0,3,10,-2,1,
22023,1630647,22300253,"NOV 27, 2023",WAS @ DET,W,2,1,3,0.333,1,1,1.0,0,0,0.0,2,0,2,0,0,0,0,0,3,0,1,
22023,1630647,22300241,"NOV 25, 2023",WAS vs. ATL,L,12,4,6,0.667,0,1,0.0,2,2,1.0,2,1,3,1,1,0,0,1,10,1,1,
22023,1630647,22300219,"NOV 20, 2023",WAS vs. MIL,L,1,0,1,0.0,0,1,0.0,2,2,1.0,0,0,0,0,0,0,0,0,2,2,1,
22023,1630647,22300028,"NOV 17, 2023",WAS vs. NYK,L,2,2,2,1.0,1,1,1.0,0,0,0.0,0,0,0,0,0,0,0,0,5,-1,1,
22023,1630647,22300157,"NOV 08, 2023",WAS @ CHA,W,3,0,1,0.0,0,1,0.0,0,0,0.0,0,1,1,0,1,0,0,0,0,-2,1,
22023,1630647,22300148,"NOV 06, 2023",WAS @ PHI,L,11,1,2,0.5,1,2,0.5,1,2,0.5,0,4,4,2,0,0,3,4,4,-3,1,
22023,1630647,22300003,"NOV 03, 2023",WAS @ MIA,L,7,2,2,1.0,0,0,0.0,0,0,0.0,0,0,0,2,1,0,1,1,4,18,1,
22023,1630647,22300117,"NOV 01, 2023",WAS @ ATL,L,8,3,6,0.5,0,1,0.0,1,2,0.5,0,2,2,0,0,0,1,1,7,-3,1,
22023,1630647,22300103,"OCT 30, 2023",WAS vs. BOS,L,12,5,5,1.0,1,1,1.0,3,4,0.75,3,3,6,1,1,1,0,0,14,14,1,
22023,1630647,22300064,"OCT 25, 2023",WAS @ IND,L,8,2,3,0.667,0,0,0.0,0,0,0.0,1,1,2,1,0,0,1,0,4,-2,1,
22023,1630649,22300749,"FEB 10, 2024",DET @ LAC,L,6,0,0,0.0,0,0,0.0,0,0,0.0,1,0,1,1,0,0,0,0,0,8,1,
22023,1630649,22300741,"FEB 08, 2024",DET @ POR,W,29,5,8,0.625,3,4,0.75,1,1,1.0,0,2,2,0,0,0,1,4,14,-3,1,
22023,1630649,22300268,"NOV 30, 2023",DET @ NYK,L,2,0,0,0.0,0,0,0.0,0,0,0.0,0,0,0,0,0,0,0,0,0,-3,1,
22023,1630649,22300258,"NOV 29, 2023",DET vs. LAL,L,20,2,9,0.222,2,5,0.4,2,2,1.0,0,5,5,2,1,0,3,5,8,3,1,
22023,1630649,22300253,"NOV 27, 2023",DET vs. WAS,L,2,0,1,0.0,0,1,0.0,0,0,0.0,1,0,1,0,0,0,1,2,0,-1,1,
22023,1630649,22300047,"NOV 24, 2023",DET @ IND,L,8,0,1,0.0,0,0,0.0,0,0,0.0,1,1,2,0,1,2,1,3,0,-14,1,
22023,1630649,22300218,"NOV 20, 2023",DET vs. DEN,L,18,4,8,0.5,3,5,0.6,0,0,0.0,0,1,1,2,0,0,1,1,11,-2,1,
22023,1630649,22300211,"NOV 19, 2023",DET @ TOR,L,25,5,6,0.833,2,3,0.667,7,8,0.875,0,4,4,3,0,1,1,2,19,-12,1,
22023,1630649,22300030,"NOV 17, 2023",DET @ CLE,L,17,2,3,0.667,2,3,0.667,4,4,1.0,1,5,6,0,1,1,0,1,10,0,1,
22023,1630649,22300008,"NOV 10, 2023",DET vs. PHI,L,17,1,2,0.5,1,2,0.5,7,8,0.875,0,4,4,1,0,0,0,2,10,-2,1,
22023,1630649,22300165,"NOV 08, 2023",DET @ MIL,L,9,1,2,0.5,0,1,0.0,0,0,0.0,0,0,0,0,0,1,2,1,2,-2,1,
22023,1630649,22300145,"NOV 06, 2023",DET vs. GSW,L,16,5,8,0.625,4,5,0.8,1,1,1.0,0,3,3,0,0,0,1,3,15,-10,1,
22023,1630649,22300140,"NOV 05, 2023",DET vs. PHX,L,4,0,2,0.0,0,1,0.0,0,0,0.0,0,0,0,0,0,0,0,1,0,0,1,
22023,1630649,22300129,"NOV 02, 2023",DET @ NOP,L,1,0,1,0.0,0,1,0.0,0,0,0.0,0,0,0,0,0,0,0,0,0,0,1,
22023,1630649,22300115,"NOV 01, 2023",DET vs. POR,L,12,0,1,0.0,0,0,0.0,0,0,0.0,0,2,2,0,0,0,0,3,0,-8,1,
22023,1630649,22300109,"OCT 30, 2023",DET @ OKC,L,2,0,0,0.0,0,0,0.0,0,0,0.0,0,0,0,0,1,0,0,0,0,8,1,
22023,1630649,22300088,"OCT 28, 2023",DET vs. CHI,W,1,0,0,0.0,0,0,0.0,0,0,0.0,0,0,0,0,0,0,0,0,0,-3,1,
22023,1630658,22300788,"FEB 14, 2024",LAL @ UTA,W,2,1,1,1.0,0,0,0.0,0,0,0.0,0,0,0,0,0,0,0,0,2,-7,1,
22023,1630658,22300776,"FEB 13, 2024",LAL vs. DET,W,1,0,0,0.0,0,0,0.0,0,0,0.0,0,0,0,0,0,0,0,1,0,-5,1,
22023,1630658,22300605,"JAN 21, 2024",LAL vs. POR,W,4,1,1,1.0,0,0,0.0,2,2,1.0,1,1,2,0,0,0,1,1,4,1,1,
22023,1630658,22300331,"DEC 15, 2023",LAL @ SAS,L,5,3,3,1.0,0,0,0.0,0,0,0.0,0,1,1,1,0,0,0,0,6,6,1,
22023,1630658,22300271,"NOV 30, 2023",LAL @ OKC,L,4,0,1,0.0,0,0,0.0,2,2,1.0,1,2,3,0,0,0,0,0,2,-5,1,
22023,1630658,22300163,"NOV 08, 2023",LAL @ HOU,L,14,1,3,0.333,0,0,0.0,0,0,0.0,2,0,2,2,0,0,0,5,2,-8,1,
22023,1630658,22300134,"NOV 04, 2023",LAL @ ORL,L,4,1,1,1.0,0,0,0.0,0,0,0.0,0,1,1,0,0,0,0,0,2,-3,1,
22023,1630678,22300700,"FEB 03, 2024",CHI vs. SAC,L,3,1,2,0.5,0,0,0.0,0,0,0.0,1,0,1,0,0,0,0,0,2,0,1,
22023,1630678,22300674,"JAN 31, 2024",CHI @ CHA,W,20,1,4,0.25,1,2,0.5,0,0,0.0,1,5,6,2,1,0,0,0,3,0,1,
22023,1630678,22300597,"JAN 20, 2024",CHI vs. MEM,W,4,1,1,1.0,0,0,0.0,0,0,0.0,1,1,2,1,0,0,1,2,2,4,1,
22023,1630678,22300561,"JAN 15, 2024",CHI @ CLE,L,5,0,1,0.0,0,1,0.0,0,0,0.0,0,1,1,0,0,0,0,1,0,-5,1,
22023,1630678,22300484,"JAN 05, 2024",CHI vs. CHA,W,9,2,3,0.667,0,1,0.0,1,1,1.0,0,0,0,0,0,1,1,2,5,5,1,
22023,1630678,22300468,"JAN 03, 2024",CHI @ NYK,L,16,2,3,0.667,0,0,0.0,0,0,0.0,1,1,2,0,0,0,0,0,4,0,1,
22023,1630678,22300459,"JAN 02, 2024",CHI @ PHI,L,20,0,5,0.0,0,2,0.0,0,0,0.0,4,1,5,1,1,1,4,2,0,18,1,
22023,1630678,22300442,"DEC 30, 2023",CHI vs. PHI,W,17,3,3,1.0,0,0,0.0,0,0,0.0,3,3,6,1,1,0,0,0,6,1,1,
22023,1630678,22300422,"DEC 28, 2023",CHI vs. IND,L,14,1,2,0.5,0,1,0.0,0,0,0.0,1,0,1,1,0,0,0,3,2,1,1,
22023,1630678,22300408,"DEC 26, 2023",CHI vs. ATL,W,8,2,2,1.0,0,0,0.0,0,0,0.0,1,0,1,0,0,0,0,2,4,4,1,
22023,1630678,22300376,"DEC 21, 2023",CHI vs. SAS,W,2,0,0,0.0,0,0,0.0,0,0,0.0,0,0,0,0,0,0,1,1,0,-1,1,
22023,1630678,22300370,"DEC 20, 2023",CHI vs. LAL,W,1,0,0,0.0,0,0,0.0,0,0,0.0,0,0,0,0,0,0,0,0,0,-2,1,
22023,1630678,22300307,"DEC 12, 2023",CHI vs. DEN,L,1,1,1,1.0,0,0,0.0,0,0,0.0,1,0,1,0,0,0,0,0,2,2,1,
22023,1630678,22300053,"NOV 28, 2023",CHI @ BOS,L,3,0,0,0.0,0,0,0.0,0,0,0.0,0,0,0,0,1,0,0,0,0,1,1,
22023,1630678,22300220,"NOV 20, 2023",CHI vs. MIA,L,2,0,0,0.0,0,0,0.0,0,0,0.0,0,0,0,0,0,0,0,0,0,6,1,
22023,1630678,22300152,"NOV 06, 2023",CHI vs. UTA,W,2,0,0,0.0,0,0,0.0,0,0,0.0,0,1,1,0,0,0,0,0,0,-5,1,
22023,1630678,22300139,"NOV 04, 2023",CHI @ DEN,L,3,1,1,1.0,0,0,0.0,0,0,0.0,0,0,0,0,0,0,0,0,2,-2,1,
22023,1630678,22300088,"OCT 28, 2023",CHI @ DET,L,1,0,0,0.0,0,0,0.0,0,0,0.0,0,0,0,0,0,0,0,0,0,0,1,
22023,1630688,22300472,"JAN 03, 2024",POR @ DAL,L,17,3,5,0.6,3,5,0.6,0,0,0.0,0,5,5,0,1,0,0,0,9,2,1,
22023,1630688,22300456,"JAN 01, 2024",POR @ PHX,L,12,2,5,0.4,2,4,0.5,2,2,1.0,0,1,1,0,0,1,1,2,8,3,1,
22023,1630688,22300427,"DEC 28, 2023",POR vs. SAS,L,6,0,5,0.0,0,4,0.0,0,0,0.0,0,1,1,0,0,0,0,0,0,-1,1,
22023,1630688,22300413,"DEC 26, 2023",POR vs. SAC,W,2,0,1,0.0,0,1,0.0,0,0,0.0,0,1,1,0,0,0,0,0,0,-2,1,
22023,1630688,22300399,"DEC 23, 2023",POR @ GSW,L,4,1,1,1.0,1,1,1.0,0,0,0.0,0,1,1,0,0,0,0,1,3,-1,1,
22023,1630688,22300199,"NOV 15, 2023",POR vs. CLE,L,3,0,0,0.0,0,0,0.0,0,0,0.0,0,0,0,0,0,0,0,0,0,0,1,
22023,1630688,22300023,"NOV 14, 2023",POR @ UTA,L,3,0,1,0.0,0,1,0.0,0,0,0.0,0,0,0,0,1,0,0,1,0,-1,1,
22023,1630692,22300790,"FEB 15, 2024",MEM vs. MIL,W,29,5,12,0.417,1,3,0.333,0,0,0.0,2,5,7,3,2,0,2,1,11,-8,1,
22023,1630692,22300783,"FEB 14, 2024",MEM vs. HOU,W,24,4,8,0.5,1,2,0.5,1,4,0.25,1,2,3,3,1,1,0,1,10,10,1,
22023,1630692,22300725,"FEB 06, 2024",PHX vs. MIL,W,0,0,0,0.0,0,0,0.0,2,2,1.0,0,0,0,0,0,0,0,0,2,-3,1,
22023,1630692,22300705,"FEB 04, 2024",PHX @ WAS,W,9,2,3,0.667,0,0,0.0,0,0,0.0,0,0,0,1,2,1,0,1,4,-1,1,
22023,1630692,22300677,"JAN 31, 2024",PHX @ BKN,W,1,1,1,1.0,0,0,0.0,0,0,0.0,0,0,0,0,0,0,0,0,2,0,1,
22023,1630692,22300655,"JAN 28, 2024",PHX @ ORL,L,2,1,2,0.5,0,0,0.0,0,0,0.0,1,0,1,0,0,0,0,0,2,1,1,
22023,1630692,22300625,"JAN 24, 2024",PHX @ DAL,W,4,3,4,0.75,0,1,0.0,0,0,0.0,0,0,0,1,0,0,0,0,6,2,1,
22023,1630692,22300588,"JAN 19, 2024",PHX @ NOP,W,4,1,2,0.5,0,0,0.0,0,0,0.0,1,0,1,1,0,0,1,1,2,-10,1,
22023,1630692,22300531,"JAN 11, 2024",PHX @ LAL,W,5,0,1,0.0,0,0,0.0,0,0,0.0,0,0,0,1,1,0,1,1,0,-7,1,
22023,1630692,22300511,"JAN 08, 2024",PHX @ LAC,L,5,2,3,0.667,0,0,0.0,0,0,0.0,0,0,0,0,0,0,0,0,4,-3,1,
22023,1630692,22300489,"JAN 05, 2024",PHX vs. MIA,W,2,0,1,0.0,0,1,0.0,0,0,0.0,0,0,0,0,0,0,0,0,0,-5,1,
22023,1630692,22300456,"JAN 01, 2024",PHX vs. POR,W,6,1,2,0.5,0,1,0.0,0,0,0.0,1,0,1,1,1,0,1,0,2,-5,1,
22023,1630692,22300436,"DEC 29, 2023",PHX vs. CHA,W,1,0,0,0.0,0,0,0.0,0,0,0.0,0,0,0,0,0,0,0,0,0,2,1,
22023,1630692,22300405,"DEC 25, 2023",PHX vs. DAL,L,11,0,3,0.0,0,1,0.0,2,2,1.0,3,0,3,1,0,0,0,0,2,3,1,
22023,1630692,22300387,"DEC 22, 2023",PHX @ SAC,L,14,1,6,0.167,0,1,0.0,1,2,0.5,2,1,3,0,1,0,1,2,3,5,1,
22023,1630692,22300363,"DEC 19, 2023",PHX @ POR,L,20,1,7,0.143,0,2,0.0,0,0,0.0,3,3,6,2,0,1,1,2,2,0,1,
22023,1630692,22300347,"DEC 17, 2023",PHX vs. WAS,W,20,3,7,0.429,0,3,0.0,0,0,0.0,3,5,8,6,0,0,2,2,6,17,1,
22023,1630692,22300333,"DEC 15, 2023",PHX vs. NYK,L,23,1,5,0.2,1,3,0.333,0,0,0.0,0,3,3,9,0,0,1,3,3,-13,1,
22023,1630692,22300317,"DEC 13, 2023",PHX vs. BKN,L,27,1,6,0.167,0,2,0.0,0,0,0.0,0,0,0,1,1,0,2,1,2,-19,1,
22023,1630692,22300308,"DEC 12, 2023",PHX vs. GSW,W,30,5,10,0.5,1,5,0.2,5,5,1.0,0,5,5,6,2,1,1,3,16,-10,1,
22023,1630692,22301228,"DEC 08, 2023",PHX vs. SAC,L,20,3,6,0.5,0,1,0.0,2,2,1.0,2,3,5,6,0,0,2,2,8,-12,1,
22023,1630692,22301203,"DEC 05, 2023",PHX @ LAL,L,15,3,6,0.5,1,2,0.5,0,0,0.0,2,4,6,1,0,0,1,1,7,1,1,
22023,1630692,22300288,"DEC 02, 2023",PHX vs. MEM,W,19,2,6,0.333,1,3,0.333,2,2,1.0,1,3,4,1,0,0,1,3,7,-5,1,
22023,1630692,22300279,"DEC 01, 2023",PHX vs. DEN,L,20,1,3,0.333,0,1,0.0,0,0,0.0,2,4,6,0,0,0,0,1,2,-5,1,
22023,1630692,22300260,"NOV 29, 2023",PHX @ TOR,L,23,4,8,0.5,1,3,0.333,0,0,0.0,3,3,6,4,0,0,2,2,9,3,1,
22023,1630692,22300247,"NOV 26, 2023",PHX @ NYK,W,29,6,10,0.6,2,3,0.667,0,0,0.0,3,4,7,5,1,1,0,2,14,7,1,
22023,1630692,22300044,"NOV 24, 2023",PHX @ MEM,W,20,6,8,0.75,1,3,0.333,1,1,1.0,2,3,5,2,1,0,1,0,14,19,1,
22023,1630692,22300236,"NOV 22, 2023",PHX vs. GSW,W,1,0,0,0.0,0,0,0.0,0,0,0.0,0,0,0,0,0,0,0,0,0,-5,1,
22023,1630692,22300041,"NOV 21, 2023",PHX vs. POR,W,5,1,3,0.333,0,1,0.0,0,0,0.0,0,0,0,0,0,0,0,0,2,-9,1,
22023,1630692,22300214,"NOV 19, 2023",PHX @ UTA,W,11,0,0,0.0,0,0,0.0,0,0,0.0,0,3,3,3,1,0,1,0,0,0,1,
22023,1630692,22300035,"NOV 17, 2023",PHX @ UTA,W,14,1,6,0.167,1,4,0.25,0,0,0.0,0,2,2,4,1,0,0,2,3,13,1,
22023,1630692,22300197,"NOV 15, 2023",PHX vs. MIN,W,16,1,1,1.0,1,1,1.0,0,0,0.0,0,3,3,3,1,1,0,2,3,6,1,
22023,1630692,22300185,"NOV 12, 2023",PHX vs. OKC,L,29,4,10,0.4,3,7,0.429,0,0,0.0,1,4,5,3,1,1,1,2,11,3,1,
22023,1630692,22300015,"NOV 10, 2023",PHX vs. LAL,L,7,1,3,0.333,1,3,0.333,0,0,0.0,1,1,2,0,0,0,0,0,3,-13,1,
22023,1630692,22300162,"NOV 08, 2023",PHX @ CHI,W,17,2,5,0.4,2,3,0.667,0,0,0.0,1,1,2,0,0,0,0,1,6,2,1,
22023,1630692,22300140,"NOV 05, 2023",PHX @ DET,W,21,2,7,0.286,2,4,0.5,2,2,1.0,0,7,7,3,1,1,2,2,8,12,1,
22023,1630692,22300132,"NOV 04, 2023",PHX @ PHI,L,16,2,10,0.2,1,6,0.167,1,2,0.5,2,1,3,0,2,2,0,0,6,5,1,
22023,1630692,22300131,"NOV 02, 2023",PHX vs. SAS,L,10,1,3,0.333,1,2,0.5,0,0,0.0,1,0,1,3,1,0,1,0,3,-13,1,
22023,1630692,22300113,"OCT 31, 2023",PHX vs. SAS,L,15,3,7,0.429,0,2,0.0,0,0,0.0,2,2,4,0,1,0,1,3,6,-2,1,
22023,1630692,22300094,"OCT 28, 2023",PHX vs. UTA,W,25,2,9,0.222,2,5,0.4,6,6,1.0,2,3,5,5,1,0,2,2,12,3,1,
22023,1630692,22300076,"OCT 26, 2023",PHX @ LAL,L,30,6,15,0.4,1,5,0.2,1,3,0.333,0,6,6,2,2,0,1,2,14,8,1,
22023,1630692,22300062,"OCT 24, 2023",PHX @ GSW,W,14,1,4,0.25,0,1,0.0,0,0,0.0,1,3,4,3,1,0,2,0,2,7,1,
22023,1630695,22300342,"DEC 16, 2023",UTA @ SAC,L,4,0,1,0.0,0,1,0.0,0,0,0.0,0,4,4,0,0,0,0,0,0,-1,1,
22023,1630695,22300323,"DEC 14, 2023",UTA @ POR,W,3,0,0,0.0,0,0,0.0,0,0,0.0,0,0,0,0,0,0,0,0,0,-12,1,
22023,1630696,22300229,"NOV 22, 2023",MIA @ CLE,W,1,0,0,0.0,0,0,0.0,0,0,0.0,0,0,0,0,0,0,0,1,0,-5,1,
22023,1630696,22300220,"NOV 20, 2023",MIA @ CHI,W,2,0,1,0.0,0,1,0.0,0,0,0.0,0,1,1,0,1,0,0,0,0,-6,1,
22023,1630696,22300017,"NOV 14, 2023",MIA @ CHA,W,3,0,0,0.0,0,0,0.0,0,0,0.0,0,0,0,0,0,0,0,2,0,1,1,
22023,1630696,22300184,"NOV 12, 2023",MIA @ SAS,W,27,4,9,0.444,2,5,0.4,2,2,1.0,2,2,4,3,0,0,1,2,12,5,1,
22023,1630696,22300175,"NOV 11, 2023",MIA @ ATL,W,28,4,8,0.5,1,3,0.333,0,0,0.0,1,1,2,2,3,1,2,3,9,-1,1,
22023,1630696,22300164,"NOV 08, 2023",MIA @ MEM,W,15,1,3,0.333,0,2,0.0,0,0,0.0,2,2,4,1,1,1,0,0,2,-3,1,
22023,1630696,22300093,"OCT 28, 2023",MIA @ MIN,L,22,2,4,0.5,1,1,1.0,0,0,0.0,0,1,1,4,1,0,1,1,5,-12,1,
22023,1630696,22300080,"OCT 27, 2023",MIA @ BOS,L,23,3,6,0.5,3,4,0.75,0,0,0.0,1,1,2,3,3,1,1,2,9,-18,1,
22023,1630696,22300068,"OCT 25, 2023",MIA vs. DET,W,9,1,2,0.5,0,1,0.0,0,0,0.0,0,0,0,1,0,0,0,1,2,-4,1,
22023,1630699,22300773,"FEB 13, 2024",MIL vs. MIA,L,8,2,4,0.5,1,2,0.5,3,4,0.75,1,1,2,0,1,0,2,1,8,3,1,
22023,1630699,22300767,"FEB 12, 2024",MIL vs. DEN,W,6,1,2,0.5,1,2,0.5,0,0,0.0,1,1,2,0,0,0,1,1,3,-3,1,
22023,1630699,22300745,"FEB 09, 2024",MIL vs. CHA,W,8,0,2,0.0,0,1,0.0,4,4,1.0,0,3,3,0,0,0,0,2,4,-4,1,
22023,1630699,22300738,"FEB 08, 2024",MIL vs. MIN,L,5,1,2,0.5,0,1,0.0,0,0,0.0,0,1,1,0,0,0,0,0,2,-1,1,
22023,1630699,22300711,"FEB 04, 2024",MIL @ UTA,L,1,0,1,0.0,0,1,0.0,0,0,0.0,0,0,0,0,0,0,0,0,0,-1,1,
22023,1630699,22300648,"JAN 27, 2024",MIL vs. NOP,W,6,3,3,1.0,0,0,0.0,0,0,0.0,0,0,0,0,0,0,0,0,6,-4,1,
22023,1630699,22300572,"JAN 17, 2024",MIL @ CLE,L,23,0,3,0.0,0,0,0.0,0,0,0.0,1,2,3,2,0,0,1,1,0,-12,1,
22023,1630699,22300528,"JAN 11, 2024",MIL vs. BOS,W,12,0,2,0.0,0,2,0.0,0,0,0.0,0,1,1,0,0,1,1,0,0,-8,1,
22023,1630699,22300510,"JAN 08, 2024",MIL vs. UTA,L,14,1,6,0.167,1,4,0.25,0,0,0.0,0,2,2,3,2,0,0,1,3,4,1,
22023,1630699,22300496,"JAN 06, 2024",MIL @ HOU,L,23,2,4,0.5,1,3,0.333,0,0,0.0,1,3,4,3,0,1,1,1,5,2,1,
22023,1630699,22300477,"JAN 04, 2024",MIL @ SAS,W,17,3,8,0.375,2,4,0.5,0,0,0.0,2,1,3,0,0,0,1,1,8,-7,1,
22023,1630699,22300466,"JAN 03, 2024",MIL @ IND,L,21,6,9,0.667,0,3,0.0,0,0,0.0,1,2,3,1,0,0,1,1,12,-1,1,
22023,1630699,22300433,"DEC 29, 2023",MIL @ CLE,W,11,2,3,0.667,1,2,0.5,0,0,0.0,1,0,1,0,0,0,0,2,5,1,1,
22023,1630699,22300417,"DEC 27, 2023",MIL @ BKN,W,21,4,6,0.667,2,3,0.667,1,2,0.5,0,5,5,2,1,0,0,2,11,21,1,
22023,1630699,22300401,"DEC 25, 2023",MIL @ NYK,L,6,0,0,0.0,0,0,0.0,0,0,0.0,0,1,1,0,1,0,0,0,0,4,1,
22023,1630699,22300388,"DEC 23, 2023",MIL @ NYK,W,0,0,0,0.0,0,0,0.0,0,0,0.0,0,1,1,0,0,0,0,0,0,0,1,
22023,1630699,22300378,"DEC 21, 2023",MIL vs. ORL,W,11,2,3,0.667,1,2,0.5,0,0,0.0,0,3,3,0,0,0,2,2,5,-4,1,
22023,1630699,22300361,"DEC 19, 2023",MIL vs. SAS,W,6,0,0,0.0,0,0,0.0,0,0,0.0,0,1,1,0,0,0,0,0,0,-6,1,
22023,1630699,22300346,"DEC 17, 2023",MIL vs. HOU,W,13,0,0,0.0,0,0,0.0,0,0,0.0,0,1,1,0,0,0,0,2,0,2,1,
22023,1630699,22300334,"DEC 16, 2023",MIL vs. DET,W,33,4,8,0.5,1,2,0.5,2,2,1.0,1,5,6,1,2,0,3,0,11,12,1,
22023,1630699,22300315,"DEC 13, 2023",MIL vs. IND,W,15,3,4,0.75,0,0,0.0,0,0,0.0,0,3,3,0,0,0,3,2,6,-3,1,
22023,1630699,22300300,"DEC 11, 2023",MIL vs. CHI,W,14,1,2,0.5,0,1,0.0,0,0,0.0,0,0,0,0,0,0,0,1,2,6,1,
22023,1630699,22301229,"DEC 07, 2023",MIL vs. IND,L,15,2,3,0.667,0,0,0.0,1,4,0.25,3,3,6,0,0,1,0,0,5,-17,1,
22023,1630699,22301201,"DEC 05, 2023",MIL vs. NYK,W,19,2,3,0.667,2,2,1.0,0,0,0.0,0,2,2,1,1,0,0,1,6,9,1,
22023,1630699,22300286,"DEC 02, 2023",MIL vs. ATL,W,17,1,2,0.5,1,1,1.0,0,0,0.0,0,1,1,2,0,1,0,3,3,14,1,
22023,1630699,22300269,"NOV 30, 2023",MIL @ CHI,L,22,3,7,0.429,1,4,0.25,0,0,0.0,0,3,3,0,0,0,2,1,7,11,1,
22023,1630699,22300056,"NOV 28, 2023",MIL @ MIA,W,9,0,2,0.0,0,0,0.0,0,0,0.0,1,3,4,1,0,0,1,4,0,0,1,
22023,1630699,22300245,"NOV 26, 2023",MIL vs. POR,W,9,0,0,0.0,0,0,0.0,0,0,0.0,0,1,1,1,0,1,1,2,0,-1,1,
22023,1630699,22300049,"NOV 24, 2023",MIL vs. WAS,W,13,0,4,0.0,0,2,0.0,3,4,0.75,0,3,3,2,0,0,0,2,3,8,1,
22023,1630699,22300228,"NOV 22, 2023",MIL @ BOS,L,22,2,5,0.4,1,2,0.5,0,0,0.0,1,2,3,0,1,0,0,1,5,-7,1,
22023,1630699,22300195,"NOV 15, 2023",MIL @ TOR,W,10,2,3,0.667,0,0,0.0,0,0,0.0,0,0,0,1,1,0,0,2,4,2,1,
22023,1630699,22300190,"NOV 13, 2023",MIL vs. CHI,W,20,3,7,0.429,2,4,0.5,0,0,0.0,1,4,5,2,1,1,1,1,8,7,1,
22023,1630699,22300173,"NOV 11, 2023",MIL @ ORL,L,20,2,7,0.286,0,2,0.0,1,3,0.333,1,3,4,0,0,0,3,2,5,-19,1,
22023,1630699,22300171,"NOV 09, 2023",MIL @ IND,L,13,2,4,0.5,1,2,0.5,0,0,0.0,1,3,4,2,0,0,0,0,5,6,1,
22023,1630699,22300165,"NOV 08, 2023",MIL vs. DET,W,27,4,8,0.5,0,3,0.0,2,2,1.0,1,1,2,1,0,0,1,4,10,-25,1,
22023,1630699,22300149,"NOV 06, 2023",MIL @ BKN,W,16,1,2,0.5,1,1,1.0,0,0,0.0,1,0,1,2,1,0,1,0,3,18,1,
22023,1630699,22300002,"NOV 03, 2023",MIL vs. NYK,W,13,5,7,0.714,3,5,0.6,0,1,0.0,1,1,2,2,0,0,0,2,13,5,1,
22023,1630699,22300116,"NOV 01, 2023",MIL @ TOR,L,16,2,5,0.4,2,5,0.4,2,2,1.0,0,2,2,0,0,0,0,0,8,5,1,
22023,1630699,22300097,"OCT 29, 2023",MIL vs. ATL,L,16,3,5,0.6,2,2,1.0,0,0,0.0,1,0,1,0,0,0,1,3,8,-2,1,
22023,1630699,22300075,"OCT 26, 2023",MIL vs. PHI,W,16,2,3,0.667,0,1,0.0,0,0,0.0,1,1,2,0,0,0,0,3,4,-3,1,
22023,1630700,22300747,"FEB 09, 2024",NOP @ LAL,L,27,2,4,0.5,2,3,0.667,1,2,0.5,0,1,1,1,1,1,2,3,7,-13,1,
22023,1630700,22300731,"FEB 07, 2024",NOP @ LAC,W,22,5,7,0.714,0,2,0.0,0,0,0.0,1,3,4,1,4,2,1,2,10,6,1,
22023,1630700,22300718,"FEB 05, 2024",NOP vs. TOR,W,21,2,5,0.4,1,2,0.5,0,0,0.0,1,2,3,4,3,1,0,1,5,19,1,
22023,1630700,22300696,"FEB 02, 2024",NOP @ SAS,W,21,1,3,0.333,0,1,0.0,0,0,0.0,2,4,6,5,3,0,1,1,2,20,1,
22023,1630700,22300679,"JAN 31, 2024",NOP @ HOU,W,24,4,6,0.667,1,3,0.333,0,0,0.0,0,2,2,3,1,0,2,2,9,1,1,
22023,1630700,22300659,"JAN 29, 2024",NOP @ BOS,L,14,0,0,0.0,0,0,0.0,0,0,0.0,2,1,3,0,1,2,0,0,0,-8,1,
22023,1630700,22300648,"JAN 27, 2024",NOP @ MIL,L,18,0,1,0.0,0,0,0.0,0,0,0.0,0,2,2,3,1,1,2,1,0,-2,1,
22023,1630700,22300640,"JAN 26, 2024",NOP vs. OKC,L,17,2,4,0.5,1,1,1.0,0,0,0.0,1,0,1,0,0,1,4,0,5,-11,1,
22023,1630700,22300616,"JAN 23, 2024",NOP vs. UTA,W,17,0,2,0.0,0,1,0.0,0,0,0.0,0,5,5,3,1,0,0,2,0,13,1,
22023,1630700,22300588,"JAN 19, 2024",NOP vs. PHX,L,11,1,4,0.25,0,1,0.0,0,0,0.0,1,2,3,1,2,0,1,2,2,3,1,
22023,1630700,22300575,"JAN 17, 2024",NOP vs. CHA,W,13,0,2,0.0,0,1,0.0,0,0,0.0,2,0,2,1,0,0,2,1,0,7,1,
22023,1630700,22300556,"JAN 15, 2024",NOP @ DAL,L,19,1,2,0.5,0,1,0.0,0,0,0.0,2,1,3,2,0,0,0,3,2,-20,1,
22023,1630700,22300547,"JAN 13, 2024",NOP @ DAL,W,38,4,7,0.571,0,1,0.0,2,2,1.0,2,4,6,7,0,0,2,2,10,18,1,
22023,1630700,22300539,"JAN 12, 2024",NOP @ DEN,L,15,1,4,0.25,0,2,0.0,0,2,0.0,2,2,4,3,3,0,0,0,2,7,1,
22023,1630700,22300525,"JAN 10, 2024",NOP @ GSW,W,22,3,4,0.75,1,2,0.5,1,2,0.5,0,3,3,3,1,0,1,2,8,25,1,
22023,1630700,22300500,"JAN 07, 2024",NOP @ SAC,W,29,6,6,1.0,2,2,1.0,0,0,0.0,1,4,5,6,0,0,0,3,14,7,1,
22023,1630700,22300486,"JAN 05, 2024",NOP vs. LAC,L,26,1,4,0.25,0,1,0.0,0,2,0.0,0,3,3,3,4,0,0,1,2,-6,1,
22023,1630700,22300471,"JAN 03, 2024",NOP @ MIN,W,24,2,3,0.667,1,1,1.0,2,2,1.0,2,3,5,1,1,0,0,0,7,-1,1,
22023,1630700,22300461,"JAN 02, 2024",NOP vs. BKN,W,20,2,5,0.4,1,4,0.25,2,2,1.0,1,1,2,3,2,2,1,0,7,5,1,
22023,1630700,22300446,"DEC 31, 2023",NOP vs. LAL,W,8,1,1,1.0,1,1,1.0,0,0,0.0,0,1,1,0,0,0,1,1,3,6,1,
22023,1630700,22300424,"DEC 28, 2023",NOP vs. UTA,W,14,0,1,0.0,0,1,0.0,0,0,0.0,0,2,2,2,2,1,1,2,0,-1,1,
22023,1630700,22300410,"DEC 26, 2023",NOP vs. MEM,L,19,3,3,1.0,1,1,1.0,4,6,0.667,0,0,0,1,2,0,0,4,11,0,1,
22023,1630700,22300392,"DEC 23, 2023",NOP vs. HOU,L,14,0,3,0.0,0,2,0.0,0,0,0.0,2,1,3,0,0,0,1,0,0,-6,1,
22023,1630700,22300375,"DEC 21, 2023",NOP @ CLE,W,20,3,4,0.75,1,1,1.0,0,0,0.0,0,2,2,1,0,0,0,1,7,-2,1,
22023,1630700,22300360,"DEC 19, 2023",NOP vs. MEM,L,13,1,2,0.5,1,2,0.5,0,0,0.0,0,1,1,2,0,0,0,1,3,17,1,
22023,1630700,22300345,"DEC 17, 2023",NOP @ SAS,W,18,2,4,0.5,1,2,0.5,0,0,0.0,1,3,4,4,1,0,1,0,5,8,1,
22023,1630700,22300326,"DEC 15, 2023",NOP @ CHA,W,15,0,0,0.0,0,0,0.0,0,0,0.0,0,0,0,0,1,0,0,1,0,7,1,
22023,1630700,22300311,"DEC 13, 2023",NOP @ WAS,W,16,1,6,0.167,0,4,0.0,0,0,0.0,2,2,4,2,2,0,0,0,2,-17,1,
22023,1630700,22300301,"DEC 11, 2023",NOP vs. MIN,W,28,1,3,0.333,1,1,1.0,3,4,0.75,1,1,2,2,2,1,0,3,6,5,1,
22023,1630700,22301230,"DEC 07, 2023",NOP @ LAL,L,17,1,5,0.2,0,2,0.0,2,2,1.0,2,6,8,0,0,1,0,1,4,2,1,
22023,1630700,22301204,"DEC 04, 2023",NOP @ SAC,W,6,0,1,0.0,0,0,0.0,0,0,0.0,1,0,1,0,2,0,0,1,0,8,1,
22023,1630700,22300285,"DEC 02, 2023",NOP @ CHI,L,22,3,5,0.6,1,3,0.333,0,0,0.0,0,2,2,2,2,0,1,2,7,4,1,
22023,1630700,22300278,"DEC 01, 2023",NOP vs. SAS,W,12,1,4,0.25,0,1,0.0,0,0,0.0,0,2,2,1,0,0,0,2,2,1,1,
22023,1630700,22300262,"NOV 29, 2023",NOP vs. PHI,W,14,2,4,0.5,0,1,0.0,0,0,0.0,1,3,4,1,2,1,1,2,4,4,1,
22023,1630700,22300256,"NOV 27, 2023",NOP @ UTA,L,24,1,6,0.167,0,4,0.0,0,0,0.0,0,3,3,4,0,0,1,4,2,-6,1,
22023,1630700,22300243,"NOV 25, 2023",NOP @ UTA,L,34,3,14,0.214,0,6,0.0,0,1,0.0,1,5,6,5,6,1,5,1,6,-18,1,
22023,1630700,22300052,"NOV 24, 2023",NOP @ LAC,W,36,3,7,0.429,1,2,0.5,0,0,0.0,2,6,8,5,1,1,1,2,7,18,1,
22023,1630700,22300233,"NOV 22, 2023",NOP vs. SAC,W,29,2,9,0.222,0,5,0.0,4,4,1.0,3,4,7,0,1,0,0,2,8,-7,1,
22023,1630700,22300222,"NOV 20, 2023",NOP vs. SAC,W,25,1,4,0.25,1,4,0.25,0,0,0.0,0,2,2,5,1,0,0,2,3,28,1,
22023,1630700,22300203,"NOV 18, 2023",NOP vs. MIN,L,37,6,12,0.5,1,3,0.333,0,0,0.0,1,4,5,6,1,0,3,4,13,-6,1,
22023,1630700,22300034,"NOV 17, 2023",NOP vs. DEN,W,33,4,6,0.667,0,1,0.0,2,3,0.667,1,7,8,7,3,0,0,1,10,12,1,
22023,1630700,22300022,"NOV 14, 2023",NOP vs. DAL,W,29,4,10,0.4,2,5,0.4,0,0,0.0,1,1,2,6,3,0,1,4,10,12,1,
22023,1630700,22300183,"NOV 12, 2023",NOP vs. DAL,L,31,7,12,0.583,3,6,0.5,0,0,0.0,2,7,9,4,0,0,3,3,17,-29,1,
22023,1630700,22300011,"NOV 10, 2023",NOP @ HOU,L,41,2,6,0.333,0,3,0.0,6,6,1.0,2,8,10,2,1,0,2,2,10,9,1,
22023,1630700,22300166,"NOV 08, 2023",NOP @ MIN,L,31,3,10,0.3,1,3,0.333,0,0,0.0,1,2,3,5,4,0,3,2,7,-26,1,
22023,1630700,22300156,"NOV 06, 2023",NOP @ DEN,L,21,4,5,0.8,1,1,1.0,0,0,0.0,0,2,2,1,1,1,3,0,9,9,1,
22023,1630700,22300135,"NOV 04, 2023",NOP vs. ATL,L,22,3,4,0.75,1,2,0.5,0,0,0.0,1,2,3,5,1,1,0,0,7,-4,1,
22023,1630700,22300129,"NOV 02, 2023",NOP vs. DET,W,25,3,4,0.75,2,2,1.0,2,2,1.0,1,6,7,6,1,0,1,2,10,5,1,
22023,1630700,22300121,"NOV 01, 2023",NOP @ OKC,W,25,3,10,0.3,1,6,0.167,1,4,0.25,3,1,4,1,1,2,1,1,8,-6,1,
22023,1630700,22300108,"OCT 30, 2023",NOP vs. GSW,L,24,3,5,0.6,1,2,0.5,0,0,0.0,0,4,4,3,0,0,0,1,7,-13,1,
22023,1630700,22300090,"OCT 28, 2023",NOP vs. NYK,W,22,1,7,0.143,0,3,0.0,0,4,0.0,0,4,4,3,1,0,1,2,2,11,1,
22023,1630700,22300071,"OCT 25, 2023",NOP @ MEM,W,19,3,6,0.5,0,1,0.0,0,0,0.0,2,3,5,0,2,1,2,4,6,-2,1,
22023,1630702,22300785,"FEB 14, 2024",DAL vs. SAS,W,20,6,12,0.5,1,3,0.333,0,0,0.0,0,2,2,1,0,1,0,0,13,7,1,
22023,1630702,22300768,"FEB 12, 2024",DAL vs. WAS,W,13,4,9,0.444,2,4,0.5,0,0,0.0,0,2,2,0,0,0,1,1,10,9,1,
22023,1630702,22300748,"FEB 10, 2024",DAL vs. OKC,W,10,4,5,0.8,2,3,0.667,1,2,0.5,0,0,0,3,1,0,0,1,11,-5,1,
22023,1630702,22300736,"FEB 08, 2024",DAL @ NYK,W,14,2,5,0.4,0,1,0.0,0,0,0.0,0,2,2,1,1,0,1,0,4,2,1,
22023,1630702,22300720,"FEB 06, 2024",DAL @ BKN,W,8,2,2,1.0,2,2,1.0,0,0,0.0,1,1,2,1,0,0,1,0,6,13,1,
22023,1630702,22300715,"FEB 05, 2024",DAL @ PHI,W,15,6,10,0.6,3,6,0.5,2,2,1.0,0,1,1,0,0,0,1,0,17,3,1,
22023,1630702,22300702,"FEB 03, 2024",DAL vs. MIL,L,11,1,4,0.25,0,2,0.0,2,2,1.0,0,2,2,0,0,0,0,2,4,-4,1,
22023,1630702,22300680,"JAN 31, 2024",DAL @ MIN,L,31,6,14,0.429,1,5,0.2,2,2,1.0,0,2,2,2,1,0,5,2,15,-23,1,
22023,1630702,22300666,"JAN 29, 2024",DAL vs. ORL,W,27,8,9,0.889,4,5,0.8,0,0,0.0,0,1,1,7,1,1,1,2,20,7,1,
22023,1630702,22300651,"JAN 27, 2024",DAL vs. SAC,L,19,1,7,0.143,1,5,0.2,0,0,0.0,2,3,5,7,0,0,1,2,3,-3,1,
22023,1630702,22300634,"JAN 26, 2024",DAL @ ATL,W,14,2,6,0.333,1,3,0.333,3,4,0.75,1,0,1,1,1,0,0,1,8,-10,1,
22023,1630702,22300625,"JAN 24, 2024",DAL vs. PHX,L,15,4,9,0.444,3,4,0.75,0,0,0.0,0,3,3,2,0,0,0,1,11,3,1,
22023,1630702,22300611,"JAN 22, 2024",DAL vs. BOS,L,2,0,1,0.0,0,1,0.0,0,0,0.0,0,0,0,0,0,0,0,0,0,-3,1,
22023,1630702,22300577,"JAN 17, 2024",DAL @ LAL,L,20,3,7,0.429,1,5,0.2,0,0,0.0,0,0,0,0,0,0,1,0,7,-7,1,
22023,1630702,22300556,"JAN 15, 2024",DAL vs. NOP,W,15,2,7,0.286,1,5,0.2,0,0,0.0,1,3,4,1,0,0,0,2,5,0,1,
22023,1630702,22300547,"JAN 13, 2024",DAL vs. NOP,L,23,3,8,0.375,2,4,0.5,0,0,0.0,0,2,2,1,0,0,2,1,8,-13,1,
22023,1630702,22300530,"JAN 11, 2024",DAL vs. NYK,W,23,2,8,0.25,0,2,0.0,4,5,0.8,0,6,6,4,0,0,0,2,8,14,1,
22023,1630702,22300515,"JAN 09, 2024",DAL vs. MEM,L,19,4,7,0.571,2,4,0.5,0,0,0.0,0,0,0,1,0,0,1,2,10,-11,1,
22023,1630702,22300501,"JAN 07, 2024",DAL vs. MIN,W,4,0,1,0.0,0,0,0.0,0,0,0.0,0,0,0,0,0,0,0,0,0,3,1,
22023,1630702,22300487,"JAN 05, 2024",DAL vs. POR,W,32,8,14,0.571,3,7,0.429,0,0,0.0,2,7,9,9,1,0,4,2,19,11,1,
22023,1630702,22300472,"JAN 03, 2024",DAL vs. POR,W,11,4,10,0.4,1,6,0.167,2,3,0.667,0,1,1,1,0,1,0,0,11,2,1,
22023,1630702,22300457,"JAN 01, 2024",DAL @ UTA,L,21,6,15,0.4,5,9,0.556,0,0,0.0,0,3,3,1,0,0,2,0,17,-22,1,
22023,1630702,22300444,"DEC 30, 2023",DAL @ GSW,W,24,4,8,0.5,1,5,0.2,0,0,0.0,0,2,2,0,0,0,1,2,9,7,1,
22023,1630702,22300423,"DEC 28, 2023",DAL @ MIN,L,31,7,18,0.389,3,8,0.375,0,0,0.0,0,2,2,1,1,1,0,2,17,0,1,
22023,1630702,22300405,"DEC 25, 2023",DAL @ PHX,W,13,1,4,0.25,1,3,0.333,0,0,0.0,0,2,2,1,0,0,0,0,3,4,1,
22023,1630702,22300398,"DEC 23, 2023",DAL vs. SAS,W,22,1,7,0.143,1,4,0.25,3,4,0.75,0,6,6,1,3,0,0,1,6,15,1,
22023,1630702,22300385,"DEC 22, 2023",DAL @ HOU,L,24,3,17,0.176,2,12,0.167,0,0,0.0,0,2,2,4,0,0,0,5,8,-33,1,
22023,1630702,22300372,"DEC 20, 2023",DAL vs. LAC,L,23,5,13,0.385,5,9,0.556,0,0,0.0,0,2,2,1,1,0,0,3,15,1,1,
22023,1630702,22300356,"DEC 18, 2023",DAL @ DEN,L,19,3,9,0.333,2,3,0.667,1,2,0.5,0,1,1,4,0,0,1,1,9,-13,1,
22023,1630702,22300341,"DEC 16, 2023",DAL @ POR,W,6,2,2,1.0,0,0,0.0,0,0,0.0,0,3,3,0,0,0,0,1,4,5,1,
22023,1630702,22300321,"DEC 14, 2023",DAL vs. MIN,L,13,2,4,0.5,1,2,0.5,0,0,0.0,0,2,2,1,0,0,0,0,5,-1,1,
22023,1630702,22300306,"DEC 12, 2023",DAL vs. LAL,W,19,1,7,0.143,0,3,0.0,0,0,0.0,0,1,1,1,0,0,1,2,2,0,1,
22023,1630702,22300299,"DEC 11, 2023",DAL @ MEM,W,34,7,15,0.467,5,7,0.714,0,0,0.0,0,0,0,4,1,0,2,1,19,6,1,
22023,1630702,22301213,"DEC 06, 2023",DAL vs. UTA,W,8,3,7,0.429,2,4,0.5,0,0,0.0,2,1,3,4,0,0,1,1,8,10,1,
22023,1630702,22300287,"DEC 02, 2023",DAL vs. OKC,L,15,2,6,0.333,1,4,0.25,1,2,0.5,0,2,2,0,0,0,2,5,6,-17,1,
22023,1630702,22300277,"DEC 01, 2023",DAL vs. MEM,L,21,4,9,0.444,0,4,0.0,0,2,0.0,2,3,5,5,1,0,2,1,8,-10,1,
22023,1630702,22300059,"NOV 28, 2023",DAL vs. HOU,W,4,0,1,0.0,0,0,0.0,0,0,0.0,0,0,0,0,0,0,0,0,0,-2,1,
22023,1630702,22300244,"NOV 25, 2023",DAL @ LAC,L,8,1,3,0.333,0,1,0.0,2,2,1.0,2,2,4,1,0,0,1,0,4,1,1,
22023,1630702,22300238,"NOV 22, 2023",DAL @ LAL,W,7,1,5,0.2,0,1,0.0,0,0,0.0,0,0,0,0,0,0,0,0,2,-2,1,
22023,1630702,22300212,"NOV 19, 2023",DAL vs. SAC,L,10,1,4,0.25,1,2,0.5,1,2,0.5,0,0,0,0,1,0,1,2,4,0,1,
22023,1630702,22300192,"NOV 15, 2023",DAL @ WAS,W,4,1,2,0.5,0,0,0.0,0,1,0.0,0,0,0,0,1,0,1,0,2,-3,1,
22023,1630702,22300022,"NOV 14, 2023",DAL @ NOP,L,18,4,12,0.333,0,3,0.0,1,1,1.0,0,2,2,3,1,0,1,3,9,-2,1,
22023,1630702,22300183,"NOV 12, 2023",DAL @ NOP,W,7,3,6,0.5,1,4,0.25,0,0,0.0,1,1,2,2,0,0,0,1,7,-3,1,
22023,1630702,22300014,"NOV 10, 2023",DAL vs. LAC,W,12,5,8,0.625,1,2,0.5,0,1,0.0,0,2,2,0,0,0,2,1,11,-8,1,
22023,1630702,22300168,"NOV 08, 2023",DAL vs. TOR,L,12,2,4,0.5,1,3,0.333,1,2,0.5,0,1,1,2,0,0,0,0,6,-5,1,
22023,1630702,22300147,"NOV 06, 2023",DAL @ ORL,W,11,1,5,0.2,0,3,0.0,3,4,0.75,0,1,1,1,1,0,1,0,5,2,1,
22023,1630702,22300143,"NOV 05, 2023",DAL vs. CHA,W,15,3,7,0.429,1,4,0.25,7,8,0.875,0,4,4,0,0,0,0,1,14,9,1,
22023,1630702,22300006,"NOV 03, 2023",DAL @ DEN,L,14,2,6,0.333,2,4,0.5,0,0,0.0,1,2,3,3,0,0,0,2,6,8,1,
22023,1630702,22300124,"NOV 01, 2023",DAL vs. CHI,W,14,3,7,0.429,1,2,0.5,2,2,1.0,0,1,1,1,0,0,0,0,9,6,1,
22023,1630702,22300106,"OCT 30, 2023",DAL @ MEM,W,10,2,6,0.333,2,4,0.5,0,0,0.0,0,0,0,1,0,0,1,1,6,-7,1,
22023,1630703,22300791,"FEB 15, 2024",POR vs. MIN,L,31,5,12,0.417,0,4,0.0,5,6,0.833,0,1,1,4,1,0,3,1,15,-17,1,
22023,1630703,22300775,"FEB 13, 2024",POR vs. MIN,L,34,4,9,0.444,1,2,0.5,5,5,1.0,0,1,1,9,0,0,2,4,14,-16,1,
22023,1630703,22300712,"FEB 04, 2024",POR @ DEN,L,33,3,16,0.188,2,6,0.333,6,6,1.0,4,4,8,9,0,0,3,4,14,-7,1,
22023,1630703,22300697,"FEB 02, 2024",POR @ DEN,L,37,8,15,0.533,3,7,0.429,11,12,0.917,2,3,5,2,0,0,2,3,30,7,1,
22023,1630703,22300683,"JAN 31, 2024",POR vs. MIL,W,22,6,11,0.545,1,2,0.5,2,2,1.0,0,0,0,4,0,0,2,1,15,5,1,
22023,1630703,22300668,"JAN 29, 2024",POR vs. PHI,W,22,5,9,0.556,3,4,0.75,9,9,1.0,1,1,2,4,2,1,2,4,22,5,1,
22023,1630703,22300656,"JAN 28, 2024",POR vs. CHI,L,22,2,4,0.5,0,1,0.0,0,0,0.0,1,3,4,4,0,1,2,3,4,-5,1,
22023,1630703,22300641,"JAN 26, 2024",POR @ SAS,L,6,1,2,0.5,1,1,1.0,3,3,1.0,0,1,1,0,0,0,0,0,6,8,1,
22023,1630703,22300623,"JAN 24, 2024",POR @ HOU,W,24,4,12,0.333,1,5,0.2,2,2,1.0,0,1,1,3,0,0,2,0,11,-5,1,
22023,1630703,22300617,"JAN 23, 2024",POR @ OKC,L,26,7,18,0.389,2,6,0.333,3,3,1.0,0,4,4,7,1,0,1,5,19,17,1,
22023,1630703,22300605,"JAN 21, 2024",POR @ LAL,L,23,1,6,0.167,0,3,0.0,2,2,1.0,0,1,1,2,0,0,3,1,4,-8,1,
22023,1630703,22300590,"JAN 19, 2024",POR vs. IND,W,8,4,4,1.0,0,0,0.0,2,2,1.0,0,2,2,1,0,1,2,2,10,8,1,
22023,1630703,22300578,"JAN 17, 2024",POR vs. BKN,W,23,1,6,0.167,0,2,0.0,5,5,1.0,1,2,3,3,0,0,5,0,7,-13,1,
22023,1630703,22300554,"JAN 14, 2024",POR vs. PHX,L,40,11,31,0.355,4,9,0.444,7,9,0.778,4,3,7,9,3,0,3,3,33,-12,1,
22023,1630703,22300538,"JAN 12, 2024",POR @ MIN,L,25,3,4,0.75,0,0,0.0,2,7,0.286,0,2,2,4,0,0,6,2,8,-27,1,
22023,1630703,22300529,"JAN 11, 2024",POR @ OKC,L,31,4,21,0.19,1,9,0.111,4,6,0.667,2,4,6,2,1,0,3,3,13,-56,1,
22023,1630703,22300514,"JAN 09, 2024",POR @ NYK,L,25,3,8,0.375,1,3,0.333,1,2,0.5,0,3,3,4,1,0,3,2,8,-26,1,
22023,1630703,22300498,"JAN 07, 2024",POR @ BKN,W,30,3,8,0.375,2,3,0.667,2,2,1.0,1,2,3,4,0,0,2,2,10,-12,1,
22023,1630703,22300487,"JAN 05, 2024",POR @ DAL,L,33,7,15,0.467,3,7,0.429,0,0,0.0,1,2,3,10,1,0,1,0,17,-26,1,
22023,1630703,22300472,"JAN 03, 2024",POR @ DAL,L,33,2,11,0.182,1,4,0.25,2,4,0.5,1,4,5,7,0,0,6,4,7,-28,1,
22023,1630703,22300456,"JAN 01, 2024",POR @ PHX,L,34,7,18,0.389,1,3,0.333,2,4,0.5,0,3,3,6,1,2,5,1,17,-18,1,
22023,1630703,22300437,"DEC 29, 2023",POR vs. SAS,W,37,9,21,0.429,3,5,0.6,1,2,0.5,4,3,7,11,1,1,4,5,22,-2,1,
22023,1630703,22300427,"DEC 28, 2023",POR vs. SAS,L,36,8,23,0.348,3,7,0.429,6,6,1.0,2,1,3,4,1,0,6,5,25,-6,1,
22023,1630703,22300413,"DEC 26, 2023",POR vs. SAC,W,28,6,15,0.4,1,3,0.333,4,4,1.0,1,0,1,11,0,0,1,2,17,21,1,
22023,1630703,22300399,"DEC 23, 2023",POR @ GSW,L,23,4,9,0.444,2,4,0.5,2,4,0.5,0,1,1,2,3,0,2,4,12,-12,1,
22023,1630703,22300381,"DEC 21, 2023",POR vs. WAS,L,26,0,5,0.0,0,0,0.0,4,4,1.0,0,4,4,2,0,0,1,3,4,7,1,
22023,1630703,22300363,"DEC 19, 2023",POR vs. PHX,W,30,3,9,0.333,0,2,0.0,3,3,1.0,1,3,4,5,0,0,5,4,9,-5,1,
22023,1630703,22300348,"DEC 17, 2023",POR vs. GSW,L,22,4,9,0.444,1,4,0.25,5,5,1.0,0,1,1,2,1,0,1,2,14,0,1,
22023,1630703,22300341,"DEC 16, 2023",POR vs. DAL,L,24,5,10,0.5,1,1,1.0,2,2,1.0,0,3,3,2,0,1,3,3,13,-8,1,
22023,1630703,22300323,"DEC 14, 2023",POR vs. UTA,L,35,9,21,0.429,2,7,0.286,3,3,1.0,0,2,2,10,1,0,4,1,23,0,1,
22023,1630703,22300304,"DEC 11, 2023",POR @ LAC,L,30,8,16,0.5,3,4,0.75,0,0,0.0,1,3,4,6,0,2,3,5,19,11,1,
22023,1630703,22301226,"DEC 08, 2023",POR vs. DAL,L,30,4,17,0.235,0,6,0.0,2,3,0.667,1,2,3,3,0,0,4,4,10,-19,1,
22023,1630703,22301214,"DEC 06, 2023",POR @ GSW,L,26,4,9,0.444,0,3,0.0,1,2,0.5,2,0,2,4,1,0,1,5,9,-15,1,
22023,1630703,22300289,"DEC 02, 2023",POR @ UTA,L,21,6,15,0.4,2,5,0.4,3,4,0.75,2,3,5,3,1,0,2,5,17,-5,1,
22023,1630703,22300265,"NOV 30, 2023",POR @ CLE,W,22,1,8,0.125,0,5,0.0,0,0,0.0,0,1,1,7,0,0,3,2,2,12,1,
22023,1630703,22300254,"NOV 27, 2023",POR @ IND,W,22,4,10,0.4,2,3,0.667,3,6,0.5,1,2,3,1,1,0,4,5,13,10,1,
22023,1630703,22300245,"NOV 26, 2023",POR @ MIL,L,27,5,10,0.5,3,4,0.75,0,0,0.0,1,3,4,1,0,0,2,5,13,2,1,
22023,1630703,22300237,"NOV 22, 2023",POR vs. UTA,W,17,1,7,0.143,0,3,0.0,1,2,0.5,1,2,3,7,0,0,3,4,3,15,1,
22023,1630703,22300115,"NOV 01, 2023",POR @ DET,W,20,4,10,0.4,1,3,0.333,2,2,1.0,0,0,0,7,0,0,3,2,11,-11,1,
22023,1630703,22300105,"OCT 30, 2023",POR @ TOR,W,34,4,12,0.333,0,6,0.0,3,4,0.75,0,4,4,7,2,0,4,6,11,1,1,
22023,1630703,22300098,"OCT 29, 2023",POR @ PHI,L,27,2,7,0.286,0,4,0.0,0,0,0.0,0,1,1,3,0,1,4,5,4,-17,1,
22023,1630703,22300086,"OCT 27, 2023",POR vs. ORL,L,25,3,12,0.25,1,5,0.2,0,0,0.0,2,1,3,2,1,0,5,5,7,-3,1,
22023,1630703,22300074,"OCT 25, 2023",POR @ LAC,L,36,5,11,0.455,0,3,0.0,1,1,1.0,1,2,3,4,0,0,4,2,11,-16,1,
22023,1630846,22300748,"FEB 10, 2024",OKC @ DAL,L,8,3,4,0.75,0,0,0.0,2,3,0.667,2,1,3,0,0,0,0,0,8,-5,1,
22023,1630846,22300695,"FEB 02, 2024",OKC vs. CHA,W,8,1,2,0.5,0,1,0.0,1,2,0.5,1,3,4,0,0,1,1,2,3,-10,1,
22023,1630846,22300654,"JAN 28, 2024",OKC @ DET,L,6,0,1,0.0,0,0,0.0,0,0,0.0,1,0,1,0,0,0,0,1,0,1,1,
22023,1630846,22300568,"JAN 16, 2024",OKC @ LAC,L,1,0,0,0.0,0,0,0.0,0,0,0.0,0,0,0,0,0,0,0,0,0,0,1,
22023,1630846,22300435,"DEC 29, 2023",OKC @ DEN,W,3,0,0,0.0,0,0,0.0,2,2,1.0,0,1,1,0,0,0,0,0,2,3,1,
22023,1630846,22300397,"DEC 23, 2023",OKC vs. LAL,L,3,0,0,0.0,0,0,0.0,0,0,0.0,1,1,2,1,0,0,0,1,0,-1,1,
22023,1630846,22300355,"DEC 18, 2023",OKC vs. MEM,W,7,3,5,0.6,0,2,0.0,0,0,0.0,1,2,3,0,0,0,0,3,6,-12,1,
22023,1630846,22300215,"NOV 19, 2023",OKC @ POR,W,10,2,5,0.4,2,3,0.667,0,0,0.0,1,1,2,0,0,0,0,4,6,10,1,
22023,1630846,22300121,"NOV 01, 2023",OKC vs. NOP,L,7,0,0,0.0,0,0,0.0,0,0,0.0,1,4,5,0,0,2,1,1,0,-4,1,
22023,1630846,22300109,"OCT 30, 2023",OKC vs. DET,W,21,0,0,0.0,0,0,0.0,2,4,0.5,1,8,9,1,0,3,0,2,2,9,1,
22023,1630846,22300095,"OCT 29, 2023",OKC vs. DEN,L,6,0,0,0.0,0,0,0.0,0,0,0.0,0,0,0,0,0,0,0,0,0,-2,1,
22023,1630846,22300070,"OCT 25, 2023",OKC @ CHI,W,11,1,1,1.0,0,0,0.0,2,2,1.0,1,3,4,0,0,0,1,3,4,6,1,
22023,1631093,22300787,"FEB 14, 2024",DET @ PHX,L,15,0,6,0.0,0,4,0.0,2,2,1.0,0,0,0,0,1,0,2,3,2,-10,1,
22023,1631093,22300776,"FEB 13, 2024",DET @ LAL,L,29,5,16,0.313,1,6,0.167,4,4,1.0,0,2,2,5,2,1,2,5,15,-7,1,
22023,1631093,22300749,"FEB 10, 2024",DET @ LAC,L,36,10,21,0.476,2,6,0.333,1,1,1.0,1,3,4,2,0,0,3,3,23,-4,1,
22023,1631093,22300741,"FEB 08, 2024",DET @ POR,W,48,8,21,0.381,7,7,1.0,3,6,0.5,0,3,3,4,0,0,6,4,26,3,1,
22023,1631093,22300732,"FEB 07, 2024",DET @ SAC,W,38,13,23,0.565,5,7,0.714,6,6,1.0,2,4,6,7,0,0,5,3,37,10,1,
22023,1631093,22300704,"FEB 04, 2024",DET vs. ORL,L,35,7,12,0.583,2,4,0.5,2,2,1.0,0,3,3,3,1,1,3,3,18,-12,1,
22023,1631093,22300688,"FEB 02, 2024",DET vs. LAC,L,34,11,18,0.611,3,8,0.375,3,6,0.5,5,2,7,3,0,0,3,2,28,5,1,
22023,1631093,22300675,"JAN 31, 2024",DET @ CLE,L,29,5,7,0.714,2,3,0.667,2,3,0.667,0,1,1,4,2,1,4,5,14,-21,1,
22023,1631093,22300654,"JAN 28, 2024",DET vs. OKC,W,35,7,20,0.35,3,7,0.429,2,5,0.4,3,5,8,6,0,0,0,2,19,13,1,
22023,1631093,22300642,"JAN 27, 2024",DET vs. WAS,L,26,4,8,0.5,2,3,0.667,0,0,0.0,2,2,4,1,0,2,3,3,10,1,1,
22023,1631093,22300619,"JAN 24, 2024",DET vs. CHA,W,22,4,10,0.4,1,3,0.333,0,0,0.0,0,1,1,2,1,0,2,2,9,-11,1,
22023,1631093,22300606,"JAN 22, 2024",DET vs. MIL,L,32,5,14,0.357,1,4,0.25,6,7,0.857,1,2,3,6,0,0,3,0,17,-23,1,
22023,1631093,22300592,"JAN 20, 2024",DET vs. MIL,L,32,6,16,0.375,2,5,0.4,4,7,0.571,2,4,6,6,0,1,3,5,18,-15,1,
22023,1631093,22300569,"JAN 17, 2024",DET vs. MIN,L,36,13,22,0.591,4,6,0.667,2,2,1.0,0,4,4,6,1,0,2,4,32,8,1,
22023,1631093,22300558,"JAN 15, 2024",DET @ WAS,W,32,9,18,0.5,2,7,0.286,4,7,0.571,1,6,7,6,0,3,5,0,24,3,1,
22023,1631093,22300534,"JAN 12, 2024",DET vs. HOU,L,28,8,19,0.421,1,6,0.167,1,4,0.25,5,2,7,8,0,1,3,3,18,7,1,
22023,1631093,22300519,"JAN 10, 2024",DET vs. SAS,L,30,7,18,0.389,2,10,0.2,3,5,0.6,0,3,3,5,2,2,1,0,19,-5,1,
22023,1631093,22300512,"JAN 09, 2024",DET vs. SAC,L,33,7,17,0.412,2,9,0.222,6,8,0.75,5,0,5,6,2,0,4,4,22,-15,1,
22023,1631093,22300502,"JAN 07, 2024",DET @ DEN,L,27,4,11,0.364,0,6,0.0,5,8,0.625,1,3,4,6,1,0,4,2,13,-16,1,
22023,1631093,22300490,"JAN 05, 2024",DET @ GSW,L,24,5,10,0.5,2,5,0.4,0,0,0.0,2,2,4,3,0,1,4,6,12,-1,1,
22023,1631093,22300474,"JAN 03, 2024",DET @ UTA,L,22,4,8,0.5,2,3,0.667,1,2,0.5,0,1,1,2,0,0,2,2,11,0,1,
22023,1631093,22300453,"JAN 01, 2024",DET @ HOU,L,26,6,10,0.6,3,4,0.75,4,4,1.0,4,2,6,3,0,0,2,1,19,-19,1,
22023,1631093,22300440,"DEC 30, 2023",DET vs. TOR,W,29,1,5,0.2,1,3,0.333,9,12,0.75,4,1,5,4,1,0,1,2,12,3,1,
22023,1631093,22300421,"DEC 28, 2023",DET @ BOS,L,33,8,15,0.533,3,5,0.6,3,5,0.6,5,5,10,4,0,1,3,6,22,8,1,
22023,1631093,22300406,"DEC 26, 2023",DET vs. BKN,L,28,3,12,0.25,0,2,0.0,3,6,0.5,2,1,3,4,3,1,1,5,9,12,1,
22023,1631093,22300394,"DEC 23, 2023",DET @ BKN,L,35,6,11,0.545,3,6,0.5,8,10,0.8,0,6,6,7,0,2,3,4,23,6,1,
22023,1631093,22300374,"DEC 21, 2023",DET vs. UTA,L,35,9,16,0.563,2,5,0.4,4,4,1.0,2,3,5,7,3,2,5,4,24,5,1,
22023,1631093,22300352,"DEC 18, 2023",DET @ ATL,L,29,6,13,0.462,0,2,0.0,3,5,0.6,2,6,8,4,0,0,2,6,15,-12,1,
22023,1631093,22300334,"DEC 16, 2023",DET @ MIL,L,28,5,17,0.294,2,6,0.333,1,2,0.5,1,3,4,2,1,1,1,0,13,-32,1,
22023,1631093,22300327,"DEC 15, 2023",DET @ PHI,L,29,4,12,0.333,0,2,0.0,5,5,1.0,1,3,4,4,0,0,5,3,13,-6,1,
22023,1631093,22300310,"DEC 13, 2023",DET vs. PHI,L,21,2,8,0.25,0,3,0.0,3,6,0.5,0,2,2,1,0,1,0,2,7,-21,1,
22023,1631093,22300293,"DEC 11, 2023",DET vs. IND,L,34,7,15,0.467,0,3,0.0,4,4,1.0,1,2,3,2,1,0,2,2,18,-4,1,
22023,1631093,22301217,"DEC 08, 2023",DET @ ORL,L,21,2,7,0.286,0,4,0.0,4,4,1.0,0,2,2,0,0,0,0,2,8,-14,1,
22023,1631093,22301206,"DEC 06, 2023",DET vs. MEM,L,24,4,8,0.5,1,3,0.333,0,0,0.0,0,3,3,2,3,2,1,0,9,-10,1,
22023,1631093,22300283,"DEC 02, 2023",DET vs. CLE,L,29,2,7,0.286,0,3,0.0,3,4,0.75,0,2,2,1,0,0,1,3,7,-1,1,
22023,1631093,22300268,"NOV 30, 2023",DET @ NYK,L,13,1,2,0.5,1,1,1.0,2,2,1.0,0,2,2,1,0,1,1,3,5,4,1,
22023,1631093,22300258,"NOV 29, 2023",DET vs. LAL,L,19,1,6,0.167,1,2,0.5,4,4,1.0,0,1,1,3,1,0,1,6,7,-17,1,
22023,1631093,22300253,"NOV 27, 2023",DET vs. WAS,L,33,6,12,0.5,2,3,0.667,1,2,0.5,2,5,7,7,1,1,3,3,15,2,1,
22023,1631093,22300047,"NOV 24, 2023",DET @ IND,L,32,9,16,0.563,1,6,0.167,6,9,0.667,2,0,2,3,1,1,3,3,25,-15,1,
22023,1631093,22300218,"NOV 20, 2023",DET vs. DEN,L,30,7,8,0.875,1,1,1.0,2,2,1.0,1,3,4,3,1,0,4,2,17,8,1,
22023,1631093,22300211,"NOV 19, 2023",DET @ TOR,L,28,3,10,0.3,0,5,0.0,3,4,0.75,0,3,3,4,0,0,0,1,9,0,1,
22023,1631093,22300030,"NOV 17, 2023",DET @ CLE,L,29,4,6,0.667,1,2,0.5,2,2,1.0,1,1,2,3,1,0,6,3,11,-10,1,
22023,1631093,22300018,"NOV 14, 2023",DET vs. ATL,L,21,4,7,0.571,1,2,0.5,2,4,0.5,3,2,5,5,1,0,1,1,11,1,1,
22023,1631093,22300181,"NOV 12, 2023",DET @ CHI,L,11,2,4,0.5,0,2,0.0,2,2,1.0,0,0,0,2,1,0,2,1,6,9,1,
22023,1631093,22300129,"NOV 02, 2023",DET @ NOP,L,22,4,6,0.667,1,3,0.333,3,4,0.75,3,4,7,0,0,1,2,4,12,-9,1,
22023,1631093,22300115,"NOV 01, 2023",DET vs. POR,L,22,3,7,0.429,1,3,0.333,3,3,1.0,0,2,2,2,1,1,1,3,10,-14,1,
22023,1631093,22300109,"OCT 30, 2023",DET @ OKC,L,19,7,13,0.538,4,6,0.667,2,2,1.0,1,1,2,3,1,1,1,5,20,-4,1,
22023,1631093,22300088,"OCT 28, 2023",DET vs. CHI,W,22,3,6,0.5,1,2,0.5,0,0,0.0,0,0,0,3,1,0,2,0,7,5,1,
22023,1631093,22300077,"OCT 27, 2023",DET @ CHA,W,23,8,14,0.571,2,6,0.333,0,0,0.0,0,2,2,4,1,0,2,4,18,-2,1,
22023,1631093,22300068,"OCT 25, 2023",DET @ MIA,L,17,1,7,0.143,0,2,0.0,2,3,0.667,0,2,2,3,0,0,3,3,4,-2,1,
22023,1631094,22300778,"FEB 14, 2024",ORL vs. NYK,W,35,15,20,0.75,6,10,0.6,0,0,0.0,0,6,6,5,1,0,3,0,36,5,1,
22023,1631094,22300772,"FEB 13, 2024",ORL vs. OKC,L,35,9,15,0.6,0,3,0.0,5,6,0.833,0,6,6,10,0,1,4,1,23,-7,1,
22023,1631094,22300752,"FEB 10, 2024",ORL vs. CHI,W,43,5,13,0.385,2,6,0.333,7,8,0.875,1,6,7,8,1,1,3,1,19,1,1,
22023,1631094,22300734,"FEB 08, 2024",ORL vs. SAS,W,31,7,12,0.583,1,3,0.333,1,4,0.25,0,5,5,6,2,0,1,0,16,16,1,
22023,1631094,22300721,"FEB 06, 2024",ORL @ MIA,L,34,7,16,0.438,1,4,0.25,8,12,0.667,1,8,9,7,2,0,2,2,23,-23,1,
22023,1631094,22300704,"FEB 04, 2024",ORL @ DET,W,35,6,16,0.375,2,5,0.4,6,6,1.0,1,5,6,7,1,0,1,2,20,8,1,
22023,1631094,22300694,"FEB 02, 2024",ORL @ MIN,W,35,10,20,0.5,1,1,1.0,2,2,1.0,0,1,1,6,1,0,3,2,23,-1,1,
22023,1631094,22300681,"JAN 31, 2024",ORL @ SAS,W,36,9,18,0.5,2,4,0.5,5,7,0.714,2,7,9,7,2,0,1,1,25,13,1,
22023,1631094,22300666,"JAN 29, 2024",ORL @ DAL,L,39,13,25,0.52,4,8,0.5,6,11,0.545,3,6,9,7,2,0,3,3,36,3,1,
22023,1631094,22300655,"JAN 28, 2024",ORL vs. PHX,W,36,9,18,0.5,2,5,0.4,6,9,0.667,1,3,4,7,0,0,2,1,26,11,1,
22023,1631094,22300638,"JAN 26, 2024",ORL @ MEM,L,34,8,20,0.4,2,9,0.222,9,11,0.818,0,5,5,6,2,1,3,3,27,0,1,
22023,1631094,22300607,"JAN 22, 2024",ORL vs. CLE,L,29,6,14,0.429,1,4,0.25,5,9,0.556,0,3,3,6,0,0,2,2,18,-22,1,
22023,1631094,22300601,"JAN 21, 2024",ORL vs. MIA,W,31,7,14,0.5,3,5,0.6,3,5,0.6,0,10,10,2,0,0,2,2,20,17,1,
22023,1631094,22300585,"JAN 19, 2024",ORL vs. PHI,L,32,5,12,0.417,0,1,0.0,4,4,1.0,1,7,8,6,0,1,3,0,14,-12,1,
22023,1631094,22300570,"JAN 17, 2024",ORL @ ATL,L,38,8,25,0.32,1,5,0.2,9,11,0.818,0,4,4,4,2,1,1,1,26,-10,1,
22023,1631094,22300557,"JAN 15, 2024",ORL @ NYK,W,33,9,19,0.474,0,2,0.0,2,5,0.4,1,5,6,3,0,0,2,1,20,-12,1,
22023,1631094,22300546,"JAN 13, 2024",ORL @ OKC,L,36,8,19,0.421,0,4,0.0,4,7,0.571,2,7,9,8,0,2,2,4,20,-7,1,
22023,1631094,22300535,"JAN 12, 2024",ORL @ MIA,L,36,10,26,0.385,1,7,0.143,4,6,0.667,3,5,8,6,0,0,4,2,25,10,1,
22023,1631094,22300513,"JAN 09, 2024",ORL vs. MIN,L,35,8,22,0.364,1,4,0.25,1,4,0.25,0,2,2,3,3,1,4,4,18,-30,1,
22023,1631094,22300499,"JAN 07, 2024",ORL vs. ATL,W,45,13,29,0.448,4,7,0.571,5,7,0.714,1,9,10,4,3,1,2,2,35,18,1,
22023,1631094,22300488,"JAN 05, 2024",ORL @ DEN,W,41,8,21,0.381,1,4,0.25,15,19,0.789,1,9,10,11,3,0,5,2,32,2,1,
22023,1631094,22300476,"JAN 03, 2024",ORL @ SAC,L,45,13,25,0.52,6,9,0.667,11,14,0.786,1,3,4,5,0,0,8,4,43,-2,1,
22023,1631094,22300463,"JAN 02, 2024",ORL @ GSW,L,34,8,20,0.4,3,8,0.375,8,11,0.727,4,8,12,6,2,1,5,4,27,-8,1,
22023,1631094,22300450,"DEC 31, 2023",ORL @ PHX,L,37,12,23,0.522,2,6,0.333,2,2,1.0,0,9,9,7,0,1,3,1,28,-6,1,
22023,1631094,22300429,"DEC 29, 2023",ORL vs. NYK,W,36,9,19,0.474,2,6,0.333,9,12,0.75,1,9,10,4,1,1,2,3,29,4,1,
22023,1631094,22300415,"DEC 27, 2023",ORL vs. PHI,L,38,6,21,0.286,1,8,0.125,6,7,0.857,0,9,9,4,1,1,1,0,19,-18,1,
22023,1631094,22300407,"DEC 26, 2023",ORL @ WAS,W,38,10,22,0.455,0,1,0.0,4,8,0.5,1,2,3,8,1,1,3,1,24,0,1,
22023,1631094,22300391,"DEC 23, 2023",ORL @ IND,W,36,11,20,0.55,0,0,0.0,12,16,0.75,1,6,7,4,1,0,3,1,34,-2,1,
22023,1631094,22300378,"DEC 21, 2023",ORL @ MIL,L,34,6,17,0.353,3,5,0.6,8,10,0.8,0,7,7,4,0,1,2,4,23,-10,1,
22023,1631094,22300366,"DEC 20, 2023",ORL vs. MIA,L,34,2,12,0.167,0,3,0.0,6,8,0.75,0,8,8,8,1,0,3,1,10,-22,1,
22023,1631094,22300344,"DEC 17, 2023",ORL @ BOS,L,36,14,30,0.467,4,10,0.4,4,6,0.667,2,8,10,1,2,0,4,0,36,-11,1,
22023,1631094,22300329,"DEC 15, 2023",ORL @ BOS,L,32,5,17,0.294,1,4,0.25,3,6,0.5,1,3,4,5,0,1,5,1,14,-13,1,
22023,1631094,22300294,"DEC 11, 2023",ORL vs. CLE,W,36,9,21,0.429,0,3,0.0,2,3,0.667,4,6,10,4,1,0,8,0,20,6,1,
22023,1631094,22301217,"DEC 08, 2023",ORL vs. DET,W,30,9,17,0.529,0,3,0.0,6,7,0.857,0,4,4,2,2,0,0,3,24,25,1,
22023,1631094,22301205,"DEC 06, 2023",ORL @ CLE,L,38,16,26,0.615,1,5,0.2,9,12,0.75,1,5,6,1,0,2,3,3,42,2,1,
22023,1631094,22300282,"DEC 02, 2023",ORL @ BKN,L,34,6,15,0.4,0,2,0.0,7,9,0.778,1,9,10,8,1,0,1,3,19,-16,1,
22023,1631094,22300274,"DEC 01, 2023",ORL vs. WAS,W,38,11,20,0.55,3,4,0.75,3,3,1.0,3,10,13,7,0,0,2,2,28,1,1,
22023,1631094,22300259,"NOV 29, 2023",ORL vs. WAS,W,27,2,8,0.25,0,0,0.0,2,3,0.667,1,3,4,4,0,0,4,2,6,8,1,
22023,1631094,22300248,"NOV 26, 2023",ORL vs. CHA,W,37,9,18,0.5,2,5,0.4,3,6,0.5,0,7,7,8,2,0,2,2,23,8,1,
22023,1631094,22300043,"NOV 24, 2023",ORL vs. BOS,W,35,10,16,0.625,2,6,0.333,1,2,0.5,1,6,7,5,0,0,3,4,23,7,1,
22023,1631094,22300226,"NOV 22, 2023",ORL vs. DEN,W,35,8,14,0.571,4,5,0.8,3,5,0.6,1,2,3,4,1,3,3,1,23,-4,1,
22023,1631094,22300038,"NOV 21, 2023",ORL vs. TOR,W,32,10,20,0.5,2,3,0.667,3,3,1.0,1,4,5,3,0,1,3,2,25,14,1,
22023,1631094,22300209,"NOV 19, 2023",ORL @ IND,W,27,9,14,0.643,0,0,0.0,6,7,0.857,1,2,3,0,1,2,1,1,24,28,1,
22023,1631094,22300033,"NOV 17, 2023",ORL @ CHI,W,32,6,14,0.429,0,1,0.0,1,4,0.25,3,5,8,4,0,1,7,3,13,0,1,
22023,1631094,22300196,"NOV 15, 2023",ORL @ CHI,W,33,4,12,0.333,2,4,0.5,7,10,0.7,1,8,9,3,1,0,1,0,17,-8,1,
22023,1631094,22300020,"NOV 14, 2023",ORL @ BKN,L,35,6,15,0.4,4,7,0.571,3,6,0.5,0,6,6,3,2,1,2,0,19,-16,1,
22023,1631094,22300173,"NOV 11, 2023",ORL vs. MIL,W,38,10,22,0.455,2,5,0.4,4,5,0.8,3,9,12,5,1,0,3,2,26,10,1,
22023,1631094,22300172,"NOV 09, 2023",ORL vs. ATL,L,34,7,14,0.5,1,3,0.333,2,4,0.5,4,4,8,4,1,0,5,4,17,-5,1,
22023,1631094,22300147,"NOV 06, 2023",ORL vs. DAL,L,37,8,18,0.444,0,1,0.0,6,6,1.0,1,4,5,6,0,0,6,5,22,-15,1,
22023,1631094,22300134,"NOV 04, 2023",ORL vs. LAL,W,34,9,15,0.6,2,4,0.5,5,7,0.714,1,6,7,10,1,1,4,2,25,23,1,
22023,1631094,22300130,"NOV 02, 2023",ORL @ UTA,W,36,9,13,0.692,1,2,0.5,11,15,0.733,2,7,9,5,3,2,6,4,30,-5,1,
22023,1631094,22300114,"OCT 31, 2023",ORL @ LAC,L,32,5,13,0.385,1,3,0.333,4,8,0.5,0,4,4,4,4,0,3,3,15,-15,1,
22023,1631094,22300111,"OCT 30, 2023",ORL @ LAL,L,30,4,14,0.286,1,5,0.2,0,2,0.0,1,4,5,5,0,0,2,3,9,-12,1,
22023,1631094,22300086,"OCT 27, 2023",ORL @ POR,W,35,5,12,0.417,0,0,0.0,4,9,0.444,2,5,7,4,2,0,3,1,14,2,1,
22023,1631094,22300066,"OCT 25, 2023",ORL vs. HOU,W,28,3,6,0.5,0,1,0.0,6,7,0.857,0,5,5,5,1,0,1,2,12,11,1,
22023,1631095,22300783,"FEB 14, 2024",HOU @ MEM,L,33,3,13,0.231,0,6,0.0,0,0,0.0,1,10,11,1,1,0,2,2,6,-2,1,
22023,1631095,22300765,"FEB 12, 2024",HOU vs. NYK,W,38,6,13,0.462,2,6,0.333,6,8,0.75,2,5,7,2,0,0,1,1,20,-2,1,
22023,1631095,22300754,"FEB 10, 2024",HOU @ ATL,L,37,4,15,0.267,1,7,0.143,0,0,0.0,2,8,10,2,4,4,3,2,9,-6,1,
22023,1631095,22300744,"FEB 09, 2024",HOU @ TOR,L,33,5,11,0.455,2,6,0.333,0,0,0.0,5,5,10,2,0,0,2,2,12,2,1,
22023,1631095,22300719,"FEB 06, 2024",HOU @ IND,L,40,8,15,0.533,2,4,0.5,2,2,1.0,5,4,9,0,0,0,3,1,20,8,1,
22023,1631095,22300709,"FEB 04, 2024",HOU @ MIN,L,19,1,4,0.25,1,2,0.5,0,0,0.0,0,2,2,0,1,0,0,5,3,-14,1,
22023,1631095,22300692,"FEB 02, 2024",HOU vs. TOR,W,24,4,9,0.444,2,5,0.4,1,1,1.0,1,2,3,1,0,0,1,0,11,8,1,
22023,1631095,22300679,"JAN 31, 2024",HOU vs. NOP,L,22,0,6,0.0,0,4,0.0,0,0,0.0,0,1,1,0,1,0,0,2,0,-19,1,
22023,1631095,22300662,"JAN 29, 2024",HOU vs. LAL,W,36,8,13,0.615,2,5,0.4,0,0,0.0,2,7,9,4,3,1,1,1,18,11,1,
22023,1631095,22300598,"JAN 20, 2024",HOU vs. UTA,W,41,9,19,0.474,4,8,0.5,2,4,0.5,4,6,10,1,2,1,0,2,24,2,1,
22023,1631095,22300573,"JAN 17, 2024",HOU @ NYK,L,31,5,9,0.556,1,2,0.5,0,0,0.0,2,4,6,1,1,0,0,2,11,-20,1,
22023,1631095,22300555,"JAN 15, 2024",HOU @ PHI,L,31,5,9,0.556,0,1,0.0,3,5,0.6,1,6,7,2,0,0,2,3,13,-8,1,
22023,1631095,22300542,"JAN 13, 2024",HOU @ BOS,L,27,4,11,0.364,0,4,0.0,1,1,1.0,1,5,6,2,0,0,2,2,9,-20,1,
22023,1631095,22300534,"JAN 12, 2024",HOU @ DET,W,41,7,15,0.467,1,3,0.333,4,4,1.0,5,6,11,1,1,2,1,0,19,-3,1,
22023,1631095,22300523,"JAN 10, 2024",HOU @ CHI,L,47,7,14,0.5,4,9,0.444,0,0,0.0,2,13,15,1,0,1,2,3,18,8,1,
22023,1631095,22300509,"JAN 08, 2024",HOU @ MIA,L,32,3,13,0.231,1,5,0.2,3,3,1.0,3,3,6,0,0,0,1,3,10,-11,1,
22023,1631095,22300496,"JAN 06, 2024",HOU vs. MIL,W,40,3,7,0.429,3,5,0.6,5,6,0.833,1,11,12,2,2,1,1,4,14,1,1,
22023,1631095,22300485,"JAN 05, 2024",HOU vs. MIN,L,32,6,13,0.462,3,5,0.6,1,2,0.5,1,8,9,2,0,0,4,3,16,-12,1,
22023,1631095,22300469,"JAN 03, 2024",HOU vs. BKN,W,33,2,8,0.25,1,4,0.25,2,2,1.0,1,11,12,0,0,1,1,4,7,11,1,
22023,1631095,22300453,"JAN 01, 2024",HOU vs. DET,W,27,3,7,0.429,3,5,0.6,0,0,0.0,0,6,6,1,0,1,1,1,9,20,1,
22023,1631095,22300418,"DEC 27, 2023",HOU vs. PHX,L,22,2,5,0.4,1,3,0.333,4,4,1.0,0,3,3,0,2,0,1,1,9,-11,1,
22023,1631095,22300409,"DEC 26, 2023",HOU vs. IND,L,34,4,11,0.364,0,5,0.0,2,2,1.0,2,4,6,0,1,1,0,4,10,-13,1,
22023,1631095,22300392,"DEC 23, 2023",HOU @ NOP,W,37,10,14,0.714,4,5,0.8,2,3,0.667,4,7,11,2,1,1,1,3,26,1,1,
22023,1631095,22300385,"DEC 22, 2023",HOU vs. DAL,W,31,8,13,0.615,1,3,0.333,4,5,0.8,2,6,8,1,0,0,1,0,21,37,1,
22023,1631095,22300371,"DEC 20, 2023",HOU vs. ATL,L,42,8,14,0.571,4,7,0.571,14,14,1.0,5,8,13,1,0,4,0,3,34,3,1,
22023,1631095,22300349,"DEC 18, 2023",HOU @ CLE,L,23,2,7,0.286,1,4,0.25,0,0,0.0,3,4,7,0,0,0,2,4,5,-17,1,
22023,1631095,22300346,"DEC 17, 2023",HOU @ MIL,L,28,7,13,0.538,1,4,0.25,1,1,1.0,0,5,5,2,0,1,0,5,16,-4,1,
22023,1631095,22300332,"DEC 15, 2023",HOU @ MEM,W,30,1,9,0.111,1,4,0.25,2,2,1.0,3,9,12,2,0,1,1,5,5,-2,1,
22023,1631095,22300314,"DEC 13, 2023",HOU vs. MEM,W,30,7,10,0.7,3,5,0.6,3,6,0.5,2,8,10,1,1,1,1,2,20,11,1,
22023,1631095,22300298,"DEC 11, 2023",HOU vs. SAS,W,36,3,12,0.25,1,3,0.333,2,2,1.0,3,9,12,5,1,1,1,3,9,15,1,
22023,1631095,22301224,"DEC 08, 2023",HOU @ DEN,W,25,3,9,0.333,0,2,0.0,3,4,0.75,4,6,10,5,0,0,1,1,9,-2,1,
22023,1631095,22301212,"DEC 06, 2023",HOU vs. OKC,W,32,2,4,0.5,1,1,1.0,1,1,1.0,4,14,18,1,0,0,3,1,6,9,1,
22023,1631095,22300291,"DEC 02, 2023",HOU @ LAL,L,30,4,7,0.571,0,3,0.0,2,2,1.0,1,8,9,3,2,3,3,5,10,-16,1,
22023,1631095,22300263,"NOV 29, 2023",HOU @ DEN,L,32,6,14,0.429,2,7,0.286,1,2,0.5,1,6,7,2,0,1,0,3,15,-22,1,
22023,1631095,22300059,"NOV 28, 2023",HOU @ DAL,L,37,7,11,0.636,2,5,0.4,0,0,0.0,1,8,9,2,0,1,1,2,16,-5,1,
22023,1631095,22300048,"NOV 24, 2023",HOU vs. DEN,W,38,6,9,0.667,2,3,0.667,2,2,1.0,3,12,15,1,1,1,2,2,16,16,1,
22023,1631095,22300231,"NOV 22, 2023",HOU vs. MEM,W,27,6,10,0.6,3,4,0.75,3,4,0.75,0,9,9,2,0,1,0,2,18,4,1,
22023,1631095,22300224,"NOV 20, 2023",HOU @ GSW,L,32,7,12,0.583,1,5,0.2,2,2,1.0,2,7,9,2,1,2,2,4,17,1,1,
22023,1631095,22300216,"NOV 19, 2023",HOU @ LAL,L,32,5,10,0.5,2,6,0.333,2,2,1.0,1,4,5,1,1,0,3,4,14,-5,1,
22023,1631095,22300037,"NOV 17, 2023",HOU @ LAC,L,33,4,12,0.333,1,4,0.25,0,0,0.0,2,5,7,0,1,1,0,5,9,-3,1,
22023,1631095,22300182,"NOV 12, 2023",HOU vs. DEN,W,20,4,7,0.571,0,2,0.0,0,0,0.0,2,5,7,0,0,1,1,1,8,-6,1,
22023,1631095,22300011,"NOV 10, 2023",HOU vs. NOP,W,23,2,8,0.25,1,4,0.25,1,1,1.0,1,6,7,2,0,0,2,3,6,-8,1,
22023,1631095,22300163,"NOV 08, 2023",HOU vs. LAL,W,26,4,8,0.5,2,4,0.5,2,2,1.0,1,5,6,0,1,0,2,2,12,19,1,
22023,1631095,22300153,"NOV 06, 2023",HOU vs. SAC,W,22,5,8,0.625,3,5,0.6,0,0,0.0,0,4,4,0,0,1,0,4,13,10,1,
22023,1631095,22300137,"NOV 04, 2023",HOU vs. SAC,W,35,9,15,0.6,3,6,0.5,0,0,0.0,3,8,11,0,0,1,0,4,21,4,1,
22023,1631095,22300122,"NOV 01, 2023",HOU vs. CHA,W,30,7,10,0.7,3,5,0.6,0,0,0.0,0,6,6,4,0,1,2,3,17,-1,1,
22023,1631095,22300096,"OCT 29, 2023",HOU vs. GSW,L,34,6,12,0.5,2,6,0.333,0,0,0.0,2,6,8,5,2,0,1,3,14,12,1,
22023,1631095,22300083,"OCT 27, 2023",HOU @ SAS,L,37,5,16,0.313,2,8,0.25,1,4,0.25,4,5,9,0,1,0,2,4,13,-6,1,
22023,1631095,22300066,"OCT 25, 2023",HOU @ ORL,L,26,3,9,0.333,0,4,0.0,1,2,0.5,1,4,5,1,1,0,1,6,7,-8,1,
22023,1631096,22300772,"FEB 13, 2024",OKC @ ORL,W,32,4,8,0.5,1,3,0.333,4,4,1.0,2,7,9,1,1,5,1,5,13,15,1,
22023,1631096,22300760,"FEB 11, 2024",OKC vs. SAC,W,31,5,9,0.556,0,2,0.0,4,4,1.0,1,3,4,2,2,4,2,3,14,22,1,
22023,1631096,22300748,"FEB 10, 2024",OKC @ DAL,L,22,4,7,0.571,2,3,0.667,3,4,0.75,4,8,12,0,0,1,0,4,13,-3,1,
22023,1631096,22300724,"FEB 06, 2024",OKC @ UTA,L,31,8,13,0.615,4,6,0.667,2,4,0.5,3,5,8,3,3,4,1,3,22,-5,1,
22023,1631096,22300710,"FEB 04, 2024",OKC vs. TOR,W,41,9,17,0.529,4,10,0.4,0,0,0.0,0,5,5,4,2,2,2,1,22,10,1,
22023,1631096,22300695,"FEB 02, 2024",OKC vs. CHA,W,23,5,9,0.556,3,6,0.5,3,4,0.75,0,6,6,3,1,2,1,1,16,13,1,
22023,1631096,22300682,"JAN 31, 2024",OKC vs. DEN,W,32,7,13,0.538,3,4,0.75,1,2,0.5,5,8,13,3,0,5,2,0,18,13,1,
22023,1631096,22300664,"JAN 29, 2024",OKC vs. MIN,L,32,2,9,0.222,0,2,0.0,0,0,0.0,1,6,7,2,0,3,2,0,4,-13,1,
22023,1631096,22300654,"JAN 28, 2024",OKC @ DET,L,23,4,11,0.364,1,5,0.2,0,1,0.0,1,11,12,1,0,1,1,0,9,-20,1,
22023,1631096,22300640,"JAN 26, 2024",OKC @ NOP,W,30,9,16,0.563,2,6,0.333,0,0,0.0,2,11,13,0,1,2,0,1,20,18,1,
22023,1631096,22300622,"JAN 24, 2024",OKC @ SAS,W,30,7,13,0.538,2,4,0.5,1,3,0.333,4,5,9,4,1,3,3,3,17,11,1,
22023,1631096,22300617,"JAN 23, 2024",OKC vs. POR,W,32,3,6,0.5,0,2,0.0,2,4,0.5,1,9,10,3,0,6,1,1,8,8,1,
22023,1631096,22300599,"JAN 20, 2024",OKC @ MIN,W,33,4,8,0.5,1,2,0.5,6,6,1.0,1,4,5,2,1,2,0,4,15,8,1,
22023,1631096,22300581,"JAN 18, 2024",OKC @ UTA,W,32,6,16,0.375,2,6,0.333,1,2,0.5,0,5,5,5,0,4,3,3,15,2,1,
22023,1631096,22300568,"JAN 16, 2024",OKC @ LAC,L,33,2,10,0.2,0,2,0.0,4,6,0.667,0,5,5,5,0,1,1,4,8,-14,1,
22023,1631096,22300565,"JAN 15, 2024",OKC @ LAL,L,30,4,9,0.444,1,4,0.25,0,0,0.0,1,7,8,4,1,3,3,5,9,-8,1,
22023,1631096,22300546,"JAN 13, 2024",OKC vs. ORL,W,32,7,14,0.5,1,5,0.2,0,0,0.0,2,6,8,3,1,2,2,0,15,5,1,
22023,1631096,22300529,"JAN 11, 2024",OKC vs. POR,W,20,9,13,0.692,1,3,0.333,0,2,0.0,1,3,4,3,1,0,0,2,19,41,1,
22023,1631096,22300522,"JAN 10, 2024",OKC @ MIA,W,33,10,15,0.667,1,5,0.2,2,3,0.667,0,9,9,2,0,3,2,4,23,3,1,
22023,1631096,22300508,"JAN 08, 2024",OKC @ WAS,W,32,11,14,0.786,4,5,0.8,5,8,0.625,1,3,4,5,0,2,0,3,31,1,1,
22023,1631096,22300481,"JAN 05, 2024",OKC @ BKN,L,35,8,15,0.533,0,4,0.0,1,2,0.5,3,3,6,3,1,1,1,3,17,-3,1,
22023,1631096,22300467,"JAN 03, 2024",OKC @ ATL,L,25,5,9,0.556,2,5,0.4,0,0,0.0,0,3,3,1,0,0,4,1,12,-1,1,
22023,1631096,22300462,"JAN 02, 2024",OKC vs. BOS,W,33,5,9,0.556,3,5,0.6,1,2,0.5,0,3,3,7,0,4,1,1,14,4,1,
22023,1631096,22300447,"DEC 31, 2023",OKC vs. BKN,W,32,7,10,0.7,3,5,0.6,1,2,0.5,0,10,10,3,0,2,3,3,18,16,1,
22023,1631096,22300435,"DEC 29, 2023",OKC @ DEN,W,28,9,14,0.643,4,4,1.0,2,2,1.0,3,3,6,3,0,2,2,1,24,9,1,
22023,1631096,22300419,"DEC 27, 2023",OKC vs. NYK,W,30,9,14,0.643,1,4,0.25,3,4,0.75,1,4,5,1,0,4,0,4,22,4,1,
22023,1631096,22300411,"DEC 26, 2023",OKC vs. MIN,W,29,8,13,0.615,3,6,0.5,1,2,0.5,0,4,4,5,0,1,1,4,20,17,1,
22023,1631096,22300397,"DEC 23, 2023",OKC vs. LAL,L,34,8,18,0.444,1,6,0.167,2,5,0.4,4,6,10,0,1,3,0,1,19,-7,1,
22023,1631096,22300379,"DEC 21, 2023",OKC vs. LAC,W,30,9,11,0.818,2,3,0.667,3,3,1.0,0,6,6,7,0,0,1,1,23,17,1,
22023,1631096,22300355,"DEC 18, 2023",OKC vs. MEM,W,25,7,14,0.5,2,4,0.5,1,1,1.0,2,4,6,2,1,7,2,2,17,13,1,
22023,1631096,22300340,"DEC 16, 2023",OKC @ DEN,W,32,6,12,0.5,1,4,0.25,4,6,0.667,1,10,11,1,0,8,1,3,17,10,1,
22023,1631096,22300324,"DEC 14, 2023",OKC @ SAC,L,30,6,12,0.5,0,2,0.0,2,2,1.0,2,9,11,1,0,3,1,4,14,-10,1,
22023,1631096,22300302,"DEC 11, 2023",OKC vs. UTA,W,25,6,9,0.667,2,3,0.667,2,2,1.0,2,6,8,2,1,2,3,2,16,24,1,
22023,1631096,22301222,"DEC 08, 2023",OKC vs. GSW,W,35,6,12,0.5,1,4,0.25,8,8,1.0,2,5,7,1,0,3,3,4,21,-3,1,
22023,1631096,22301212,"DEC 06, 2023",OKC @ HOU,L,26,2,9,0.222,0,4,0.0,0,0,0.0,1,4,5,2,1,6,1,2,4,-16,1,
22023,1631096,22300287,"DEC 02, 2023",OKC @ DAL,W,30,4,10,0.4,0,3,0.0,3,4,0.75,3,8,11,3,1,4,2,3,11,4,1,
22023,1631096,22300271,"NOV 30, 2023",OKC vs. LAL,W,28,8,15,0.533,1,6,0.167,1,1,1.0,1,4,5,1,2,0,2,3,18,16,1,
22023,1631096,22300058,"NOV 28, 2023",OKC @ MIN,L,34,6,20,0.3,3,8,0.375,1,2,0.5,2,6,8,6,1,1,0,2,16,-4,1,
22023,1631096,22300239,"NOV 25, 2023",OKC vs. PHI,L,32,13,21,0.619,5,11,0.455,2,2,1.0,1,5,6,2,0,3,1,3,33,4,1,
22023,1631096,22300234,"NOV 22, 2023",OKC vs. CHI,W,32,5,11,0.455,0,3,0.0,8,11,0.727,5,8,13,2,1,4,2,3,18,18,1,
22023,1631096,22300215,"NOV 19, 2023",OKC @ POR,W,20,6,6,1.0,2,2,1.0,2,2,1.0,0,6,6,0,0,2,0,1,16,10,1,
22023,1631096,22300207,"NOV 18, 2023",OKC @ GSW,W,37,14,22,0.636,2,5,0.4,6,7,0.857,4,6,10,5,2,2,4,2,36,9,1,
22023,1631096,22300201,"NOV 16, 2023",OKC @ GSW,W,27,4,7,0.571,0,2,0.0,5,5,1.0,1,9,10,2,0,2,4,2,13,-1,1,
22023,1631096,22300021,"NOV 14, 2023",OKC vs. SAS,W,30,3,10,0.3,1,5,0.2,2,2,1.0,0,7,7,3,2,1,2,2,9,30,1,
22023,1631096,22300185,"NOV 12, 2023",OKC @ PHX,W,33,5,10,0.5,3,6,0.5,5,5,1.0,0,6,6,4,0,2,0,3,18,27,1,
22023,1631096,22300016,"NOV 10, 2023",OKC @ SAC,L,30,5,12,0.417,0,3,0.0,2,3,0.667,1,6,7,1,1,1,4,2,12,-13,1,
22023,1631096,22300167,"NOV 08, 2023",OKC vs. CLE,W,29,7,10,0.7,1,1,1.0,0,0,0.0,3,4,7,2,1,3,2,4,15,3,1,
22023,1631096,22300155,"NOV 06, 2023",OKC vs. ATL,W,34,4,14,0.286,1,3,0.333,7,7,1.0,3,9,12,3,1,3,1,3,16,4,1,
22023,1631096,22300005,"NOV 03, 2023",OKC vs. GSW,L,32,7,9,0.778,2,2,1.0,8,8,1.0,3,5,8,5,1,1,2,4,24,-1,1,
22023,1631096,22300121,"NOV 01, 2023",OKC vs. NOP,L,37,8,14,0.571,1,5,0.2,2,2,1.0,3,8,11,3,1,2,5,4,19,-3,1,
22023,1631096,22300109,"OCT 30, 2023",OKC vs. DET,W,24,4,5,0.8,4,5,0.8,2,2,1.0,0,4,4,3,2,4,3,5,14,9,1,
22023,1631096,22300095,"OCT 29, 2023",OKC vs. DEN,L,26,7,12,0.583,1,4,0.25,4,4,1.0,2,2,4,0,0,0,1,2,19,-23,1,
22023,1631096,22300081,"OCT 27, 2023",OKC @ CLE,W,31,5,9,0.556,3,4,0.75,3,4,0.75,1,12,13,2,1,7,1,3,16,6,1,
22023,1631096,22300070,"OCT 25, 2023",OKC @ CHI,W,25,4,7,0.571,2,3,0.667,1,3,0.333,0,4,4,3,1,0,1,3,11,14,1,
22023,1631097,22300761,"FEB 12, 2024",IND @ CHA,L,15,0,4,0.0,0,1,0.0,0,0,0.0,0,2,2,1,0,0,1,0,0,-7,1,
22023,1631097,22300755,"FEB 10, 2024",IND @ NYK,W,23,2,6,0.333,0,1,0.0,0,2,0.0,1,5,6,0,0,1,4,1,4,0,1,
22023,1631097,22300733,"FEB 08, 2024",IND vs. GSW,L,24,2,11,0.182,0,3,0.0,7,8,0.875,0,0,0,1,0,0,1,2,11,-13,1,
22023,1631097,22300707,"FEB 04, 2024",IND @ CHA,W,27,4,12,0.333,2,3,0.667,4,6,0.667,1,4,5,1,0,0,0,0,14,3,1,
22023,1631097,22300691,"FEB 02, 2024",IND vs. SAC,L,37,10,14,0.714,2,2,1.0,9,10,0.9,0,5,5,4,2,0,5,1,31,-3,1,
22023,1631097,22300652,"JAN 28, 2024",IND vs. MEM,W,30,9,14,0.643,3,5,0.6,3,3,1.0,0,7,7,1,1,1,2,4,24,14,1,
22023,1631097,22300636,"JAN 26, 2024",IND vs. PHX,W,21,5,14,0.357,1,3,0.333,0,0,0.0,3,2,5,0,1,0,1,0,11,-2,1,
22023,1631097,22300627,"JAN 25, 2024",IND vs. PHI,W,25,5,13,0.385,0,2,0.0,3,3,1.0,1,4,5,4,0,0,3,2,13,-16,1,
22023,1631097,22300614,"JAN 23, 2024",IND vs. DEN,L,28,3,8,0.375,1,2,0.5,4,5,0.8,0,5,5,3,0,0,1,2,11,2,1,
22023,1631097,22300604,"JAN 21, 2024",IND @ PHX,L,14,1,8,0.125,1,4,0.25,1,2,0.5,0,3,3,0,0,0,0,0,4,7,1,
22023,1631097,22300590,"JAN 19, 2024",IND @ POR,L,23,0,8,0.0,0,5,0.0,2,3,0.667,0,3,3,0,0,0,3,1,2,-21,1,
22023,1631097,22300583,"JAN 18, 2024",IND @ SAC,W,37,11,21,0.524,2,6,0.333,1,1,1.0,1,2,3,4,1,2,3,2,25,-1,1,
22023,1631097,22300564,"JAN 15, 2024",IND @ UTA,L,25,5,10,0.5,0,1,0.0,1,1,1.0,1,0,1,2,0,0,0,1,11,-18,1,
22023,1631097,22300550,"JAN 14, 2024",IND @ DEN,L,22,3,9,0.333,1,3,0.333,5,5,1.0,1,2,3,2,0,0,2,3,12,-7,1,
22023,1631097,22300533,"JAN 12, 2024",IND @ ATL,W,27,6,9,0.667,0,1,0.0,3,5,0.6,1,0,1,3,0,0,5,2,15,16,1,
22023,1631097,22300520,"JAN 10, 2024",IND vs. WAS,W,28,4,13,0.308,0,1,0.0,8,8,1.0,2,5,7,0,1,0,1,2,16,6,1,
22023,1631097,22300507,"JAN 08, 2024",IND vs. BOS,W,29,8,15,0.533,5,9,0.556,5,7,0.714,0,4,4,3,2,0,2,4,26,-2,1,
22023,1631097,22300493,"JAN 06, 2024",IND vs. BOS,L,35,7,14,0.5,0,3,0.0,6,9,0.667,2,2,4,2,2,1,2,2,20,-21,1,
22023,1631097,22300480,"JAN 05, 2024",IND vs. ATL,W,18,6,9,0.667,2,4,0.5,4,4,1.0,1,2,3,4,0,0,0,2,18,11,1,
22023,1631097,22300466,"JAN 03, 2024",IND vs. MIL,W,25,6,9,0.667,2,2,1.0,2,2,1.0,0,1,1,3,0,0,1,4,16,-3,1,
22023,1631097,22300454,"JAN 01, 2024",IND @ MIL,W,36,9,15,0.6,1,5,0.2,6,9,0.667,3,10,13,0,0,0,1,3,25,22,1,
22023,1631097,22300441,"DEC 30, 2023",IND vs. NYK,W,26,7,10,0.7,3,5,0.6,3,3,1.0,0,0,0,0,0,0,2,0,20,11,1,
22023,1631097,22300422,"DEC 28, 2023",IND @ CHI,W,26,5,9,0.556,1,3,0.333,4,5,0.8,2,3,5,1,0,1,3,1,15,2,1,
22023,1631097,22300409,"DEC 26, 2023",IND @ HOU,W,24,3,9,0.333,2,5,0.4,2,2,1.0,0,4,4,0,1,0,3,2,10,-6,1,
22023,1631097,22300391,"DEC 23, 2023",IND vs. ORL,L,16,1,5,0.2,0,2,0.0,0,0,0.0,0,2,2,1,0,0,1,1,2,-24,1,
22023,1631097,22300377,"DEC 21, 2023",IND @ MEM,L,19,3,10,0.3,0,4,0.0,0,0,0.0,2,2,4,3,1,0,1,0,6,-22,1,
22023,1631097,22300365,"DEC 20, 2023",IND vs. CHA,W,28,5,7,0.714,4,6,0.667,0,0,0.0,0,2,2,1,1,0,2,2,14,10,1,
22023,1631097,22300350,"DEC 18, 2023",IND vs. LAC,L,35,12,20,0.6,3,7,0.429,7,7,1.0,2,4,6,2,1,0,1,3,34,-11,1,
22023,1631097,22300338,"DEC 16, 2023",IND @ MIN,L,23,3,11,0.273,0,1,0.0,0,0,0.0,0,1,1,3,0,1,1,1,6,8,1,
22023,1631097,22300328,"DEC 15, 2023",IND @ WAS,L,22,4,9,0.444,1,1,1.0,4,4,1.0,1,2,3,2,1,0,2,2,13,-14,1,
22023,1631097,22300315,"DEC 13, 2023",IND @ MIL,L,25,2,8,0.25,0,3,0.0,10,10,1.0,0,1,1,1,0,0,3,3,14,-15,1,
22023,1631097,22300293,"DEC 11, 2023",IND @ DET,W,37,10,17,0.588,3,5,0.6,7,8,0.875,3,4,7,8,2,0,2,3,30,8,1,
22023,1631097,22301229,"DEC 07, 2023",IND @ MIL,W,24,3,12,0.25,0,2,0.0,3,3,1.0,2,4,6,1,0,1,2,4,9,17,1,
22023,1631097,22301202,"DEC 04, 2023",IND vs. BOS,W,27,5,14,0.357,4,7,0.571,2,2,1.0,1,4,5,2,0,0,1,1,16,-6,1,
22023,1631097,22300284,"DEC 02, 2023",IND @ MIA,W,25,6,10,0.6,2,3,0.667,2,3,0.667,1,4,5,4,0,0,4,4,16,-4,1,
22023,1631097,22300267,"NOV 30, 2023",IND @ MIA,L,24,5,7,0.714,0,0,0.0,2,2,1.0,0,3,3,0,0,0,1,1,12,-14,1,
22023,1631097,22300254,"NOV 27, 2023",IND vs. POR,L,22,4,10,0.4,0,2,0.0,3,5,0.6,1,3,4,0,0,0,2,3,11,-9,1,
22023,1631097,22300047,"NOV 24, 2023",IND vs. DET,W,31,6,12,0.5,1,2,0.5,2,2,1.0,1,1,2,0,1,0,1,4,15,27,1,
22023,1631097,22300230,"NOV 22, 2023",IND vs. TOR,L,24,2,7,0.286,0,1,0.0,1,2,0.5,0,0,0,2,1,1,0,1,5,-10,1,
22023,1631097,22300039,"NOV 21, 2023",IND @ ATL,W,20,7,10,0.7,2,4,0.5,3,4,0.75,0,2,2,1,0,0,0,2,19,-1,1,
22023,1631097,22300209,"NOV 19, 2023",IND vs. ORL,L,25,4,12,0.333,1,3,0.333,5,5,1.0,0,6,6,3,1,0,0,6,14,-7,1,
22023,1631097,22300019,"NOV 14, 2023",IND @ PHI,W,16,3,8,0.375,2,4,0.5,0,0,0.0,0,0,0,0,0,0,2,0,8,3,1,
22023,1631097,22300180,"NOV 12, 2023",IND @ PHI,L,26,4,11,0.364,0,3,0.0,1,3,0.333,1,4,5,1,0,1,1,1,9,-24,1,
22023,1631097,22300171,"NOV 09, 2023",IND vs. MIL,W,36,9,18,0.5,3,7,0.429,5,6,0.833,4,7,11,2,1,1,1,1,26,14,1,
22023,1631097,22300158,"NOV 08, 2023",IND vs. UTA,W,38,9,18,0.5,4,7,0.571,0,0,0.0,5,4,9,4,2,0,3,1,22,18,1,
22023,1631097,22300146,"NOV 06, 2023",IND vs. SAS,W,22,4,8,0.5,0,2,0.0,2,2,1.0,1,2,3,2,1,0,1,2,10,14,1,
22023,1631097,22300133,"NOV 04, 2023",IND vs. CHA,L,24,3,11,0.273,0,2,0.0,2,2,1.0,4,1,5,5,1,0,3,1,8,6,1,
22023,1631097,22300001,"NOV 03, 2023",IND vs. CLE,W,24,2,7,0.286,1,2,0.5,0,3,0.0,1,2,3,5,1,0,1,1,5,-4,1,
22023,1631097,22300118,"NOV 01, 2023",IND @ BOS,L,15,4,7,0.571,0,3,0.0,0,0,0.0,0,1,1,0,0,0,0,1,8,-24,1,
22023,1631097,22300102,"OCT 30, 2023",IND vs. CHI,L,28,4,11,0.364,1,4,0.25,6,6,1.0,1,3,4,0,0,0,2,5,15,-7,1,
22023,1631097,22300091,"OCT 28, 2023",IND @ CLE,W,17,5,10,0.5,1,3,0.333,2,3,0.667,0,0,0,1,0,0,0,0,13,-11,1,
22023,1631097,22300064,"OCT 25, 2023",IND vs. WAS,W,26,6,15,0.4,2,6,0.333,4,4,1.0,0,4,4,5,2,0,2,1,18,14,1,
22023,1631098,22300705,"FEB 04, 2024",WAS vs. PHX,L,18,1,7,0.143,1,3,0.333,0,0,0.0,0,0,0,1,1,0,1,1,3,-8,1,
22023,1631098,22300689,"FEB 02, 2024",WAS vs. MIA,L,2,1,1,1.0,0,0,0.0,0,0,0.0,0,0,0,0,0,0,0,0,2,1,1,
22023,1631098,22300676,"JAN 31, 2024",WAS vs. LAC,L,12,1,3,0.333,0,1,0.0,0,2,0.0,0,1,1,1,0,1,0,2,2,11,1,
22023,1631098,22300628,"JAN 25, 2024",WAS vs. UTA,L,1,0,0,0.0,0,0,0.0,0,0,0.0,0,0,0,0,0,0,0,0,0,0,1,
22023,1631098,22300558,"JAN 15, 2024",WAS vs. DET,L,1,0,0,0.0,0,0,0.0,0,0,0.0,0,0,0,0,0,0,0,0,0,3,1,
22023,1631098,22300494,"JAN 06, 2024",WAS vs. NYK,L,3,1,2,0.5,0,0,0.0,0,0,0.0,0,0,0,0,0,0,0,0,2,5,1,
22023,1631098,22300482,"JAN 05, 2024",WAS @ CLE,L,6,0,2,0.0,0,0,0.0,0,0,0.0,1,0,1,0,0,0,0,0,0,-1,1,
22023,1631098,22300465,"JAN 03, 2024",WAS @ CLE,L,5,1,3,0.333,0,0,0.0,0,0,0.0,0,0,0,0,0,0,0,0,2,0,1,
22023,1631098,22300416,"DEC 27, 2023",WAS vs. TOR,L,6,0,1,0.0,0,0,0.0,0,0,0.0,0,0,0,0,0,0,0,1,0,-4,1,
22023,1631098,22300274,"DEC 01, 2023",WAS @ ORL,L,6,0,2,0.0,0,0,0.0,0,0,0.0,1,0,1,0,0,0,0,1,0,-2,1,
22023,1631098,22300259,"NOV 29, 2023",WAS @ ORL,L,10,0,1,0.0,0,0,0.0,0,0,0.0,1,0,1,0,1,0,0,1,0,-2,1,
22023,1631098,22300253,"NOV 27, 2023",WAS @ DET,W,7,1,2,0.5,0,0,0.0,0,0,0.0,0,0,0,0,0,0,1,0,2,0,1,
22023,1631098,22300241,"NOV 25, 2023",WAS vs. ATL,L,16,2,5,0.4,0,1,0.0,0,0,0.0,0,3,3,2,1,0,1,1,4,5,1,
22023,1631098,22300049,"NOV 24, 2023",WAS @ MIL,L,12,2,4,0.5,0,0,0.0,2,2,1.0,3,2,5,0,0,0,1,1,6,-5,1,
22023,1631098,22300225,"NOV 22, 2023",WAS @ CHA,L,5,0,0,0.0,0,0,0.0,0,0,0.0,0,0,0,0,0,0,0,0,0,-6,1,
22023,1631098,22300219,"NOV 20, 2023",WAS vs. MIL,L,6,0,0,0.0,0,0,0.0,0,0,0.0,0,1,1,1,0,0,0,0,0,-10,1,
22023,1631098,22300028,"NOV 17, 2023",WAS vs. NYK,L,2,0,0,0.0,0,0,0.0,0,0,0.0,0,0,0,0,0,0,0,0,0,-1,1,
22023,1631098,22300192,"NOV 15, 2023",WAS vs. DAL,L,7,2,3,0.667,0,0,0.0,0,0,0.0,0,1,1,1,1,0,0,1,4,11,1,
22023,1631098,22300157,"NOV 08, 2023",WAS @ CHA,W,3,0,0,0.0,0,0,0.0,0,0,0.0,0,0,0,0,0,1,0,0,0,-2,1,
22023,1631098,22300148,"NOV 06, 2023",WAS @ PHI,L,14,2,8,0.25,0,0,0.0,0,0,0.0,2,1,3,1,0,0,0,0,4,-6,1,
22023,1631098,22300003,"NOV 03, 2023",WAS @ MIA,L,13,5,5,1.0,1,1,1.0,0,0,0.0,0,1,1,0,1,0,0,0,11,19,1,
22023,1631098,22300117,"NOV 01, 2023",WAS @ ATL,L,10,3,6,0.5,0,1,0.0,1,1,1.0,0,1,1,0,3,0,0,3,7,-9,1,
22023,1631098,22300103,"OCT 30, 2023",WAS vs. BOS,L,16,2,4,0.5,0,0,0.0,1,2,0.5,1,1,2,0,0,0,2,2,5,8,1,
22023,1631099,22300786,"FEB 14, 2024",SAC @ DEN,W,35,2,8,0.25,0,4,0.0,2,2,1.0,1,4,5,1,0,1,3,3,6,-6,1,
22023,1631099,22300774,"FEB 13, 2024",SAC @ PHX,L,34,3,9,0.333,0,2,0.0,0,0,0.0,0,5,5,1,1,1,0,5,6,0,1,
22023,1631099,22300760,"FEB 11, 2024",SAC @ OKC,L,34,6,12,0.5,1,6,0.167,0,0,0.0,2,8,10,3,1,2,1,0,13,-17,1,
22023,1631099,22300746,"FEB 09, 2024",SAC vs. DEN,W,27,6,11,0.545,1,4,0.25,4,4,1.0,0,1,1,2,0,0,1,3,17,9,1,
22023,1631099,22300732,"FEB 07, 2024",SAC vs. DET,L,20,0,4,0.0,0,3,0.0,0,0,0.0,0,4,4,4,1,1,1,4,0,-4,1,
22023,1631099,22300714,"FEB 05, 2024",SAC @ CLE,L,30,4,9,0.444,2,4,0.5,0,0,0.0,0,1,1,2,0,0,0,3,10,-18,1,
22023,1631099,22300700,"FEB 03, 2024",SAC @ CHI,W,31,2,6,0.333,1,5,0.2,0,0,0.0,0,6,6,3,2,0,0,4,5,13,1,
22023,1631099,22300691,"FEB 02, 2024",SAC @ IND,W,28,2,7,0.286,1,6,0.167,0,0,0.0,1,0,1,1,0,0,0,0,5,12,1,
22023,1631099,22300678,"JAN 31, 2024",SAC @ MIA,L,38,12,18,0.667,7,11,0.636,2,2,1.0,1,4,5,2,1,2,0,5,33,4,1,
22023,1631099,22300663,"JAN 29, 2024",SAC @ MEM,W,25,2,7,0.286,1,4,0.25,0,0,0.0,1,4,5,2,2,0,4,2,5,-3,1,
22023,1631099,22300651,"JAN 27, 2024",SAC @ DAL,W,40,5,13,0.385,1,6,0.167,4,6,0.667,1,3,4,2,0,3,0,4,15,4,1,
22023,1631099,22300632,"JAN 25, 2024",SAC @ GSW,W,38,5,12,0.417,2,7,0.286,2,2,1.0,1,5,6,1,1,2,0,2,14,11,1,
22023,1631099,22300613,"JAN 22, 2024",SAC vs. ATL,W,32,5,12,0.417,2,7,0.286,1,2,0.5,2,4,6,2,2,0,0,3,13,8,1,
22023,1631099,22300583,"JAN 18, 2024",SAC vs. IND,L,38,11,18,0.611,1,5,0.2,4,5,0.8,3,6,9,0,2,1,1,3,27,10,1,
22023,1631099,22300567,"JAN 16, 2024",SAC @ PHX,L,35,7,12,0.583,3,5,0.6,1,2,0.5,1,3,4,3,1,1,1,3,18,-9,1,
22023,1631099,22300552,"JAN 14, 2024",SAC @ MIL,L,19,2,9,0.222,0,2,0.0,0,0,0.0,0,1,1,0,0,1,0,1,4,1,1,
22023,1631099,22300532,"JAN 12, 2024",SAC @ PHI,L,35,6,14,0.429,3,7,0.429,0,1,0.0,2,6,8,3,1,2,2,2,15,-6,1,
22023,1631099,22300518,"JAN 10, 2024",SAC @ CHA,W,32,11,18,0.611,3,7,0.429,0,0,0.0,0,6,6,3,0,1,0,2,25,5,1,
22023,1631099,22300512,"JAN 09, 2024",SAC @ DET,W,35,13,17,0.765,5,9,0.556,1,1,1.0,0,5,5,2,1,2,1,2,32,32,1,
22023,1631099,22300500,"JAN 07, 2024",SAC vs. NOP,L,26,2,9,0.222,1,6,0.167,3,3,1.0,1,0,1,0,1,0,0,1,8,-31,1,
22023,1631099,22300492,"JAN 05, 2024",SAC vs. TOR,W,35,6,11,0.545,4,4,1.0,2,4,0.5,3,9,12,1,1,0,3,1,18,-3,1,
22023,1631099,22300476,"JAN 03, 2024",SAC vs. ORL,W,46,13,21,0.619,2,6,0.333,0,0,0.0,4,8,12,1,1,0,0,0,28,-7,1,
22023,1631099,22300464,"JAN 02, 2024",SAC vs. CHA,L,37,4,12,0.333,1,6,0.167,1,2,0.5,1,2,3,2,3,0,1,5,10,-8,1,
22023,1631099,22300449,"DEC 31, 2023",SAC @ MEM,W,26,4,9,0.444,2,4,0.5,0,0,0.0,1,2,3,1,0,0,1,1,10,13,1,
22023,1631099,22300431,"DEC 29, 2023",SAC @ ATL,W,36,4,12,0.333,1,6,0.167,0,0,0.0,0,5,5,0,2,2,0,5,9,-3,1,
22023,1631099,22300413,"DEC 26, 2023",SAC @ POR,L,36,2,11,0.182,1,7,0.143,0,0,0.0,1,3,4,2,1,1,0,1,5,-10,1,
22023,1631099,22300400,"DEC 23, 2023",SAC vs. MIN,L,40,8,16,0.5,3,7,0.429,1,2,0.5,1,6,7,0,3,1,1,4,20,-8,1,
22023,1631099,22300387,"DEC 22, 2023",SAC vs. PHX,W,33,8,13,0.615,3,7,0.429,2,2,1.0,1,4,5,2,0,0,1,3,21,25,1,
22023,1631099,22300373,"DEC 20, 2023",SAC vs. BOS,L,26,5,11,0.455,3,7,0.429,0,0,0.0,1,0,1,0,0,0,1,4,13,-23,1,
22023,1631099,22300358,"DEC 18, 2023",SAC vs. WAS,W,32,9,17,0.529,4,7,0.571,3,3,1.0,1,4,5,4,1,0,0,4,25,20,1,
22023,1631099,22300342,"DEC 16, 2023",SAC vs. UTA,W,36,16,23,0.696,12,15,0.8,3,4,0.75,1,7,8,2,2,0,0,1,47,33,1,
22023,1631099,22300324,"DEC 14, 2023",SAC vs. OKC,W,31,4,8,0.5,0,2,0.0,7,8,0.875,2,1,3,1,1,0,1,4,15,-12,1,
22023,1631099,22300309,"DEC 12, 2023",SAC @ LAC,L,31,6,14,0.429,0,5,0.0,5,6,0.833,0,7,7,1,3,0,0,2,17,-21,1,
22023,1631099,22300303,"DEC 11, 2023",SAC vs. BKN,W,34,9,13,0.692,4,4,1.0,2,2,1.0,1,2,3,3,0,0,0,4,24,17,1,
22023,1631099,22301228,"DEC 08, 2023",SAC @ PHX,W,30,6,13,0.462,1,7,0.143,0,0,0.0,2,2,4,0,1,0,1,6,13,-1,1,
22023,1631099,22301204,"DEC 04, 2023",SAC vs. NOP,L,31,5,11,0.455,4,8,0.5,0,0,0.0,0,4,4,1,0,0,1,5,14,-8,1,
22023,1631099,22300290,"DEC 02, 2023",SAC vs. DEN,W,23,3,10,0.3,2,5,0.4,0,0,0.0,0,5,5,1,0,0,2,0,8,-16,1,
22023,1631099,22300222,"NOV 20, 2023",SAC @ NOP,L,16,1,4,0.25,1,2,0.5,2,2,1.0,2,1,3,0,1,1,0,2,5,-20,1,
22023,1631099,22300212,"NOV 19, 2023",SAC @ DAL,W,33,7,13,0.538,2,7,0.286,1,1,1.0,3,0,3,4,1,0,1,5,17,21,1,
22023,1631099,22300032,"NOV 17, 2023",SAC @ SAS,W,38,3,10,0.3,0,4,0.0,0,0,0.0,1,5,6,3,1,0,2,2,6,19,1,
22023,1631099,22300198,"NOV 15, 2023",SAC @ LAL,W,31,3,9,0.333,2,7,0.286,1,2,0.5,0,6,6,2,2,0,1,2,9,13,1,
22023,1631099,22300191,"NOV 13, 2023",SAC vs. CLE,W,38,9,13,0.692,5,8,0.625,2,2,1.0,2,6,8,1,1,0,0,0,25,21,1,
22023,1631099,22300016,"NOV 10, 2023",SAC vs. OKC,W,40,8,17,0.471,3,10,0.3,5,5,1.0,4,7,11,1,3,1,3,1,24,-3,1,
22023,1631099,22300170,"NOV 08, 2023",SAC vs. POR,W,31,4,17,0.235,1,6,0.167,0,0,0.0,2,5,7,3,1,2,1,3,9,8,1,
22023,1631099,22300153,"NOV 06, 2023",SAC @ HOU,L,28,5,11,0.455,2,6,0.333,0,0,0.0,0,5,5,1,1,0,2,3,12,-18,1,
22023,1631099,22300137,"NOV 04, 2023",SAC @ HOU,L,33,3,12,0.25,1,8,0.125,0,0,0.0,0,2,2,1,0,0,0,1,7,-17,1,
22023,1631099,22300126,"NOV 01, 2023",SAC @ GSW,L,39,4,15,0.267,0,7,0.0,2,2,1.0,2,4,6,3,2,0,0,2,10,3,1,
22023,1631099,22300100,"OCT 29, 2023",SAC vs. LAL,W,33,6,14,0.429,3,9,0.333,2,3,0.667,3,5,8,5,2,1,1,4,17,13,1,
22023,1631099,22300087,"OCT 27, 2023",SAC vs. GSW,L,40,6,16,0.375,3,11,0.273,1,2,0.5,3,4,7,1,2,1,4,2,16,-11,1,
22023,1631099,22300072,"OCT 25, 2023",SAC @ UTA,W,30,5,13,0.385,4,9,0.444,1,1,1.0,2,6,8,1,1,2,0,4,15,12,1,
22023,1631100,22300669,"JAN 30, 2024",ATL vs. LAL,W,2,0,1,0.0,0,0,0.0,0,0,0.0,0,1,1,0,0,0,0,0,0,1,1,
22023,1631100,22300626,"JAN 24, 2024",ATL @ GSW,L,2,0,2,0.0,0,2,0.0,0,0,0.0,0,0,0,0,0,0,0,0,0,-4,1,
22023,1631100,22300595,"JAN 20, 2024",ATL vs. CLE,L,3,1,2,0.5,0,1,0.0,0,0,0.0,0,0,0,0,0,0,0,0,2,3,1,
22023,1631100,22300543,"JAN 13, 2024",ATL vs. WAS,L,5,0,1,0.0,0,1,0.0,0,0,0.0,0,1,1,0,0,0,0,0,0,1,1,
22023,1631100,22300533,"JAN 12, 2024",ATL vs. IND,L,4,1,2,0.5,0,1,0.0,0,0,0.0,0,0,0,0,0,1,0,0,2,2,1,
22023,1631100,22300480,"JAN 05, 2024",ATL @ IND,L,7,1,3,0.333,1,3,0.333,0,0,0.0,0,0,0,0,0,0,2,0,3,-2,1,
22023,1631100,22300296,"DEC 11, 2023",ATL vs. DEN,L,9,0,1,0.0,0,1,0.0,0,0,0.0,0,2,2,1,0,0,0,1,0,1,1,
22023,1631100,22300055,"NOV 28, 2023",ATL @ CLE,L,15,0,8,0.0,0,4,0.0,0,0,0.0,1,0,1,0,0,0,0,1,0,-2,1,
22023,1631100,22300246,"NOV 26, 2023",ATL @ BOS,L,12,0,5,0.0,0,3,0.0,0,0,0.0,0,4,4,1,0,0,0,0,0,7,1,
22023,1631100,22300241,"NOV 25, 2023",ATL @ WAS,W,6,2,3,0.667,2,3,0.667,0,0,0.0,0,0,0,0,0,0,0,0,6,-4,1,
22023,1631100,22300227,"NOV 22, 2023",ATL vs. BKN,W,3,0,0,0.0,0,0,0.0,0,0,0.0,0,0,0,0,0,0,0,0,0,10,1,
22023,1631100,22300018,"NOV 14, 2023",ATL @ DET,W,8,1,3,0.333,1,3,0.333,2,2,1.0,0,0,0,0,0,0,0,2,5,1,1,
22023,1631100,22300172,"NOV 09, 2023",ATL @ ORL,W,10,1,2,0.5,0,1,0.0,0,0,0.0,0,0,0,0,0,0,2,1,2,-11,1,
22023,1631100,22300117,"NOV 01, 2023",ATL vs. WAS,W,12,0,2,0.0,0,2,0.0,0,0,0.0,0,0,0,0,0,0,0,0,0,-14,1,
22023,1631100,22300104,"OCT 30, 2023",ATL vs. MIN,W,6,1,1,1.0,1,1,1.0,0,0,0.0,0,0,0,1,0,0,0,0,3,-8,1,
22023,1631100,22300097,"OCT 29, 2023",ATL @ MIL,W,10,2,3,0.667,2,2,1.0,0,0,0.0,1,0,1,1,1,0,1,0,6,-7,1,
22023,1631100,22300079,"OCT 27, 2023",ATL vs. NYK,L,8,2,4,0.5,2,4,0.5,0,0,0.0,0,2,2,0,0,0,0,0,6,-4,1,
22023,1631100,22300063,"OCT 25, 2023",ATL @ CHA,L,10,1,2,0.5,0,1,0.0,0,0,0.0,0,2,2,0,0,0,1,1,2,2,1,
22023,1631101,22300529,"JAN 11, 2024",POR @ OKC,L,21,3,14,0.214,1,6,0.167,0,0,0.0,3,3,6,1,0,0,1,3,7,-39,1,
22023,1631101,22300514,"JAN 09, 2024",POR @ NYK,L,22,4,8,0.5,0,2,0.0,1,1,1.0,1,3,4,4,2,1,1,1,9,-23,1,
22023,1631101,22300498,"JAN 07, 2024",POR @ BKN,W,40,7,14,0.5,3,6,0.5,4,7,0.571,0,1,1,1,2,1,0,2,21,14,1,
22023,1631101,22300487,"JAN 05, 2024",POR @ DAL,L,24,5,15,0.333,1,6,0.167,4,4,1.0,1,4,5,2,0,1,2,2,15,-11,1,
22023,1631101,22300472,"JAN 03, 2024",POR @ DAL,L,22,6,12,0.5,1,5,0.2,3,3,1.0,1,3,4,0,0,0,0,3,16,-12,1,
22023,1631101,22300456,"JAN 01, 2024",POR @ PHX,L,18,2,8,0.25,0,5,0.0,2,2,1.0,1,0,1,1,0,0,1,0,6,-14,1,
22023,1631101,22300363,"DEC 19, 2023",POR vs. PHX,W,8,0,1,0.0,0,0,0.0,0,0,0.0,0,1,1,0,0,0,0,2,0,1,1,
22023,1631101,22300348,"DEC 17, 2023",POR vs. GSW,L,27,4,10,0.4,3,5,0.6,1,1,1.0,1,4,5,1,1,0,2,3,12,0,1,
22023,1631101,22300341,"DEC 16, 2023",POR vs. DAL,L,32,2,7,0.286,1,3,0.333,2,3,0.667,0,2,2,2,0,0,2,4,7,0,1,
22023,1631101,22300323,"DEC 14, 2023",POR vs. UTA,L,27,1,12,0.083,0,5,0.0,2,2,1.0,2,5,7,2,0,1,0,3,4,-23,1,
22023,1631101,22300304,"DEC 11, 2023",POR @ LAC,L,41,8,17,0.471,4,9,0.444,7,9,0.778,1,2,3,6,1,0,2,2,27,-15,1,
22023,1631101,22301226,"DEC 08, 2023",POR vs. DAL,L,32,7,15,0.467,5,10,0.5,5,6,0.833,2,7,9,5,1,0,2,4,24,1,1,
22023,1631101,22301214,"DEC 06, 2023",POR @ GSW,L,42,10,18,0.556,4,9,0.444,2,4,0.5,0,6,6,5,0,0,1,1,26,-7,1,
22023,1631101,22300289,"DEC 02, 2023",POR @ UTA,L,44,9,20,0.45,3,8,0.375,4,4,1.0,2,3,5,4,2,0,0,5,25,-5,1,
22023,1631101,22300265,"NOV 30, 2023",POR @ CLE,W,39,11,15,0.733,4,7,0.571,3,3,1.0,0,10,10,5,1,0,5,3,29,10,1,
22023,1631101,22300254,"NOV 27, 2023",POR @ IND,W,35,4,15,0.267,1,3,0.333,2,2,1.0,1,4,5,6,3,0,2,5,11,3,1,
22023,1631101,22300245,"NOV 26, 2023",POR @ MIL,L,37,7,19,0.368,1,5,0.2,2,3,0.667,1,5,6,3,2,0,3,0,17,-19,1,
22023,1631101,22300237,"NOV 22, 2023",POR vs. UTA,W,31,6,11,0.545,2,4,0.5,0,0,0.0,0,4,4,4,1,1,1,4,14,10,1,
22023,1631101,22300041,"NOV 21, 2023",POR @ PHX,L,32,3,13,0.231,0,5,0.0,4,4,1.0,1,2,3,0,1,0,4,3,10,-20,1,
22023,1631101,22300215,"NOV 19, 2023",POR vs. OKC,L,24,3,8,0.375,1,1,1.0,0,0,0.0,2,2,4,1,0,0,1,3,7,-20,1,
22023,1631101,22300036,"NOV 17, 2023",POR vs. LAL,L,38,7,17,0.412,1,5,0.2,2,2,1.0,2,7,9,2,1,1,10,4,17,-5,1,
22023,1631101,22300199,"NOV 15, 2023",POR vs. CLE,L,27,2,12,0.167,1,5,0.2,6,7,0.857,3,4,7,5,0,0,0,3,11,-27,1,
22023,1631101,22300023,"NOV 14, 2023",POR @ UTA,L,41,4,16,0.25,2,10,0.2,7,10,0.7,2,6,8,7,2,0,3,3,17,-10,1,
22023,1631101,22300187,"NOV 12, 2023",POR @ LAL,L,42,7,15,0.467,3,6,0.5,2,2,1.0,0,3,3,4,0,0,7,4,19,-10,1,
22023,1631101,22300170,"NOV 08, 2023",POR @ SAC,L,40,5,14,0.357,1,5,0.2,7,8,0.875,0,1,1,3,1,0,4,6,18,2,1,
22023,1631101,22300144,"NOV 05, 2023",POR vs. MEM,L,41,7,15,0.467,3,8,0.375,1,3,0.333,1,7,8,3,1,1,3,1,18,-16,1,
22023,1631101,22300007,"NOV 03, 2023",POR vs. MEM,W,46,7,17,0.412,2,5,0.4,6,7,0.857,1,4,5,2,1,1,3,2,22,-1,1,
22023,1631101,22300115,"NOV 01, 2023",POR @ DET,W,42,9,16,0.563,3,6,0.5,8,10,0.8,2,5,7,5,1,2,2,1,29,3,1,
22023,1631101,22300105,"OCT 30, 2023",POR @ TOR,W,38,4,10,0.4,2,5,0.4,4,4,1.0,2,3,5,3,1,2,4,3,14,4,1,
22023,1631101,22300098,"OCT 29, 2023",POR @ PHI,L,36,7,13,0.538,2,4,0.5,4,5,0.8,1,4,5,2,0,0,3,3,20,-23,1,
22023,1631101,22300086,"OCT 27, 2023",POR vs. ORL,L,41,9,23,0.391,4,11,0.364,2,2,1.0,4,1,5,2,2,0,3,1,24,-4,1,
22023,1631101,22300074,"OCT 25, 2023",POR @ LAC,L,28,6,14,0.429,1,6,0.167,1,1,1.0,4,2,6,3,1,0,0,4,14,10,1,
22023,1631103,22300785,"FEB 14, 2024",SAS @ DAL,L,21,7,11,0.636,4,5,0.8,1,1,1.0,1,2,3,1,0,0,1,0,19,-2,1,
22023,1631103,22300764,"FEB 12, 2024",SAS @ TOR,W,21,4,12,0.333,1,4,0.25,1,1,1.0,0,0,0,3,0,0,0,1,10,9,1,
22023,1631103,22300750,"FEB 10, 2024",SAS @ BKN,L,19,2,8,0.25,1,5,0.2,0,0,0.0,2,0,2,2,0,0,1,0,5,0,1,
22023,1631103,22300734,"FEB 08, 2024",SAS @ ORL,L,20,1,5,0.2,0,3,0.0,0,0,0.0,0,3,3,3,1,0,1,3,2,-5,1,
22023,1631103,22300730,"FEB 07, 2024",SAS @ MIA,L,8,1,4,0.25,1,2,0.5,0,0,0.0,0,1,1,1,0,0,2,2,3,4,1,
22023,1631103,22300703,"FEB 03, 2024",SAS vs. CLE,L,10,0,5,0.0,0,3,0.0,1,1,1.0,0,0,0,1,0,0,1,1,1,-4,1,
22023,1631103,22300696,"FEB 02, 2024",SAS vs. NOP,L,16,3,4,0.75,1,2,0.5,0,0,0.0,1,1,2,3,0,0,0,0,7,-4,1,
22023,1631103,22300681,"JAN 31, 2024",SAS vs. ORL,L,15,2,4,0.5,0,1,0.0,0,0,0.0,1,3,4,2,0,0,1,0,4,-1,1,
22023,1631103,22300622,"JAN 24, 2024",SAS vs. OKC,L,27,3,5,0.6,1,2,0.5,4,4,1.0,0,3,3,2,2,1,0,1,11,-28,1,
22023,1631103,22300594,"JAN 20, 2024",SAS @ WAS,W,4,1,1,1.0,0,0,0.0,0,0,0.0,0,1,1,1,0,0,1,1,2,0,1,
22023,1631103,22300584,"JAN 19, 2024",SAS @ CHA,L,8,0,0,0.0,0,0,0.0,0,0,0.0,0,1,1,0,0,0,0,0,0,0,1,
22023,1631103,22300571,"JAN 17, 2024",SAS @ BOS,L,16,4,9,0.444,0,3,0.0,0,0,0.0,0,1,1,1,0,0,0,0,8,-20,1,
22023,1631103,22300559,"JAN 15, 2024",SAS @ ATL,L,10,2,4,0.5,0,1,0.0,0,0,0.0,0,0,0,0,0,0,0,1,4,-21,1,
22023,1631103,22300548,"JAN 13, 2024",SAS vs. CHI,L,22,6,15,0.4,2,8,0.25,0,0,0.0,0,1,1,1,3,0,1,0,14,3,1,
22023,1631103,22300541,"JAN 12, 2024",SAS vs. CHA,W,20,3,7,0.429,2,3,0.667,0,0,0.0,0,2,2,4,0,0,2,0,8,19,1,
22023,1631103,22300519,"JAN 10, 2024",SAS @ DET,W,21,2,7,0.286,1,3,0.333,2,2,1.0,1,1,2,3,0,0,1,2,7,5,1,
22023,1631103,22300497,"JAN 07, 2024",SAS @ CLE,L,15,1,5,0.2,0,3,0.0,0,0,0.0,0,1,1,2,0,0,1,2,2,-20,1,
22023,1631103,22300460,"JAN 02, 2024",SAS @ MEM,L,7,1,5,0.2,0,0,0.0,0,0,0.0,0,1,1,1,0,0,0,1,2,-3,1,
22023,1631103,22300448,"DEC 31, 2023",SAS vs. BOS,L,23,4,9,0.444,1,5,0.2,2,3,0.667,0,1,1,0,0,0,1,0,11,-25,1,
22023,1631103,22300437,"DEC 29, 2023",SAS @ POR,L,29,5,12,0.417,1,3,0.333,0,0,0.0,3,3,6,3,1,0,3,1,11,-24,1,
22023,1631103,22300427,"DEC 28, 2023",SAS @ POR,W,29,4,10,0.4,3,6,0.5,2,2,1.0,2,3,5,4,1,0,2,5,13,4,1,
22023,1631103,22300412,"DEC 26, 2023",SAS vs. UTA,L,17,0,3,0.0,0,0,0.0,0,0,0.0,0,4,4,4,0,0,2,1,0,9,1,
22023,1631103,22300398,"DEC 23, 2023",SAS @ DAL,L,24,5,11,0.455,1,4,0.25,1,1,1.0,0,3,3,4,0,0,1,2,12,-22,1,
22023,1631103,22300376,"DEC 21, 2023",SAS @ CHI,L,29,6,11,0.545,1,4,0.25,0,0,0.0,0,6,6,2,0,0,3,1,13,-4,1,
22023,1631103,22300361,"DEC 19, 2023",SAS @ MIL,L,27,5,11,0.455,2,4,0.5,0,0,0.0,0,2,2,3,0,0,1,1,12,0,1,
22023,1631103,22300345,"DEC 17, 2023",SAS vs. NOP,L,30,4,8,0.5,1,3,0.333,2,2,1.0,0,2,2,2,0,0,2,1,11,-23,1,
22023,1631103,22300331,"DEC 15, 2023",SAS vs. LAL,W,33,5,8,0.625,2,3,0.667,0,0,0.0,0,4,4,8,1,1,0,3,12,18,1,
22023,1631103,22300316,"DEC 13, 2023",SAS vs. LAL,L,28,8,13,0.615,2,5,0.4,1,1,1.0,0,3,3,0,1,0,3,1,19,3,1,
22023,1631103,22300298,"DEC 11, 2023",SAS @ HOU,L,34,6,13,0.462,0,3,0.0,1,1,1.0,0,6,6,7,1,0,3,0,13,-10,1,
22023,1631103,22301223,"DEC 08, 2023",SAS vs. CHI,L,23,3,6,0.5,2,4,0.5,2,2,1.0,0,0,0,2,0,1,0,2,10,-17,1,
22023,1631103,22301210,"DEC 06, 2023",SAS @ MIN,L,10,0,2,0.0,0,1,0.0,0,0,0.0,2,0,2,0,0,0,0,2,0,-7,1,
22023,1631103,22300278,"DEC 01, 2023",SAS @ NOP,L,22,4,7,0.571,2,3,0.667,0,0,0.0,0,2,2,0,0,0,3,1,10,2,1,
22023,1631103,22300272,"NOV 30, 2023",SAS vs. ATL,L,17,1,5,0.2,0,2,0.0,0,0,0.0,0,3,3,3,0,1,3,1,2,7,1,
22023,1631103,22300252,"NOV 26, 2023",SAS @ DEN,L,25,6,11,0.545,3,5,0.6,0,0,0.0,1,1,2,3,1,0,0,3,15,-15,1,
22023,1631103,22300051,"NOV 24, 2023",SAS @ GSW,L,19,3,9,0.333,0,5,0.0,0,0,0.0,0,0,0,1,1,0,1,2,6,-8,1,
22023,1631103,22300235,"NOV 22, 2023",SAS vs. LAC,L,21,0,6,0.0,0,3,0.0,0,0,0.0,1,0,1,1,0,0,0,0,0,-4,1,
22023,1631103,22300223,"NOV 20, 2023",SAS vs. LAC,L,21,4,6,0.667,2,3,0.667,0,0,0.0,0,0,0,1,0,0,2,2,10,-19,1,
22023,1631103,22300206,"NOV 18, 2023",SAS vs. MEM,L,18,2,6,0.333,0,3,0.0,0,0,0.0,0,1,1,3,0,0,2,2,4,2,1,
22023,1631103,22300032,"NOV 17, 2023",SAS vs. SAC,L,28,4,10,0.4,0,3,0.0,2,2,1.0,0,0,0,5,0,0,0,1,10,-18,1,
22023,1631103,22300021,"NOV 14, 2023",SAS @ OKC,L,26,5,13,0.385,0,4,0.0,1,2,0.5,1,1,2,0,1,0,3,2,11,-23,1,
22023,1631103,22300184,"NOV 12, 2023",SAS vs. MIA,L,20,4,7,0.571,4,5,0.8,1,1,1.0,0,1,1,7,0,0,1,2,13,0,1,
22023,1631103,22300013,"NOV 10, 2023",SAS vs. MIN,L,16,3,11,0.273,0,4,0.0,0,0,0.0,0,2,2,1,2,0,0,0,6,-13,1,
22023,1631103,22300161,"NOV 08, 2023",SAS @ NYK,L,24,6,9,0.667,2,2,1.0,0,0,0.0,0,0,0,1,0,0,1,2,14,-9,1,
22023,1631103,22300146,"NOV 06, 2023",SAS @ IND,L,28,3,6,0.5,0,2,0.0,2,2,1.0,0,0,0,2,0,0,0,0,8,-28,1,
22023,1631103,22300141,"NOV 05, 2023",SAS vs. TOR,L,25,8,9,0.889,0,0,0.0,0,0,0.0,1,5,6,2,0,0,1,4,16,2,1,
22023,1631103,22300131,"NOV 02, 2023",SAS @ PHX,W,20,1,7,0.143,1,6,0.167,0,0,0.0,0,1,1,3,0,1,0,1,3,5,1,
22023,1631103,22300113,"OCT 31, 2023",SAS @ PHX,W,9,1,7,0.143,1,4,0.25,0,0,0.0,0,0,0,0,1,0,1,0,3,2,1,
22023,1631103,22300099,"OCT 29, 2023",SAS @ LAC,L,21,3,12,0.25,2,4,0.5,1,1,1.0,0,1,1,2,1,0,2,1,9,-10,1,
22023,1631103,22300083,"OCT 27, 2023",SAS vs. HOU,W,14,4,7,0.571,1,1,1.0,0,0,0.0,0,2,2,4,0,0,1,0,9,7,1,
22023,1631103,22300073,"OCT 25, 2023",SAS vs. DAL,L,18,3,7,0.429,0,3,0.0,1,1,1.0,0,2,2,2,1,0,1,1,7,-2,1,
22023,1631105,22300787,"FEB 14, 2024",DET @ PHX,L,23,2,6,0.333,0,0,0.0,3,4,0.75,3,6,9,5,2,0,1,3,7,-10,1,
22023,1631105,22300776,"FEB 13, 2024",DET @ LAL,L,23,4,9,0.444,0,0,0.0,0,0,0.0,4,4,8,0,1,0,1,3,8,-16,1,
22023,1631105,22300749,"FEB 10, 2024",DET @ LAC,L,35,5,12,0.417,0,0,0.0,0,0,0.0,3,15,18,1,2,1,3,4,10,-7,1,
22023,1631105,22300741,"FEB 08, 2024",DET @ POR,W,37,9,15,0.6,0,1,0.0,9,10,0.9,8,14,22,1,0,3,3,5,27,4,1,
22023,1631105,22300732,"FEB 07, 2024",DET @ SAC,W,37,7,10,0.7,0,0,0.0,6,6,1.0,2,13,15,6,0,0,3,4,20,11,1,
22023,1631105,22300704,"FEB 04, 2024",DET vs. ORL,L,27,7,7,1.0,0,0,0.0,1,1,1.0,2,3,5,2,0,0,1,5,15,-5,1,
22023,1631105,22300688,"FEB 02, 2024",DET vs. LAC,L,31,5,7,0.714,0,0,0.0,1,2,0.5,2,11,13,2,0,0,0,1,11,-8,1,
22023,1631105,22300675,"JAN 31, 2024",DET @ CLE,L,30,5,9,0.556,0,0,0.0,0,0,0.0,4,5,9,0,0,0,2,1,10,-19,1,
22023,1631105,22300654,"JAN 28, 2024",DET vs. OKC,W,31,9,13,0.692,0,0,0.0,4,5,0.8,9,12,21,6,0,1,1,2,22,1,1,
22023,1631105,22300642,"JAN 27, 2024",DET vs. WAS,L,36,5,6,0.833,0,0,0.0,0,0,0.0,3,15,18,3,0,0,1,4,10,-4,1,
22023,1631105,22300619,"JAN 24, 2024",DET vs. CHA,W,22,7,9,0.778,0,0,0.0,0,1,0.0,2,6,8,2,0,0,1,3,14,5,1,
22023,1631105,22300606,"JAN 22, 2024",DET vs. MIL,L,33,5,14,0.357,0,0,0.0,2,2,1.0,1,11,12,1,0,1,2,4,12,-15,1,
22023,1631105,22300592,"JAN 20, 2024",DET vs. MIL,L,30,4,8,0.5,0,0,0.0,0,0,0.0,2,7,9,1,1,0,1,5,8,-22,1,
22023,1631105,22300569,"JAN 17, 2024",DET vs. MIN,L,31,8,14,0.571,0,0,0.0,0,1,0.0,2,9,11,3,0,0,2,4,16,-8,1,
22023,1631105,22300558,"JAN 15, 2024",DET @ WAS,W,26,8,8,1.0,0,0,0.0,4,5,0.8,2,17,19,4,0,1,2,3,20,8,1,
22023,1631105,22300534,"JAN 12, 2024",DET vs. HOU,L,32,7,12,0.583,0,0,0.0,1,2,0.5,2,6,8,3,2,1,2,3,15,9,1,
22023,1631105,22300519,"JAN 10, 2024",DET vs. SAS,L,30,10,16,0.625,0,0,0.0,1,1,1.0,2,10,12,2,0,0,1,4,21,-7,1,
22023,1631105,22300512,"JAN 09, 2024",DET vs. SAC,L,24,8,14,0.571,0,0,0.0,0,0,0.0,3,7,10,3,0,0,3,4,16,-22,1,
22023,1631105,22300502,"JAN 07, 2024",DET @ DEN,L,30,8,12,0.667,0,0,0.0,4,6,0.667,2,3,5,4,0,0,1,1,20,-14,1,
22023,1631105,22300490,"JAN 05, 2024",DET @ GSW,L,33,6,6,1.0,0,0,0.0,1,2,0.5,4,8,12,2,0,2,1,2,13,-5,1,
22023,1631105,22300474,"JAN 03, 2024",DET @ UTA,L,36,6,7,0.857,0,0,0.0,5,5,1.0,4,6,10,3,0,1,2,0,17,-14,1,
22023,1631105,22300453,"JAN 01, 2024",DET @ HOU,L,22,6,8,0.75,0,0,0.0,0,0,0.0,3,11,14,1,0,0,1,5,12,0,1,
22023,1631105,22300440,"DEC 30, 2023",DET vs. TOR,W,34,6,11,0.545,0,0,0.0,6,6,1.0,2,15,17,2,0,0,1,5,18,-6,1,
22023,1631105,22300421,"DEC 28, 2023",DET @ BOS,L,40,5,6,0.833,0,0,0.0,5,6,0.833,8,6,14,2,0,0,0,1,15,-6,1,
22023,1631105,22300406,"DEC 26, 2023",DET vs. BKN,L,33,6,11,0.545,0,0,0.0,0,0,0.0,5,10,15,4,1,1,1,3,12,8,1,
22023,1631105,22301206,"DEC 06, 2023",DET vs. MEM,L,30,8,12,0.667,0,0,0.0,1,1,1.0,1,10,11,0,0,1,2,1,17,2,1,
22023,1631105,22300283,"DEC 02, 2023",DET vs. CLE,L,30,8,8,1.0,0,0,0.0,1,6,0.167,3,8,11,1,1,2,2,3,17,6,1,
22023,1631105,22300268,"NOV 30, 2023",DET @ NYK,L,34,5,7,0.714,0,0,0.0,0,0,0.0,0,12,12,2,0,0,2,3,10,1,1,
22023,1631105,22300258,"NOV 29, 2023",DET vs. LAL,L,18,3,8,0.375,0,0,0.0,0,0,0.0,4,3,7,0,0,1,2,3,6,-20,1,
22023,1631105,22300253,"NOV 27, 2023",DET vs. WAS,L,33,5,8,0.625,0,0,0.0,2,5,0.4,7,7,14,3,1,5,6,5,12,-4,1,
22023,1631105,22300047,"NOV 24, 2023",DET @ IND,L,29,5,10,0.5,0,1,0.0,3,4,0.75,4,9,13,4,1,1,2,5,13,-11,1,
22023,1631105,22300008,"NOV 10, 2023",DET vs. PHI,L,23,2,5,0.4,0,0,0.0,0,0,0.0,1,3,4,3,0,1,3,1,4,-8,1,
22023,1631105,22300165,"NOV 08, 2023",DET @ MIL,L,28,5,10,0.5,0,1,0.0,1,1,1.0,3,9,12,5,0,0,2,5,11,-3,1,
22023,1631105,22300140,"NOV 05, 2023",DET vs. PHX,L,31,6,10,0.6,0,0,0.0,0,0,0.0,3,8,11,3,2,0,5,4,12,-19,1,
22023,1631105,22300129,"NOV 02, 2023",DET @ NOP,L,25,5,8,0.625,0,0,0.0,2,2,1.0,0,5,5,1,0,0,1,5,12,-12,1,
22023,1631105,22300109,"OCT 30, 2023",DET @ OKC,L,23,4,11,0.364,0,0,0.0,0,1,0.0,3,4,7,1,1,0,1,3,8,-8,1,
22023,1631105,22300088,"OCT 28, 2023",DET vs. CHI,W,33,9,11,0.818,0,0,0.0,5,5,1.0,6,9,15,5,1,2,1,3,23,6,1,
22023,1631105,22300077,"OCT 27, 2023",DET @ CHA,W,35,7,8,0.875,0,0,0.0,0,0,0.0,6,11,17,3,1,2,5,3,14,5,1,
22023,1631105,22300068,"OCT 25, 2023",DET @ MIA,L,32,8,11,0.727,0,0,0.0,1,3,0.333,6,8,14,4,0,4,4,4,17,-4,1,
22023,1631106,22300453,"JAN 01, 2024",HOU vs. DET,W,24,8,15,0.533,1,4,0.25,0,0,0.0,2,2,4,1,3,0,0,3,17,16,1,
22023,1631106,22300434,"DEC 29, 2023",HOU vs. PHI,L,27,5,13,0.385,0,2,0.0,0,0,0.0,5,6,11,2,3,2,2,3,10,-8,1,
22023,1631106,22300418,"DEC 27, 2023",HOU vs. PHX,L,25,2,6,0.333,1,4,0.25,1,2,0.5,0,3,3,2,5,0,1,2,6,-20,1,
22023,1631106,22300409,"DEC 26, 2023",HOU vs. IND,L,26,7,13,0.538,1,2,0.5,1,2,0.5,3,5,8,1,2,0,0,3,16,9,1,
22023,1631106,22300392,"DEC 23, 2023",HOU @ NOP,W,20,4,11,0.364,0,2,0.0,0,0,0.0,2,2,4,0,2,0,0,5,8,-6,1,
22023,1631106,22300349,"DEC 18, 2023",HOU @ CLE,L,33,5,13,0.385,0,2,0.0,4,5,0.8,4,4,8,2,4,1,2,4,14,-1,1,
22023,1631106,22300346,"DEC 17, 2023",HOU @ MIL,L,30,5,8,0.625,1,2,0.5,0,0,0.0,0,6,6,1,2,0,0,2,11,-4,1,
22023,1631106,22300332,"DEC 15, 2023",HOU @ MEM,W,23,4,8,0.5,1,1,1.0,2,2,1.0,1,7,8,1,2,1,2,2,11,11,1,
22023,1631106,22300314,"DEC 13, 2023",HOU vs. MEM,W,27,10,16,0.625,3,4,0.75,2,4,0.5,6,8,14,1,1,1,3,2,25,19,1,
22023,1631106,22300298,"DEC 11, 2023",HOU vs. SAS,W,27,8,16,0.5,2,5,0.4,0,1,0.0,4,10,14,1,2,0,2,2,18,12,1,
22023,1631106,22301224,"DEC 08, 2023",HOU @ DEN,W,17,0,4,0.0,0,2,0.0,3,4,0.75,1,7,8,2,0,0,0,1,3,-2,1,
22023,1631106,22301212,"DEC 06, 2023",HOU vs. OKC,W,22,2,6,0.333,2,4,0.5,3,4,0.75,2,6,8,4,0,2,1,2,9,8,1,
22023,1631106,22300291,"DEC 02, 2023",HOU @ LAL,L,20,2,5,0.4,0,1,0.0,2,2,1.0,2,5,7,2,1,1,1,2,6,-4,1,
22023,1631106,22300263,"NOV 29, 2023",HOU @ DEN,L,17,2,5,0.4,0,1,0.0,0,0,0.0,2,0,2,0,0,2,0,0,4,8,1,
22023,1631106,22300059,"NOV 28, 2023",HOU @ DAL,L,21,4,7,0.571,0,0,0.0,3,5,0.6,2,6,8,0,0,2,2,4,11,9,1,
22023,1631106,22300048,"NOV 24, 2023",HOU vs. DEN,W,16,3,6,0.5,1,2,0.5,0,0,0.0,1,3,4,1,1,0,0,2,7,9,1,
22023,1631106,22300231,"NOV 22, 2023",HOU vs. MEM,W,19,2,4,0.5,2,3,0.667,0,0,0.0,1,4,5,2,1,1,1,2,6,24,1,
22023,1631106,22300216,"NOV 19, 2023",HOU @ LAL,L,17,1,2,0.5,0,1,0.0,0,0,0.0,0,5,5,0,0,1,0,2,2,-18,1,
22023,1631106,22300037,"NOV 17, 2023",HOU @ LAC,L,20,6,9,0.667,0,1,0.0,0,2,0.0,2,4,6,0,1,2,1,3,12,11,1,
22023,1631106,22300182,"NOV 12, 2023",HOU vs. DEN,W,16,3,4,0.75,2,3,0.667,0,0,0.0,1,2,3,2,1,0,0,1,8,12,1,
22023,1631106,22300011,"NOV 10, 2023",HOU vs. NOP,W,19,1,8,0.125,0,2,0.0,0,0,0.0,1,7,8,0,0,2,0,3,2,-2,1,
22023,1631106,22300163,"NOV 08, 2023",HOU vs. LAL,W,14,4,10,0.4,1,2,0.5,0,0,0.0,4,5,9,2,0,1,2,1,9,5,1,
22023,1631107,22300779,"FEB 14, 2024",MIA @ PHI,W,14,1,2,0.5,1,2,0.5,0,0,0.0,0,3,3,3,0,0,2,4,3,-2,1,
22023,1631107,22300773,"FEB 13, 2024",MIA @ MIL,W,30,8,13,0.615,5,8,0.625,3,4,0.75,0,7,7,3,1,0,0,1,24,14,1,
22023,1631107,22300730,"FEB 07, 2024",MIA vs. SAS,W,2,0,0,0.0,0,0,0.0,0,0,0.0,0,0,0,0,0,0,1,0,0,-5,1,
22023,1631107,22300643,"JAN 27, 2024",MIA @ NYK,L,1,0,0,0.0,0,0,0.0,0,0,0.0,0,0,0,0,0,0,0,0,0,4,1,
22023,1631107,22300630,"JAN 25, 2024",MIA vs. BOS,L,7,1,4,0.25,1,2,0.5,0,0,0.0,2,1,3,0,0,0,1,0,3,-1,1,
22023,1631107,22300601,"JAN 21, 2024",MIA @ ORL,L,15,1,4,0.25,0,1,0.0,0,1,0.0,0,3,3,0,0,0,1,2,2,-2,1,
22023,1631107,22300587,"JAN 19, 2024",MIA vs. ATL,L,15,1,5,0.2,0,1,0.0,0,0,0.0,2,1,3,0,0,0,0,2,2,4,1,
22023,1631107,22300574,"JAN 17, 2024",MIA @ TOR,L,21,4,9,0.444,1,2,0.5,1,2,0.5,3,4,7,2,0,1,2,1,10,6,1,
22023,1631107,22300562,"JAN 15, 2024",MIA @ BKN,W,19,2,4,0.5,1,3,0.333,0,0,0.0,0,3,3,2,0,0,0,0,5,17,1,
22023,1631107,22300551,"JAN 14, 2024",MIA vs. CHA,W,28,2,6,0.333,1,2,0.5,0,0,0.0,1,6,7,2,0,2,3,3,5,13,1,
22023,1631107,22300535,"JAN 12, 2024",MIA vs. ORL,W,25,1,8,0.125,1,4,0.25,1,2,0.5,0,3,3,4,0,0,2,2,4,-1,1,
22023,1631107,22300522,"JAN 10, 2024",MIA vs. OKC,L,33,5,8,0.625,3,5,0.6,2,2,1.0,0,5,5,4,1,1,1,3,15,13,1,
22023,1631107,22300509,"JAN 08, 2024",MIA vs. HOU,W,21,2,9,0.222,1,5,0.2,1,4,0.25,3,5,8,6,2,2,2,3,6,7,1,
22023,1631107,22300489,"JAN 05, 2024",MIA @ PHX,L,24,1,3,0.333,1,3,0.333,0,0,0.0,1,3,4,1,0,0,0,0,3,-10,1,
22023,1631107,22300475,"JAN 03, 2024",MIA @ LAL,W,28,6,11,0.545,3,5,0.6,0,0,0.0,1,7,8,1,1,0,0,4,15,3,1,
22023,1631107,22300458,"JAN 01, 2024",MIA @ LAC,L,3,1,2,0.5,1,2,0.5,0,0,0.0,0,0,0,1,0,0,0,0,3,3,1,
22023,1631107,22300439,"DEC 30, 2023",MIA @ UTA,L,10,2,2,1.0,2,2,1.0,0,0,0.0,1,1,2,1,0,0,1,5,6,2,1,
22023,1631107,22300426,"DEC 28, 2023",MIA @ GSW,W,20,4,5,0.8,0,1,0.0,3,5,0.6,2,1,3,3,1,1,0,3,11,10,1,
22023,1631107,22301207,"DEC 06, 2023",MIA @ TOR,W,3,0,1,0.0,0,1,0.0,0,0,0.0,0,2,2,0,0,0,1,2,0,-3,1,
22023,1631107,22300240,"NOV 25, 2023",MIA @ BKN,L,17,0,3,0.0,0,1,0.0,1,2,0.5,1,5,6,5,0,0,2,5,1,-5,1,
22023,1631107,22300107,"OCT 30, 2023",MIA @ MIL,L,7,1,2,0.5,1,1,1.0,2,2,1.0,0,4,4,0,0,0,2,0,5,9,1,
22023,1631107,22300093,"OCT 28, 2023",MIA @ MIN,L,21,3,6,0.5,2,4,0.5,0,0,0.0,0,11,11,4,1,0,0,2,8,6,1,
22023,1631108,22300740,"FEB 08, 2024",LAL vs. DEN,L,15,2,7,0.286,2,3,0.667,1,2,0.5,1,1,2,1,1,0,0,1,7,-7,1,
22023,1631108,22300713,"FEB 05, 2024",LAL @ CHA,W,18,2,3,0.667,0,1,0.0,2,2,1.0,0,3,3,0,0,1,0,1,6,-2,1,
22023,1631108,22300701,"FEB 03, 2024",LAL @ NYK,W,26,2,2,1.0,2,2,1.0,0,1,0.0,0,1,1,1,0,2,0,1,6,12,1,
22023,1631108,22300684,"FEB 01, 2024",LAL @ BOS,W,23,3,7,0.429,1,3,0.333,2,2,1.0,0,4,4,2,1,0,1,1,9,10,1,
22023,1631108,22300669,"JAN 30, 2024",LAL @ ATL,L,11,2,2,1.0,1,1,1.0,0,0,0.0,0,1,1,0,0,1,1,1,5,-5,1,
22023,1631108,22300662,"JAN 29, 2024",LAL @ HOU,L,20,3,6,0.5,1,2,0.5,0,0,0.0,0,6,6,1,0,1,0,0,7,0,1,
22023,1631108,22300650,"JAN 27, 2024",LAL @ GSW,W,8,1,2,0.5,0,1,0.0,0,0,0.0,0,0,0,0,0,0,0,1,2,-3,1,
22023,1631108,22300633,"JAN 25, 2024",LAL vs. CHI,W,9,0,0,0.0,0,0,0.0,2,2,1.0,0,0,0,1,1,0,1,0,2,-1,1,
22023,1631108,22300618,"JAN 23, 2024",LAL @ LAC,L,10,0,1,0.0,0,1,0.0,0,0,0.0,0,0,0,0,0,0,0,0,0,-3,1,
22023,1631108,22300605,"JAN 21, 2024",LAL vs. POR,W,22,1,7,0.143,0,3,0.0,2,2,1.0,0,1,1,2,0,1,2,3,4,-1,1,
22023,1631108,22300591,"JAN 19, 2024",LAL vs. BKN,L,19,2,3,0.667,2,3,0.667,0,0,0.0,0,2,2,1,0,0,1,1,6,-6,1,
22023,1631108,22300577,"JAN 17, 2024",LAL vs. DAL,W,14,2,2,1.0,1,1,1.0,0,0,0.0,0,2,2,0,0,0,0,0,5,4,1,
22023,1631108,22300565,"JAN 15, 2024",LAL vs. OKC,W,11,0,2,0.0,0,1,0.0,0,0,0.0,1,0,1,0,0,0,1,1,0,5,1,
22023,1631108,22300549,"JAN 13, 2024",LAL @ UTA,L,14,1,2,0.5,1,1,1.0,0,0,0.0,0,0,0,3,1,0,0,3,3,9,1,
22023,1631108,22300531,"JAN 11, 2024",LAL vs. PHX,L,25,4,8,0.5,1,3,0.333,5,6,0.833,0,7,7,4,0,0,2,2,14,-2,1,
22023,1631108,22300516,"JAN 09, 2024",LAL vs. TOR,W,18,2,2,1.0,1,1,1.0,1,2,0.5,1,3,4,2,0,0,0,0,6,5,1,
22023,1631108,22300505,"JAN 07, 2024",LAL vs. LAC,W,13,3,6,0.5,1,1,1.0,0,0,0.0,2,1,3,0,0,2,0,0,7,10,1,
22023,1631108,22300491,"JAN 05, 2024",LAL vs. MEM,L,20,1,3,0.333,0,1,0.0,0,0,0.0,0,3,3,0,1,0,2,2,2,1,1,
22023,1631108,22300475,"JAN 03, 2024",LAL vs. MIA,L,28,5,12,0.417,2,9,0.222,2,2,1.0,1,4,5,0,0,0,2,2,14,-8,1,
22023,1631108,22300446,"DEC 31, 2023",LAL @ NOP,L,29,3,11,0.273,1,6,0.167,0,0,0.0,1,6,7,0,2,0,2,1,7,-8,1,
22023,1631108,22300428,"DEC 28, 2023",LAL vs. CHA,W,24,3,4,0.75,2,3,0.667,2,2,1.0,0,7,7,3,1,2,1,2,10,18,1,
22023,1631108,22300370,"DEC 20, 2023",LAL @ CHI,L,1,0,0,0.0,0,0,0.0,0,0,0.0,0,0,0,0,0,0,0,0,0,0,1,
22023,1631108,22300331,"DEC 15, 2023",LAL @ SAS,L,23,1,6,0.167,0,1,0.0,0,0,0.0,0,0,0,1,0,0,1,1,2,-25,1,
22023,1631108,22300316,"DEC 13, 2023",LAL @ SAS,W,14,1,5,0.2,1,4,0.25,0,0,0.0,0,5,5,2,0,0,2,0,3,8,1,
22023,1631108,22300306,"DEC 12, 2023",LAL @ DAL,L,6,0,0,0.0,0,0,0.0,0,0,0.0,0,0,0,1,0,0,0,1,0,5,1,
22023,1631108,22301230,"DEC 07, 2023",LAL vs. NOP,W,17,3,5,0.6,0,1,0.0,0,2,0.0,0,2,2,0,1,0,0,1,6,6,1,
22023,1631108,22301203,"DEC 05, 2023",LAL vs. PHX,W,8,1,2,0.5,1,2,0.5,0,0,0.0,0,0,0,1,0,0,0,2,3,-2,1,
22023,1631108,22300291,"DEC 02, 2023",LAL vs. HOU,W,29,4,7,0.571,3,3,1.0,1,2,0.5,0,7,7,2,0,0,0,3,12,19,1,
22023,1631108,22300271,"NOV 30, 2023",LAL @ OKC,L,21,3,7,0.429,2,3,0.667,0,0,0.0,0,0,0,0,2,1,1,4,8,-2,1,
22023,1631108,22300258,"NOV 29, 2023",LAL @ DET,W,22,0,3,0.0,0,2,0.0,5,5,1.0,0,2,2,2,0,1,2,1,5,13,1,
22023,1631108,22300255,"NOV 27, 2023",LAL @ PHI,L,26,3,6,0.5,0,3,0.0,0,0,0.0,0,3,3,1,1,0,1,3,6,-16,1,
22023,1631108,22300242,"NOV 25, 2023",LAL @ CLE,W,33,5,7,0.714,2,4,0.5,0,0,0.0,1,4,5,3,0,0,1,3,12,6,1,
22023,1631108,22300238,"NOV 22, 2023",LAL vs. DAL,L,23,3,7,0.429,1,4,0.25,0,0,0.0,0,2,2,0,0,0,0,0,7,-19,1,
22023,1631108,22300042,"NOV 21, 2023",LAL vs. UTA,W,25,3,8,0.375,1,5,0.2,0,0,0.0,0,5,5,4,1,1,0,2,7,10,1,
22023,1631108,22300036,"NOV 17, 2023",LAL @ POR,W,1,0,1,0.0,0,0,0.0,0,0,0.0,0,1,1,0,0,0,1,0,0,0,1,
22023,1631108,22300198,"NOV 15, 2023",LAL vs. SAC,L,1,0,1,0.0,0,0,0.0,0,0,0.0,0,1,1,0,0,0,1,0,0,-4,1,
22023,1631108,22300026,"NOV 14, 2023",LAL vs. MEM,W,9,2,2,1.0,1,1,1.0,0,0,0.0,0,1,1,1,1,0,1,0,5,10,1,
22023,1631108,22300187,"NOV 12, 2023",LAL vs. POR,W,13,0,1,0.0,0,0,0.0,0,0,0.0,1,2,3,0,1,0,1,0,0,0,1,
22023,1631108,22300163,"NOV 08, 2023",LAL @ HOU,L,28,1,8,0.125,0,2,0.0,2,3,0.667,1,7,8,3,0,1,1,2,4,-15,1,
22023,1631108,22300150,"NOV 06, 2023",LAL @ MIA,L,15,2,3,0.667,0,1,0.0,0,0,0.0,0,1,1,1,0,0,1,2,4,-8,1,
22023,1631108,22300134,"NOV 04, 2023",LAL @ ORL,L,23,3,7,0.429,0,2,0.0,0,0,0.0,0,5,5,0,0,0,1,2,6,-24,1,
22023,1631108,22300127,"NOV 01, 2023",LAL vs. LAC,W,22,1,7,0.143,1,5,0.2,2,2,1.0,0,3,3,0,1,0,0,3,5,0,1,
22023,1631108,22300061,"OCT 24, 2023",LAL @ DEN,L,1,0,0,0.0,0,0,0.0,0,0,0.0,0,0,0,0,0,0,0,0,0,0,1,
22023,1631110,22300785,"FEB 14, 2024",SAS @ DAL,L,25,4,10,0.4,1,2,0.5,1,2,0.5,3,1,4,1,3,0,2,2,10,-22,1,
22023,1631110,22300764,"FEB 12, 2024",SAS @ TOR,W,30,7,12,0.583,0,2,0.0,2,2,1.0,0,6,6,0,1,2,2,2,16,13,1,
22023,1631110,22300750,"FEB 10, 2024",SAS @ BKN,L,29,4,9,0.444,0,2,0.0,0,0,0.0,1,4,5,3,1,0,0,0,8,-4,1,
22023,1631110,22300734,"FEB 08, 2024",SAS @ ORL,L,28,4,9,0.444,1,4,0.25,0,0,0.0,0,2,2,1,0,0,2,1,9,-26,1,
22023,1631110,22300730,"FEB 07, 2024",SAS @ MIA,L,29,3,7,0.429,0,2,0.0,0,0,0.0,0,5,5,3,1,0,2,2,6,-11,1,
22023,1631110,22300703,"FEB 03, 2024",SAS vs. CLE,L,29,1,9,0.111,0,5,0.0,0,0,0.0,4,5,9,2,0,1,1,1,2,-13,1,
22023,1631110,22300696,"FEB 02, 2024",SAS vs. NOP,L,31,6,12,0.5,0,4,0.0,3,6,0.5,7,9,16,3,2,0,3,4,15,11,1,
22023,1631110,22300681,"JAN 31, 2024",SAS vs. ORL,L,33,8,13,0.615,1,3,0.333,1,1,1.0,4,8,12,2,0,2,5,5,18,1,1,
22023,1631110,22300665,"JAN 29, 2024",SAS vs. WAS,L,26,1,7,0.143,0,2,0.0,0,0,0.0,2,3,5,1,1,0,0,2,2,-4,1,
22023,1631110,22300649,"JAN 27, 2024",SAS vs. MIN,W,31,5,9,0.556,0,1,0.0,3,4,0.75,2,2,4,2,0,1,2,0,13,-3,1,
22023,1631110,22300641,"JAN 26, 2024",SAS vs. POR,W,32,12,20,0.6,4,7,0.571,3,3,1.0,4,10,14,2,2,0,2,0,31,8,1,
22023,1631110,22300622,"JAN 24, 2024",SAS vs. OKC,L,24,1,7,0.143,0,3,0.0,0,0,0.0,2,3,5,4,0,0,2,3,2,-11,1,
22023,1631110,22300608,"JAN 22, 2024",SAS @ PHI,L,33,5,12,0.417,3,6,0.5,1,2,0.5,3,5,8,4,0,1,2,2,14,-6,1,
22023,1631110,22300594,"JAN 20, 2024",SAS @ WAS,W,28,8,11,0.727,1,2,0.5,6,6,1.0,2,2,4,3,1,2,0,4,23,27,1,
22023,1631110,22300584,"JAN 19, 2024",SAS @ CHA,L,34,5,10,0.5,1,2,0.5,0,1,0.0,2,6,8,8,1,1,3,2,11,-8,1,
22023,1631110,22300571,"JAN 17, 2024",SAS @ BOS,L,31,2,9,0.222,1,4,0.25,0,0,0.0,3,4,7,4,3,1,0,2,5,-9,1,
22023,1631110,22300559,"JAN 15, 2024",SAS @ ATL,L,38,8,16,0.5,2,4,0.5,5,5,1.0,3,5,8,4,2,2,4,4,23,-4,1,
22023,1631110,22300548,"JAN 13, 2024",SAS vs. CHI,L,31,4,15,0.267,2,6,0.333,1,1,1.0,4,3,7,2,0,0,1,3,11,-10,1,
22023,1631110,22300541,"JAN 12, 2024",SAS vs. CHA,W,26,5,7,0.714,1,2,0.5,2,3,0.667,0,6,6,4,2,1,1,0,13,35,1,
22023,1631110,22300519,"JAN 10, 2024",SAS @ DET,W,28,7,15,0.467,1,2,0.5,0,0,0.0,1,3,4,2,0,0,1,1,15,12,1,
22023,1631110,22300497,"JAN 07, 2024",SAS @ CLE,L,28,4,9,0.444,2,5,0.4,1,1,1.0,1,4,5,4,0,0,1,2,11,16,1,
22023,1631110,22300477,"JAN 04, 2024",SAS vs. MIL,L,33,3,11,0.273,1,5,0.2,2,2,1.0,2,6,8,5,2,1,1,1,9,-14,1,
22023,1631110,22300460,"JAN 02, 2024",SAS @ MEM,L,28,4,6,0.667,1,2,0.5,3,4,0.75,0,2,2,1,0,2,1,1,12,1,1,
22023,1631110,22300448,"DEC 31, 2023",SAS vs. BOS,L,24,4,11,0.364,1,4,0.25,0,0,0.0,0,3,3,5,0,0,1,1,9,-25,1,
22023,1631110,22300437,"DEC 29, 2023",SAS @ POR,L,29,0,3,0.0,0,0,0.0,2,2,1.0,1,3,4,4,1,0,3,2,2,-15,1,
22023,1631110,22300427,"DEC 28, 2023",SAS @ POR,W,31,6,10,0.6,0,2,0.0,4,5,0.8,1,6,7,3,0,1,2,4,16,17,1,
22023,1631110,22300412,"DEC 26, 2023",SAS vs. UTA,L,27,7,10,0.7,3,4,0.75,2,2,1.0,2,3,5,3,0,0,0,2,19,-15,1,
22023,1631110,22300398,"DEC 23, 2023",SAS @ DAL,L,30,9,16,0.563,4,6,0.667,1,2,0.5,2,7,9,4,0,0,3,2,23,-23,1,
22023,1631110,22300376,"DEC 21, 2023",SAS @ CHI,L,34,4,8,0.5,1,2,0.5,0,0,0.0,3,4,7,2,1,0,1,0,9,-12,1,
22023,1631110,22300361,"DEC 19, 2023",SAS @ MIL,L,33,4,11,0.364,0,2,0.0,1,2,0.5,3,8,11,8,1,0,0,3,9,-13,1,
22023,1631110,22300345,"DEC 17, 2023",SAS vs. NOP,L,25,1,7,0.143,0,0,0.0,3,4,0.75,1,2,3,4,1,0,0,1,5,-15,1,
22023,1631110,22300331,"DEC 15, 2023",SAS vs. LAL,W,27,5,10,0.5,0,3,0.0,1,1,1.0,1,7,8,2,1,1,1,3,11,21,1,
22023,1631110,22300316,"DEC 13, 2023",SAS vs. LAL,L,29,2,9,0.222,1,4,0.25,0,2,0.0,4,4,8,5,0,0,3,3,5,-4,1,
22023,1631110,22300298,"DEC 11, 2023",SAS @ HOU,L,35,3,11,0.273,1,5,0.2,0,0,0.0,2,4,6,2,1,0,2,2,7,-8,1,
22023,1631110,22301223,"DEC 08, 2023",SAS vs. CHI,L,34,2,6,0.333,0,2,0.0,0,0,0.0,0,3,3,4,0,1,5,3,4,-9,1,
22023,1631110,22301210,"DEC 06, 2023",SAS @ MIN,L,22,3,10,0.3,0,2,0.0,0,0,0.0,1,1,2,0,0,1,1,1,6,-5,1,
22023,1631110,22300278,"DEC 01, 2023",SAS @ NOP,L,31,4,13,0.308,2,4,0.5,3,4,0.75,0,3,3,4,0,0,2,2,13,-9,1,
22023,1631110,22300272,"NOV 30, 2023",SAS vs. ATL,L,36,12,14,0.857,3,3,1.0,6,6,1.0,3,5,8,6,1,0,5,5,33,-4,1,
22023,1631110,22300252,"NOV 26, 2023",SAS @ DEN,L,17,2,6,0.333,0,1,0.0,0,0,0.0,0,2,2,3,0,0,3,0,4,-14,1,
22023,1631110,22300051,"NOV 24, 2023",SAS @ GSW,L,33,3,7,0.429,1,2,0.5,0,0,0.0,3,3,6,4,0,0,2,2,7,1,1,
22023,1631110,22300235,"NOV 22, 2023",SAS vs. LAC,L,32,6,15,0.4,2,5,0.4,5,6,0.833,2,3,5,7,0,0,1,3,19,5,1,
22023,1631110,22300223,"NOV 20, 2023",SAS vs. LAC,L,29,3,12,0.25,0,3,0.0,2,2,1.0,2,6,8,1,0,0,1,1,8,-12,1,
22023,1631110,22300206,"NOV 18, 2023",SAS vs. MEM,L,32,5,8,0.625,1,2,0.5,5,6,0.833,2,3,5,3,2,0,3,3,16,-6,1,
22023,1631110,22300032,"NOV 17, 2023",SAS vs. SAC,L,37,3,11,0.273,1,3,0.333,1,2,0.5,1,7,8,6,1,0,2,4,8,-3,1,
22023,1631110,22300021,"NOV 14, 2023",SAS @ OKC,L,28,4,11,0.364,1,1,1.0,0,0,0.0,1,2,3,5,0,0,3,2,9,-31,1,
22023,1631110,22300184,"NOV 12, 2023",SAS vs. MIA,L,34,6,9,0.667,2,3,0.667,2,2,1.0,1,4,5,3,0,2,3,4,16,-5,1,
22023,1631110,22300013,"NOV 10, 2023",SAS vs. MIN,L,30,6,11,0.545,1,1,1.0,1,2,0.5,3,4,7,5,3,0,6,3,14,-8,1,
22023,1631110,22300161,"NOV 08, 2023",SAS @ NYK,L,29,7,12,0.583,2,4,0.5,0,0,0.0,0,6,6,5,0,0,0,5,16,-19,1,
22023,1631110,22300146,"NOV 06, 2023",SAS @ IND,L,21,3,9,0.333,0,1,0.0,0,0,0.0,1,2,3,1,0,0,2,2,6,-18,1,
22023,1631110,22300141,"NOV 05, 2023",SAS vs. TOR,L,29,2,8,0.25,0,1,0.0,0,0,0.0,1,3,4,5,3,0,3,1,4,-7,1,
22023,1631110,22300131,"NOV 02, 2023",SAS @ PHX,W,26,7,13,0.538,0,0,0.0,0,0,0.0,1,4,5,9,0,1,1,4,14,0,1,
22023,1631110,22300113,"OCT 31, 2023",SAS @ PHX,W,30,3,8,0.375,0,1,0.0,2,3,0.667,1,6,7,5,0,0,0,5,8,-7,1,
22023,1631110,22300099,"OCT 29, 2023",SAS @ LAC,L,22,0,2,0.0,0,2,0.0,0,0,0.0,2,2,4,3,1,1,4,3,0,-30,1,
22023,1631110,22300083,"OCT 27, 2023",SAS vs. HOU,W,26,5,9,0.556,0,1,0.0,4,4,1.0,1,4,5,4,2,0,2,3,14,-8,1,
22023,1631110,22300073,"OCT 25, 2023",SAS vs. DAL,L,29,4,12,0.333,2,4,0.5,3,6,0.5,3,5,8,5,1,0,3,4,13,-10,1,
22023,1631111,22300738,"FEB 08, 2024",MIN @ MIL,W,4,0,2,0.0,0,1,0.0,0,0,0.0,0,1,1,0,1,0,0,0,0,3,1,
22023,1631111,22300709,"FEB 04, 2024",MIN vs. HOU,W,4,1,2,0.5,0,1,0.0,0,0,0.0,0,0,0,1,0,0,1,0,2,-7,1,
22023,1631111,22300680,"JAN 31, 2024",MIN vs. DAL,W,5,1,1,1.0,0,0,0.0,0,0,0.0,0,2,2,0,0,0,0,1,2,8,1,
22023,1631111,22300620,"JAN 24, 2024",MIN @ WAS,W,1,0,0,0.0,0,0,0.0,0,0,0.0,0,0,0,0,1,0,0,0,0,-3,1,
22023,1631111,22300582,"JAN 18, 2024",MIN vs. MEM,W,1,0,0,0.0,0,0,0.0,0,0,0.0,0,0,0,0,0,0,0,0,0,0,1,
22023,1631111,22300538,"JAN 12, 2024",MIN vs. POR,W,8,2,2,1.0,0,0,0.0,0,0,0.0,0,0,0,0,2,0,0,2,4,-11,1,
22023,1631111,22300485,"JAN 05, 2024",MIN @ HOU,W,3,0,0,0.0,0,0,0.0,0,0,0.0,0,2,2,0,0,1,0,0,0,-6,1,
22023,1631111,22300411,"DEC 26, 2023",MIN @ OKC,L,5,0,0,0.0,0,0,0.0,0,0,0.0,0,0,0,0,0,0,1,0,0,-1,1,
22023,1631111,22300367,"DEC 20, 2023",MIN @ PHI,L,2,1,1,1.0,0,0,0.0,0,0,0.0,0,0,0,0,1,0,1,0,2,0,1,
22023,1631111,22300338,"DEC 16, 2023",MIN vs. IND,W,3,0,0,0.0,0,0,0.0,0,0,0.0,0,0,0,0,0,0,0,0,0,-5,1,
22023,1631111,22300321,"DEC 14, 2023",MIN @ DAL,W,2,0,0,0.0,0,0,0.0,0,0,0.0,0,0,0,0,0,0,0,1,0,-1,1,
22023,1631111,22300301,"DEC 11, 2023",MIN @ NOP,L,2,0,0,0.0,0,0,0.0,0,0,0.0,0,1,1,0,0,0,0,0,0,1,1,
22023,1631111,22301221,"DEC 08, 2023",MIN @ MEM,W,3,0,1,0.0,0,1,0.0,0,0,0.0,0,0,0,1,0,0,0,0,0,1,1,
22023,1631111,22300232,"NOV 22, 2023",MIN vs. PHI,W,2,0,1,0.0,0,1,0.0,0,0,0.0,0,0,0,0,0,0,0,0,0,-1,1,
22023,1631112,22300707,"FEB 04, 2024",IND @ CHA,W,2,1,1,1.0,0,0,0.0,0,0,0.0,0,0,0,1,0,0,0,0,2,0,1,
22023,1631112,22300627,"JAN 25, 2024",IND vs. PHI,W,2,0,0,0.0,0,0,0.0,0,0,0.0,0,0,0,0,0,0,0,0,0,-6,1,
22023,1631112,22300564,"JAN 15, 2024",IND @ UTA,L,12,2,5,0.4,0,1,0.0,4,6,0.667,2,0,2,1,0,0,0,3,8,-1,1,
22023,1631112,22300533,"JAN 12, 2024",IND @ ATL,W,4,0,0,0.0,0,0,0.0,0,0,0.0,0,0,0,0,0,0,0,1,0,-2,1,
22023,1631112,22300493,"JAN 06, 2024",IND vs. BOS,L,1,0,0,0.0,0,0,0.0,0,0,0.0,0,0,0,0,0,0,0,0,0,0,1,
22023,1631115,22300773,"FEB 13, 2024",MIA @ MIL,W,4,1,1,1.0,0,0,0.0,0,0,0.0,0,2,2,0,1,0,1,0,2,-3,1,
22023,1631115,22300759,"FEB 11, 2024",MIA vs. BOS,L,0,0,0,0.0,0,0,0.0,2,2,1.0,0,0,0,0,0,0,0,0,2,0,1,
22023,1631115,22300730,"FEB 07, 2024",MIA vs. SAS,W,2,0,0,0.0,0,0,0.0,2,2,1.0,0,1,1,0,0,0,0,2,2,-5,1,
22023,1631115,22300721,"FEB 06, 2024",MIA vs. ORL,W,3,0,1,0.0,0,1,0.0,0,0,0.0,0,1,1,0,0,0,0,0,0,2,1,
22023,1631115,22300643,"JAN 27, 2024",MIA @ NYK,L,1,0,0,0.0,0,0,0.0,0,0,0.0,0,0,0,0,0,0,0,0,0,4,1,
22023,1631115,22300630,"JAN 25, 2024",MIA vs. BOS,L,7,0,1,0.0,0,0,0.0,3,4,0.75,1,1,2,0,0,0,0,0,3,-1,1,
22023,1631115,22300601,"JAN 21, 2024",MIA @ ORL,L,3,0,0,0.0,0,0,0.0,0,0,0.0,0,0,0,2,0,0,0,0,0,4,1,
22023,1631115,22300574,"JAN 17, 2024",MIA @ TOR,L,2,0,0,0.0,0,0,0.0,0,0,0.0,0,1,1,1,0,0,0,0,0,3,1,
22023,1631115,22300551,"JAN 14, 2024",MIA vs. CHA,W,2,0,0,0.0,0,0,0.0,0,0,0.0,0,0,0,0,0,0,0,1,0,-1,1,
22023,1631115,22300475,"JAN 03, 2024",MIA @ LAL,W,1,0,0,0.0,0,0,0.0,0,0,0.0,0,0,0,0,0,0,0,0,0,0,1,
22023,1631115,22300458,"JAN 01, 2024",MIA @ LAC,L,3,0,0,0.0,0,0,0.0,1,2,0.5,0,1,1,1,0,0,0,0,1,3,1,
22023,1631115,22300366,"DEC 20, 2023",MIA @ ORL,W,1,0,0,0.0,0,0,0.0,0,0,0.0,0,0,0,0,0,0,0,0,0,-5,1,
22023,1631115,22300337,"DEC 16, 2023",MIA vs. CHI,W,11,1,4,0.25,0,2,0.0,0,0,0.0,1,1,2,1,0,0,0,2,2,-1,1,
22023,1631115,22300320,"DEC 14, 2023",MIA vs. CHI,L,14,0,2,0.0,0,1,0.0,1,2,0.5,2,0,2,0,0,0,1,2,1,-13,1,
22023,1631115,22300312,"DEC 13, 2023",MIA vs. CHA,W,12,3,5,0.6,0,0,0.0,0,0,0.0,2,2,4,1,0,0,3,2,6,3,1,
22023,1631115,22300292,"DEC 11, 2023",MIA @ CHA,W,22,2,5,0.4,1,2,0.5,2,4,0.5,1,5,6,2,0,2,1,5,7,-7,1,
22023,1631115,22301220,"DEC 08, 2023",MIA vs. CLE,L,20,2,3,0.667,0,0,0.0,1,1,1.0,2,6,8,3,0,1,1,3,5,-18,1,
22023,1631115,22301207,"DEC 06, 2023",MIA @ TOR,W,33,5,9,0.556,2,3,0.667,3,3,1.0,3,9,12,4,3,1,1,3,15,27,1,
22023,1631115,22300284,"DEC 02, 2023",MIA vs. IND,L,29,7,11,0.636,2,2,1.0,0,0,0.0,1,4,5,3,0,0,1,1,16,-6,1,
22023,1631115,22300267,"NOV 30, 2023",MIA vs. IND,W,7,1,2,0.5,0,0,0.0,0,0,0.0,0,2,2,0,0,0,0,1,2,5,1,
22023,1631115,22300229,"NOV 22, 2023",MIA @ CLE,W,28,6,9,0.667,1,1,1.0,1,2,0.5,4,5,9,2,1,2,2,4,14,22,1,
22023,1631115,22300220,"NOV 20, 2023",MIA @ CHI,W,2,0,0,0.0,0,0,0.0,0,0,0.0,0,0,0,0,0,0,0,1,0,-6,1,
22023,1631115,22300107,"OCT 30, 2023",MIA @ MIL,L,26,4,7,0.571,1,1,1.0,2,2,1.0,2,5,7,7,1,0,3,4,11,4,1,
22023,1631115,22300093,"OCT 28, 2023",MIA @ MIN,L,4,0,2,0.0,0,0,0.0,0,0,0.0,0,1,1,0,0,1,0,0,0,2,1,
22023,1631116,22300705,"FEB 04, 2024",WAS vs. PHX,L,7,1,4,0.25,0,1,0.0,1,2,0.5,0,1,1,1,0,0,0,0,3,3,1,
22023,1631116,22300676,"JAN 31, 2024",WAS vs. LAC,L,12,1,6,0.167,1,4,0.25,0,0,0.0,2,4,6,0,0,0,1,3,3,7,1,
22023,1631116,22300628,"JAN 25, 2024",WAS vs. UTA,L,1,0,0,0.0,0,0,0.0,0,0,0.0,0,0,0,0,0,0,0,0,0,0,1,
22023,1631116,22300620,"JAN 24, 2024",WAS vs. MIN,L,1,1,1,1.0,1,1,1.0,0,0,0.0,0,1,1,0,0,0,0,0,3,3,1,
22023,1631116,22300594,"JAN 20, 2024",WAS vs. SAS,L,12,2,3,0.667,2,3,0.667,1,2,0.5,0,2,2,0,0,1,1,4,7,15,1,
22023,1631116,22300579,"JAN 18, 2024",WAS @ NYK,L,6,0,0,0.0,0,0,0.0,0,0,0.0,0,3,3,2,0,0,1,1,0,0,1,
22023,1631116,22300558,"JAN 15, 2024",WAS vs. DET,L,13,3,3,1.0,3,3,1.0,0,0,0.0,0,3,3,1,1,0,0,2,9,8,1,
22023,1631116,22300543,"JAN 13, 2024",WAS @ ATL,W,18,3,8,0.375,0,3,0.0,2,4,0.5,3,6,9,0,0,1,2,5,8,2,1,
22023,1631116,22300416,"DEC 27, 2023",WAS vs. TOR,L,6,0,2,0.0,0,2,0.0,0,0,0.0,0,0,0,0,0,0,0,1,0,-4,1,
22023,1631116,22300386,"DEC 22, 2023",WAS @ GSW,L,7,0,1,0.0,0,0,0.0,0,0,0.0,0,1,1,0,0,0,0,0,0,10,1,
22023,1631116,22300328,"DEC 15, 2023",WAS vs. IND,W,3,1,2,0.5,0,0,0.0,0,0,0.0,0,1,1,0,0,0,1,0,2,-8,1,
22023,1631116,22300311,"DEC 13, 2023",WAS vs. NOP,L,4,1,1,1.0,1,1,1.0,2,2,1.0,0,0,0,1,0,0,0,1,5,8,1,
22023,1631116,22300295,"DEC 11, 2023",WAS @ PHI,L,17,3,5,0.6,2,3,0.667,2,2,1.0,0,4,4,1,0,0,0,2,10,-10,1,
22023,1631116,22301219,"DEC 08, 2023",WAS @ BKN,L,4,0,3,0.0,0,0,0.0,0,0,0.0,2,2,4,0,0,1,0,0,0,-2,1,
22023,1631116,22300192,"NOV 15, 2023",WAS vs. DAL,L,2,0,0,0.0,0,0,0.0,0,0,0.0,0,1,1,0,0,0,0,1,0,5,1,
22023,1631116,22300103,"OCT 30, 2023",WAS vs. BOS,L,6,0,1,0.0,0,1,0.0,0,0,0.0,0,0,0,1,0,0,0,0,0,4,1,
22023,1631116,22300064,"OCT 25, 2023",WAS @ IND,L,3,0,1,0.0,0,0,0.0,0,0,0.0,0,0,0,0,0,0,0,0,0,2,1,
22023,1631117,22300576,"FEB 15, 2024",UTA vs. GSW,L,25,1,2,0.5,0,1,0.0,2,2,1.0,3,3,6,2,1,1,1,3,4,1,1,
22023,1631117,22300788,"FEB 14, 2024",UTA vs. LAL,L,28,6,13,0.462,0,1,0.0,0,0,0.0,5,2,7,1,0,3,2,4,12,-20,1,
22023,1631117,22300769,"FEB 12, 2024",UTA vs. GSW,L,26,5,7,0.714,0,0,0.0,1,1,1.0,1,8,9,1,2,4,2,2,11,0,1,
22023,1631117,22300739,"FEB 08, 2024",UTA @ PHX,L,27,4,6,0.667,0,0,0.0,2,2,1.0,5,4,9,2,2,4,0,1,10,-5,1,
22023,1631117,22300724,"FEB 06, 2024",UTA vs. OKC,W,21,2,2,1.0,0,0,0.0,0,0,0.0,1,8,9,1,0,3,1,3,4,2,1,
22023,1631117,22300711,"FEB 04, 2024",UTA vs. MIL,W,27,5,8,0.625,0,0,0.0,3,4,0.75,2,6,8,3,0,3,1,4,13,22,1,
22023,1631117,22300686,"FEB 01, 2024",UTA vs. PHI,L,14,4,4,1.0,0,0,0.0,0,0,0.0,3,4,7,2,0,4,1,2,8,4,1,
22023,1631117,22300671,"JAN 30, 2024",UTA @ NYK,L,16,2,4,0.5,0,0,0.0,2,2,1.0,3,4,7,0,0,4,1,0,6,-5,1,
22023,1631117,22300660,"JAN 29, 2024",UTA @ BKN,L,19,4,5,0.8,0,0,0.0,3,4,0.75,4,3,7,0,0,1,0,1,11,-15,1,
22023,1631117,22300647,"JAN 27, 2024",UTA @ CHA,W,16,5,6,0.833,0,0,0.0,0,0,0.0,1,3,4,0,0,3,2,1,10,2,1,
22023,1631117,22300628,"JAN 25, 2024",UTA @ WAS,W,15,2,3,0.667,0,0,0.0,0,0,0.0,0,3,3,0,0,1,0,5,4,-7,1,
22023,1631117,22300616,"JAN 23, 2024",UTA @ NOP,L,25,2,3,0.667,0,0,0.0,2,5,0.4,0,5,5,1,0,4,0,1,6,-26,1,
22023,1631117,22300598,"JAN 20, 2024",UTA @ HOU,L,32,2,4,0.5,0,0,0.0,3,6,0.5,3,7,10,3,0,5,3,6,7,-7,1,
22023,1631117,22300581,"JAN 18, 2024",UTA vs. OKC,L,24,3,4,0.75,0,0,0.0,1,2,0.5,5,6,11,1,1,3,1,1,7,15,1,
22023,1631117,22300564,"JAN 15, 2024",UTA vs. IND,W,25,2,2,1.0,0,0,0.0,0,2,0.0,1,4,5,1,0,5,1,0,4,7,1,
22023,1631117,22300549,"JAN 13, 2024",UTA vs. LAL,W,14,2,4,0.5,0,0,0.0,0,2,0.0,2,4,6,0,0,1,0,2,4,-12,1,
22023,1631117,22300540,"JAN 12, 2024",UTA vs. TOR,W,20,5,5,1.0,0,0,0.0,2,4,0.5,2,4,6,1,1,3,0,4,12,7,1,
22023,1631117,22300524,"JAN 10, 2024",UTA vs. DEN,W,15,4,4,1.0,0,0,0.0,0,0,0.0,2,2,4,1,2,1,1,4,8,10,1,
22023,1631117,22300510,"JAN 08, 2024",UTA @ MIL,W,21,3,4,0.75,0,0,0.0,2,4,0.5,2,4,6,0,1,2,0,1,8,10,1,
22023,1631117,22300495,"JAN 06, 2024",UTA @ PHI,W,19,4,4,1.0,0,0,0.0,2,2,1.0,1,3,4,0,1,0,0,2,10,5,1,
22023,1631117,22300479,"JAN 05, 2024",UTA @ BOS,L,14,2,3,0.667,0,0,0.0,0,0,0.0,1,6,7,0,0,0,0,2,4,-4,1,
22023,1631117,22300474,"JAN 03, 2024",UTA vs. DET,W,29,4,6,0.667,0,0,0.0,0,0,0.0,3,5,8,1,0,6,0,4,8,15,1,
22023,1631117,22300457,"JAN 01, 2024",UTA vs. DAL,W,27,5,6,0.833,0,1,0.0,1,2,0.5,0,10,10,0,1,4,1,2,11,37,1,
22023,1631117,22300439,"DEC 30, 2023",UTA vs. MIA,W,23,5,5,1.0,0,0,0.0,0,0,0.0,0,8,8,0,0,2,0,1,10,10,1,
22023,1631117,22300424,"DEC 28, 2023",UTA @ NOP,L,29,5,5,1.0,1,1,1.0,0,0,0.0,3,1,4,0,2,1,2,2,11,9,1,
22023,1631117,22300412,"DEC 26, 2023",UTA @ SAS,W,18,5,10,0.5,1,1,1.0,0,0,0.0,3,4,7,1,1,4,1,2,11,1,1,
22023,1631117,22300395,"DEC 23, 2023",UTA @ TOR,W,25,5,6,0.833,0,0,0.0,0,0,0.0,3,5,8,1,0,2,1,2,10,17,1,
22023,1631117,22300374,"DEC 21, 2023",UTA @ DET,W,20,2,3,0.667,0,0,0.0,0,1,0.0,5,5,10,1,0,4,1,1,4,17,1,
22023,1631117,22300364,"DEC 20, 2023",UTA @ CLE,L,30,5,8,0.625,0,1,0.0,0,0,0.0,1,4,5,0,2,1,2,2,10,5,1,
22023,1631117,22300357,"DEC 18, 2023",UTA vs. BKN,W,32,6,8,0.75,0,0,0.0,2,4,0.5,3,11,14,0,0,5,1,1,14,9,1,
22023,1631117,22300342,"DEC 16, 2023",UTA @ SAC,L,18,0,0,0.0,0,0,0.0,2,4,0.5,1,2,3,1,0,1,1,2,2,-28,1,
22023,1631117,22300323,"DEC 14, 2023",UTA @ POR,W,26,5,6,0.833,0,1,0.0,0,0,0.0,2,8,10,4,1,7,1,0,10,23,1,
22023,1631117,22300318,"DEC 13, 2023",UTA vs. NYK,W,23,4,7,0.571,0,0,0.0,1,3,0.333,4,5,9,1,0,3,2,3,9,3,1,
22023,1631117,22301225,"DEC 08, 2023",UTA vs. LAC,L,31,4,9,0.444,0,0,0.0,0,0,0.0,4,8,12,3,2,5,2,2,8,-10,1,
22023,1631117,22301213,"DEC 06, 2023",UTA @ DAL,L,27,3,7,0.429,0,0,0.0,0,0,0.0,4,4,8,0,1,0,2,4,6,-15,1,
22023,1631117,22300289,"DEC 02, 2023",UTA vs. POR,W,25,6,6,1.0,0,0,0.0,0,0,0.0,4,4,8,0,0,2,2,1,12,-5,1,
22023,1631117,22300270,"NOV 30, 2023",UTA @ MIN,L,27,3,6,0.5,0,2,0.0,1,2,0.5,0,5,5,2,1,3,1,1,7,-7,1,
22023,1631117,22300261,"NOV 29, 2023",UTA @ MEM,L,28,4,11,0.364,0,2,0.0,1,2,0.5,3,5,8,2,1,6,1,0,9,-2,1,
22023,1631117,22300256,"NOV 27, 2023",UTA vs. NOP,W,26,7,9,0.778,0,0,0.0,0,1,0.0,1,7,8,3,0,2,0,4,14,3,1,
22023,1631117,22300243,"NOV 25, 2023",UTA vs. NOP,W,21,5,10,0.5,0,1,0.0,1,1,1.0,6,5,11,0,1,2,3,5,11,-1,1,
22023,1631117,22300152,"NOV 06, 2023",UTA @ CHI,L,31,5,12,0.417,1,2,0.5,4,6,0.667,11,4,15,0,0,4,1,3,15,-14,1,
22023,1631117,22300138,"NOV 04, 2023",UTA @ MIN,L,22,2,3,0.667,0,0,0.0,0,0,0.0,1,3,4,0,0,3,0,0,4,-14,1,
22023,1631117,22300130,"NOV 02, 2023",UTA vs. ORL,L,25,2,6,0.333,0,0,0.0,0,0,0.0,3,7,10,1,0,5,1,2,4,-10,1,
22023,1631117,22300125,"NOV 01, 2023",UTA vs. MEM,W,18,1,4,0.25,0,0,0.0,2,4,0.5,1,3,4,0,0,2,0,2,4,-13,1,
22023,1631117,22300110,"OCT 30, 2023",UTA @ DEN,L,29,10,11,0.909,0,0,0.0,2,3,0.667,3,10,13,0,0,1,2,4,22,-2,1,
22023,1631117,22300094,"OCT 28, 2023",UTA @ PHX,L,23,1,4,0.25,0,2,0.0,0,0,0.0,2,3,5,1,0,1,3,3,2,-17,1,
22023,1631117,22300085,"OCT 27, 2023",UTA vs. LAC,W,21,3,6,0.5,1,2,0.5,0,0,0.0,2,2,4,0,0,0,0,0,7,6,1,
22023,1631117,22300072,"OCT 25, 2023",UTA vs. SAC,L,22,4,5,0.8,0,0,0.0,0,0,0.0,4,4,8,0,0,1,1,3,8,-14,1,
22023,1631120,22300571,"JAN 17, 2024",BOS vs. SAS,W,3,0,0,0.0,0,0,0.0,2,2,1.0,1,0,1,0,0,0,0,0,2,-1,1,
22023,1631120,22300389,"DEC 23, 2023",BOS @ LAC,W,3,0,1,0.0,0,1,0.0,0,0,0.0,0,1,1,0,0,0,0,0,0,2,1,
22023,1631121,22300777,"FEB 14, 2024",CHA vs. ATL,W,1,0,0,0.0,0,0,0.0,0,0,0.0,0,0,0,0,0,0,0,0,0,-2,1,
22023,1631121,22300745,"FEB 09, 2024",CHA @ MIL,L,30,5,10,0.5,2,5,0.4,3,4,0.75,0,5,5,0,1,0,1,5,15,-19,1,
22023,1631121,22300726,"FEB 07, 2024",CHA vs. TOR,L,15,4,7,0.571,2,5,0.4,0,0,0.0,1,3,4,1,0,0,0,2,10,6,1,
22023,1631121,22300713,"FEB 05, 2024",CHA vs. LAL,L,24,4,7,0.571,1,1,1.0,1,2,0.5,1,3,4,1,2,0,2,3,10,-5,1,
22023,1631121,22300707,"FEB 04, 2024",CHA vs. IND,L,16,0,2,0.0,0,1,0.0,4,4,1.0,0,1,1,1,0,0,0,0,4,-12,1,
22023,1631121,22300695,"FEB 02, 2024",CHA @ OKC,L,25,6,10,0.6,0,3,0.0,3,4,0.75,1,2,3,3,4,1,2,5,15,-7,1,
22023,1631121,22300674,"JAN 31, 2024",CHA vs. CHI,L,13,1,4,0.25,0,2,0.0,3,4,0.75,0,2,2,2,0,0,0,0,5,-9,1,
22023,1631121,22300657,"JAN 29, 2024",CHA vs. NYK,L,2,0,1,0.0,0,0,0.0,0,0,0.0,0,1,1,0,0,0,0,0,0,-3,1,
22023,1631121,22300635,"JAN 26, 2024",CHA vs. HOU,L,7,3,5,0.6,0,1,0.0,2,2,1.0,0,1,1,0,0,0,0,1,8,3,1,
22023,1631121,22300610,"JAN 22, 2024",CHA @ MIN,W,6,1,1,1.0,0,0,0.0,0,0,0.0,0,0,0,1,0,0,0,0,2,-12,1,
22023,1631121,22300593,"JAN 20, 2024",CHA vs. PHI,L,2,0,0,0.0,0,0,0.0,0,0,0.0,0,0,0,0,0,0,0,0,0,5,1,
22023,1631121,22300551,"JAN 14, 2024",CHA @ MIA,L,5,1,2,0.5,0,1,0.0,0,0,0.0,1,1,2,0,0,0,0,0,2,1,1,
22023,1631121,22300541,"JAN 12, 2024",CHA @ SAS,L,24,5,7,0.714,1,2,0.5,1,1,1.0,0,0,0,0,1,0,4,1,12,-18,1,
22023,1631121,22300518,"JAN 10, 2024",CHA vs. SAC,L,10,1,2,0.5,1,2,0.5,1,2,0.5,0,2,2,1,0,0,1,0,4,-2,1,
22023,1631121,22300506,"JAN 08, 2024",CHA vs. CHI,L,24,1,7,0.143,1,5,0.2,0,0,0.0,0,1,1,2,0,0,0,1,3,-6,1,
22023,1631121,22300484,"JAN 05, 2024",CHA @ CHI,L,5,0,4,0.0,0,1,0.0,0,0,0.0,2,0,2,0,0,0,1,0,0,-2,1,
22023,1631121,22300464,"JAN 02, 2024",CHA @ SAC,W,21,1,3,0.333,0,2,0.0,2,3,0.667,1,1,2,2,0,0,0,1,4,1,1,
22023,1631121,22300455,"JAN 01, 2024",CHA @ DEN,L,23,4,8,0.5,2,3,0.667,0,0,0.0,0,2,2,3,0,0,0,4,10,-16,1,
22023,1631121,22300436,"DEC 29, 2023",CHA @ PHX,L,21,2,4,0.5,0,1,0.0,0,0,0.0,0,1,1,3,0,0,0,1,4,-2,1,
22023,1631121,22300428,"DEC 28, 2023",CHA @ LAL,L,22,3,6,0.5,3,4,0.75,1,2,0.5,0,2,2,1,0,0,1,3,10,1,1,
22023,1631121,22300414,"DEC 26, 2023",CHA @ LAC,L,22,4,6,0.667,0,1,0.0,2,3,0.667,0,3,3,2,0,0,0,3,10,-10,1,
22023,1631121,22300390,"DEC 23, 2023",CHA vs. DEN,L,18,0,4,0.0,0,0,0.0,0,0,0.0,2,1,3,0,0,0,0,1,0,-4,1,
22023,1631121,22300365,"DEC 20, 2023",CHA @ IND,L,21,1,2,0.5,0,1,0.0,0,0,0.0,0,0,0,1,0,0,2,5,2,1,1,
22023,1631121,22300354,"DEC 18, 2023",CHA @ TOR,L,32,4,9,0.444,2,5,0.4,4,4,1.0,0,5,5,1,1,1,2,1,14,-3,1,
22023,1631121,22300335,"DEC 16, 2023",CHA vs. PHI,L,24,5,10,0.5,0,2,0.0,2,3,0.667,0,2,2,0,0,0,0,1,12,-17,1,
22023,1631121,22300326,"DEC 15, 2023",CHA vs. NOP,L,21,2,5,0.4,0,2,0.0,3,5,0.6,1,1,2,0,1,0,0,2,7,-14,1,
22023,1631121,22300312,"DEC 13, 2023",CHA @ MIA,L,18,2,4,0.5,1,2,0.5,2,2,1.0,1,2,3,1,0,0,0,2,7,-9,1,
22023,1631121,22300292,"DEC 11, 2023",CHA vs. MIA,L,23,1,4,0.25,0,2,0.0,1,2,0.5,0,1,1,1,0,0,1,2,3,9,1,
22023,1631121,22301216,"DEC 08, 2023",CHA vs. TOR,W,7,0,0,0.0,0,0,0.0,0,0,0.0,0,0,0,0,0,0,0,0,0,-2,1,
22023,1631121,22301211,"DEC 06, 2023",CHA @ CHI,L,16,2,2,1.0,1,1,1.0,0,0,0.0,0,1,1,1,0,0,1,3,5,-10,1,
22023,1631121,22300281,"DEC 02, 2023",CHA vs. MIN,L,16,1,3,0.333,0,0,0.0,0,0,0.0,0,1,1,1,0,0,0,1,2,5,1,
22023,1631121,22300266,"NOV 30, 2023",CHA @ BKN,W,22,5,7,0.714,4,5,0.8,0,0,0.0,0,2,2,3,0,1,0,1,14,-6,1,
22023,1631121,22300057,"NOV 28, 2023",CHA @ NYK,L,13,2,5,0.4,1,2,0.5,0,0,0.0,1,1,2,0,1,0,0,1,5,-12,1,
22023,1631121,22300248,"NOV 26, 2023",CHA @ ORL,L,6,0,0,0.0,0,0,0.0,0,0,0.0,1,1,2,1,1,0,1,2,0,1,1,
22023,1631121,22300225,"NOV 22, 2023",CHA vs. WAS,W,23,4,5,0.8,3,4,0.75,2,2,1.0,1,2,3,0,1,1,1,1,13,11,1,
22023,1631121,22300217,"NOV 20, 2023",CHA vs. BOS,W,14,1,6,0.167,1,6,0.167,0,0,0.0,0,2,2,2,0,0,1,1,3,-17,1,
22023,1631121,22300202,"NOV 18, 2023",CHA vs. NYK,L,16,0,2,0.0,0,1,0.0,0,0,0.0,1,1,2,1,0,0,0,2,0,4,1,
22023,1631121,22300027,"NOV 17, 2023",CHA vs. MIL,L,10,1,3,0.333,1,2,0.5,2,2,1.0,0,0,0,1,0,0,0,0,5,-8,1,
22023,1631121,22300017,"NOV 14, 2023",CHA vs. MIA,L,29,4,7,0.571,3,5,0.6,1,2,0.5,0,4,4,1,1,0,1,4,12,-3,1,
22023,1631121,22300177,"NOV 12, 2023",CHA @ NYK,L,19,1,4,0.25,0,2,0.0,0,0,0.0,0,0,0,0,0,0,0,0,2,-6,1,
22023,1631121,22300009,"NOV 10, 2023",CHA @ WAS,W,13,1,2,0.5,0,1,0.0,0,0,0.0,0,2,2,1,0,0,1,3,2,-8,1,
22023,1631121,22300157,"NOV 08, 2023",CHA vs. WAS,L,15,0,0,0.0,0,0,0.0,2,2,1.0,0,3,3,1,0,0,2,2,2,-1,1,
22023,1631121,22300143,"NOV 05, 2023",CHA @ DAL,L,10,0,1,0.0,0,1,0.0,1,2,0.5,0,2,2,0,2,0,0,0,1,1,1,
22023,1631124,22300767,"FEB 12, 2024",DEN @ MIL,L,7,0,3,0.0,0,3,0.0,2,2,1.0,0,0,0,2,0,0,0,0,2,3,1,
22023,1631124,22300746,"FEB 09, 2024",DEN @ SAC,L,20,3,8,0.375,1,5,0.2,0,0,0.0,0,3,3,2,1,0,2,1,7,-18,1,
22023,1631124,22300478,"JAN 04, 2024",DEN @ GSW,W,9,0,1,0.0,0,1,0.0,0,0,0.0,1,0,1,1,1,0,0,0,0,-6,1,
22023,1631124,22300455,"JAN 01, 2024",DEN vs. CHA,W,13,1,2,0.5,0,1,0.0,0,0,0.0,0,1,1,1,0,0,1,1,2,-14,1,
22023,1631124,22300435,"DEC 29, 2023",DEN vs. OKC,L,12,3,7,0.429,1,4,0.25,3,4,0.75,0,1,1,0,0,0,3,3,10,-15,1,
22023,1631124,22300425,"DEC 28, 2023",DEN vs. MEM,W,25,5,13,0.385,2,8,0.25,0,0,0.0,0,3,3,2,0,1,1,4,12,6,1,
22023,1631124,22300402,"DEC 25, 2023",DEN vs. GSW,W,8,1,1,1.0,0,0,0.0,0,1,0.0,0,0,0,0,0,0,0,0,2,-4,1,
22023,1631124,22300390,"DEC 23, 2023",DEN @ CHA,W,16,4,10,0.4,2,5,0.4,0,0,0.0,1,0,1,1,1,0,1,0,10,-4,1,
22023,1631124,22300383,"DEC 22, 2023",DEN @ BKN,W,11,0,5,0.0,0,3,0.0,0,0,0.0,1,2,3,0,0,0,1,1,0,-10,1,
22023,1631124,22300369,"DEC 20, 2023",DEN @ TOR,W,14,3,6,0.5,1,4,0.25,0,0,0.0,0,1,1,2,2,0,0,2,7,1,1,
22023,1631124,22300356,"DEC 18, 2023",DEN vs. DAL,W,21,5,10,0.5,2,4,0.5,0,0,0.0,0,3,3,2,1,0,0,1,12,9,1,
22023,1631124,22300340,"DEC 16, 2023",DEN vs. OKC,L,15,0,3,0.0,0,2,0.0,0,0,0.0,0,1,1,1,0,0,0,0,0,8,1,
22023,1631124,22300322,"DEC 14, 2023",DEN vs. BKN,W,20,3,11,0.273,2,6,0.333,0,0,0.0,0,4,4,1,0,0,0,0,8,5,1,
22023,1631124,22300307,"DEC 12, 2023",DEN @ CHI,W,23,4,9,0.444,2,5,0.4,6,8,0.75,0,6,6,3,1,0,2,1,16,12,1,
22023,1631124,22300296,"DEC 11, 2023",DEN @ ATL,W,28,8,16,0.5,6,11,0.545,0,0,0.0,0,1,1,2,5,0,2,1,22,-2,1,
22023,1631124,22301224,"DEC 08, 2023",DEN vs. HOU,L,4,0,0,0.0,0,0,0.0,0,0,0.0,0,0,0,0,0,0,0,1,0,-15,1,
22023,1631124,22301215,"DEC 06, 2023",DEN @ LAC,L,13,0,2,0.0,0,2,0.0,0,0,0.0,0,1,1,2,0,0,1,4,0,-9,1,
22023,1631124,22300290,"DEC 02, 2023",DEN @ SAC,L,12,1,3,0.333,0,2,0.0,1,2,0.5,0,1,1,2,0,0,0,0,3,-7,1,
22023,1631124,22300279,"DEC 01, 2023",DEN @ PHX,W,18,4,9,0.444,3,8,0.375,0,0,0.0,0,3,3,0,0,1,0,2,11,0,1,
22023,1631124,22300263,"NOV 29, 2023",DEN vs. HOU,W,13,0,4,0.0,0,2,0.0,0,0,0.0,0,1,1,1,0,0,0,1,0,-2,1,
22023,1631124,22300257,"NOV 27, 2023",DEN @ LAC,W,19,3,8,0.375,3,5,0.6,0,0,0.0,0,3,3,1,0,1,1,1,9,9,1,
22023,1631124,22300252,"NOV 26, 2023",DEN vs. SAS,W,19,4,8,0.5,2,4,0.5,0,0,0.0,0,1,1,4,3,0,1,4,10,7,1,
22023,1631124,22300048,"NOV 24, 2023",DEN @ HOU,L,6,0,0,0.0,0,0,0.0,0,0,0.0,0,0,0,0,0,0,0,1,0,-15,1,
22023,1631124,22300226,"NOV 22, 2023",DEN @ ORL,L,17,2,6,0.333,1,4,0.25,2,2,1.0,1,1,2,2,0,0,0,5,7,-5,1,
22023,1631124,22300218,"NOV 20, 2023",DEN @ DET,W,15,1,5,0.2,0,3,0.0,2,2,1.0,0,2,2,2,0,0,0,1,4,-8,1,
22023,1631124,22300210,"NOV 19, 2023",DEN @ CLE,L,20,2,6,0.333,1,3,0.333,2,2,1.0,0,2,2,1,0,1,0,4,7,8,1,
22023,1631124,22300034,"NOV 17, 2023",DEN @ NOP,L,9,1,4,0.25,0,3,0.0,0,0,0.0,0,0,0,1,1,0,0,2,2,-16,1,
22023,1631124,22300182,"NOV 12, 2023",DEN @ HOU,L,8,0,2,0.0,0,2,0.0,0,0,0.0,0,0,0,1,0,0,0,2,0,-5,1,
22023,1631124,22300169,"NOV 08, 2023",DEN vs. GSW,W,8,0,1,0.0,0,1,0.0,0,0,0.0,0,1,1,0,0,0,0,2,0,-12,1,
22023,1631124,22300156,"NOV 06, 2023",DEN vs. NOP,W,19,8,13,0.615,5,9,0.556,0,1,0.0,0,2,2,1,0,0,1,1,21,-7,1,
22023,1631124,22300139,"NOV 04, 2023",DEN vs. CHI,W,9,1,2,0.5,1,2,0.5,0,0,0.0,0,1,1,1,0,0,0,0,3,-8,1,
22023,1631124,22300123,"NOV 01, 2023",DEN @ MIN,L,16,2,7,0.286,1,6,0.167,0,1,0.0,0,0,0,0,1,2,0,0,5,2,1,
22023,1631124,22300110,"OCT 30, 2023",DEN vs. UTA,W,6,2,4,0.5,0,2,0.0,0,0,0.0,0,2,2,0,0,0,0,0,4,1,1,
22023,1631124,22300095,"OCT 29, 2023",DEN @ OKC,W,8,3,5,0.6,2,3,0.667,0,0,0.0,0,1,1,1,0,0,0,0,8,4,1,
22023,1631124,22300078,"OCT 27, 2023",DEN @ MEM,W,5,0,2,0.0,0,0,0.0,0,0,0.0,0,0,0,0,0,0,0,2,0,-2,1,
22023,1631128,22300786,"FEB 14, 2024",DEN vs. SAC,L,23,1,6,0.167,1,2,0.5,2,4,0.5,2,1,3,2,1,1,0,3,5,1,1,
22023,1631128,22300767,"FEB 12, 2024",DEN @ MIL,L,22,2,7,0.286,0,3,0.0,3,4,0.75,0,5,5,0,2,0,0,2,7,-7,1,
22023,1631128,22300746,"FEB 09, 2024",DEN @ SAC,L,27,4,8,0.5,1,2,0.5,4,4,1.0,2,1,3,1,0,1,1,3,13,-13,1,
22023,1631128,22300740,"FEB 08, 2024",DEN @ LAL,W,13,1,3,0.333,1,1,1.0,0,0,0.0,1,0,1,1,0,1,0,0,3,-9,1,
22023,1631128,22300712,"FEB 04, 2024",DEN vs. POR,W,28,1,4,0.25,0,0,0.0,2,3,0.667,2,1,3,2,1,0,0,0,4,18,1,
22023,1631128,22300697,"FEB 02, 2024",DEN vs. POR,W,8,1,2,0.5,0,1,0.0,0,0,0.0,1,1,2,0,0,0,1,1,2,-7,1,
22023,1631128,22300682,"JAN 31, 2024",DEN @ OKC,L,16,4,7,0.571,2,4,0.5,0,0,0.0,1,4,5,0,1,0,0,0,10,-12,1,
22023,1631128,22300667,"JAN 29, 2024",DEN vs. MIL,W,17,0,1,0.0,0,0,0.0,0,0,0.0,2,4,6,1,0,0,0,2,0,10,1,
22023,1631128,22300644,"JAN 27, 2024",DEN vs. PHI,W,17,0,2,0.0,0,1,0.0,2,2,1.0,0,0,0,2,0,0,0,2,2,0,1,
22023,1631128,22300631,"JAN 25, 2024",DEN @ NYK,L,15,1,4,0.25,0,1,0.0,2,2,1.0,1,2,3,0,0,0,1,1,4,-10,1,
22023,1631128,22300614,"JAN 23, 2024",DEN @ IND,W,15,1,3,0.333,0,2,0.0,0,0,0.0,3,1,4,0,1,1,0,0,2,-1,1,
22023,1631128,22300602,"JAN 21, 2024",DEN @ WAS,W,21,1,3,0.333,0,0,0.0,0,0,0.0,2,4,6,2,0,1,1,3,2,-9,1,
22023,1631128,22300586,"JAN 19, 2024",DEN @ BOS,W,5,0,2,0.0,0,2,0.0,0,0,0.0,0,0,0,0,0,0,0,0,0,-7,1,
22023,1631128,22300566,"JAN 16, 2024",DEN @ PHI,L,18,3,5,0.6,2,3,0.667,3,3,1.0,0,4,4,0,0,1,0,3,11,3,1,
22023,1631128,22300550,"JAN 14, 2024",DEN vs. IND,W,15,1,5,0.2,0,1,0.0,0,2,0.0,0,2,2,0,0,0,0,1,2,-5,1,
22023,1631128,22300539,"JAN 12, 2024",DEN vs. NOP,W,17,1,4,0.25,1,4,0.25,1,2,0.5,1,5,6,0,0,0,3,2,4,7,1,
22023,1631128,22300524,"JAN 10, 2024",DEN @ UTA,L,17,2,4,0.5,1,2,0.5,0,0,0.0,0,3,3,1,1,0,1,1,5,-5,1,
22023,1631128,22300502,"JAN 07, 2024",DEN vs. DET,W,21,3,5,0.6,0,1,0.0,1,2,0.5,0,3,3,1,0,1,0,0,7,6,1,
22023,1631128,22300488,"JAN 05, 2024",DEN vs. ORL,L,16,2,4,0.5,1,3,0.333,1,2,0.5,1,3,4,0,0,0,1,0,6,-2,1,
22023,1631128,22300478,"JAN 04, 2024",DEN @ GSW,W,18,1,4,0.25,0,2,0.0,0,0,0.0,0,0,0,1,1,1,1,3,2,-5,1,
22023,1631128,22300455,"JAN 01, 2024",DEN vs. CHA,W,24,3,6,0.5,1,3,0.333,2,3,0.667,1,3,4,2,1,2,1,1,9,-11,1,
22023,1631128,22300435,"DEC 29, 2023",DEN vs. OKC,L,17,0,3,0.0,0,2,0.0,4,4,1.0,0,3,3,1,0,0,1,1,4,-6,1,
22023,1631128,22300425,"DEC 28, 2023",DEN vs. MEM,W,23,4,8,0.5,1,2,0.5,2,4,0.5,0,3,3,4,1,0,0,0,11,13,1,
22023,1631128,22300402,"DEC 25, 2023",DEN vs. GSW,W,11,2,4,0.5,2,2,1.0,0,2,0.0,0,0,0,1,0,0,1,3,6,-22,1,
22023,1631128,22300390,"DEC 23, 2023",DEN @ CHA,W,18,3,7,0.429,2,3,0.667,3,3,1.0,2,5,7,1,0,2,1,1,11,-8,1,
22023,1631128,22300383,"DEC 22, 2023",DEN @ BKN,W,16,0,3,0.0,0,1,0.0,2,2,1.0,0,0,0,1,0,0,0,1,2,-12,1,
22023,1631128,22300369,"DEC 20, 2023",DEN @ TOR,W,17,1,4,0.25,1,2,0.5,0,0,0.0,1,2,3,2,1,0,0,0,3,-6,1,
22023,1631128,22300356,"DEC 18, 2023",DEN vs. DAL,W,20,2,4,0.5,0,1,0.0,2,3,0.667,0,4,4,1,0,0,1,4,6,19,1,
22023,1631128,22300340,"DEC 16, 2023",DEN vs. OKC,L,25,5,10,0.5,2,5,0.4,2,2,1.0,0,2,2,1,1,0,1,3,14,1,1,
22023,1631128,22300322,"DEC 14, 2023",DEN vs. BKN,W,24,4,10,0.4,1,3,0.333,1,1,1.0,1,3,4,2,0,2,1,0,10,7,1,
22023,1631128,22300307,"DEC 12, 2023",DEN @ CHI,W,23,4,6,0.667,2,4,0.5,3,4,0.75,1,1,2,2,0,1,3,1,13,-16,1,
22023,1631128,22300296,"DEC 11, 2023",DEN @ ATL,W,11,2,3,0.667,0,0,0.0,2,2,1.0,0,2,2,1,0,0,0,2,6,-2,1,
22023,1631128,22301224,"DEC 08, 2023",DEN vs. HOU,L,14,1,4,0.25,0,2,0.0,0,0,0.0,0,1,1,1,2,0,1,3,2,-9,1,
22023,1631128,22301215,"DEC 06, 2023",DEN @ LAC,L,16,4,6,0.667,0,1,0.0,0,0,0.0,1,4,5,0,0,1,0,3,8,-17,1,
22023,1631128,22300290,"DEC 02, 2023",DEN @ SAC,L,17,5,10,0.5,1,2,0.5,0,0,0.0,0,3,3,2,1,1,1,1,11,0,1,
22023,1631128,22300279,"DEC 01, 2023",DEN @ PHX,W,22,4,6,0.667,0,0,0.0,0,0,0.0,1,3,4,4,1,0,1,0,8,5,1,
22023,1631128,22300263,"NOV 29, 2023",DEN vs. HOU,W,19,4,7,0.571,1,2,0.5,2,2,1.0,1,2,3,1,0,0,2,2,11,0,1,
22023,1631128,22300257,"NOV 27, 2023",DEN @ LAC,W,12,0,4,0.0,0,1,0.0,0,0,0.0,1,1,2,2,0,0,0,4,0,-19,1,
22023,1631128,22300252,"NOV 26, 2023",DEN vs. SAS,W,25,1,5,0.2,0,1,0.0,3,4,0.75,1,3,4,4,0,0,0,1,5,0,1,
22023,1631128,22300048,"NOV 24, 2023",DEN @ HOU,L,26,3,9,0.333,0,0,0.0,1,1,1.0,0,3,3,0,0,0,0,1,7,-2,1,
22023,1631128,22300226,"NOV 22, 2023",DEN @ ORL,L,21,4,7,0.571,2,2,1.0,3,3,1.0,1,6,7,1,0,0,3,4,13,-13,1,
22023,1631128,22300218,"NOV 20, 2023",DEN @ DET,W,32,5,10,0.5,2,2,1.0,3,4,0.75,1,5,6,2,1,1,2,2,15,21,1,
22023,1631128,22300210,"NOV 19, 2023",DEN @ CLE,L,25,6,11,0.545,1,1,1.0,0,0,0.0,0,2,2,0,0,0,0,1,13,3,1,
22023,1631128,22300034,"NOV 17, 2023",DEN @ NOP,L,30,11,19,0.579,3,5,0.6,0,1,0.0,2,7,9,3,0,0,0,1,25,3,1,
22023,1631128,22300024,"NOV 14, 2023",DEN vs. LAC,W,20,5,6,0.833,0,0,0.0,0,0,0.0,0,1,1,1,0,0,0,3,10,-3,1,
22023,1631128,22300182,"NOV 12, 2023",DEN @ HOU,L,14,0,4,0.0,0,2,0.0,0,0,0.0,1,0,1,0,0,0,1,1,0,-11,1,
22023,1631128,22300169,"NOV 08, 2023",DEN vs. GSW,W,16,1,3,0.333,1,2,0.5,1,2,0.5,0,2,2,2,0,0,0,1,4,-8,1,
22023,1631128,22300156,"NOV 06, 2023",DEN vs. NOP,W,18,1,5,0.2,0,1,0.0,4,6,0.667,0,0,0,1,0,0,0,1,6,4,1,
22023,1631128,22300139,"NOV 04, 2023",DEN vs. CHI,W,18,4,8,0.5,1,3,0.333,1,2,0.5,1,4,5,4,1,0,0,1,10,-3,1,
22023,1631128,22300006,"NOV 03, 2023",DEN vs. DAL,W,15,3,4,0.75,0,0,0.0,3,3,1.0,2,3,5,0,1,0,1,3,9,-5,1,
22023,1631128,22300123,"NOV 01, 2023",DEN @ MIN,L,20,4,8,0.5,0,1,0.0,0,0,0.0,3,6,9,2,0,1,1,3,8,-3,1,
22023,1631128,22300110,"OCT 30, 2023",DEN vs. UTA,W,30,4,8,0.5,1,2,0.5,0,0,0.0,1,7,8,2,1,0,1,0,9,6,1,
22023,1631128,22300095,"OCT 29, 2023",DEN @ OKC,W,21,4,9,0.444,0,2,0.0,5,5,1.0,1,6,7,7,1,1,0,2,13,25,1,
22023,1631128,22300078,"OCT 27, 2023",DEN @ MEM,W,19,2,6,0.333,1,4,0.25,0,2,0.0,1,3,4,2,1,0,1,1,5,0,1,
22023,1631128,22300061,"OCT 24, 2023",DEN vs. LAL,W,19,2,5,0.4,0,1,0.0,1,2,0.5,1,2,3,2,0,1,1,1,5,5,1,
22023,1631131,22300782,"FEB 14, 2024",IND @ TOR,W,3,1,1,1.0,0,0,0.0,0,0,0.0,0,2,2,0,0,0,0,1,2,-6,1,
22023,1631131,22300564,"JAN 15, 2024",IND @ UTA,L,12,1,5,0.2,0,0,0.0,2,2,1.0,4,2,6,0,2,0,0,0,4,-1,1,
22023,1631131,22300533,"JAN 12, 2024",IND @ ATL,W,4,2,2,1.0,0,0,0.0,0,0,0.0,0,1,1,0,0,0,0,0,4,-2,1,
22023,1631131,22300493,"JAN 06, 2024",IND vs. BOS,L,1,1,1,1.0,0,0,0.0,0,0,0.0,0,0,0,0,0,0,0,0,2,0,1,
22023,1631131,22300338,"DEC 16, 2023",IND @ MIN,L,7,3,6,0.5,0,0,0.0,2,2,1.0,2,2,4,1,0,0,0,0,8,8,1,
22023,1631131,22300328,"DEC 15, 2023",IND @ WAS,L,4,1,1,1.0,0,0,0.0,0,0,0.0,0,0,0,1,0,0,0,0,2,3,1,
22023,1631131,22300315,"DEC 13, 2023",IND @ MIL,L,6,0,1,0.0,0,0,0.0,1,2,0.5,0,1,1,0,0,0,0,1,1,4,1,
22023,1631133,22300791,"FEB 15, 2024",POR vs. MIN,L,24,3,6,0.5,0,1,0.0,2,2,1.0,1,3,4,1,1,0,0,1,8,-24,1,
22023,1631133,22300775,"FEB 13, 2024",POR vs. MIN,L,17,2,5,0.4,0,0,0.0,0,0,0.0,3,4,7,0,0,0,1,4,4,-11,1,
22023,1631133,22300758,"FEB 10, 2024",POR vs. NOP,L,29,3,5,0.6,0,1,0.0,0,0,0.0,1,3,4,0,0,0,1,4,6,-16,1,
22023,1631133,22300741,"FEB 08, 2024",POR vs. DET,L,43,6,14,0.429,1,3,0.333,4,6,0.667,3,8,11,2,1,2,1,3,17,-5,1,
22023,1631133,22300712,"FEB 04, 2024",POR @ DEN,L,30,2,8,0.25,0,5,0.0,0,0,0.0,3,4,7,0,0,0,1,1,4,-22,1,
22023,1631133,22300697,"FEB 02, 2024",POR @ DEN,L,21,3,7,0.429,0,1,0.0,1,1,1.0,4,4,8,0,0,0,1,2,7,-25,1,
22023,1631133,22300683,"JAN 31, 2024",POR vs. MIL,W,16,3,4,0.75,1,2,0.5,1,1,1.0,1,4,5,2,1,0,1,3,8,-6,1,
22023,1631133,22300668,"JAN 29, 2024",POR vs. PHI,W,31,3,6,0.5,1,1,1.0,1,2,0.5,2,10,12,0,1,0,1,1,8,17,1,
22023,1631133,22300656,"JAN 28, 2024",POR vs. CHI,L,24,3,10,0.3,0,3,0.0,1,1,1.0,1,5,6,0,0,1,3,4,7,-10,1,
22023,1631133,22300641,"JAN 26, 2024",POR @ SAS,L,37,1,5,0.2,0,2,0.0,1,4,0.25,2,7,9,2,2,1,0,2,3,-21,1,
22023,1631133,22300623,"JAN 24, 2024",POR @ HOU,W,24,2,4,0.5,1,2,0.5,4,4,1.0,1,6,7,1,0,0,2,4,9,7,1,
22023,1631133,22300617,"JAN 23, 2024",POR @ OKC,L,34,6,14,0.429,2,7,0.286,0,0,0.0,6,7,13,0,0,1,1,0,14,-7,1,
22023,1631133,22300605,"JAN 21, 2024",POR @ LAL,L,22,5,8,0.625,1,2,0.5,1,2,0.5,3,4,7,0,0,0,0,0,12,-30,1,
22023,1631133,22300590,"JAN 19, 2024",POR vs. IND,W,41,4,11,0.364,0,2,0.0,5,6,0.833,2,10,12,3,0,1,0,3,13,3,1,
22023,1631133,22300578,"JAN 17, 2024",POR vs. BKN,W,30,1,4,0.25,1,1,1.0,1,2,0.5,0,6,6,0,1,0,0,2,4,-6,1,
22023,1631133,22300554,"JAN 14, 2024",POR vs. PHX,L,29,4,6,0.667,2,3,0.667,1,2,0.5,2,6,8,1,0,0,1,2,11,-15,1,
22023,1631133,22300538,"JAN 12, 2024",POR @ MIN,L,32,6,11,0.545,1,2,0.5,4,4,1.0,2,11,13,3,1,0,4,4,17,1,1,
22023,1631133,22300472,"JAN 03, 2024",POR @ DAL,L,17,1,3,0.333,0,1,0.0,2,2,1.0,1,4,5,4,0,0,1,2,4,-13,1,
22023,1631133,22300456,"JAN 01, 2024",POR @ PHX,L,25,3,7,0.429,0,2,0.0,4,6,0.667,2,7,9,0,1,0,1,2,10,-16,1,
22023,1631133,22300437,"DEC 29, 2023",POR vs. SAS,W,30,7,11,0.636,1,2,0.5,10,13,0.769,6,3,9,1,1,1,1,4,25,12,1,
22023,1631133,22300427,"DEC 28, 2023",POR vs. SAS,L,30,2,4,0.5,0,0,0.0,2,2,1.0,2,7,9,0,1,1,1,4,6,-18,1,
22023,1631133,22300413,"DEC 26, 2023",POR vs. SAC,W,22,6,8,0.75,1,2,0.5,4,5,0.8,2,4,6,1,0,0,0,1,17,13,1,
22023,1631133,22300399,"DEC 23, 2023",POR @ GSW,L,18,2,4,0.5,0,2,0.0,1,2,0.5,2,3,5,0,0,1,1,2,5,-25,1,
22023,1631133,22300381,"DEC 21, 2023",POR vs. WAS,L,24,3,6,0.5,1,2,0.5,1,2,0.5,4,7,11,3,1,1,2,3,8,18,1,
22023,1631133,22300363,"DEC 19, 2023",POR vs. PHX,W,10,3,3,1.0,1,1,1.0,2,2,1.0,1,1,2,0,0,0,0,2,9,13,1,
22023,1631133,22300348,"DEC 17, 2023",POR vs. GSW,L,15,1,3,0.333,0,0,0.0,2,2,1.0,2,3,5,0,1,1,1,4,4,0,1,
22023,1631133,22300341,"DEC 16, 2023",POR vs. DAL,L,5,0,1,0.0,0,1,0.0,0,0,0.0,0,2,2,0,0,0,0,0,0,-2,1,
22023,1631133,22300323,"DEC 14, 2023",POR vs. UTA,L,28,5,10,0.5,0,2,0.0,3,5,0.6,4,5,9,1,1,0,0,0,13,13,1,
22023,1631133,22300304,"DEC 11, 2023",POR @ LAC,L,22,3,4,0.75,1,2,0.5,2,2,1.0,3,5,8,1,1,0,1,1,9,1,1,
22023,1631133,22301226,"DEC 08, 2023",POR vs. DAL,L,27,3,10,0.3,1,3,0.333,3,3,1.0,1,2,3,2,0,0,0,2,10,-15,1,
22023,1631133,22301214,"DEC 06, 2023",POR @ GSW,L,22,5,8,0.625,0,2,0.0,2,2,1.0,2,3,5,1,1,1,2,6,12,-5,1,
22023,1631133,22300289,"DEC 02, 2023",POR @ UTA,L,24,1,5,0.2,0,2,0.0,2,2,1.0,2,4,6,1,1,0,1,0,4,-5,1,
22023,1631133,22300265,"NOV 30, 2023",POR @ CLE,W,24,3,7,0.429,0,2,0.0,0,0,0.0,2,10,12,1,1,0,1,3,6,5,1,
22023,1631133,22300254,"NOV 27, 2023",POR @ IND,W,15,0,3,0.0,0,1,0.0,1,2,0.5,1,2,3,0,0,0,1,2,1,-4,1,
22023,1631133,22300245,"NOV 26, 2023",POR @ MIL,L,16,2,3,0.667,0,1,0.0,0,0,0.0,0,3,3,0,0,0,1,4,4,6,1,
22023,1631133,22300237,"NOV 22, 2023",POR vs. UTA,W,28,8,15,0.533,2,3,0.667,1,2,0.5,6,4,10,2,2,0,1,4,19,11,1,
22023,1631133,22300041,"NOV 21, 2023",POR @ PHX,L,14,3,6,0.5,0,2,0.0,2,2,1.0,0,3,3,0,0,0,1,5,8,-4,1,
22023,1631133,22300215,"NOV 19, 2023",POR vs. OKC,L,22,6,15,0.4,1,5,0.2,0,1,0.0,3,4,7,2,1,0,3,2,13,-21,1,
22023,1631133,22300036,"NOV 17, 2023",POR vs. LAL,L,18,2,6,0.333,0,2,0.0,3,5,0.6,2,3,5,1,0,0,0,0,7,2,1,
22023,1631133,22300199,"NOV 15, 2023",POR vs. CLE,L,23,4,7,0.571,3,4,0.75,1,2,0.5,1,2,3,1,0,2,2,2,12,-12,1,
22023,1631133,22300023,"NOV 14, 2023",POR @ UTA,L,21,5,7,0.714,2,3,0.667,0,0,0.0,2,6,8,0,2,1,0,0,12,-8,1,
22023,1631133,22300187,"NOV 12, 2023",POR @ LAL,L,18,4,7,0.571,0,2,0.0,0,0,0.0,0,4,4,1,1,1,0,3,8,7,1,
22023,1631133,22300170,"NOV 08, 2023",POR @ SAC,L,15,1,2,0.5,0,1,0.0,0,0,0.0,0,2,2,1,0,0,1,4,2,-12,1,
22023,1631133,22300144,"NOV 05, 2023",POR vs. MEM,L,16,2,9,0.222,0,5,0.0,1,1,1.0,3,2,5,1,3,1,0,2,5,4,1,
22023,1631133,22300007,"NOV 03, 2023",POR vs. MEM,W,9,0,2,0.0,0,0,0.0,0,0,0.0,1,3,4,0,0,1,0,2,0,-7,1,
22023,1631133,22300115,"NOV 01, 2023",POR @ DET,W,10,0,2,0.0,0,0,0.0,1,2,0.5,0,2,2,0,0,0,1,0,1,-6,1,
22023,1631133,22300105,"OCT 30, 2023",POR @ TOR,W,16,2,3,0.667,0,0,0.0,0,0,0.0,0,3,3,0,0,1,1,2,4,1,1,
22023,1631133,22300098,"OCT 29, 2023",POR @ PHI,L,24,4,9,0.444,1,3,0.333,3,3,1.0,3,4,7,1,4,1,2,4,12,5,1,
22023,1631133,22300086,"OCT 27, 2023",POR vs. ORL,L,9,2,3,0.667,1,2,0.5,4,4,1.0,1,3,4,0,0,0,0,3,9,1,1,
22023,1631133,22300074,"OCT 25, 2023",POR @ LAC,L,6,2,3,0.667,0,0,0.0,2,3,0.667,1,0,1,0,0,0,2,0,6,12,1,
22023,1631157,22300416,"DEC 27, 2023",WAS vs. TOR,L,6,1,3,0.333,0,0,0.0,0,0,0.0,0,0,0,0,0,0,0,0,2,-4,1,
22023,1631157,22300386,"DEC 22, 2023",WAS @ GSW,L,11,3,4,0.75,1,1,1.0,0,1,0.0,0,1,1,1,0,1,0,1,7,10,1,
22023,1631157,22300219,"NOV 20, 2023",WAS vs. MIL,L,1,0,0,0.0,0,0,0.0,0,0,0.0,0,0,0,0,0,0,0,0,0,2,1,
22023,1631157,22300192,"NOV 15, 2023",WAS vs. DAL,L,2,1,1,1.0,0,0,0.0,0,0,0.0,0,0,0,0,0,0,0,0,2,5,1,
22023,1631157,22300157,"NOV 08, 2023",WAS @ CHA,W,3,1,1,1.0,0,0,0.0,1,1,1.0,0,0,0,0,2,0,0,0,3,-2,1,
22023,1631157,22300148,"NOV 06, 2023",WAS @ PHI,L,10,3,5,0.6,0,1,0.0,0,0,0.0,1,4,5,3,2,0,5,2,6,1,1,
22023,1631157,22300003,"NOV 03, 2023",WAS @ MIA,L,7,2,4,0.5,1,1,1.0,2,3,0.667,0,1,1,2,0,1,0,1,7,15,1,
22023,1631157,22300117,"NOV 01, 2023",WAS @ ATL,L,7,2,2,1.0,0,0,0.0,2,2,1.0,0,0,0,1,0,1,0,2,6,17,1,
22023,1631157,22300103,"OCT 30, 2023",WAS vs. BOS,L,12,0,2,0.0,0,0,0.0,7,8,0.875,1,0,1,3,4,0,1,1,7,14,1,
22023,1631157,22300064,"OCT 25, 2023",WAS @ IND,L,6,0,3,0.0,0,0,0.0,1,2,0.5,0,3,3,1,0,0,1,0,1,-1,1,
22023,1631159,22300791,"FEB 15, 2024",MIN @ POR,W,5,0,1,0.0,0,0,0.0,0,0,0.0,0,0,0,2,0,0,0,0,0,8,1,
22023,1631159,22300738,"FEB 08, 2024",MIN @ MIL,W,3,1,1,1.0,0,0,0.0,0,0,0.0,1,0,1,0,0,0,0,0,2,1,1,
22023,1631159,22300538,"JAN 12, 2024",MIN vs. POR,W,8,2,4,0.5,0,2,0.0,0,0,0.0,0,2,2,0,1,1,1,2,4,-9,1,
22023,1631159,22300411,"DEC 26, 2023",MIN @ OKC,L,5,3,3,1.0,1,1,1.0,0,0,0.0,0,1,1,0,0,0,0,0,7,-1,1,
22023,1631159,22300249,"NOV 26, 2023",MIN @ MEM,W,2,1,1,1.0,0,0,0.0,0,0,0.0,0,2,2,1,0,0,0,0,2,3,1,
22023,1631159,22300232,"NOV 22, 2023",MIN vs. PHI,W,2,0,0,0.0,0,0,0.0,0,0,0.0,0,3,3,0,0,0,0,1,0,-1,1,
22023,1631159,22300093,"OCT 28, 2023",MIN vs. MIA,W,2,0,1,0.0,0,0,0.0,0,0,0.0,0,1,1,0,0,0,0,0,0,-7,1,
22023,1631165,22300786,"FEB 14, 2024",SAC @ DEN,W,3,0,2,0.0,0,1,0.0,0,0,0.0,0,0,0,0,0,0,0,0,0,5,1,
22023,1631165,22300774,"FEB 13, 2024",SAC @ PHX,L,7,0,0,0.0,0,0,0.0,0,0,0.0,0,2,2,0,0,0,0,2,0,2,1,
22023,1631165,22300760,"FEB 11, 2024",SAC @ OKC,L,17,2,4,0.5,1,3,0.333,0,0,0.0,0,1,1,1,0,1,0,5,5,0,1,
22023,1631165,22300746,"FEB 09, 2024",SAC vs. DEN,W,6,0,0,0.0,0,0,0.0,0,0,0.0,0,1,1,2,0,0,1,0,0,0,1,
22023,1631165,22300714,"FEB 05, 2024",SAC @ CLE,L,3,0,1,0.0,0,1,0.0,0,0,0.0,0,0,0,0,0,0,1,0,0,-2,1,
22023,1631165,22300583,"JAN 18, 2024",SAC vs. IND,L,2,0,0,0.0,0,0,0.0,0,0,0.0,0,0,0,0,0,0,0,0,0,-4,1,
22023,1631165,22300532,"JAN 12, 2024",SAC @ PHI,L,10,1,3,0.333,1,2,0.5,0,0,0.0,0,2,2,0,0,0,2,1,3,-11,1,
22023,1631165,22300518,"JAN 10, 2024",SAC @ CHA,W,9,1,3,0.333,1,3,0.333,0,0,0.0,0,1,1,1,0,1,0,2,3,4,1,
22023,1631165,22300512,"JAN 09, 2024",SAC @ DET,W,4,0,0,0.0,0,0,0.0,0,0,0.0,0,0,0,0,0,0,0,1,0,-4,1,
22023,1631165,22300500,"JAN 07, 2024",SAC vs. NOP,L,12,5,6,0.833,3,3,1.0,0,0,0.0,2,0,2,1,1,0,0,1,13,9,1,
22023,1631165,22300449,"DEC 31, 2023",SAC @ MEM,W,4,0,0,0.0,0,0,0.0,0,0,0.0,0,0,0,0,0,0,0,1,0,4,1,
22023,1631165,22300413,"DEC 26, 2023",SAC @ POR,L,9,0,0,0.0,0,0,0.0,0,0,0.0,0,0,0,2,0,1,0,1,0,-14,1,
22023,1631165,22300400,"DEC 23, 2023",SAC vs. MIN,L,11,0,3,0.0,0,2,0.0,0,0,0.0,0,0,0,1,0,0,0,1,0,-14,1,
22023,1631165,22300387,"DEC 22, 2023",SAC vs. PHX,W,17,0,3,0.0,0,2,0.0,1,2,0.5,1,2,3,1,1,1,0,3,1,-3,1,
22023,1631165,22300373,"DEC 20, 2023",SAC vs. BOS,L,19,4,7,0.571,4,7,0.571,0,0,0.0,0,2,2,4,1,2,0,1,12,2,1,
22023,1631165,22300358,"DEC 18, 2023",SAC vs. WAS,W,15,1,5,0.2,1,5,0.2,0,0,0.0,0,1,1,2,1,1,0,4,3,1,1,
22023,1631165,22300342,"DEC 16, 2023",SAC vs. UTA,W,26,0,3,0.0,0,3,0.0,2,2,1.0,0,1,1,7,1,0,3,2,2,23,1,
22023,1631165,22300324,"DEC 14, 2023",SAC vs. OKC,W,28,6,8,0.75,5,7,0.714,0,0,0.0,2,4,6,3,1,1,0,5,17,10,1,
22023,1631165,22300309,"DEC 12, 2023",SAC @ LAC,L,12,1,1,1.0,1,1,1.0,0,0,0.0,0,0,0,1,0,1,2,0,3,5,1,
22023,1631165,22300303,"DEC 11, 2023",SAC vs. BKN,W,15,1,4,0.25,1,4,0.25,0,0,0.0,0,1,1,2,1,0,0,1,3,-10,1,
22023,1631165,22301228,"DEC 08, 2023",SAC @ PHX,W,17,4,6,0.667,2,4,0.5,0,0,0.0,0,2,2,0,0,0,2,3,10,-2,1,
22023,1631165,22301204,"DEC 04, 2023",SAC vs. NOP,L,8,1,2,0.5,1,2,0.5,2,2,1.0,0,0,0,0,1,0,0,1,5,-1,1,
22023,1631165,22300290,"DEC 02, 2023",SAC vs. DEN,W,8,0,1,0.0,0,1,0.0,0,0,0.0,0,0,0,2,0,0,0,1,0,-14,1,
22023,1631165,22300060,"NOV 28, 2023",SAC vs. GSW,W,6,1,2,0.5,1,2,0.5,0,0,0.0,0,0,0,0,0,0,0,0,3,1,1,
22023,1631165,22300212,"NOV 19, 2023",SAC @ DAL,W,9,0,0,0.0,0,0,0.0,0,0,0.0,1,3,4,0,0,0,0,1,0,9,1,
22023,1631165,22300032,"NOV 17, 2023",SAC @ SAS,W,10,1,1,1.0,0,0,0.0,0,0,0.0,0,0,0,2,1,0,1,0,2,-1,1,
22023,1631165,22300198,"NOV 15, 2023",SAC @ LAL,W,9,0,3,0.0,0,2,0.0,0,0,0.0,1,1,2,1,0,0,0,2,0,6,1,
22023,1631165,22300191,"NOV 13, 2023",SAC vs. CLE,W,12,1,3,0.333,0,2,0.0,0,0,0.0,0,0,0,2,0,1,2,1,2,-3,1,
22023,1631165,22300016,"NOV 10, 2023",SAC vs. OKC,W,31,2,8,0.25,1,7,0.143,3,4,0.75,1,3,4,2,0,3,1,3,8,4,1,
22023,1631165,22300170,"NOV 08, 2023",SAC vs. POR,W,21,1,3,0.333,0,2,0.0,2,3,0.667,0,4,4,0,3,0,2,1,4,-4,1,
22023,1631165,22300153,"NOV 06, 2023",SAC @ HOU,L,14,5,7,0.714,4,6,0.667,1,4,0.25,1,1,2,1,1,0,0,1,15,10,1,
22023,1631165,22300137,"NOV 04, 2023",SAC @ HOU,L,1,0,1,0.0,0,1,0.0,0,0,0.0,0,0,0,0,1,0,0,1,0,0,1,
22023,1631165,22300072,"OCT 25, 2023",SAC @ UTA,W,1,0,0,0.0,0,0,0.0,0,0,0.0,0,0,0,0,0,0,0,0,0,-2,1,
22023,1631169,22300791,"FEB 15, 2024",MIN @ POR,W,5,0,0,0.0,0,0,0.0,0,0,0.0,0,4,4,0,0,0,0,0,0,6,1,
22023,1631169,22300775,"FEB 13, 2024",MIN @ POR,W,4,0,0,0.0,0,0,0.0,2,2,1.0,0,0,0,0,1,0,1,1,2,-7,1,
22023,1631169,22300770,"FEB 12, 2024",MIN @ LAC,W,2,0,0,0.0,0,0,0.0,0,0,0.0,1,1,2,0,0,0,0,0,0,4,1,
22023,1631169,22300738,"FEB 08, 2024",MIN @ MIL,W,4,2,3,0.667,1,1,1.0,0,0,0.0,1,0,1,0,1,0,0,0,5,3,1,
22023,1631169,22300538,"JAN 12, 2024",MIN vs. POR,W,9,0,3,0.0,0,0,0.0,2,2,1.0,0,0,0,0,1,1,0,2,2,-10,1,
22023,1631169,22300485,"JAN 05, 2024",MIN @ HOU,W,3,0,0,0.0,0,0,0.0,2,2,1.0,0,0,0,0,0,0,0,0,2,-6,1,
22023,1631169,22300471,"JAN 03, 2024",MIN vs. NOP,L,3,0,0,0.0,0,0,0.0,2,2,1.0,0,0,0,0,0,1,0,0,2,8,1,
22023,1631169,22300411,"DEC 26, 2023",MIN @ OKC,L,5,0,1,0.0,0,0,0.0,0,0,0.0,0,0,0,2,0,0,1,0,0,-1,1,
22023,1631169,22300321,"DEC 14, 2023",MIN @ DAL,W,2,1,1,1.0,0,0,0.0,1,1,1.0,0,0,0,0,0,0,0,0,3,-1,1,
22023,1631169,22300301,"DEC 11, 2023",MIN @ NOP,L,2,1,1,1.0,0,0,0.0,1,1,1.0,0,0,0,0,0,0,0,0,3,1,1,
22023,1631169,22300249,"NOV 26, 2023",MIN @ MEM,W,2,1,2,0.5,0,1,0.0,0,0,0.0,0,0,0,0,0,0,0,0,2,3,1,
22023,1631169,22300232,"NOV 22, 2023",MIN vs. PHI,W,2,0,0,0.0,0,0,0.0,0,0,0.0,0,0,0,0,0,0,0,1,0,-1,1,
22023,1631169,22300221,"NOV 20, 2023",MIN vs. NYK,W,1,1,1,1.0,0,0,0.0,0,0,0.0,0,2,2,0,0,0,0,1,2,2,1,
22023,1631169,22300197,"NOV 15, 2023",MIN @ PHX,L,5,1,3,0.333,0,2,0.0,0,1,0.0,1,0,1,0,0,0,0,0,2,5,1,
22023,1631169,22300166,"NOV 08, 2023",MIN vs. NOP,W,3,0,1,0.0,0,1,0.0,0,0,0.0,0,0,0,0,0,0,0,2,0,-6,1,
22023,1631169,22300138,"NOV 04, 2023",MIN vs. UTA,W,4,1,1,1.0,0,0,0.0,2,3,0.667,0,0,0,1,0,0,0,0,4,5,1,
22023,1631169,22300123,"NOV 01, 2023",MIN vs. DEN,W,4,1,1,1.0,0,0,0.0,0,0,0.0,0,0,0,0,0,0,0,0,2,2,1,
22023,1631169,22300104,"OCT 30, 2023",MIN @ ATL,L,1,1,1,1.0,0,0,0.0,0,0,0.0,0,0,0,0,0,0,0,0,2,4,1,
22023,1631169,22300093,"OCT 28, 2023",MIN vs. MIA,W,2,0,2,0.0,0,1,0.0,0,0,0.0,0,0,0,0,0,1,0,0,0,-7,1,
22023,1631170,22300779,"FEB 14, 2024",MIA @ PHI,W,32,6,12,0.5,0,2,0.0,0,0,0.0,3,6,9,3,2,0,1,2,12,5,1,
22023,1631170,22300773,"FEB 13, 2024",MIA @ MIL,W,28,5,12,0.417,0,2,0.0,2,3,0.667,1,2,3,4,0,0,3,3,12,18,1,
22023,1631170,22300759,"FEB 11, 2024",MIA vs. BOS,L,29,2,6,0.333,1,2,0.5,1,2,0.5,1,2,3,1,0,0,1,1,6,2,1,
22023,1631170,22300730,"FEB 07, 2024",MIA vs. SAS,W,28,4,6,0.667,0,2,0.0,2,5,0.4,0,3,3,0,0,0,2,1,10,-2,1,
22023,1631170,22300721,"FEB 06, 2024",MIA vs. ORL,W,23,4,11,0.364,1,5,0.2,3,3,1.0,2,4,6,2,3,0,2,3,12,8,1,
22023,1631170,22300708,"FEB 04, 2024",MIA vs. LAC,L,26,3,11,0.273,1,3,0.333,0,0,0.0,3,1,4,4,0,0,3,2,7,-9,1,
22023,1631170,22300689,"FEB 02, 2024",MIA @ WAS,W,26,4,7,0.571,0,1,0.0,0,0,0.0,2,2,4,2,2,0,0,2,8,10,1,
22023,1631170,22300678,"JAN 31, 2024",MIA vs. SAC,W,25,3,9,0.333,0,1,0.0,2,2,1.0,0,4,4,1,0,0,2,2,8,15,1,
22023,1631170,22300661,"JAN 29, 2024",MIA vs. PHX,L,25,0,6,0.0,0,4,0.0,2,2,1.0,0,3,3,1,1,0,2,1,2,-4,1,
22023,1631170,22300643,"JAN 27, 2024",MIA @ NYK,L,24,1,3,0.333,1,2,0.5,3,4,0.75,0,1,1,4,2,1,0,4,6,-18,1,
22023,1631170,22300551,"JAN 14, 2024",MIA vs. CHA,W,15,7,11,0.636,0,0,0.0,1,1,1.0,1,4,5,2,1,0,0,1,15,8,1,
22023,1631170,22300535,"JAN 12, 2024",MIA vs. ORL,W,37,8,16,0.5,0,2,0.0,3,3,1.0,4,3,7,3,1,0,3,3,19,-4,1,
22023,1631170,22300522,"JAN 10, 2024",MIA vs. OKC,L,34,6,9,0.667,3,5,0.6,6,9,0.667,0,5,5,2,0,0,3,4,21,-4,1,
22023,1631170,22300509,"JAN 08, 2024",MIA vs. HOU,W,39,5,11,0.455,1,2,0.5,3,4,0.75,0,4,4,4,1,0,2,1,14,6,1,
22023,1631170,22300489,"JAN 05, 2024",MIA @ PHX,L,35,5,7,0.714,0,2,0.0,0,0,0.0,1,2,3,1,2,0,3,4,10,-18,1,
22023,1631170,22300475,"JAN 03, 2024",MIA @ LAL,W,39,7,14,0.5,2,6,0.333,0,0,0.0,0,0,0,8,1,1,2,1,16,24,1,
22023,1631170,22300458,"JAN 01, 2024",MIA @ LAC,L,38,6,13,0.462,0,3,0.0,3,4,0.75,3,1,4,2,4,0,2,2,15,-17,1,
22023,1631170,22300439,"DEC 30, 2023",MIA @ UTA,L,35,2,9,0.222,0,4,0.0,5,5,1.0,0,1,1,1,0,0,2,4,9,-16,1,
22023,1631170,22300426,"DEC 28, 2023",MIA @ GSW,W,39,7,15,0.467,2,5,0.4,1,2,0.5,1,4,5,6,1,0,2,2,17,8,1,
22023,1631170,22300404,"DEC 25, 2023",MIA vs. PHI,W,39,11,15,0.733,1,3,0.333,8,8,1.0,5,5,10,1,2,0,0,3,31,-1,1,
22023,1631170,22300384,"DEC 22, 2023",MIA vs. ATL,W,37,7,14,0.5,1,1,1.0,4,5,0.8,4,3,7,1,1,1,2,4,19,11,1,
22023,1631170,22300366,"DEC 20, 2023",MIA @ ORL,W,34,3,10,0.3,0,3,0.0,4,6,0.667,2,1,3,1,1,1,1,1,10,-8,1,
22023,1631170,22300353,"DEC 18, 2023",MIA vs. MIN,L,30,3,8,0.375,0,1,0.0,2,2,1.0,1,2,3,0,2,2,3,4,8,-1,1,
22023,1631170,22300337,"DEC 16, 2023",MIA vs. CHI,W,35,8,14,0.571,1,3,0.333,1,1,1.0,1,4,5,4,2,0,2,1,18,8,1,
22023,1631170,22300320,"DEC 14, 2023",MIA vs. CHI,L,34,6,14,0.429,1,4,0.25,9,10,0.9,0,4,4,4,0,0,2,4,22,3,1,
22023,1631170,22300312,"DEC 13, 2023",MIA vs. CHA,W,33,7,16,0.438,2,2,1.0,1,1,1.0,2,4,6,8,1,0,2,0,17,-3,1,
22023,1631170,22300292,"DEC 11, 2023",MIA @ CHA,W,24,5,8,0.625,2,3,0.667,6,6,1.0,0,0,0,1,0,0,2,6,18,-2,1,
22023,1631170,22301220,"DEC 08, 2023",MIA vs. CLE,L,35,7,13,0.538,0,2,0.0,0,0,0.0,1,2,3,3,0,1,3,3,14,1,1,
22023,1631170,22301207,"DEC 06, 2023",MIA @ TOR,W,32,6,13,0.462,1,4,0.25,2,2,1.0,0,0,0,2,0,0,2,2,15,-16,1,
22023,1631170,22300284,"DEC 02, 2023",MIA vs. IND,L,29,4,9,0.444,1,2,0.5,2,5,0.4,0,3,3,3,2,0,0,1,11,-6,1,
22023,1631170,22300267,"NOV 30, 2023",MIA vs. IND,W,33,8,13,0.615,1,3,0.333,7,7,1.0,0,5,5,1,1,0,3,3,24,18,1,
22023,1631170,22300056,"NOV 28, 2023",MIA vs. MIL,L,33,7,9,0.778,0,1,0.0,0,0,0.0,1,3,4,6,1,1,1,5,14,5,1,
22023,1631170,22300240,"NOV 25, 2023",MIA @ BKN,L,31,8,15,0.533,2,3,0.667,0,0,0.0,1,4,5,4,1,0,2,1,18,-18,1,
22023,1631170,22300045,"NOV 24, 2023",MIA @ NYK,L,35,6,17,0.353,1,6,0.167,2,2,1.0,3,2,5,4,1,0,0,3,15,-18,1,
22023,1631170,22300229,"NOV 22, 2023",MIA @ CLE,W,28,7,10,0.7,4,4,1.0,4,5,0.8,2,6,8,1,1,0,6,1,22,16,1,
22023,1631170,22300220,"NOV 20, 2023",MIA @ CHI,W,33,8,13,0.615,3,4,0.75,0,0,0.0,2,1,3,4,2,0,0,1,19,24,1,
22023,1631170,22300204,"NOV 18, 2023",MIA @ CHI,L,27,2,4,0.5,1,1,1.0,1,2,0.5,1,2,3,0,0,0,3,4,6,-25,1,
22023,1631170,22300200,"NOV 16, 2023",MIA vs. BKN,W,33,4,9,0.444,2,5,0.4,0,0,0.0,0,4,4,5,0,0,1,3,10,4,1,
22023,1631170,22300017,"NOV 14, 2023",MIA @ CHA,W,33,8,13,0.615,1,3,0.333,0,0,0.0,4,1,5,1,0,0,1,3,17,6,1,
22023,1631170,22300184,"NOV 12, 2023",MIA @ SAS,W,32,4,10,0.4,1,2,0.5,2,2,1.0,1,5,6,3,3,1,1,1,11,10,1,
22023,1631170,22300175,"NOV 11, 2023",MIA @ ATL,W,38,8,17,0.471,2,7,0.286,2,2,1.0,1,2,3,4,1,0,3,3,20,2,1,
22023,1631170,22300164,"NOV 08, 2023",MIA @ MEM,W,21,4,5,0.8,1,1,1.0,2,3,0.667,0,3,3,2,2,0,0,5,11,-6,1,
22023,1631170,22300150,"NOV 06, 2023",MIA vs. LAL,W,18,4,7,0.571,1,4,0.25,0,0,0.0,1,1,2,1,1,0,1,1,9,0,1,
22023,1631170,22300003,"NOV 03, 2023",MIA vs. WAS,W,22,4,5,0.8,0,1,0.0,1,1,1.0,3,2,5,3,1,0,0,1,9,3,1,
22023,1631170,22300119,"NOV 01, 2023",MIA vs. BKN,L,19,1,9,0.111,0,6,0.0,0,0,0.0,2,2,4,1,2,1,2,4,2,7,1,
22023,1631170,22300107,"OCT 30, 2023",MIA @ MIL,L,23,3,9,0.333,2,5,0.4,0,0,0.0,1,1,2,3,1,1,0,2,8,-7,1,
22023,1631170,22300093,"OCT 28, 2023",MIA @ MIN,L,18,3,4,0.75,1,2,0.5,0,0,0.0,0,3,3,1,0,0,3,0,7,5,1,
22023,1631170,22300080,"OCT 27, 2023",MIA @ BOS,L,14,0,2,0.0,0,1,0.0,0,0,0.0,0,2,2,2,0,0,1,2,0,-8,1,
22023,1631170,22300068,"OCT 25, 2023",MIA vs. DET,W,13,3,3,1.0,0,0,0.0,0,0,0.0,0,2,2,2,2,0,1,2,6,4,1,
22023,1631172,22300772,"FEB 13, 2024",OKC @ ORL,W,9,0,2,0.0,0,2,0.0,2,2,1.0,1,0,1,4,1,0,1,1,2,8,1,
22023,1631172,22300760,"FEB 11, 2024",OKC vs. SAC,W,6,1,1,1.0,0,0,0.0,0,0,0.0,0,2,2,1,1,1,1,0,2,7,1,
22023,1631172,22300748,"FEB 10, 2024",OKC @ DAL,L,14,1,9,0.111,1,5,0.2,0,0,0.0,0,0,0,2,0,1,1,0,3,-4,1,
22023,1631172,22300724,"FEB 06, 2024",OKC @ UTA,L,11,3,3,1.0,2,2,1.0,0,0,0.0,0,2,2,1,1,1,0,0,8,9,1,
22023,1631172,22300710,"FEB 04, 2024",OKC vs. TOR,W,9,1,3,0.333,0,2,0.0,0,0,0.0,0,1,1,0,0,0,1,0,2,-3,1,
22023,1631172,22300695,"FEB 02, 2024",OKC vs. CHA,W,20,4,5,0.8,1,1,1.0,2,2,1.0,0,2,2,4,0,0,1,2,11,-1,1,
22023,1631172,22300682,"JAN 31, 2024",OKC vs. DEN,W,9,0,0,0.0,0,0,0.0,0,0,0.0,0,0,0,0,0,0,1,0,0,3,1,
22023,1631172,22300568,"JAN 16, 2024",OKC @ LAC,L,4,0,1,0.0,0,1,0.0,0,0,0.0,0,1,1,0,0,0,1,0,0,0,1,
22023,1631172,22300565,"JAN 15, 2024",OKC @ LAL,L,12,2,5,0.4,1,4,0.25,0,0,0.0,1,2,3,0,0,0,1,2,5,-6,1,
22023,1631172,22300546,"JAN 13, 2024",OKC vs. ORL,W,9,0,2,0.0,0,2,0.0,0,0,0.0,1,1,2,0,0,0,1,0,0,3,1,
22023,1631172,22300529,"JAN 11, 2024",OKC vs. POR,W,23,4,11,0.364,1,5,0.2,0,0,0.0,0,6,6,3,1,0,1,2,9,10,1,
22023,1631172,22300397,"DEC 23, 2023",OKC vs. LAL,L,11,2,3,0.667,1,2,0.5,0,0,0.0,0,0,0,0,0,0,0,2,5,10,1,
22023,1631172,22300379,"DEC 21, 2023",OKC vs. LAC,W,8,2,2,1.0,1,1,1.0,2,2,1.0,0,1,1,0,0,0,0,0,7,12,1,
22023,1631172,22300355,"DEC 18, 2023",OKC vs. MEM,W,19,2,5,0.4,0,2,0.0,0,0,0.0,1,1,2,2,0,0,0,1,4,-9,1,
22023,1631172,22300340,"DEC 16, 2023",OKC @ DEN,W,5,0,1,0.0,0,1,0.0,2,2,1.0,0,1,1,0,0,0,0,0,2,-4,1,
22023,1631172,22300324,"DEC 14, 2023",OKC @ SAC,L,10,2,4,0.5,2,4,0.5,0,0,0.0,0,0,0,0,0,0,1,0,6,-3,1,
22023,1631172,22300302,"DEC 11, 2023",OKC vs. UTA,W,26,6,7,0.857,3,4,0.75,3,4,0.75,0,3,3,3,0,0,1,2,18,-1,1,
22023,1631172,22300058,"NOV 28, 2023",OKC @ MIN,L,2,0,1,0.0,0,0,0.0,0,0,0.0,0,1,1,0,0,0,0,0,0,-2,1,
22023,1631172,22300239,"NOV 25, 2023",OKC vs. PHI,L,8,0,2,0.0,0,1,0.0,0,0,0.0,1,0,1,2,0,0,0,1,0,8,1,
22023,1631172,22300185,"NOV 12, 2023",OKC @ PHX,W,6,0,1,0.0,0,1,0.0,0,0,0.0,0,0,0,0,0,0,0,0,0,-4,1,
22023,1631172,22300016,"NOV 10, 2023",OKC @ SAC,L,8,0,1,0.0,0,1,0.0,0,0,0.0,0,1,1,1,0,0,0,1,0,0,1,
22023,1631172,22300167,"NOV 08, 2023",OKC vs. CLE,W,9,1,2,0.5,0,1,0.0,2,2,1.0,2,3,5,1,1,0,0,1,4,9,1,
22023,1631172,22300155,"NOV 06, 2023",OKC vs. ATL,W,10,1,4,0.25,1,2,0.5,0,0,0.0,1,1,2,0,0,0,1,0,3,-5,1,
22023,1631172,22300005,"NOV 03, 2023",OKC vs. GSW,L,5,1,3,0.333,1,3,0.333,0,0,0.0,0,1,1,1,0,0,1,0,3,-3,1,
22023,1631172,22300121,"NOV 01, 2023",OKC vs. NOP,L,12,1,4,0.25,0,3,0.0,0,0,0.0,0,2,2,1,0,0,0,0,2,-11,1,
22023,1631172,22300109,"OCT 30, 2023",OKC vs. DET,W,18,4,4,1.0,2,2,1.0,0,1,0.0,1,0,1,2,0,0,1,0,10,-2,1,
22023,1631172,22300095,"OCT 29, 2023",OKC vs. DEN,L,19,2,8,0.25,0,5,0.0,1,1,1.0,0,5,5,1,0,0,0,0,5,-10,1,
22023,1631172,22300081,"OCT 27, 2023",OKC @ CLE,W,11,0,2,0.0,0,2,0.0,0,0,0.0,0,1,1,2,0,0,0,3,0,-4,1,
22023,1631172,22300070,"OCT 25, 2023",OKC @ CHI,W,14,3,5,0.6,3,5,0.6,0,0,0.0,1,1,2,0,0,0,1,1,9,2,1,
22023,1631173,22300779,"FEB 14, 2024",PHI vs. MIA,L,3,0,1,0.0,0,1,0.0,0,0,0.0,0,0,0,0,0,0,0,0,0,0,1,
22023,1631173,22300762,"FEB 12, 2024",PHI @ CLE,W,3,0,2,0.0,0,2,0.0,0,0,0.0,0,0,0,0,0,0,0,1,0,2,1,
22023,1631173,22300742,"FEB 09, 2024",PHI vs. ATL,L,13,3,7,0.429,2,6,0.333,0,0,0.0,0,0,0,0,1,0,1,0,8,-11,1,
22023,1631173,22300727,"FEB 07, 2024",PHI vs. GSW,L,10,3,8,0.375,1,4,0.25,0,0,0.0,0,1,1,2,1,0,1,0,7,4,1,
22023,1631173,22300715,"FEB 05, 2024",PHI vs. DAL,L,6,1,2,0.5,1,2,0.5,0,0,0.0,0,1,1,1,1,0,0,0,3,4,1,
22023,1631173,22300698,"FEB 03, 2024",PHI vs. BKN,L,9,6,7,0.857,5,6,0.833,0,1,0.0,0,0,0,1,0,0,0,2,17,8,1,
22023,1631173,22300668,"JAN 29, 2024",PHI @ POR,L,9,1,4,0.25,1,4,0.25,0,0,0.0,0,0,0,1,1,0,1,1,3,-5,1,
22023,1631173,22300627,"JAN 25, 2024",PHI @ IND,L,12,0,6,0.0,0,4,0.0,2,2,1.0,0,0,0,5,3,0,1,0,2,9,1,
22023,1631173,22300608,"JAN 22, 2024",PHI vs. SAS,W,1,0,1,0.0,0,0,0.0,0,0,0.0,0,0,0,0,0,0,0,0,0,-5,1,
22023,1631173,22300593,"JAN 20, 2024",PHI @ CHA,W,0,0,0,0.0,0,0,0.0,0,0,0.0,0,0,0,0,0,0,0,0,0,-4,1,
22023,1631173,22300585,"JAN 19, 2024",PHI @ ORL,W,2,2,2,1.0,2,2,1.0,0,0,0.0,0,0,0,0,0,0,0,0,6,2,1,
22023,1631197,22300741,"FEB 08, 2024",DET @ POR,W,13,1,2,0.5,0,0,0.0,0,0,0.0,0,1,1,1,0,2,1,0,2,2,1,
22023,1631197,22300008,"NOV 10, 2023",DET vs. PHI,L,7,2,3,0.667,1,2,0.5,0,0,0.0,0,0,0,0,0,0,1,1,5,2,1,
22023,1631197,22300165,"NOV 08, 2023",DET @ MIL,L,13,3,4,0.75,0,1,0.0,0,0,0.0,0,1,1,3,0,0,0,2,6,9,1,
22023,1631197,22300145,"NOV 06, 2023",DET vs. GSW,L,5,0,2,0.0,0,1,0.0,2,2,1.0,1,1,2,0,0,0,1,1,2,-9,1,
22023,1631197,22300140,"NOV 05, 2023",DET vs. PHX,L,3,0,0,0.0,0,0,0.0,0,0,0.0,0,0,0,0,0,0,0,0,0,5,1,
22023,1631197,22300109,"OCT 30, 2023",DET @ OKC,L,2,0,0,0.0,0,0,0.0,0,0,0.0,0,1,1,0,0,0,0,0,0,8,1,
22023,1631199,22300211,"NOV 19, 2023",TOR vs. DET,W,4,0,0,0.0,0,0,0.0,0,0,0.0,0,0,0,1,0,0,0,2,0,-9,1,
22023,1631200,22300791,"FEB 15, 2024",POR vs. MIN,L,12,2,5,0.4,1,3,0.333,1,4,0.25,1,3,4,0,0,0,2,1,6,-14,1,
22023,1631200,22300775,"FEB 13, 2024",POR vs. MIN,L,4,0,0,0.0,0,0,0.0,0,0,0.0,0,1,1,0,0,0,0,0,0,7,1,
22023,1631200,22300758,"FEB 10, 2024",POR vs. NOP,L,22,1,2,0.5,1,1,1.0,0,0,0.0,0,4,4,2,1,0,0,0,3,8,1,
22023,1631200,22300741,"FEB 08, 2024",POR vs. DET,L,28,5,6,0.833,2,2,1.0,0,0,0.0,2,1,3,3,1,1,1,1,12,-5,1,
22023,1631200,22300712,"FEB 04, 2024",POR @ DEN,L,20,4,7,0.571,0,2,0.0,0,0,0.0,0,2,2,2,1,1,2,2,8,-15,1,
22023,1631200,22300697,"FEB 02, 2024",POR @ DEN,L,14,0,1,0.0,0,0,0.0,0,0,0.0,1,1,2,0,1,0,1,0,0,8,1,
22023,1631200,22300668,"JAN 29, 2024",POR vs. PHI,W,8,0,0,0.0,0,0,0.0,0,0,0.0,0,1,1,0,0,1,0,2,0,2,1,
22023,1631200,22300641,"JAN 26, 2024",POR @ SAS,L,17,1,9,0.111,0,6,0.0,0,1,0.0,0,2,2,0,1,0,0,3,2,-22,1,
22023,1631200,22300605,"JAN 21, 2024",POR @ LAL,L,6,0,0,0.0,0,0,0.0,0,0,0.0,0,1,1,0,0,1,0,0,0,-1,1,
22023,1631200,22300590,"JAN 19, 2024",POR vs. IND,W,14,2,2,1.0,1,1,1.0,0,0,0.0,0,3,3,0,0,0,3,1,5,8,1,
22023,1631200,22300578,"JAN 17, 2024",POR vs. BKN,W,3,0,0,0.0,0,0,0.0,0,0,0.0,0,0,0,0,0,0,1,0,0,-1,1,
22023,1631200,22300554,"JAN 14, 2024",POR vs. PHX,L,37,5,9,0.556,3,6,0.5,0,1,0.0,0,1,1,3,3,0,3,2,13,-9,1,
22023,1631200,22300538,"JAN 12, 2024",POR @ MIN,L,9,0,1,0.0,0,0,0.0,2,2,1.0,0,0,0,1,1,0,0,0,2,13,1,
22023,1631200,22300529,"JAN 11, 2024",POR @ OKC,L,23,4,10,0.4,1,5,0.2,0,0,0.0,3,2,5,0,1,0,0,0,9,-22,1,
22023,1631200,22300514,"JAN 09, 2024",POR @ NYK,L,16,3,10,0.3,0,3,0.0,3,3,1.0,2,1,3,1,1,0,1,0,9,6,1,
22023,1631200,22300498,"JAN 07, 2024",POR @ BKN,W,7,0,2,0.0,0,0,0.0,0,0,0.0,1,2,3,0,0,0,2,1,0,2,1,
22023,1631200,22300487,"JAN 05, 2024",POR @ DAL,L,20,4,8,0.5,2,3,0.667,0,0,0.0,2,2,4,1,2,0,1,0,10,-17,1,
22023,1631200,22300472,"JAN 03, 2024",POR @ DAL,L,15,1,3,0.333,0,1,0.0,0,0,0.0,0,1,1,2,0,0,1,0,2,0,1,
22023,1631200,22300456,"JAN 01, 2024",POR @ PHX,L,19,3,5,0.6,0,2,0.0,0,0,0.0,1,1,2,1,1,1,0,2,6,-11,1,
22023,1631200,22300413,"DEC 26, 2023",POR vs. SAC,W,2,0,0,0.0,0,0,0.0,0,0,0.0,0,0,0,0,0,0,0,0,0,-2,1,
22023,1631200,22300399,"DEC 23, 2023",POR @ GSW,L,5,1,1,1.0,0,0,0.0,0,0,0.0,1,1,2,0,1,0,0,2,2,-1,1,
22023,1631200,22300323,"DEC 14, 2023",POR vs. UTA,L,17,2,7,0.286,2,5,0.4,0,0,0.0,3,2,5,3,2,1,0,0,6,24,1,
22023,1631200,22301226,"DEC 08, 2023",POR vs. DAL,L,18,2,6,0.333,1,3,0.333,0,0,0.0,1,4,5,0,1,0,0,0,5,7,1,
22023,1631200,22301214,"DEC 06, 2023",POR @ GSW,L,21,2,4,0.5,2,4,0.5,0,0,0.0,0,5,5,1,2,0,0,2,6,-1,1,
22023,1631200,22300237,"NOV 22, 2023",POR vs. UTA,W,17,1,5,0.2,0,3,0.0,0,1,0.0,2,0,2,0,1,0,0,0,2,-9,1,
22023,1631200,22300041,"NOV 21, 2023",POR @ PHX,L,2,1,2,0.5,1,1,1.0,0,0,0.0,0,0,0,0,0,0,0,0,3,3,1,
22023,1631200,22300215,"NOV 19, 2023",POR vs. OKC,L,21,2,4,0.5,1,2,0.5,3,4,0.75,1,1,2,0,1,0,1,3,8,-10,1,
22023,1631200,22300036,"NOV 17, 2023",POR vs. LAL,L,5,0,2,0.0,0,2,0.0,0,0,0.0,1,0,1,0,1,0,0,1,0,-5,1,
22023,1631200,22300199,"NOV 15, 2023",POR vs. CLE,L,17,2,5,0.4,1,3,0.333,0,0,0.0,0,2,2,3,1,0,0,1,5,7,1,
22023,1631200,22300023,"NOV 14, 2023",POR @ UTA,L,3,0,0,0.0,0,0,0.0,0,0,0.0,0,0,0,0,0,0,0,0,0,-1,1,
22023,1631200,22300187,"NOV 12, 2023",POR @ LAL,L,3,0,0,0.0,0,0,0.0,0,0,0.0,0,0,0,0,0,0,0,1,0,4,1,
22023,1631200,22300170,"NOV 08, 2023",POR @ SAC,L,9,0,1,0.0,0,0,0.0,0,0,0.0,0,0,0,0,0,1,0,1,0,-5,1,
22023,1631200,22300098,"OCT 29, 2023",POR @ PHI,L,6,0,1,0.0,0,1,0.0,0,0,0.0,0,0,0,0,1,0,0,1,0,-8,1,
22023,1631200,22300074,"OCT 25, 2023",POR @ LAC,L,5,0,0,0.0,0,0,0.0,0,0,0.0,0,1,1,0,0,0,0,0,0,12,1,
22023,1631204,22300787,"FEB 14, 2024",DET @ PHX,L,24,2,7,0.286,0,4,0.0,0,0,0.0,0,1,1,6,0,0,3,4,4,-6,1,
22023,1631204,22300776,"FEB 13, 2024",DET @ LAL,L,18,1,10,0.1,1,3,0.333,0,0,0.0,1,2,3,5,1,0,2,1,3,0,1,
22023,1631204,22300749,"FEB 10, 2024",DET @ LAC,L,14,2,4,0.5,1,2,0.5,0,0,0.0,0,2,2,4,1,0,2,4,5,-9,1,
22023,1631204,22300741,"FEB 08, 2024",DET @ POR,W,38,6,13,0.462,3,7,0.429,2,4,0.5,0,2,2,11,2,0,2,2,17,10,1,
22023,1631204,22300732,"FEB 07, 2024",DET @ SAC,W,32,7,14,0.5,2,6,0.333,2,2,1.0,0,3,3,4,0,0,0,1,18,16,1,
22023,1631204,22300704,"FEB 04, 2024",DET vs. ORL,L,10,2,4,0.5,2,3,0.667,0,0,0.0,0,0,0,4,0,0,2,1,6,-10,1,
22023,1631204,22300688,"FEB 02, 2024",DET vs. LAC,L,20,8,10,0.8,5,6,0.833,0,0,0.0,0,1,1,2,0,0,2,2,21,-7,1,
22023,1631204,22300675,"JAN 31, 2024",DET @ CLE,L,10,1,2,0.5,1,1,1.0,0,0,0.0,0,0,0,4,0,0,0,1,3,-1,1,
22023,1631204,22300654,"JAN 28, 2024",DET vs. OKC,W,19,5,9,0.556,2,3,0.667,0,0,0.0,0,2,2,4,0,0,1,1,12,16,1,
22023,1631204,22300619,"JAN 24, 2024",DET vs. CHA,W,12,2,5,0.4,1,4,0.25,0,0,0.0,0,2,2,2,0,0,1,1,5,8,1,
22023,1631204,22300606,"JAN 22, 2024",DET vs. MIL,L,26,9,17,0.529,0,4,0.0,5,5,1.0,0,1,1,3,1,0,2,1,23,8,1,
22023,1631204,22300592,"JAN 20, 2024",DET vs. MIL,L,16,3,6,0.5,1,2,0.5,2,2,1.0,0,1,1,5,1,0,0,1,9,8,1,
22023,1631204,22300569,"JAN 17, 2024",DET vs. MIN,L,12,2,4,0.5,1,2,0.5,0,0,0.0,0,1,1,2,0,0,4,2,5,-7,1,
22023,1631204,22300558,"JAN 15, 2024",DET @ WAS,W,11,3,7,0.429,0,0,0.0,0,0,0.0,0,2,2,4,0,2,1,0,6,9,1,
22023,1631204,22300534,"JAN 12, 2024",DET vs. HOU,L,11,0,2,0.0,0,1,0.0,0,0,0.0,1,0,1,7,1,0,1,2,0,3,1,
22023,1631204,22300519,"JAN 10, 2024",DET vs. SAS,L,16,3,7,0.429,0,1,0.0,0,0,0.0,1,1,2,5,0,0,1,2,6,-11,1,
22023,1631204,22300512,"JAN 09, 2024",DET vs. SAC,L,19,0,4,0.0,0,2,0.0,2,2,1.0,0,2,2,4,1,1,0,0,2,-8,1,
22023,1631204,22300502,"JAN 07, 2024",DET @ DEN,L,11,2,6,0.333,1,2,0.5,2,2,1.0,0,2,2,1,0,0,0,0,7,-6,1,
22023,1631204,22300490,"JAN 05, 2024",DET @ GSW,L,6,0,0,0.0,0,0,0.0,0,0,0.0,0,0,0,2,0,0,0,1,0,4,1,
22023,1631204,22300453,"JAN 01, 2024",DET @ HOU,L,7,3,3,1.0,2,2,1.0,1,2,0.5,0,0,0,2,0,0,0,0,9,7,1,
22023,1631204,22300406,"DEC 26, 2023",DET vs. BKN,L,10,0,1,0.0,0,1,0.0,0,0,0.0,0,0,0,0,0,0,0,0,0,-11,1,
22023,1631204,22300394,"DEC 23, 2023",DET @ BKN,L,6,0,1,0.0,0,1,0.0,0,0,0.0,0,1,1,0,0,0,2,2,0,-5,1,
22023,1631204,22300374,"DEC 21, 2023",DET vs. UTA,L,13,3,8,0.375,2,5,0.4,0,0,0.0,1,2,3,0,0,0,2,0,8,-13,1,
22023,1631204,22300352,"DEC 18, 2023",DET @ ATL,L,21,2,3,0.667,1,1,1.0,0,0,0.0,0,1,1,1,1,1,0,6,5,10,1,
22023,1631204,22300334,"DEC 16, 2023",DET @ MIL,L,17,2,4,0.5,1,2,0.5,6,6,1.0,0,1,1,2,2,0,2,2,11,-15,1,
22023,1631204,22300327,"DEC 15, 2023",DET @ PHI,L,17,4,4,1.0,1,1,1.0,2,4,0.5,0,2,2,4,1,1,2,1,11,1,1,
22023,1631204,22300310,"DEC 13, 2023",DET vs. PHI,L,5,3,3,1.0,2,2,1.0,0,0,0.0,0,0,0,1,0,0,1,0,8,6,1,
22023,1631204,22301217,"DEC 08, 2023",DET @ ORL,L,5,2,3,0.667,0,1,0.0,0,0,0.0,0,0,0,1,0,0,0,0,4,-3,1,
22023,1631204,22301206,"DEC 06, 2023",DET vs. MEM,L,5,0,2,0.0,0,0,0.0,0,0,0.0,0,1,1,2,0,0,0,1,0,-5,1,
22023,1631204,22300283,"DEC 02, 2023",DET vs. CLE,L,16,2,5,0.4,0,2,0.0,0,0,0.0,0,2,2,1,0,0,2,1,4,-21,1,
22023,1631204,22300268,"NOV 30, 2023",DET @ NYK,L,20,6,11,0.545,5,7,0.714,0,0,0.0,0,2,2,4,1,0,0,3,17,-3,1,
22023,1631204,22300258,"NOV 29, 2023",DET vs. LAL,L,28,3,8,0.375,1,2,0.5,2,2,1.0,0,1,1,8,2,1,1,2,9,-8,1,
22023,1631204,22300253,"NOV 27, 2023",DET vs. WAS,L,22,3,10,0.3,1,5,0.2,0,0,0.0,1,0,1,3,0,1,1,1,7,-15,1,
22023,1631204,22300047,"NOV 24, 2023",DET @ IND,L,5,0,1,0.0,0,0,0.0,0,0,0.0,0,0,0,0,0,0,0,0,0,-2,1,
22023,1631204,22300218,"NOV 20, 2023",DET vs. DEN,L,5,1,2,0.5,0,1,0.0,0,0,0.0,0,0,0,0,0,0,0,0,2,2,1,
22023,1631204,22300211,"NOV 19, 2023",DET @ TOR,L,21,4,6,0.667,1,2,0.5,0,0,0.0,0,1,1,6,1,0,3,1,9,-7,1,
22023,1631204,22300030,"NOV 17, 2023",DET @ CLE,L,15,2,7,0.286,0,3,0.0,2,2,1.0,0,0,0,0,0,0,0,1,6,-8,1,
22023,1631204,22300018,"NOV 14, 2023",DET vs. ATL,L,8,0,2,0.0,0,2,0.0,0,0,0.0,0,1,1,1,0,0,0,0,0,-1,1,
22023,1631204,22300181,"NOV 12, 2023",DET @ CHI,L,20,2,6,0.333,1,3,0.333,0,0,0.0,0,3,3,6,1,0,2,1,5,1,1,
22023,1631204,22300008,"NOV 10, 2023",DET vs. PHI,L,35,3,13,0.231,1,7,0.143,2,2,1.0,0,3,3,4,0,0,0,4,9,-6,1,
22023,1631204,22300165,"NOV 08, 2023",DET @ MIL,L,28,11,17,0.647,3,7,0.429,1,1,1.0,0,6,6,2,1,0,3,1,26,6,1,
22023,1631204,22300145,"NOV 06, 2023",DET vs. GSW,L,33,3,10,0.3,1,5,0.2,0,0,0.0,0,3,3,4,1,0,2,5,7,-18,1,
22023,1631204,22300140,"NOV 05, 2023",DET vs. PHX,L,30,9,16,0.563,4,6,0.667,0,0,0.0,0,3,3,4,1,0,0,3,22,3,1,
22023,1631204,22300129,"NOV 02, 2023",DET @ NOP,L,23,6,10,0.6,5,8,0.625,2,2,1.0,1,1,2,3,1,0,0,2,19,-14,1,
22023,1631204,22300115,"NOV 01, 2023",DET vs. POR,L,23,4,6,0.667,0,1,0.0,0,0,0.0,0,3,3,6,4,1,0,3,8,1,1,
22023,1631204,22300109,"OCT 30, 2023",DET @ OKC,L,14,2,4,0.5,2,2,1.0,0,0,0.0,0,2,2,2,1,0,0,1,6,-1,1,
22023,1631204,22300088,"OCT 28, 2023",DET vs. CHI,W,6,1,2,0.5,0,1,0.0,0,0,0.0,1,2,3,1,0,0,0,0,2,2,1,
22023,1631204,22300077,"OCT 27, 2023",DET @ CHA,W,8,0,1,0.0,0,1,0.0,0,0,0.0,0,1,1,1,0,0,1,1,0,3,1,
22023,1631204,22300068,"OCT 25, 2023",DET @ MIA,L,10,3,4,0.75,2,3,0.667,0,0,0.0,0,2,2,1,0,0,1,0,8,2,1,
22023,1631207,22300781,"FEB 14, 2024",CHI @ CLE,L,7,0,1,0.0,0,1,0.0,0,0,0.0,0,0,0,2,0,0,0,2,0,-1,1,
22023,1631207,22300763,"FEB 12, 2024",CHI @ ATL,W,21,3,3,1.0,1,1,1.0,0,0,0.0,0,4,4,1,1,0,0,3,7,-3,1,
22023,1631207,22300752,"FEB 10, 2024",CHI @ ORL,L,12,2,5,0.4,1,3,0.333,0,0,0.0,1,0,1,2,0,0,0,4,5,-9,1,
22023,1631207,22300672,"JAN 30, 2024",CHI vs. TOR,L,8,2,4,0.5,0,1,0.0,0,0,0.0,0,4,4,1,1,0,1,1,4,-1,1,
22023,1631207,22300656,"JAN 28, 2024",CHI @ POR,W,8,1,2,0.5,0,1,0.0,1,2,0.5,0,0,0,2,2,0,0,2,3,1,1,
22023,1631207,22300633,"JAN 25, 2024",CHI @ LAL,L,3,1,2,0.5,1,1,1.0,0,0,0.0,0,0,0,1,0,0,0,1,3,-5,1,
22023,1631207,22300612,"JAN 22, 2024",CHI @ PHX,L,9,0,2,0.0,0,1,0.0,0,0,0.0,0,0,0,1,0,0,0,0,0,1,1,
22023,1631207,22300597,"JAN 20, 2024",CHI vs. MEM,W,18,1,3,0.333,1,3,0.333,4,6,0.667,1,4,5,3,1,1,1,2,7,17,1,
22023,1631207,22300580,"JAN 18, 2024",CHI @ TOR,W,12,0,0,0.0,0,0,0.0,0,0,0.0,1,2,3,0,0,0,2,3,0,-13,1,
22023,1631207,22300561,"JAN 15, 2024",CHI @ CLE,L,4,0,3,0.0,0,2,0.0,0,0,0.0,0,0,0,0,0,0,0,0,0,-11,1,
22023,1631207,22300548,"JAN 13, 2024",CHI @ SAS,W,3,0,0,0.0,0,0,0.0,0,0,0.0,0,0,0,0,0,0,0,1,0,-1,1,
22023,1631207,22300536,"JAN 12, 2024",CHI vs. GSW,L,8,1,5,0.2,0,3,0.0,0,0,0.0,1,0,1,0,0,0,1,1,2,-12,1,
22023,1631207,22300523,"JAN 10, 2024",CHI vs. HOU,W,6,1,1,1.0,1,1,1.0,0,0,0.0,0,0,0,1,0,0,0,1,3,4,1,
22023,1631207,22300506,"JAN 08, 2024",CHI @ CHA,W,12,0,1,0.0,0,1,0.0,2,2,1.0,1,1,2,1,0,0,1,1,2,-4,1,
22023,1631207,22300484,"JAN 05, 2024",CHI vs. CHA,W,21,3,5,0.6,2,4,0.5,0,0,0.0,0,1,1,4,2,0,0,2,8,6,1,
22023,1631207,22300468,"JAN 03, 2024",CHI @ NYK,L,8,1,2,0.5,0,0,0.0,0,0,0.0,0,1,1,1,0,0,0,2,2,6,1,
22023,1631207,22300459,"JAN 02, 2024",CHI @ PHI,L,21,2,7,0.286,0,3,0.0,2,2,1.0,1,7,8,7,0,1,3,4,6,14,1,
22023,1631207,22300442,"DEC 30, 2023",CHI vs. PHI,W,11,1,2,0.5,1,2,0.5,0,0,0.0,0,0,0,0,0,0,1,1,3,-1,1,
22023,1631207,22300422,"DEC 28, 2023",CHI vs. IND,L,18,2,3,0.667,0,0,0.0,2,2,1.0,1,2,3,1,1,3,2,1,6,29,1,
22023,1631207,22300408,"DEC 26, 2023",CHI vs. ATL,W,7,0,1,0.0,0,1,0.0,0,0,0.0,0,0,0,0,0,0,1,1,0,-12,1,
22023,1631207,22300396,"DEC 23, 2023",CHI vs. CLE,L,17,2,3,0.667,0,1,0.0,2,2,1.0,0,1,1,0,1,0,0,1,6,-12,1,
22023,1631207,22300376,"DEC 21, 2023",CHI vs. SAS,W,17,0,2,0.0,0,2,0.0,1,2,0.5,0,3,3,3,0,0,0,1,1,11,1,
22023,1631207,22300370,"DEC 20, 2023",CHI vs. LAL,W,21,1,2,0.5,0,1,0.0,0,0,0.0,0,5,5,3,0,0,1,0,2,11,1,
22023,1631207,22300351,"DEC 18, 2023",CHI @ PHI,W,10,1,1,1.0,0,0,0.0,0,0,0.0,1,2,3,1,0,0,0,2,2,10,1,
22023,1631207,22300337,"DEC 16, 2023",CHI @ MIA,L,16,1,3,0.333,0,2,0.0,0,0,0.0,1,0,1,2,1,0,1,4,2,-7,1,
22023,1631207,22300320,"DEC 14, 2023",CHI @ MIA,W,3,0,0,0.0,0,0,0.0,0,0,0.0,0,1,1,0,0,0,1,1,0,-9,1,
22023,1631207,22300307,"DEC 12, 2023",CHI vs. DEN,L,11,0,2,0.0,0,2,0.0,2,2,1.0,0,0,0,1,0,1,0,1,2,9,1,
22023,1631207,22300300,"DEC 11, 2023",CHI @ MIL,L,11,1,2,0.5,1,2,0.5,0,0,0.0,0,0,0,1,0,1,0,2,3,-6,1,
22023,1631207,22301211,"DEC 06, 2023",CHI vs. CHA,W,3,0,0,0.0,0,0,0.0,0,0,0.0,0,0,0,0,0,0,0,0,0,4,1,
22023,1631207,22300269,"NOV 30, 2023",CHI vs. MIL,W,4,0,1,0.0,0,0,0.0,0,0,0.0,1,0,1,0,0,0,0,0,0,1,1,
22023,1631207,22300053,"NOV 28, 2023",CHI @ BOS,L,8,0,0,0.0,0,0,0.0,0,0,0.0,1,4,5,1,0,1,0,1,0,2,1,
22023,1631207,22300152,"NOV 06, 2023",CHI vs. UTA,W,3,1,3,0.333,0,1,0.0,0,0,0.0,0,1,1,1,0,0,1,0,2,-5,1,
22023,1631207,22300139,"NOV 04, 2023",CHI @ DEN,L,3,1,2,0.5,0,1,0.0,0,2,0.0,0,1,1,1,0,0,0,1,2,-2,1,
22023,1631207,22300088,"OCT 28, 2023",CHI @ DET,L,1,1,1,1.0,1,1,1.0,0,0,0.0,0,0,0,0,0,0,0,0,3,0,1,
22023,1631207,22300070,"OCT 25, 2023",CHI vs. OKC,L,4,0,2,0.0,0,1,0.0,0,0,0.0,0,2,2,1,0,0,0,0,0,1,1,
22023,1631210,22300778,"FEB 14, 2024",NYK @ ORL,L,17,4,7,0.571,1,3,0.333,2,2,1.0,2,2,4,0,0,0,1,3,11,-17,1,
22023,1631210,22300736,"FEB 08, 2024",NYK vs. DAL,L,12,1,2,0.5,0,1,0.0,0,0,0.0,1,1,2,1,0,0,0,0,2,-1,1,
22023,1631210,22300441,"DEC 30, 2023",NYK @ IND,L,1,0,0,0.0,0,0,0.0,0,0,0.0,0,0,0,1,0,0,0,0,0,3,1,
22023,1631210,22300388,"DEC 23, 2023",NYK vs. MIL,L,0,0,0,0.0,0,0,0.0,0,0,0.0,0,0,0,0,0,0,0,0,0,0,1,
22023,1631210,22301201,"DEC 05, 2023",NYK @ MIL,L,2,0,0,0.0,0,0,0.0,0,0,0.0,0,0,0,0,0,1,0,0,0,-4,1,
22023,1631216,22300778,"FEB 14, 2024",ORL vs. NYK,W,25,2,3,0.667,2,2,1.0,0,0,0.0,1,0,1,0,0,0,1,1,6,9,1,
22023,1631216,22300772,"FEB 13, 2024",ORL vs. OKC,L,2,0,0,0.0,0,0,0.0,0,0,0.0,0,1,1,1,0,0,0,0,0,3,1,
22023,1631216,22300734,"FEB 08, 2024",ORL vs. SAS,W,3,1,1,1.0,1,1,1.0,0,0,0.0,0,0,0,0,0,0,0,0,3,-3,1,
22023,1631216,22300721,"FEB 06, 2024",ORL @ MIA,L,3,0,1,0.0,0,1,0.0,0,0,0.0,0,0,0,0,0,0,0,0,0,-2,1,
22023,1631216,22300655,"JAN 28, 2024",ORL vs. PHX,W,2,1,1,1.0,1,1,1.0,0,0,0.0,0,0,0,0,0,0,0,0,3,1,1,
22023,1631216,22300607,"JAN 22, 2024",ORL vs. CLE,L,24,2,3,0.667,2,3,0.667,0,0,0.0,0,2,2,0,0,0,1,2,6,0,1,
22023,1631216,22300601,"JAN 21, 2024",ORL vs. MIA,W,8,0,0,0.0,0,0,0.0,0,0,0.0,0,0,0,1,0,0,0,0,0,-4,1,
22023,1631216,22300585,"JAN 19, 2024",ORL vs. PHI,L,15,0,3,0.0,0,2,0.0,0,0,0.0,2,0,2,0,0,0,1,0,0,3,1,
22023,1631216,22300570,"JAN 17, 2024",ORL @ ATL,L,14,1,7,0.143,1,7,0.143,0,1,0.0,1,0,1,0,1,0,0,3,3,6,1,
22023,1631216,22300557,"JAN 15, 2024",ORL @ NYK,W,21,1,7,0.143,1,7,0.143,4,5,0.8,1,0,1,0,0,0,0,4,7,-11,1,
22023,1631216,22300546,"JAN 13, 2024",ORL @ OKC,L,35,5,13,0.385,4,12,0.333,0,0,0.0,1,2,3,2,1,0,3,0,14,-13,1,
22023,1631216,22300535,"JAN 12, 2024",ORL @ MIA,L,32,3,9,0.333,3,9,0.333,0,0,0.0,1,1,2,3,0,0,0,4,9,2,1,
22023,1631216,22300513,"JAN 09, 2024",ORL vs. MIN,L,34,3,12,0.25,2,10,0.2,0,0,0.0,3,4,7,2,0,0,0,2,8,-18,1,
22023,1631216,22300499,"JAN 07, 2024",ORL vs. ATL,W,36,8,15,0.533,7,14,0.5,2,3,0.667,1,1,2,4,1,0,0,2,25,13,1,
22023,1631216,22300488,"JAN 05, 2024",ORL @ DEN,W,24,3,6,0.5,2,5,0.4,0,2,0.0,0,0,0,1,0,0,0,3,8,2,1,
22023,1631216,22300476,"JAN 03, 2024",ORL @ SAC,L,31,4,6,0.667,4,6,0.667,3,3,1.0,0,2,2,1,4,0,1,2,15,6,1,
22023,1631216,22300463,"JAN 02, 2024",ORL @ GSW,L,8,2,3,0.667,2,3,0.667,0,0,0.0,0,1,1,0,0,0,0,1,6,-6,1,
22023,1631216,22300450,"DEC 31, 2023",ORL @ PHX,L,7,0,0,0.0,0,0,0.0,0,0,0.0,0,0,0,0,0,0,0,0,0,8,1,
22023,1631216,22300429,"DEC 29, 2023",ORL vs. NYK,W,21,0,5,0.0,0,5,0.0,0,0,0.0,2,0,2,0,0,0,1,1,0,-3,1,
22023,1631216,22300415,"DEC 27, 2023",ORL vs. PHI,L,26,2,4,0.5,2,4,0.5,1,1,1.0,2,4,6,2,0,0,2,2,7,-10,1,
22023,1631216,22300407,"DEC 26, 2023",ORL @ WAS,W,12,0,0,0.0,0,0,0.0,0,0,0.0,0,1,1,0,0,0,0,0,0,0,1,
22023,1631216,22300391,"DEC 23, 2023",ORL @ IND,W,21,2,4,0.5,2,4,0.5,0,0,0.0,1,2,3,0,1,0,1,3,6,17,1,
22023,1631216,22300378,"DEC 21, 2023",ORL @ MIL,L,18,0,3,0.0,0,3,0.0,0,0,0.0,0,1,1,0,0,1,0,2,0,10,1,
22023,1631216,22300366,"DEC 20, 2023",ORL vs. MIA,L,15,3,10,0.3,3,10,0.3,0,0,0.0,0,0,0,0,0,0,0,0,9,4,1,
22023,1631216,22300344,"DEC 17, 2023",ORL @ BOS,L,16,2,4,0.5,1,3,0.333,3,3,1.0,2,1,3,0,0,0,0,2,8,-11,1,
22023,1631216,22300329,"DEC 15, 2023",ORL @ BOS,L,11,2,5,0.4,1,4,0.25,0,0,0.0,1,1,2,1,0,0,0,0,5,-6,1,
22023,1631216,22301217,"DEC 08, 2023",ORL vs. DET,W,25,2,6,0.333,2,6,0.333,0,0,0.0,0,4,4,1,0,0,0,1,6,9,1,
22023,1631216,22301205,"DEC 06, 2023",ORL @ CLE,L,11,0,2,0.0,0,1,0.0,0,0,0.0,1,2,3,0,0,0,0,1,0,-13,1,
22023,1631216,22300282,"DEC 02, 2023",ORL @ BKN,L,16,1,3,0.333,1,3,0.333,0,0,0.0,0,0,0,0,0,0,0,1,3,-13,1,
22023,1631216,22300259,"NOV 29, 2023",ORL vs. WAS,W,10,3,3,1.0,3,3,1.0,0,0,0.0,0,3,3,1,0,0,1,3,9,-4,1,
22023,1631216,22300248,"NOV 26, 2023",ORL vs. CHA,W,12,1,2,0.5,1,2,0.5,3,3,1.0,1,1,2,0,0,0,0,2,6,17,1,
22023,1631216,22300043,"NOV 24, 2023",ORL vs. BOS,W,9,0,0,0.0,0,0,0.0,0,0,0.0,1,1,2,0,1,0,0,0,0,15,1,
22023,1631216,22300038,"NOV 21, 2023",ORL vs. TOR,W,4,0,1,0.0,0,1,0.0,0,0,0.0,0,1,1,1,1,0,0,0,0,-4,1,
22023,1631216,22300209,"NOV 19, 2023",ORL @ IND,W,8,0,1,0.0,0,1,0.0,0,0,0.0,0,0,0,2,0,0,2,1,0,-18,1,
22023,1631216,22300033,"NOV 17, 2023",ORL @ CHI,W,6,1,1,1.0,1,1,1.0,0,0,0.0,0,2,2,0,0,0,0,0,3,0,1,
22023,1631216,22300020,"NOV 14, 2023",ORL @ BKN,L,5,1,1,1.0,1,1,1.0,0,0,0.0,0,0,0,0,0,0,0,1,3,-8,1,
22023,1631216,22300147,"NOV 06, 2023",ORL vs. DAL,L,14,1,2,0.5,1,2,0.5,0,0,0.0,0,1,1,0,0,0,0,1,3,-2,1,
22023,1631216,22300134,"NOV 04, 2023",ORL vs. LAL,W,3,0,0,0.0,0,0,0.0,0,0,0.0,0,1,1,1,0,0,0,0,0,3,1,
22023,1631216,22300114,"OCT 31, 2023",ORL @ LAC,L,4,2,5,0.4,1,4,0.25,1,1,1.0,0,0,0,0,0,0,0,0,6,-1,1,
22023,1631216,22300066,"OCT 25, 2023",ORL vs. HOU,W,5,1,2,0.5,1,2,0.5,0,0,0.0,0,1,1,0,0,0,0,0,3,9,1,
22023,1631217,22300458,"JAN 01, 2024",LAC vs. MIA,W,3,0,0,0.0,0,0,0.0,0,0,0.0,0,1,1,0,0,0,0,0,0,-3,1,
22023,1631217,22300273,"NOV 30, 2023",LAC @ GSW,L,1,0,0,0.0,0,0,0.0,2,2,1.0,0,0,0,0,0,0,0,0,2,2,1,
22023,1631217,22300244,"NOV 25, 2023",LAC vs. DAL,W,5,0,2,0.0,0,0,0.0,1,2,0.5,2,0,2,0,1,0,0,0,1,-1,1,
22023,1631217,22300223,"NOV 20, 2023",LAC @ SAS,W,4,1,2,0.5,0,0,0.0,1,2,0.5,2,0,2,0,1,0,0,0,3,3,1,
22023,1631217,22300179,"NOV 12, 2023",LAC vs. MEM,L,11,1,2,0.5,0,0,0.0,0,0,0.0,1,2,3,0,0,0,0,1,2,-6,1,
22023,1631217,22300014,"NOV 10, 2023",LAC @ DAL,L,16,4,6,0.667,0,0,0.0,3,4,0.75,6,3,9,0,0,0,0,3,11,2,1,
22023,1631217,22300151,"NOV 06, 2023",LAC @ NYK,L,6,1,1,1.0,0,0,0.0,2,2,1.0,0,0,0,0,0,0,0,0,4,-2,1,
22023,1631217,22300114,"OCT 31, 2023",LAC vs. ORL,W,3,1,2,0.5,0,0,0.0,0,0,0.0,1,0,1,2,0,0,1,0,2,2,1,
22023,1631217,22300099,"OCT 29, 2023",LAC vs. SAS,W,5,0,0,0.0,0,0,0.0,0,0,0.0,1,0,1,2,0,0,1,0,0,10,1,
22023,1631217,22300074,"OCT 25, 2023",LAC vs. POR,W,4,1,3,0.333,0,0,0.0,0,0,0.0,1,0,1,0,2,0,0,0,2,-10,1,
22023,1631218,22300576,"FEB 15, 2024",GSW @ UTA,W,8,1,2,0.5,0,0,0.0,2,2,1.0,0,1,1,2,0,1,0,2,4,1,1,
22023,1631218,22300769,"FEB 12, 2024",GSW @ UTA,W,9,4,4,1.0,0,0,0.0,3,5,0.6,3,1,4,1,0,1,0,0,11,14,1,
22023,1631218,22300757,"FEB 10, 2024",GSW vs. PHX,W,5,0,2,0.0,0,0,0.0,0,0,0.0,2,2,4,1,0,0,1,2,0,4,1,
22023,1631218,22300733,"FEB 08, 2024",GSW @ IND,W,4,2,3,0.667,0,0,0.0,2,2,1.0,1,1,2,0,0,1,1,2,6,4,1,
22023,1631218,22300727,"FEB 07, 2024",GSW @ PHI,W,4,1,1,1.0,0,0,0.0,0,0,0.0,0,1,1,1,0,0,0,1,2,2,1,
22023,1631218,22300699,"FEB 03, 2024",GSW @ ATL,L,9,2,3,0.667,0,0,0.0,1,1,1.0,1,4,5,0,0,1,1,1,5,-2,1,
22023,1631218,22300693,"FEB 02, 2024",GSW @ MEM,W,9,2,2,1.0,0,0,0.0,1,2,0.5,0,2,2,0,0,1,0,1,5,2,1,
22023,1631218,22300673,"JAN 30, 2024",GSW vs. PHI,W,12,3,5,0.6,0,0,0.0,0,0,0.0,2,2,4,0,0,0,0,0,6,-5,1,
22023,1631218,22300650,"JAN 27, 2024",GSW vs. LAL,L,6,2,2,1.0,0,0,0.0,0,1,0.0,0,1,1,0,1,0,0,1,4,-6,1,
22023,1631218,22300626,"JAN 24, 2024",GSW vs. ATL,W,15,2,4,0.5,0,0,0.0,0,4,0.0,2,4,6,1,0,2,0,2,4,6,1,
22023,1631218,22300560,"JAN 15, 2024",GSW @ MEM,L,10,0,2,0.0,0,0,0.0,0,0,0.0,0,2,2,1,0,1,0,2,0,-6,1,
22023,1631218,22300545,"JAN 13, 2024",GSW @ MIL,L,18,6,8,0.75,0,0,0.0,0,2,0.0,0,2,2,1,1,1,0,0,12,-13,1,
22023,1631218,22300536,"JAN 12, 2024",GSW @ CHI,W,17,4,5,0.8,0,0,0.0,5,7,0.714,3,4,7,2,1,1,1,2,13,13,1,
22023,1631218,22300525,"JAN 10, 2024",GSW vs. NOP,L,22,9,11,0.818,0,0,0.0,1,1,1.0,3,2,5,1,1,1,1,1,19,-16,1,
22023,1631218,22300504,"JAN 07, 2024",GSW vs. TOR,L,27,8,9,0.889,0,0,0.0,0,0,0.0,3,8,11,2,0,3,0,0,16,-3,1,
22023,1631218,22300490,"JAN 05, 2024",GSW vs. DET,W,23,5,5,1.0,0,0,0.0,1,1,1.0,2,7,9,0,0,1,2,2,11,-2,1,
22023,1631218,22300478,"JAN 04, 2024",GSW vs. DEN,L,21,2,4,0.5,0,0,0.0,0,0,0.0,2,0,2,2,0,0,2,4,4,0,1,
22023,1631218,22300463,"JAN 02, 2024",GSW vs. ORL,W,24,3,4,0.75,0,0,0.0,4,6,0.667,2,2,4,2,1,2,3,1,10,-1,1,
22023,1631218,22300444,"DEC 30, 2023",GSW vs. DAL,L,29,8,11,0.727,0,0,0.0,1,3,0.333,3,3,6,2,1,0,1,4,17,-4,1,
22023,1631218,22300426,"DEC 28, 2023",GSW vs. MIA,L,26,4,9,0.444,0,0,0.0,2,2,1.0,4,7,11,1,0,2,1,1,10,8,1,
22023,1631218,22300402,"DEC 25, 2023",GSW @ DEN,L,15,3,4,0.75,0,0,0.0,2,2,1.0,0,3,3,1,0,0,0,5,8,-4,1,
22023,1631218,22300399,"DEC 23, 2023",GSW vs. POR,W,17,6,7,0.857,0,0,0.0,1,4,0.25,1,4,5,3,1,0,2,2,13,-1,1,
22023,1631218,22300386,"DEC 22, 2023",GSW vs. WAS,W,25,5,7,0.714,0,0,0.0,0,0,0.0,5,10,15,3,0,1,1,2,10,10,1,
22023,1631218,22300362,"DEC 19, 2023",GSW vs. BOS,W,29,5,7,0.714,0,0,0.0,0,0,0.0,4,9,13,1,0,3,1,3,10,25,1,
22023,1631218,22300348,"DEC 17, 2023",GSW @ POR,W,18,6,9,0.667,0,0,0.0,2,2,1.0,5,3,8,3,2,1,2,2,14,8,1,
22023,1631218,22300325,"DEC 14, 2023",GSW @ LAC,L,5,1,3,0.333,0,0,0.0,0,0,0.0,3,0,3,0,0,0,0,0,2,-11,1,
22023,1631218,22300308,"DEC 12, 2023",GSW @ PHX,L,7,1,1,1.0,0,0,0.0,0,0,0.0,0,0,0,0,1,1,0,1,2,-6,1,
22023,1631218,22300051,"NOV 24, 2023",GSW vs. SAS,W,5,0,1,0.0,0,0,0.0,2,2,1.0,0,0,0,0,0,1,1,1,2,1,1,
22023,1631218,22300236,"NOV 22, 2023",GSW @ PHX,L,15,2,3,0.667,0,0,0.0,2,5,0.4,2,2,4,0,1,0,1,3,6,-5,1,
22023,1631218,22300224,"NOV 20, 2023",GSW vs. HOU,W,4,0,0,0.0,0,0,0.0,0,0,0.0,0,0,0,0,0,0,0,0,0,1,1,
22023,1631218,22300201,"NOV 16, 2023",GSW vs. OKC,L,5,0,0,0.0,0,0,0.0,0,0,0.0,0,0,0,0,0,1,0,0,0,1,1,
22023,1631218,22300025,"NOV 14, 2023",GSW vs. MIN,L,12,0,1,0.0,0,0,0.0,2,2,1.0,0,2,2,3,0,0,2,2,2,-2,1,
22023,1631218,22300186,"NOV 12, 2023",GSW vs. MIN,L,1,1,1,1.0,0,0,0.0,0,0,0.0,0,0,0,1,0,0,0,0,2,6,1,
22023,1631218,22300176,"NOV 11, 2023",GSW vs. CLE,L,6,0,1,0.0,0,0,0.0,1,2,0.5,1,0,1,0,0,0,0,1,1,4,1,
22023,1631218,22300169,"NOV 08, 2023",GSW @ DEN,L,18,2,3,0.667,0,0,0.0,4,5,0.8,0,2,2,1,0,0,0,4,8,4,1,
22023,1631218,22300145,"NOV 06, 2023",GSW @ DET,W,0,0,0,0.0,0,0,0.0,0,0,0.0,0,0,0,0,0,0,0,0,0,1,1,
22023,1631218,22300142,"NOV 05, 2023",GSW @ CLE,L,12,2,3,0.667,0,0,0.0,1,5,0.2,1,3,4,1,1,1,0,4,5,8,1,
22023,1631218,22300126,"NOV 01, 2023",GSW vs. SAC,W,0,0,0,0.0,0,0,0.0,0,0,0.0,0,0,0,0,0,0,0,0,0,0,1,
22023,1631218,22300108,"OCT 30, 2023",GSW @ NOP,W,20,5,9,0.556,0,0,0.0,3,4,0.75,7,2,9,0,0,4,2,2,13,11,1,
22023,1631218,22300087,"OCT 27, 2023",GSW @ SAC,W,5,0,0,0.0,0,0,0.0,0,0,0.0,0,1,1,0,0,0,0,1,0,7,1,
22023,1631220,22300022,"NOV 14, 2023",NOP vs. DAL,W,2,0,0,0.0,0,0,0.0,0,0,0.0,0,0,0,0,1,0,0,0,0,0,1,
22023,1631220,22300183,"NOV 12, 2023",NOP vs. DAL,L,8,1,1,1.0,0,0,0.0,1,2,0.5,0,3,3,2,0,1,0,2,3,16,1,
22023,1631220,22300011,"NOV 10, 2023",NOP @ HOU,L,12,0,3,0.0,0,0,0.0,0,0,0.0,0,1,1,0,1,0,0,0,0,-9,1,
22023,1631220,22300166,"NOV 08, 2023",NOP @ MIN,L,17,3,7,0.429,1,2,0.5,2,2,1.0,1,2,3,1,0,0,0,1,9,5,1,
22023,1631220,22300129,"NOV 02, 2023",NOP vs. DET,W,13,0,2,0.0,0,0,0.0,2,2,1.0,0,0,0,1,0,0,0,1,2,15,1,
22023,1631221,22300786,"FEB 14, 2024",DEN vs. SAC,L,18,1,5,0.2,1,2,0.5,0,0,0.0,0,3,3,1,2,0,2,4,3,-8,1,
22023,1631221,22300767,"FEB 12, 2024",DEN @ MIL,L,13,2,4,0.5,2,4,0.5,0,0,0.0,0,1,1,1,2,0,3,0,6,-7,1,
22023,1631221,22300746,"FEB 09, 2024",DEN @ SAC,L,9,1,2,0.5,0,1,0.0,1,2,0.5,0,1,1,1,0,0,0,1,3,-2,1,
22023,1631221,22300697,"FEB 02, 2024",DEN vs. POR,W,1,1,1,1.0,0,0,0.0,0,0,0.0,0,0,0,0,0,0,0,0,2,2,1,
22023,1631221,22300539,"JAN 12, 2024",DEN vs. NOP,W,2,1,1,1.0,0,0,0.0,0,0,0.0,0,0,0,0,0,0,0,1,2,-6,1,
22023,1631221,22300524,"JAN 10, 2024",DEN @ UTA,L,6,2,3,0.667,1,1,1.0,3,4,0.75,0,1,1,1,0,0,0,0,8,12,1,
22023,1631221,22300502,"JAN 07, 2024",DEN vs. DET,W,2,0,0,0.0,0,0,0.0,0,0,0.0,0,0,0,0,0,0,1,1,0,-6,1,
22023,1631221,22300356,"DEC 18, 2023",DEN vs. DAL,W,5,0,1,0.0,0,0,0.0,0,0,0.0,1,0,1,0,0,0,0,1,0,-6,1,
22023,1631221,22300263,"NOV 29, 2023",DEN vs. HOU,W,3,0,1,0.0,0,1,0.0,0,0,0.0,0,0,0,0,0,0,1,0,0,-9,1,
22023,1631221,22300252,"NOV 26, 2023",DEN vs. SAS,W,2,0,0,0.0,0,0,0.0,0,0,0.0,0,0,0,0,0,0,0,0,0,-4,1,
22023,1631221,22300048,"NOV 24, 2023",DEN @ HOU,L,3,0,0,0.0,0,0,0.0,0,0,0.0,0,0,0,0,0,0,1,0,0,-7,1,
22023,1631221,22300210,"NOV 19, 2023",DEN @ CLE,L,3,0,0,0.0,0,0,0.0,0,0,0.0,0,0,0,1,0,0,0,0,0,10,1,
22023,1631221,22300182,"NOV 12, 2023",DEN @ HOU,L,20,3,7,0.429,0,2,0.0,0,0,0.0,0,1,1,3,2,0,1,2,6,0,1,
22023,1631221,22300169,"NOV 08, 2023",DEN vs. GSW,W,16,1,2,0.5,1,2,0.5,0,0,0.0,0,0,0,1,0,0,1,2,3,-10,1,
22023,1631221,22300156,"NOV 06, 2023",DEN vs. NOP,W,17,2,4,0.5,1,3,0.333,1,1,1.0,0,1,1,1,2,0,0,3,6,-1,1,
22023,1631221,22300139,"NOV 04, 2023",DEN vs. CHI,W,12,2,4,0.5,1,3,0.333,0,0,0.0,0,1,1,2,0,0,0,1,5,12,1,
22023,1631221,22300095,"OCT 29, 2023",DEN @ OKC,W,6,0,1,0.0,0,1,0.0,0,0,0.0,0,0,0,0,1,0,0,1,0,2,1,
22023,1631221,22300061,"OCT 24, 2023",DEN vs. LAL,W,1,0,0,0.0,0,0,0.0,0,0,0.0,0,0,0,0,0,0,0,0,0,0,1,
22023,1631222,22300544,"JAN 13, 2024",MEM vs. NYK,L,1,0,0,0.0,0,0,0.0,2,2,1.0,0,0,0,0,0,0,0,0,2,-2,1,
22023,1631222,22300537,"JAN 12, 2024",MEM vs. LAC,L,20,5,10,0.5,2,4,0.5,0,0,0.0,2,2,4,1,0,1,0,4,12,5,1,
22023,1631222,22300515,"JAN 09, 2024",MEM @ DAL,W,2,0,1,0.0,0,0,0.0,0,0,0.0,0,1,1,0,0,0,0,0,0,-3,1,
22023,1631222,22300355,"DEC 18, 2023",MEM @ OKC,L,12,1,4,0.25,1,4,0.25,0,0,0.0,2,1,3,0,0,0,0,0,3,9,1,
22023,1631222,22300332,"DEC 15, 2023",MEM vs. HOU,L,10,1,2,0.5,0,1,0.0,0,0,0.0,0,0,0,1,0,0,1,4,2,-6,1,
22023,1631222,22300314,"DEC 13, 2023",MEM @ HOU,L,15,2,6,0.333,0,3,0.0,0,0,0.0,0,0,0,2,0,0,1,3,4,-14,1,
22023,1631222,22300125,"NOV 01, 2023",MEM @ UTA,L,9,2,4,0.5,0,2,0.0,0,0,0.0,0,0,0,0,0,0,0,0,4,3,1,
22023,1631222,22300106,"OCT 30, 2023",MEM vs. DAL,L,6,0,1,0.0,0,1,0.0,0,0,0.0,0,0,0,0,0,0,0,3,0,-9,1,
22023,1631222,22300089,"OCT 28, 2023",MEM @ WAS,L,16,2,9,0.222,1,5,0.2,0,0,0.0,0,1,1,1,0,0,0,0,5,-11,1,
22023,1631222,22300078,"OCT 27, 2023",MEM vs. DEN,L,16,2,3,0.667,1,2,0.5,1,2,0.5,3,2,5,0,0,0,2,1,6,6,1,
22023,1631222,22300071,"OCT 25, 2023",MEM vs. NOP,L,15,1,3,0.333,0,2,0.0,0,0,0.0,0,2,2,1,1,0,0,4,2,-11,1,
22023,1631223,22300787,"FEB 14, 2024",PHX vs. DET,W,10,2,3,0.667,1,2,0.5,0,0,0.0,0,1,1,0,0,0,1,1,5,-13,1,
22023,1631223,22300722,"FEB 06, 2024",MEM @ NYK,L,23,6,11,0.545,3,5,0.6,0,2,0.0,1,2,3,3,0,0,3,0,15,2,1,
22023,1631223,22300706,"FEB 04, 2024",MEM @ BOS,L,33,6,16,0.375,0,5,0.0,2,3,0.667,1,7,8,1,0,0,3,0,14,-38,1,
22023,1631223,22300693,"FEB 02, 2024",MEM vs. GSW,L,27,6,10,0.6,1,3,0.333,3,4,0.75,0,2,2,4,0,0,2,3,16,-16,1,
22023,1631223,22300687,"FEB 01, 2024",MEM vs. CLE,L,18,1,12,0.083,0,2,0.0,0,0,0.0,0,4,4,3,1,0,0,2,2,2,1,
22023,1631223,22300663,"JAN 29, 2024",MEM vs. SAC,L,35,3,9,0.333,0,4,0.0,3,5,0.6,2,8,10,2,1,0,4,0,9,-19,1,
22023,1631223,22300652,"JAN 28, 2024",MEM @ IND,L,32,5,13,0.385,2,7,0.286,2,2,1.0,1,4,5,1,1,1,0,4,14,4,1,
22023,1631223,22300638,"JAN 26, 2024",MEM vs. ORL,W,17,1,4,0.25,0,1,0.0,1,2,0.5,3,7,10,3,0,0,1,2,3,4,1,
22023,1631223,22300621,"JAN 24, 2024",MEM @ MIA,W,32,4,11,0.364,2,4,0.5,0,0,0.0,2,1,3,4,2,1,3,2,10,-9,1,
22023,1631223,22300609,"JAN 22, 2024",MEM @ TOR,W,23,4,12,0.333,0,0,0.0,0,0,0.0,6,3,9,2,0,0,1,1,8,-5,1,
22023,1631223,22300597,"JAN 20, 2024",MEM @ CHI,L,32,5,11,0.455,1,5,0.2,0,0,0.0,0,2,2,3,0,0,1,3,11,-22,1,
22023,1631223,22300582,"JAN 18, 2024",MEM @ MIN,L,23,2,7,0.286,1,2,0.5,3,4,0.75,1,3,4,1,0,0,0,2,8,-13,1,
22023,1631223,22300560,"JAN 15, 2024",MEM vs. GSW,W,21,5,12,0.417,2,4,0.5,0,0,0.0,3,4,7,2,0,0,2,1,12,9,1,
22023,1631223,22300544,"JAN 13, 2024",MEM vs. NYK,L,35,6,12,0.5,2,4,0.5,0,0,0.0,1,3,4,1,2,0,2,4,14,-19,1,
22023,1631223,22300537,"JAN 12, 2024",MEM vs. LAC,L,27,7,11,0.636,3,5,0.6,0,0,0.0,1,5,6,4,1,0,2,3,17,-5,1,
22023,1631223,22300515,"JAN 09, 2024",MEM @ DAL,W,25,3,7,0.429,1,2,0.5,4,4,1.0,2,3,5,3,0,0,2,2,11,11,1,
22023,1631223,22300491,"JAN 05, 2024",MEM @ LAL,W,7,0,2,0.0,0,1,0.0,0,0,0.0,0,2,2,0,0,0,0,1,0,0,1,
22023,1631223,22300470,"JAN 03, 2024",MEM vs. TOR,L,8,0,2,0.0,0,2,0.0,0,0,0.0,0,0,0,0,0,0,0,0,0,-10,1,
22023,1631223,22300460,"JAN 02, 2024",MEM vs. SAS,W,0,0,0,0.0,0,0,0.0,0,0,0.0,0,0,0,0,0,0,0,0,0,-4,1,
22023,1631223,22300449,"DEC 31, 2023",MEM vs. SAC,L,11,0,3,0.0,0,2,0.0,2,2,1.0,0,0,0,1,0,0,1,0,2,-13,1,
22023,1631223,22300438,"DEC 29, 2023",MEM @ LAC,L,22,1,3,0.333,0,1,0.0,2,3,0.667,0,2,2,1,0,0,1,1,4,7,1,
22023,1631223,22300425,"DEC 28, 2023",MEM @ DEN,L,29,5,9,0.556,1,2,0.5,4,8,0.5,0,0,0,2,0,0,0,0,15,-11,1,
22023,1631223,22300410,"DEC 26, 2023",MEM @ NOP,W,16,3,7,0.429,2,5,0.4,0,0,0.0,1,3,4,1,0,0,0,0,8,1,1,
22023,1631223,22300360,"DEC 19, 2023",MEM @ NOP,W,9,0,2,0.0,0,1,0.0,0,0,0.0,1,0,1,3,0,0,1,0,0,7,1,
22023,1631223,22300355,"DEC 18, 2023",MEM @ OKC,L,22,2,5,0.4,1,3,0.333,3,3,1.0,0,4,4,1,1,0,3,1,8,-1,1,
22023,1631223,22300332,"DEC 15, 2023",MEM vs. HOU,L,28,3,10,0.3,1,6,0.167,2,2,1.0,1,4,5,2,0,1,0,2,9,-3,1,
22023,1631223,22300314,"DEC 13, 2023",MEM @ HOU,L,32,3,14,0.214,2,7,0.286,1,2,0.5,1,5,6,4,1,0,1,1,9,1,1,
22023,1631223,22300299,"DEC 11, 2023",MEM vs. DAL,L,29,3,9,0.333,1,5,0.2,1,2,0.5,2,4,6,2,1,0,1,1,8,1,1,
22023,1631223,22301221,"DEC 08, 2023",MEM vs. MIN,L,25,6,11,0.545,1,4,0.25,0,0,0.0,0,3,3,0,0,0,0,0,13,-11,1,
22023,1631223,22301206,"DEC 06, 2023",MEM @ DET,W,22,1,3,0.333,1,2,0.5,1,2,0.5,1,5,6,1,2,0,3,1,4,-5,1,
22023,1631223,22300288,"DEC 02, 2023",MEM @ PHX,L,30,3,7,0.429,2,3,0.667,0,0,0.0,2,4,6,1,1,0,1,2,8,-10,1,
22023,1631223,22300277,"DEC 01, 2023",MEM @ DAL,W,24,2,9,0.222,0,3,0.0,2,2,1.0,1,5,6,3,1,1,1,2,6,12,1,
22023,1631223,22300261,"NOV 29, 2023",MEM vs. UTA,W,25,7,11,0.636,5,9,0.556,0,0,0.0,1,5,6,1,0,0,0,2,19,0,1,
22023,1631223,22300249,"NOV 26, 2023",MEM vs. MIN,L,28,4,9,0.444,2,5,0.4,1,1,1.0,2,2,4,2,0,0,1,2,11,-5,1,
22023,1631223,22300044,"NOV 24, 2023",MEM vs. PHX,L,27,5,9,0.556,2,4,0.5,2,3,0.667,0,4,4,0,2,1,2,0,14,-15,1,
22023,1631223,22300231,"NOV 22, 2023",MEM @ HOU,L,22,2,7,0.286,0,1,0.0,0,0,0.0,0,6,6,1,0,0,2,0,4,-5,1,
22023,1631223,22300213,"NOV 19, 2023",MEM vs. BOS,L,20,0,2,0.0,0,2,0.0,0,0,0.0,0,2,2,0,0,0,0,0,0,-3,1,
22023,1631223,22300206,"NOV 18, 2023",MEM @ SAS,W,26,0,5,0.0,0,3,0.0,0,2,0.0,2,2,4,1,2,0,1,1,0,16,1,
22023,1631223,22300026,"NOV 14, 2023",MEM @ LAL,L,31,6,17,0.353,2,8,0.25,3,4,0.75,1,2,3,3,2,2,0,2,17,-7,1,
22023,1631223,22300179,"NOV 12, 2023",MEM @ LAC,W,21,4,7,0.571,0,1,0.0,0,0,0.0,4,2,6,0,1,1,0,1,8,-5,1,
22023,1631223,22300012,"NOV 10, 2023",MEM vs. UTA,L,19,3,9,0.333,1,5,0.2,0,0,0.0,1,2,3,0,0,0,2,1,7,-6,1,
22023,1631223,22300164,"NOV 08, 2023",MEM vs. MIA,L,13,1,2,0.5,0,0,0.0,2,2,1.0,2,1,3,0,1,0,2,2,4,10,1,
22023,1631223,22300144,"NOV 05, 2023",MEM @ POR,W,13,2,5,0.4,0,1,0.0,0,0,0.0,0,2,2,0,1,0,0,1,4,5,1,
22023,1631223,22300007,"NOV 03, 2023",MEM @ POR,L,32,8,14,0.571,0,4,0.0,0,0,0.0,1,2,3,0,0,0,0,4,16,-13,1,
22023,1631223,22300125,"NOV 01, 2023",MEM @ UTA,L,24,4,8,0.5,1,3,0.333,0,0,0.0,1,2,3,1,0,1,1,1,9,-17,1,
22023,1631223,22300106,"OCT 30, 2023",MEM vs. DAL,L,29,4,8,0.5,0,1,0.0,1,2,0.5,1,4,5,2,0,1,0,2,9,-2,1,
22023,1631223,22300089,"OCT 28, 2023",MEM @ WAS,L,24,5,8,0.625,3,4,0.75,1,1,1.0,0,6,6,2,0,1,1,3,14,0,1,
22023,1631223,22300078,"OCT 27, 2023",MEM vs. DEN,L,15,0,4,0.0,0,2,0.0,0,0,0.0,0,2,2,2,1,0,2,3,0,-8,1,
22023,1631223,22300071,"OCT 25, 2023",MEM vs. NOP,L,28,4,7,0.571,1,3,0.333,0,0,0.0,1,4,5,2,0,0,1,2,9,-3,1,
22023,1631230,22300750,"FEB 10, 2024",SAS @ BKN,L,12,1,5,0.2,0,0,0.0,5,6,0.833,7,2,9,0,0,0,0,0,7,-1,1,
22023,1631230,22300681,"JAN 31, 2024",SAS vs. ORL,L,18,3,3,1.0,0,0,0.0,1,2,0.5,1,4,5,0,1,1,0,1,7,-2,1,
22023,1631230,22300665,"JAN 29, 2024",SAS vs. WAS,L,14,1,3,0.333,0,0,0.0,2,2,1.0,1,1,2,5,0,0,1,6,4,10,1,
22023,1631230,22300649,"JAN 27, 2024",SAS vs. MIN,W,18,4,5,0.8,0,0,0.0,1,2,0.5,2,2,4,1,0,1,0,1,9,-18,1,
22023,1631230,22300584,"JAN 19, 2024",SAS @ CHA,L,19,5,6,0.833,1,1,1.0,1,1,1.0,2,2,4,2,0,1,1,0,12,-4,1,
22023,1631230,22300571,"JAN 17, 2024",SAS @ BOS,L,21,2,6,0.333,1,2,0.5,0,0,0.0,2,2,4,0,0,0,0,1,5,-5,1,
22023,1631230,22300559,"JAN 15, 2024",SAS @ ATL,L,17,1,4,0.25,0,0,0.0,2,4,0.5,0,7,7,1,1,0,0,2,4,-6,1,
22023,1631230,22300548,"JAN 13, 2024",SAS vs. CHI,L,22,2,5,0.4,0,0,0.0,1,2,0.5,4,2,6,3,1,1,0,1,5,5,1,
22023,1631230,22300541,"JAN 12, 2024",SAS vs. CHA,W,17,1,4,0.25,0,0,0.0,3,6,0.5,2,4,6,1,0,3,0,2,5,11,1,
22023,1631230,22300519,"JAN 10, 2024",SAS @ DET,W,24,5,8,0.625,0,0,0.0,1,1,1.0,3,5,8,4,0,2,0,3,11,10,1,
22023,1631230,22300497,"JAN 07, 2024",SAS @ CLE,L,22,3,5,0.6,0,0,0.0,0,0,0.0,2,4,6,2,1,1,1,3,6,-17,1,
22023,1631230,22300477,"JAN 04, 2024",SAS vs. MIL,L,15,3,3,1.0,0,0,0.0,0,0,0.0,0,1,1,4,1,2,0,1,6,5,1,
22023,1631230,22300460,"JAN 02, 2024",SAS @ MEM,L,14,2,6,0.333,0,0,0.0,0,0,0.0,4,3,7,2,0,0,2,4,4,-6,1,
22023,1631230,22300448,"DEC 31, 2023",SAS vs. BOS,L,13,3,6,0.5,1,1,1.0,1,2,0.5,2,3,5,1,2,0,0,2,8,3,1,
22023,1631230,22300437,"DEC 29, 2023",SAS @ POR,L,14,1,6,0.167,0,1,0.0,0,0,0.0,1,1,2,0,1,0,0,2,2,-9,1,
22023,1631230,22300361,"DEC 19, 2023",SAS @ MIL,L,11,0,2,0.0,0,2,0.0,2,2,1.0,0,3,3,0,0,0,0,2,2,0,1,
22023,1631230,22300278,"DEC 01, 2023",SAS @ NOP,L,3,1,1,1.0,0,0,0.0,0,0,0.0,0,0,0,0,0,0,0,0,2,1,1,
22023,1631230,22300235,"NOV 22, 2023",SAS vs. LAC,L,9,0,1,0.0,0,0,0.0,0,0,0.0,0,2,2,0,1,0,0,1,0,-4,1,
22023,1631230,22300206,"NOV 18, 2023",SAS vs. MEM,L,3,0,0,0.0,0,0,0.0,0,0,0.0,0,1,1,0,0,0,0,0,0,6,1,
22023,1631230,22300021,"NOV 14, 2023",SAS @ OKC,L,5,0,0,0.0,0,0,0.0,0,0,0.0,0,1,1,0,0,0,0,0,0,2,1,
22023,1631230,22300161,"NOV 08, 2023",SAS @ NYK,L,3,1,1,1.0,0,0,0.0,0,2,0.0,0,1,1,0,0,0,0,0,2,0,1,
22023,1631230,22300146,"NOV 06, 2023",SAS @ IND,L,8,1,4,0.25,0,0,0.0,2,2,1.0,0,0,0,0,0,0,0,1,4,-1,1,
22023,1631230,22300099,"OCT 29, 2023",SAS @ LAC,L,5,0,0,0.0,0,0,0.0,0,0,0.0,0,0,0,0,0,0,0,0,0,-10,1,
22023,1631241,22300637,"JAN 26, 2024",TOR vs. LAC,L,2,0,0,0.0,0,0,0.0,0,0,0.0,0,0,0,0,0,0,0,0,0,-4,1,
22023,1631241,22300574,"JAN 17, 2024",TOR vs. MIA,W,2,1,3,0.333,0,0,0.0,0,0,0.0,1,0,1,0,0,0,0,0,2,-3,1,
22023,1631243,22300104,"OCT 30, 2023",ATL vs. MIN,W,1,0,0,0.0,0,0,0.0,0,0,0.0,0,0,0,0,0,0,0,0,0,-4,1,
22023,1631243,22300097,"OCT 29, 2023",ATL @ MIL,W,3,0,1,0.0,0,1,0.0,0,0,0.0,0,0,0,0,1,0,0,1,0,-9,1,
22023,1631254,22300727,"FEB 07, 2024",PHI vs. GSW,L,5,1,4,0.25,0,2,0.0,0,0,0.0,0,1,1,0,0,0,0,0,2,-4,1,
22023,1631254,22300459,"JAN 02, 2024",PHI vs. CHI,W,4,0,2,0.0,0,0,0.0,0,0,0.0,0,2,2,0,0,0,2,0,0,-10,1,
22023,1631254,22301221,"DEC 08, 2023",MEM vs. MIN,L,4,1,3,0.333,1,2,0.5,2,2,1.0,0,0,0,2,1,0,0,0,5,0,1,
22023,1631254,22301206,"DEC 06, 2023",MEM @ DET,W,0,0,0,0.0,0,0,0.0,0,0,0.0,0,1,1,0,0,0,0,0,0,0,1,
22023,1631254,22300277,"DEC 01, 2023",MEM @ DAL,W,2,0,2,0.0,0,0,0.0,0,0,0.0,0,2,2,0,0,0,0,0,0,-4,1,
22023,1631254,22300249,"NOV 26, 2023",MEM vs. MIN,L,2,1,1,1.0,0,0,0.0,0,0,0.0,0,0,0,0,0,0,0,0,2,-3,1,
22023,1631254,22300044,"NOV 24, 2023",MEM vs. PHX,L,2,1,1,1.0,0,0,0.0,0,0,0.0,0,0,0,0,0,0,0,1,2,-4,1,
22023,1631254,22300231,"NOV 22, 2023",MEM @ HOU,L,4,1,4,0.25,0,1,0.0,1,1,1.0,0,0,0,2,0,1,0,0,3,3,1,
22023,1631254,22300213,"NOV 19, 2023",MEM vs. BOS,L,13,2,5,0.4,0,1,0.0,2,2,1.0,0,2,2,1,0,0,2,0,6,1,1,
22023,1631254,22300206,"NOV 18, 2023",MEM @ SAS,W,12,1,3,0.333,0,1,0.0,0,0,0.0,0,1,1,2,0,0,1,3,2,-6,1,
22023,1631254,22300026,"NOV 14, 2023",MEM @ LAL,L,5,0,2,0.0,0,1,0.0,0,0,0.0,0,0,0,0,0,0,0,0,0,-5,1,
22023,1631254,22300012,"NOV 10, 2023",MEM vs. UTA,L,12,0,2,0.0,0,1,0.0,0,0,0.0,0,2,2,0,0,1,1,3,0,11,1,
22023,1631254,22300164,"NOV 08, 2023",MEM vs. MIA,L,7,1,3,0.333,0,0,0.0,0,0,0.0,0,0,0,1,0,0,0,1,2,2,1,
22023,1631254,22300144,"NOV 05, 2023",MEM @ POR,W,10,2,3,0.667,1,2,0.5,0,1,0.0,0,2,2,3,0,1,0,0,5,4,1,
22023,1631254,22300125,"NOV 01, 2023",MEM @ UTA,L,19,4,7,0.571,1,1,1.0,3,9,0.333,2,3,5,2,2,0,1,5,12,5,1,
22023,1631254,22300106,"OCT 30, 2023",MEM vs. DAL,L,1,0,0,0.0,0,0,0.0,0,0,0.0,0,0,0,0,0,0,0,0,0,0,1,
22023,1631254,22300089,"OCT 28, 2023",MEM @ WAS,L,5,0,1,0.0,0,0,0.0,0,0,0.0,0,0,0,1,0,0,1,2,0,1,1,
22023,1631257,22300709,"FEB 04, 2024",HOU @ MIN,L,4,2,2,1.0,0,0,0.0,0,0,0.0,0,1,1,0,0,0,0,0,4,7,1,
22023,1631257,22300692,"FEB 02, 2024",HOU vs. TOR,W,4,1,1,1.0,0,0,0.0,0,0,0.0,0,0,0,0,0,0,0,1,2,1,1,
22023,1631257,22300679,"JAN 31, 2024",HOU vs. NOP,L,1,0,0,0.0,0,0,0.0,0,0,0.0,0,0,0,0,0,0,0,0,0,2,1,
22023,1631257,22300662,"JAN 29, 2024",HOU vs. LAL,W,0,0,0,0.0,0,0,0.0,0,0,0.0,0,0,0,0,0,0,0,0,0,-3,1,
22023,1631257,22300635,"JAN 26, 2024",HOU @ CHA,W,6,0,1,0.0,0,0,0.0,0,0,0.0,1,1,2,0,0,0,0,0,0,-5,1,
22023,1631257,22300385,"DEC 22, 2023",HOU vs. DAL,W,9,3,3,1.0,0,0,0.0,0,0,0.0,0,1,1,0,1,0,0,0,6,-5,1,
22023,1631257,22300291,"DEC 02, 2023",HOU @ LAL,L,3,0,0,0.0,0,0,0.0,0,0,0.0,0,2,2,0,0,0,0,0,0,8,1,
22023,1631257,22300263,"NOV 29, 2023",HOU @ DEN,L,6,0,1,0.0,0,1,0.0,0,0,0.0,0,2,2,2,0,0,0,0,0,6,1,
22023,1631257,22300153,"NOV 06, 2023",HOU vs. SAC,W,12,2,2,1.0,0,0,0.0,0,0,0.0,1,2,3,0,0,1,0,1,4,-12,1,
22023,1631257,22300137,"NOV 04, 2023",HOU vs. SAC,W,1,0,1,0.0,0,1,0.0,2,2,1.0,0,0,0,0,0,0,0,1,2,0,1,
22023,1631257,22300066,"OCT 25, 2023",HOU @ ORL,L,6,0,0,0.0,0,0,0.0,0,0,0.0,0,0,0,0,0,0,0,1,0,-10,1,
22023,1631260,22300790,"FEB 15, 2024",MIL @ MEM,L,14,2,4,0.5,2,4,0.5,0,0,0.0,0,1,1,1,1,0,1,2,6,0,1,
22023,1631260,22300773,"FEB 13, 2024",MIL vs. MIA,L,15,1,7,0.143,1,6,0.167,1,1,1.0,0,3,3,0,1,1,1,0,4,-1,1,
22023,1631260,22300767,"FEB 12, 2024",MIL vs. DEN,W,15,3,5,0.6,3,5,0.6,0,0,0.0,0,0,0,1,0,0,0,2,9,7,1,
22023,1631260,22300745,"FEB 09, 2024",MIL vs. CHA,W,18,1,9,0.111,1,9,0.111,0,0,0.0,1,3,4,0,1,0,0,3,3,-3,1,
22023,1631260,22300738,"FEB 08, 2024",MIL vs. MIN,L,22,9,11,0.818,7,8,0.875,2,2,1.0,0,2,2,3,0,0,1,0,27,-7,1,
22023,1631260,22300725,"FEB 06, 2024",MIL @ PHX,L,13,0,4,0.0,0,4,0.0,0,0,0.0,0,1,1,0,0,0,0,1,0,-4,1,
22023,1631260,22300711,"FEB 04, 2024",MIL @ UTA,L,22,3,6,0.5,3,6,0.5,1,1,1.0,0,5,5,0,0,0,0,2,10,3,1,
22023,1631260,22300702,"FEB 03, 2024",MIL @ DAL,W,6,2,2,1.0,1,1,1.0,0,0,0.0,0,0,0,0,0,0,0,0,5,16,1,
22023,1631260,22300648,"JAN 27, 2024",MIL vs. NOP,W,4,1,3,0.333,1,3,0.333,0,0,0.0,0,1,1,0,0,0,1,1,3,-8,1,
22023,1631260,22300624,"JAN 24, 2024",MIL vs. CLE,W,1,0,0,0.0,0,0,0.0,0,0,0.0,0,0,0,0,0,0,0,0,0,0,1,
22023,1631260,22300572,"JAN 17, 2024",MIL @ CLE,L,13,1,5,0.2,1,4,0.25,0,0,0.0,1,1,2,1,0,0,0,2,3,2,1,
22023,1631260,22300552,"JAN 14, 2024",MIL vs. SAC,W,18,1,5,0.2,1,4,0.25,2,2,1.0,0,0,0,0,0,0,0,2,5,-4,1,
22023,1631260,22300528,"JAN 11, 2024",MIL vs. BOS,W,9,3,6,0.5,2,5,0.4,1,1,1.0,0,2,2,2,0,1,0,1,9,1,1,
22023,1631260,22300510,"JAN 08, 2024",MIL vs. UTA,L,11,3,4,0.75,2,3,0.667,0,0,0.0,1,0,1,0,0,0,0,0,8,-15,1,
22023,1631260,22300496,"JAN 06, 2024",MIL @ HOU,L,3,0,0,0.0,0,0,0.0,0,0,0.0,0,0,0,0,0,0,0,1,0,6,1,
22023,1631260,22300417,"DEC 27, 2023",MIL @ BKN,W,4,1,2,0.5,1,2,0.5,0,0,0.0,0,1,1,0,0,0,0,2,3,7,1,
22023,1631260,22300388,"DEC 23, 2023",MIL @ NYK,W,0,0,0,0.0,0,0,0.0,0,0,0.0,0,0,0,0,0,0,0,0,0,0,1,
22023,1631260,22300361,"DEC 19, 2023",MIL vs. SAS,W,2,0,1,0.0,0,1,0.0,0,0,0.0,0,0,0,0,0,0,0,0,0,-2,1,
22023,1631260,22300346,"DEC 17, 2023",MIL vs. HOU,W,0,0,0,0.0,0,0,0.0,0,0,0.0,0,0,0,0,0,0,0,0,0,-3,1,
22023,1631260,22300334,"DEC 16, 2023",MIL vs. DET,W,20,3,6,0.5,3,6,0.5,0,0,0.0,1,0,1,1,0,0,0,5,9,22,1,
22023,1631260,22300315,"DEC 13, 2023",MIL vs. IND,W,1,0,0,0.0,0,0,0.0,0,0,0.0,0,0,0,0,0,0,0,0,0,-9,1,
22023,1631260,22300300,"DEC 11, 2023",MIL vs. CHI,W,14,4,6,0.667,4,5,0.8,0,0,0.0,0,5,5,3,0,0,0,1,12,0,1,
22023,1631260,22301229,"DEC 07, 2023",MIL vs. IND,L,4,0,1,0.0,0,0,0.0,0,0,0.0,0,0,0,0,0,0,0,0,0,-1,1,
22023,1631260,22301201,"DEC 05, 2023",MIL vs. NYK,W,15,3,4,0.75,3,4,0.75,0,0,0.0,0,0,0,1,0,0,0,0,9,8,1,
22023,1631260,22300286,"DEC 02, 2023",MIL vs. ATL,W,9,0,0,0.0,0,0,0.0,0,0,0.0,1,0,1,0,0,0,0,1,0,9,1,
22023,1631260,22300056,"NOV 28, 2023",MIL @ MIA,W,2,0,1,0.0,0,1,0.0,0,0,0.0,0,0,0,0,0,0,0,1,0,-2,1,
22023,1631260,22300245,"NOV 26, 2023",MIL vs. POR,W,4,0,2,0.0,0,2,0.0,0,0,0.0,1,0,1,0,0,0,0,1,0,-9,1,
22023,1631260,22300049,"NOV 24, 2023",MIL vs. WAS,W,4,1,4,0.25,1,4,0.25,0,0,0.0,0,0,0,0,0,0,0,0,3,-2,1,
22023,1631260,22300219,"NOV 20, 2023",MIL @ WAS,W,15,1,4,0.25,0,3,0.0,0,0,0.0,0,2,2,1,0,0,0,1,2,-9,1,
22023,1631260,22300205,"NOV 18, 2023",MIL vs. DAL,W,11,3,5,0.6,2,4,0.5,0,0,0.0,0,0,0,1,0,0,0,1,8,7,1,
22023,1631260,22300027,"NOV 17, 2023",MIL @ CHA,W,3,2,3,0.667,2,3,0.667,0,0,0.0,0,1,1,0,0,0,0,0,6,11,1,
22023,1631260,22300195,"NOV 15, 2023",MIL @ TOR,W,7,0,1,0.0,0,1,0.0,0,0,0.0,0,0,0,0,0,0,0,0,0,-20,1,
22023,1631260,22300173,"NOV 11, 2023",MIL @ ORL,L,9,1,3,0.333,1,3,0.333,0,0,0.0,0,2,2,3,0,0,0,0,3,5,1,
22023,1631260,22300116,"NOV 01, 2023",MIL @ TOR,L,6,1,1,1.0,0,0,0.0,0,0,0.0,0,1,1,1,0,0,0,1,2,6,1,
22023,1631260,22300107,"OCT 30, 2023",MIL vs. MIA,W,15,0,4,0.0,0,3,0.0,0,0,0.0,0,0,0,2,0,0,0,3,0,8,1,
22023,1631260,22300097,"OCT 29, 2023",MIL vs. ATL,L,6,2,2,1.0,2,2,1.0,1,1,1.0,0,1,1,0,0,0,0,0,7,10,1,
22023,1631288,22300779,"FEB 14, 2024",MIA @ PHI,W,10,0,2,0.0,0,1,0.0,2,2,1.0,0,1,1,1,1,0,1,0,2,-2,1,
22023,1631288,22300773,"FEB 13, 2024",MIA @ MIL,W,6,0,1,0.0,0,0,0.0,2,2,1.0,1,1,2,0,0,0,0,1,2,-2,1,
22023,1631288,22300489,"JAN 05, 2024",MIA @ PHX,L,5,2,5,0.4,1,1,1.0,2,2,1.0,2,0,2,0,0,0,0,0,7,2,1,
22023,1631288,22300475,"JAN 03, 2024",MIA @ LAL,W,1,0,0,0.0,0,0,0.0,0,0,0.0,0,0,0,0,0,0,0,0,0,0,1,
22023,1631288,22300458,"JAN 01, 2024",MIA @ LAC,L,35,4,12,0.333,1,4,0.25,0,0,0.0,3,0,3,1,1,1,0,3,9,-22,1,
22023,1631288,22300439,"DEC 30, 2023",MIA @ UTA,L,11,3,4,0.75,0,0,0.0,0,0,0.0,0,1,1,1,0,0,1,2,6,-8,1,
22023,1631288,22300426,"DEC 28, 2023",MIA @ GSW,W,28,7,14,0.5,2,5,0.4,2,2,1.0,1,5,6,0,2,0,1,1,18,7,1,
22023,1631288,22300404,"DEC 25, 2023",MIA vs. PHI,W,17,0,2,0.0,0,0,0.0,3,4,0.75,1,4,5,0,0,1,0,4,3,16,1,
22023,1631288,22300320,"DEC 14, 2023",MIA vs. CHI,L,8,0,0,0.0,0,0,0.0,3,4,0.75,0,0,0,0,0,1,0,1,3,5,1,
22023,1631288,22300312,"DEC 13, 2023",MIA vs. CHA,W,29,5,12,0.417,2,6,0.333,2,2,1.0,2,1,3,1,2,1,0,0,14,-6,1,
22023,1631288,22300284,"DEC 02, 2023",MIA vs. IND,L,5,0,0,0.0,0,0,0.0,0,0,0.0,0,0,0,0,0,0,0,2,0,1,1,
22023,1631288,22300056,"NOV 28, 2023",MIA vs. MIL,L,11,1,2,0.5,1,2,0.5,2,4,0.5,0,0,0,0,0,0,0,0,5,3,1,
22023,1631288,22300240,"NOV 25, 2023",MIA @ BKN,L,29,3,6,0.5,1,3,0.333,0,1,0.0,0,3,3,0,1,0,1,1,7,7,1,
22023,1631288,22300175,"NOV 11, 2023",MIA @ ATL,W,0,0,0,0.0,0,0,0.0,0,0,0.0,0,0,0,0,0,0,0,0,0,0,1,
22023,1631288,22300093,"OCT 28, 2023",MIA @ MIN,L,25,4,8,0.5,0,3,0.0,0,0,0.0,3,2,5,0,2,0,0,1,8,-23,1,
22023,1631288,22300080,"OCT 27, 2023",MIA @ BOS,L,4,0,1,0.0,0,1,0.0,0,0,0.0,0,1,1,0,1,0,1,1,0,-5,1,
22023,1631303,22300791,"FEB 15, 2024",POR vs. MIN,L,5,0,1,0.0,0,1,0.0,0,0,0.0,1,1,2,1,0,0,0,0,0,-6,1,
22023,1631303,22300758,"FEB 10, 2024",POR vs. NOP,L,2,0,0,0.0,0,0,0.0,0,0,0.0,1,0,1,0,0,0,1,0,0,-2,1,
22023,1631303,22300741,"FEB 08, 2024",POR vs. DET,L,12,0,1,0.0,0,1,0.0,0,0,0.0,0,1,1,0,1,0,1,1,0,-3,1,
22023,1631303,22300712,"FEB 04, 2024",POR @ DEN,L,10,0,1,0.0,0,0,0.0,0,0,0.0,2,0,2,1,0,0,0,0,0,-3,1,
22023,1631303,22300697,"FEB 02, 2024",POR @ DEN,L,1,0,0,0.0,0,0,0.0,0,0,0.0,0,0,0,0,0,0,0,0,0,-2,1,
22023,1631303,22300641,"JAN 26, 2024",POR @ SAS,L,22,0,3,0.0,0,3,0.0,0,0,0.0,0,2,2,1,1,1,1,1,0,-10,1,
22023,1631303,22300590,"JAN 19, 2024",POR vs. IND,W,2,0,0,0.0,0,0,0.0,0,0,0.0,0,1,1,0,0,0,0,0,0,0,1,
22023,1631303,22300554,"JAN 14, 2024",POR vs. PHX,L,17,0,1,0.0,0,1,0.0,1,2,0.5,0,2,2,0,0,0,0,5,1,-4,1,
22023,1631303,22300538,"JAN 12, 2024",POR @ MIN,L,9,1,1,1.0,1,1,1.0,0,0,0.0,0,0,0,2,1,1,0,0,3,13,1,
22023,1631303,22300529,"JAN 11, 2024",POR @ OKC,L,14,2,5,0.4,0,2,0.0,0,0,0.0,0,2,2,1,2,1,0,0,4,-5,1,
22023,1631303,22300514,"JAN 09, 2024",POR @ NYK,L,12,1,4,0.25,0,2,0.0,1,2,0.5,1,0,1,1,0,1,1,1,3,8,1,
22023,1631303,22301226,"DEC 08, 2023",POR vs. DAL,L,8,0,0,0.0,0,0,0.0,0,0,0.0,0,0,0,0,0,0,0,1,0,3,1,
22023,1631303,22300215,"NOV 19, 2023",POR vs. OKC,L,13,2,6,0.333,2,4,0.5,1,2,0.5,2,0,2,0,0,1,0,0,7,-7,1,
22023,1631303,22300036,"NOV 17, 2023",POR vs. LAL,L,5,0,0,0.0,0,0,0.0,0,0,0.0,0,0,0,0,0,0,0,0,0,-2,1,
22023,1631303,22300199,"NOV 15, 2023",POR vs. CLE,L,3,0,0,0.0,0,0,0.0,0,0,0.0,0,0,0,0,0,0,0,0,0,0,1,
22023,1631303,22300023,"NOV 14, 2023",POR @ UTA,L,3,0,0,0.0,0,0,0.0,0,0,0.0,1,0,1,0,0,0,0,0,0,-1,1,
22023,1631303,22300170,"NOV 08, 2023",POR @ SAC,L,8,0,0,0.0,0,0,0.0,0,0,0.0,1,1,2,0,0,0,1,1,0,-4,1,
22023,1631306,22300773,"FEB 13, 2024",MIA @ MIL,W,6,0,2,0.0,0,2,0.0,2,2,1.0,0,1,1,1,0,0,3,0,2,-3,1,
22023,1631306,22300630,"JAN 25, 2024",MIA vs. BOS,L,7,0,2,0.0,0,1,0.0,0,0,0.0,0,0,0,0,0,0,0,1,0,-1,1,
22023,1631306,22300574,"JAN 17, 2024",MIA @ TOR,L,2,1,2,0.5,0,1,0.0,0,0,0.0,0,0,0,0,0,0,1,0,2,3,1,
22023,1631306,22300489,"JAN 05, 2024",MIA @ PHX,L,2,0,0,0.0,0,0,0.0,0,0,0.0,0,0,0,0,0,0,1,0,0,5,1,
22023,1631306,22300475,"JAN 03, 2024",MIA @ LAL,W,1,0,1,0.0,0,1,0.0,0,0,0.0,0,0,0,0,0,0,0,0,0,0,1,
22023,1631306,22300458,"JAN 01, 2024",MIA @ LAC,L,3,1,1,1.0,1,1,1.0,0,0,0.0,0,0,0,0,0,0,0,0,3,3,1,
22023,1631306,22300426,"DEC 28, 2023",MIA @ GSW,W,1,1,1,1.0,0,0,0.0,0,0,0.0,1,0,1,0,0,0,0,0,2,-3,1,
22023,1631306,22300240,"NOV 25, 2023",MIA @ BKN,L,20,4,8,0.5,3,7,0.429,0,0,0.0,0,0,0,1,1,1,1,1,11,-2,1,
22023,1631306,22300045,"NOV 24, 2023",MIA @ NYK,L,6,0,3,0.0,0,2,0.0,0,0,0.0,0,0,0,2,0,0,0,0,0,-3,1,
22023,1631306,22300093,"OCT 28, 2023",MIA @ MIN,L,2,2,3,0.667,1,2,0.5,0,0,0.0,0,1,1,0,0,0,0,0,5,7,1,
22023,1631311,22300576,"FEB 15, 2024",GSW @ UTA,W,16,1,2,0.5,1,2,0.5,3,4,0.75,0,1,1,4,1,0,0,1,6,10,1,
22023,1631311,22300789,"FEB 14, 2024",GSW vs. LAC,L,8,1,3,0.333,0,1,0.0,1,2,0.5,0,2,2,2,0,0,0,3,3,-1,2,
22023,1631311,22300769,"FEB 12, 2024",GSW @ UTA,W,16,0,3,0.0,0,2,0.0,0,0,0.0,0,2,2,2,1,0,1,1,0,-8,1,
22023,1631311,22300757,"FEB 10, 2024",GSW vs. PHX,W,19,2,6,0.333,2,4,0.5,0,0,0.0,1,2,3,0,0,0,0,1,6,-3,1,
22023,1631311,22300733,"FEB 08, 2024",GSW @ IND,W,27,2,7,0.286,0,3,0.0,2,2,1.0,0,5,5,5,0,1,0,3,6,12,1,
22023,1631311,22300727,"FEB 07, 2024",GSW @ PHI,W,24,4,7,0.571,4,7,0.571,1,2,0.5,0,2,2,4,0,0,2,4,13,4,1,
22023,1631311,22300717,"FEB 05, 2024",GSW @ BKN,W,24,1,7,0.143,0,2,0.0,1,2,0.5,3,4,7,2,2,0,1,3,3,5,1,
22023,1631311,22300699,"FEB 03, 2024",GSW @ ATL,L,23,6,11,0.545,4,8,0.5,1,2,0.5,4,1,5,0,0,0,1,2,17,-7,1,
22023,1631311,22300693,"FEB 02, 2024",GSW @ MEM,W,19,3,6,0.5,2,4,0.5,2,2,1.0,1,5,6,1,0,0,2,3,10,11,1,
22023,1631311,22300673,"JAN 30, 2024",GSW vs. PHI,W,11,1,2,0.5,1,2,0.5,0,0,0.0,0,0,0,0,0,0,0,2,3,-3,1,
22023,1631311,22300626,"JAN 24, 2024",GSW vs. ATL,W,3,1,2,0.5,0,1,0.0,0,0,0.0,1,2,3,0,0,0,1,0,2,2,1,
22023,1631311,22300560,"JAN 15, 2024",GSW @ MEM,L,5,0,0,0.0,0,0,0.0,0,0,0.0,0,0,0,1,0,1,0,0,0,1,1,
22023,1631311,22300545,"JAN 13, 2024",GSW @ MIL,L,18,2,5,0.4,1,1,1.0,1,2,0.5,2,2,4,2,0,0,1,2,6,9,1,
22023,1631311,22300525,"JAN 10, 2024",GSW vs. NOP,L,8,1,4,0.25,1,3,0.333,0,0,0.0,1,0,1,1,0,0,0,0,3,-1,1,
22023,1631311,22300504,"JAN 07, 2024",GSW vs. TOR,L,7,2,3,0.667,1,2,0.5,0,0,0.0,0,1,1,0,1,0,1,1,5,10,1,
22023,1631311,22300426,"DEC 28, 2023",GSW vs. MIA,L,2,0,0,0.0,0,0,0.0,0,0,0.0,0,0,0,0,0,0,0,1,0,3,1,
22023,1631311,22300386,"DEC 22, 2023",GSW vs. WAS,W,6,1,3,0.333,1,2,0.5,0,0,0.0,0,3,3,1,0,0,1,1,3,-12,1,
22023,1631311,22300201,"NOV 16, 2023",GSW vs. OKC,L,4,0,3,0.0,0,2,0.0,0,0,0.0,0,0,0,0,0,0,0,1,0,1,1,
22023,1631311,22300108,"OCT 30, 2023",GSW @ NOP,W,5,2,3,0.667,1,2,0.5,0,0,0.0,0,0,0,0,0,0,1,0,5,0,1,
22023,1631321,22300448,"DEC 31, 2023",SAS vs. BOS,L,8,0,2,0.0,0,2,0.0,0,0,0.0,0,2,2,0,1,0,0,0,0,4,1,
22023,1631321,22300412,"DEC 26, 2023",SAS vs. UTA,L,2,1,1,1.0,0,0,0.0,2,2,1.0,0,1,1,0,0,0,0,0,4,7,1,
22023,1631321,22300398,"DEC 23, 2023",SAS @ DAL,L,14,0,3,0.0,0,2,0.0,2,2,1.0,0,3,3,0,2,0,0,2,2,6,1,
22023,1631321,22300376,"DEC 21, 2023",SAS @ CHI,L,3,0,0,0.0,0,0,0.0,0,0,0.0,0,0,0,0,0,0,0,0,0,1,1,
22023,1631321,22300223,"NOV 20, 2023",SAS vs. LAC,L,4,0,0,0.0,0,0,0.0,0,0,0.0,0,0,0,0,0,0,1,0,0,-3,1,
22023,1631323,22300787,"FEB 14, 2024",DET @ PHX,L,21,7,15,0.467,2,7,0.286,2,2,1.0,0,1,1,1,2,0,0,3,18,-13,1,
22023,1631323,22300776,"FEB 13, 2024",DET @ LAL,L,26,3,6,0.5,2,4,0.5,0,2,0.0,1,3,4,4,0,0,0,1,8,-19,1,
22023,1631323,22300749,"FEB 10, 2024",DET @ LAC,L,32,8,19,0.421,3,9,0.333,1,1,1.0,2,7,9,1,1,0,1,1,20,-5,1,
22023,1631323,22300724,"FEB 06, 2024",UTA vs. OKC,W,25,1,4,0.25,0,2,0.0,0,0,0.0,3,3,6,3,1,0,2,0,2,0,1,
22023,1631323,22300711,"FEB 04, 2024",UTA vs. MIL,W,24,4,6,0.667,1,3,0.333,2,2,1.0,2,2,4,1,1,0,1,1,11,-2,1,
22023,1631323,22300686,"FEB 01, 2024",UTA vs. PHI,L,27,3,9,0.333,1,6,0.167,0,0,0.0,2,2,4,2,0,0,0,2,7,5,1,
22023,1631323,22300671,"JAN 30, 2024",UTA @ NYK,L,29,5,10,0.5,4,8,0.5,0,0,0.0,2,3,5,1,0,1,1,1,14,0,1,
22023,1631323,22300660,"JAN 29, 2024",UTA @ BKN,L,22,2,9,0.222,1,4,0.25,0,0,0.0,0,4,4,0,0,1,0,2,5,-11,1,
22023,1631323,22300647,"JAN 27, 2024",UTA @ CHA,W,27,2,6,0.333,1,4,0.25,0,0,0.0,1,2,3,3,1,0,0,1,5,8,1,
22023,1631323,22300628,"JAN 25, 2024",UTA @ WAS,W,21,4,7,0.571,2,3,0.667,0,0,0.0,2,5,7,2,0,0,0,1,10,11,1,
22023,1631323,22300616,"JAN 23, 2024",UTA @ NOP,L,25,6,9,0.667,5,8,0.625,1,1,1.0,0,4,4,2,2,0,1,1,18,-19,1,
22023,1631323,22300598,"JAN 20, 2024",UTA @ HOU,L,29,4,7,0.571,2,5,0.4,0,0,0.0,2,5,7,3,0,0,1,2,10,2,1,
22023,1631323,22300581,"JAN 18, 2024",UTA vs. OKC,L,29,4,9,0.444,2,7,0.286,2,2,1.0,2,3,5,2,1,0,1,2,12,2,1,
22023,1631323,22300564,"JAN 15, 2024",UTA vs. IND,W,24,3,5,0.6,2,3,0.667,0,0,0.0,0,4,4,2,0,0,1,2,8,22,1,
22023,1631323,22300549,"JAN 13, 2024",UTA vs. LAL,W,24,0,5,0.0,0,3,0.0,0,0,0.0,2,2,4,4,0,0,1,3,0,16,1,
22023,1631323,22300540,"JAN 12, 2024",UTA vs. TOR,W,23,5,9,0.556,3,5,0.6,0,0,0.0,1,1,2,0,0,1,0,0,13,10,1,
22023,1631323,22300524,"JAN 10, 2024",UTA vs. DEN,W,21,1,5,0.2,1,4,0.25,0,0,0.0,0,0,0,2,0,0,3,0,3,13,1,
22023,1631323,22300510,"JAN 08, 2024",UTA @ MIL,W,32,2,6,0.333,1,5,0.2,0,0,0.0,0,3,3,1,1,1,1,4,5,4,1,
22023,1631323,22300495,"JAN 06, 2024",UTA @ PHI,W,33,3,9,0.333,1,6,0.167,0,0,0.0,1,6,7,2,1,0,4,1,7,6,1,
22023,1631323,22300479,"JAN 05, 2024",UTA @ BOS,L,25,2,7,0.286,2,5,0.4,1,2,0.5,1,3,4,3,1,0,2,2,7,-13,1,
22023,1631323,22300474,"JAN 03, 2024",UTA vs. DET,W,35,6,11,0.545,3,4,0.75,1,1,1.0,2,5,7,4,2,0,0,2,16,13,1,
22023,1631323,22300457,"JAN 01, 2024",UTA vs. DAL,W,29,10,16,0.625,3,8,0.375,1,1,1.0,0,6,6,2,2,1,1,0,24,27,1,
22023,1631323,22300439,"DEC 30, 2023",UTA vs. MIA,W,31,4,9,0.444,1,5,0.2,3,6,0.5,3,4,7,2,2,1,0,4,12,7,1,
22023,1631323,22300424,"DEC 28, 2023",UTA @ NOP,L,14,2,4,0.5,1,2,0.5,0,0,0.0,2,0,2,0,1,0,1,4,5,-13,1,
22023,1631323,22300412,"DEC 26, 2023",UTA @ SAS,W,23,3,5,0.6,2,4,0.5,0,0,0.0,1,2,3,0,0,0,1,1,8,25,1,
22023,1631323,22300395,"DEC 23, 2023",UTA @ TOR,W,20,2,3,0.667,2,3,0.667,0,0,0.0,1,0,1,0,1,0,3,3,6,0,1,
22023,1631323,22300374,"DEC 21, 2023",UTA @ DET,W,29,6,12,0.5,4,7,0.571,0,0,0.0,0,2,2,0,1,0,0,1,16,2,1,
22023,1631323,22300364,"DEC 20, 2023",UTA @ CLE,L,36,3,7,0.429,2,5,0.4,1,2,0.5,1,6,7,2,0,0,2,3,9,8,1,
22023,1631323,22300357,"DEC 18, 2023",UTA vs. BKN,W,25,1,7,0.143,0,3,0.0,0,0,0.0,2,2,4,3,2,0,1,3,2,9,1,
22023,1631323,22300342,"DEC 16, 2023",UTA @ SAC,L,25,3,9,0.333,1,5,0.2,0,0,0.0,0,2,2,0,0,0,0,0,7,-23,1,
22023,1631323,22300323,"DEC 14, 2023",UTA @ POR,W,25,7,8,0.875,5,5,1.0,5,5,1.0,1,4,5,0,1,0,0,0,24,24,1,
22023,1631323,22300318,"DEC 13, 2023",UTA vs. NYK,W,31,4,12,0.333,3,10,0.3,4,4,1.0,3,3,6,2,2,0,2,4,15,-10,1,
22023,1631323,22300302,"DEC 11, 2023",UTA @ OKC,L,23,7,11,0.636,3,6,0.5,2,2,1.0,1,1,2,1,0,4,0,1,19,-13,1,
22023,1631323,22301225,"DEC 08, 2023",UTA vs. LAC,L,31,3,8,0.375,2,5,0.4,0,2,0.0,0,2,2,0,0,0,2,4,8,-19,1,
22023,1631323,22301213,"DEC 06, 2023",UTA @ DAL,L,24,2,5,0.4,1,3,0.333,2,2,1.0,0,2,2,3,0,1,1,1,7,-40,1,
22023,1631323,22300289,"DEC 02, 2023",UTA vs. POR,W,35,3,12,0.25,1,8,0.125,0,0,0.0,1,4,5,5,0,2,2,2,7,-4,1,
22023,1631323,22300270,"NOV 30, 2023",UTA @ MIN,L,34,6,12,0.5,2,7,0.286,2,2,1.0,3,2,5,5,1,0,2,3,16,-11,1,
22023,1631323,22300261,"NOV 29, 2023",UTA @ MEM,L,25,4,13,0.308,4,8,0.5,0,0,0.0,0,4,4,4,1,0,0,1,12,-10,1,
22023,1631323,22300256,"NOV 27, 2023",UTA vs. NOP,W,28,4,9,0.444,3,8,0.375,3,4,0.75,0,4,4,2,2,0,0,3,14,-1,1,
22023,1631323,22300243,"NOV 25, 2023",UTA vs. NOP,W,26,3,8,0.375,2,7,0.286,2,2,1.0,0,3,3,0,0,1,2,1,10,0,1,
22023,1631323,22300237,"NOV 22, 2023",UTA @ POR,L,16,3,7,0.429,2,6,0.333,0,0,0.0,1,0,1,1,1,0,1,1,8,-8,1,
22023,1631323,22300042,"NOV 21, 2023",UTA @ LAL,L,27,4,6,0.667,3,5,0.6,0,0,0.0,2,2,4,0,0,1,1,3,11,-6,1,
22023,1631323,22300214,"NOV 19, 2023",UTA vs. PHX,L,18,1,3,0.333,1,1,1.0,0,0,0.0,1,0,1,0,0,1,1,1,3,4,1,
22023,1631323,22300035,"NOV 17, 2023",UTA vs. PHX,L,15,3,5,0.6,2,4,0.5,0,0,0.0,0,1,1,0,0,0,1,2,8,-2,1,
22023,1631323,22300023,"NOV 14, 2023",UTA vs. POR,W,16,0,2,0.0,0,2,0.0,0,0,0.0,0,1,1,0,0,0,0,2,0,11,1,
22023,1631323,22300012,"NOV 10, 2023",UTA @ MEM,W,12,2,3,0.667,2,2,1.0,0,0,0.0,1,1,2,1,2,0,1,2,6,-8,1,
22023,1631323,22300158,"NOV 08, 2023",UTA @ IND,L,18,4,8,0.5,2,5,0.4,0,0,0.0,3,2,5,1,0,1,2,2,10,-15,1,
22023,1631323,22300152,"NOV 06, 2023",UTA @ CHI,L,4,0,2,0.0,0,2,0.0,0,0,0.0,0,0,0,0,0,0,1,0,0,5,1,
22023,1631323,22300138,"NOV 04, 2023",UTA @ MIN,L,10,2,3,0.667,1,1,1.0,0,0,0.0,0,2,2,0,0,0,1,0,5,-7,1,
22023,1631323,22300130,"NOV 02, 2023",UTA vs. ORL,L,7,0,1,0.0,0,1,0.0,0,0,0.0,0,2,2,0,0,0,0,0,0,5,1,
22023,1631323,22300125,"NOV 01, 2023",UTA vs. MEM,W,8,2,5,0.4,1,3,0.333,0,0,0.0,0,1,1,1,0,0,1,1,5,-3,1,
22023,1631323,22300094,"OCT 28, 2023",UTA @ PHX,L,18,5,8,0.625,3,6,0.5,0,0,0.0,1,2,3,0,0,1,2,1,13,6,1,
22023,1631323,22300072,"OCT 25, 2023",UTA vs. SAC,L,2,1,2,0.5,0,1,0.0,0,0,0.0,1,0,1,1,0,0,0,0,2,2,1,
22023,1631367,22300790,"FEB 15, 2024",MEM vs. MIL,W,15,0,3,0.0,0,1,0.0,0,0,0.0,0,1,1,5,1,0,1,0,0,6,1,
22023,1631367,22300751,"FEB 10, 2024",MEM @ CHA,L,21,2,6,0.333,2,6,0.333,0,0,0.0,0,3,3,4,1,0,1,0,6,-2,1,
22023,1631367,22300737,"FEB 08, 2024",MEM vs. CHI,L,20,3,7,0.429,2,6,0.333,0,0,0.0,0,0,0,4,1,0,1,1,8,-4,1,
22023,1631367,22300722,"FEB 06, 2024",MEM @ NYK,L,24,4,6,0.667,4,6,0.667,0,0,0.0,0,3,3,4,0,1,4,2,12,-10,1,
22023,1631367,22300706,"FEB 04, 2024",MEM @ BOS,L,36,5,10,0.5,3,7,0.429,0,0,0.0,0,2,2,6,2,0,3,2,13,-31,1,
22023,1631367,22300693,"FEB 02, 2024",MEM vs. GSW,L,32,5,9,0.556,5,9,0.556,1,1,1.0,1,1,2,5,2,1,1,2,16,-13,1,
22023,1631367,22300687,"FEB 01, 2024",MEM vs. CLE,L,23,2,4,0.5,2,4,0.5,0,0,0.0,0,1,1,6,1,0,0,1,6,1,1,
22023,1631367,22300663,"JAN 29, 2024",MEM vs. SAC,L,16,1,3,0.333,1,2,0.5,0,0,0.0,0,2,2,5,1,0,0,1,3,4,1,
22023,1631367,22300652,"JAN 28, 2024",MEM @ IND,L,5,1,1,1.0,1,1,1.0,0,0,0.0,0,0,0,0,0,0,1,1,3,-11,1,
22023,1631367,22300638,"JAN 26, 2024",MEM vs. ORL,W,13,0,3,0.0,0,3,0.0,0,0,0.0,0,1,1,2,1,0,0,0,0,-3,1,
22023,1631367,22300621,"JAN 24, 2024",MEM @ MIA,W,24,2,5,0.4,2,4,0.5,0,0,0.0,0,0,0,7,1,0,2,1,6,-3,1,
22023,1631367,22300609,"JAN 22, 2024",MEM @ TOR,W,13,2,3,0.667,1,2,0.5,0,0,0.0,0,1,1,2,0,0,0,0,5,3,1,
22023,1631367,22300597,"JAN 20, 2024",MEM @ CHI,L,16,1,3,0.333,1,3,0.333,0,0,0.0,0,1,1,1,1,0,1,0,3,-13,1,
22023,1631367,22300582,"JAN 18, 2024",MEM @ MIN,L,13,0,3,0.0,0,2,0.0,0,0,0.0,0,1,1,3,0,0,0,0,0,-7,1,
22023,1631367,22300560,"JAN 15, 2024",MEM vs. GSW,W,19,4,7,0.571,3,4,0.75,0,0,0.0,0,2,2,3,2,1,0,0,11,11,1,
22023,1631367,22300544,"JAN 13, 2024",MEM vs. NYK,L,32,2,8,0.25,1,6,0.167,0,0,0.0,1,1,2,7,2,0,0,4,5,-12,1,
22023,1631367,22300537,"JAN 12, 2024",MEM vs. LAC,L,20,0,2,0.0,0,2,0.0,0,0,0.0,0,1,1,8,0,0,1,1,0,0,1,
22023,1631367,22300425,"DEC 28, 2023",MEM @ DEN,L,12,2,3,0.667,2,3,0.667,0,0,0.0,0,0,0,1,0,1,0,0,6,-14,1,
22023,1631367,22300355,"DEC 18, 2023",MEM @ OKC,L,34,4,9,0.444,4,6,0.667,0,0,0.0,0,1,1,7,1,0,3,2,12,-3,1,
22023,1631367,22300332,"DEC 15, 2023",MEM vs. HOU,L,16,0,3,0.0,0,2,0.0,0,0,0.0,0,1,1,3,1,0,2,1,0,-4,1,
22023,1631367,22300314,"DEC 13, 2023",MEM @ HOU,L,13,1,1,1.0,1,1,1.0,0,0,0.0,0,0,0,3,0,0,0,0,3,1,1,
22023,1631367,22301221,"DEC 08, 2023",MEM vs. MIN,L,4,0,1,0.0,0,1,0.0,0,0,0.0,0,0,0,2,0,0,0,0,0,0,1,
22023,1631367,22301206,"DEC 06, 2023",MEM @ DET,W,0,0,0,0.0,0,0,0.0,0,0,0.0,0,0,0,0,0,0,0,0,0,0,1,
22023,1631367,22300277,"DEC 01, 2023",MEM @ DAL,W,2,0,0,0.0,0,0,0.0,0,0,0.0,0,0,0,0,0,0,0,0,0,-4,1,
22023,1631367,22300249,"NOV 26, 2023",MEM vs. MIN,L,16,0,2,0.0,0,2,0.0,0,0,0.0,0,0,0,1,0,0,0,0,0,-21,1,
22023,1631367,22300044,"NOV 24, 2023",MEM vs. PHX,L,24,2,5,0.4,1,4,0.25,1,1,1.0,0,0,0,5,0,0,2,2,6,-2,1,
22023,1631367,22300231,"NOV 22, 2023",MEM @ HOU,L,24,2,6,0.333,1,4,0.25,0,0,0.0,1,0,1,4,0,0,0,1,5,-14,1,
22023,1631367,22300213,"NOV 19, 2023",MEM vs. BOS,L,15,1,2,0.5,1,2,0.5,0,0,0.0,1,1,2,5,2,0,1,1,3,-2,1,
22023,1631367,22300206,"NOV 18, 2023",MEM @ SAS,W,12,1,2,0.5,1,2,0.5,0,0,0.0,0,0,0,1,0,0,0,3,3,-14,1,
22023,1631367,22300026,"NOV 14, 2023",MEM @ LAL,L,21,3,5,0.6,3,5,0.6,0,0,0.0,1,2,3,1,2,0,1,2,9,-13,1,
22023,1631367,22300179,"NOV 12, 2023",MEM @ LAC,W,24,2,6,0.333,2,6,0.333,0,0,0.0,1,4,5,3,3,0,0,3,6,3,1,
22023,1631367,22300012,"NOV 10, 2023",MEM vs. UTA,L,34,5,10,0.5,4,9,0.444,0,0,0.0,2,2,4,8,1,0,2,2,14,-12,1,
22023,1631367,22300164,"NOV 08, 2023",MEM vs. MIA,L,15,2,3,0.667,2,3,0.667,0,0,0.0,0,0,0,4,0,0,0,1,6,10,1,
22023,1631367,22300144,"NOV 05, 2023",MEM @ POR,W,11,0,0,0.0,0,0,0.0,0,0,0.0,0,0,0,2,0,1,1,1,0,-5,1,
22023,1631367,22300007,"NOV 03, 2023",MEM @ POR,L,12,0,0,0.0,0,0,0.0,0,0,0.0,0,0,0,3,0,0,1,0,0,17,1,
22023,1631367,22300125,"NOV 01, 2023",MEM @ UTA,L,20,1,2,0.5,1,2,0.5,0,0,0.0,0,3,3,6,1,0,0,0,3,4,1,
22023,1631367,22300106,"OCT 30, 2023",MEM vs. DAL,L,1,0,1,0.0,0,0,0.0,0,0,0.0,0,0,0,0,0,0,0,0,0,0,1,
22023,1641706,22300777,"FEB 14, 2024",CHA vs. ATL,W,36,8,19,0.421,4,9,0.444,6,6,1.0,3,3,6,4,1,3,5,2,26,24,1,
22023,1641706,22300761,"FEB 12, 2024",CHA vs. IND,W,29,4,8,0.5,2,5,0.4,2,2,1.0,0,4,4,1,0,0,1,4,12,5,1,
22023,1641706,22300751,"FEB 10, 2024",CHA vs. MEM,W,31,7,9,0.778,3,4,0.75,1,1,1.0,0,6,6,1,0,0,3,4,18,0,1,
22023,1641706,22300745,"FEB 09, 2024",CHA @ MIL,L,29,6,18,0.333,1,6,0.167,3,4,0.75,2,4,6,3,1,1,2,2,16,-31,1,
22023,1641706,22300726,"FEB 07, 2024",CHA vs. TOR,L,41,9,17,0.529,2,8,0.25,0,0,0.0,0,4,4,1,2,1,4,1,20,-12,1,
22023,1641706,22300713,"FEB 05, 2024",CHA vs. LAL,L,33,13,25,0.52,5,11,0.455,2,2,1.0,1,3,4,3,4,0,2,4,33,3,1,
22023,1641706,22300707,"FEB 04, 2024",CHA vs. IND,L,38,10,25,0.4,5,12,0.417,10,12,0.833,2,4,6,1,1,2,1,1,35,0,1,
22023,1641706,22300695,"FEB 02, 2024",CHA @ OKC,L,32,11,19,0.579,5,8,0.625,1,1,1.0,1,3,4,4,3,2,2,4,28,-17,1,
22023,1641706,22300674,"JAN 31, 2024",CHA vs. CHI,L,38,8,21,0.381,3,10,0.3,2,2,1.0,0,1,1,3,1,0,2,2,21,-17,1,
22023,1641706,22300657,"JAN 29, 2024",CHA vs. NYK,L,39,11,19,0.579,3,6,0.5,4,5,0.8,1,6,7,3,0,1,1,1,29,-19,1,
22023,1641706,22300647,"JAN 27, 2024",CHA vs. UTA,L,37,6,18,0.333,0,7,0.0,0,0,0.0,0,1,1,3,1,0,1,3,12,-6,1,
22023,1641706,22300635,"JAN 26, 2024",CHA vs. HOU,L,20,2,8,0.25,1,3,0.333,0,0,0.0,0,1,1,2,0,0,0,4,5,-25,1,
22023,1641706,22300619,"JAN 24, 2024",CHA @ DET,L,39,8,17,0.471,5,10,0.5,2,3,0.667,1,6,7,4,0,1,2,4,23,-15,1,
22023,1641706,22300610,"JAN 22, 2024",CHA @ MIN,W,29,11,13,0.846,3,4,0.75,2,2,1.0,0,3,3,2,1,0,0,4,27,14,1,
22023,1641706,22300593,"JAN 20, 2024",CHA vs. PHI,L,35,8,17,0.471,2,10,0.2,5,5,1.0,2,5,7,3,0,1,1,1,23,-6,1,
22023,1641706,22300584,"JAN 19, 2024",CHA vs. SAS,W,35,8,14,0.571,4,7,0.571,4,5,0.8,3,6,9,2,2,0,3,0,24,5,1,
22023,1641706,22300541,"JAN 12, 2024",CHA @ SAS,L,9,0,5,0.0,0,1,0.0,1,2,0.5,2,0,2,1,1,0,1,1,1,-5,1,
22023,1641706,22300518,"JAN 10, 2024",CHA vs. SAC,L,28,5,10,0.5,4,6,0.667,1,2,0.5,0,1,1,2,0,0,0,1,15,4,1,
22023,1641706,22300506,"JAN 08, 2024",CHA vs. CHI,L,31,2,11,0.182,0,7,0.0,0,0,0.0,0,6,6,4,1,0,3,4,4,-6,1,
22023,1641706,22300484,"JAN 05, 2024",CHA @ CHI,L,23,3,13,0.231,1,7,0.143,2,2,1.0,0,3,3,1,1,0,0,3,9,3,1,
22023,1641706,22300455,"JAN 01, 2024",CHA @ DEN,L,32,5,17,0.294,3,9,0.333,2,2,1.0,0,5,5,1,0,0,2,1,15,-31,1,
22023,1641706,22300436,"DEC 29, 2023",CHA @ PHX,L,31,7,16,0.438,6,10,0.6,0,0,0.0,1,0,1,3,1,1,0,4,20,-15,1,
22023,1641706,22300428,"DEC 28, 2023",CHA @ LAL,L,29,5,9,0.556,3,5,0.6,4,4,1.0,1,0,1,2,1,1,3,0,17,-4,1,
22023,1641706,22300390,"DEC 23, 2023",CHA vs. DEN,L,11,2,5,0.4,0,2,0.0,0,0,0.0,0,1,1,2,0,0,3,1,4,-4,1,
22023,1641706,22300365,"DEC 20, 2023",CHA @ IND,L,33,9,17,0.529,2,4,0.5,1,2,0.5,2,4,6,3,1,0,1,4,21,-30,1,
22023,1641706,22300354,"DEC 18, 2023",CHA @ TOR,L,37,6,16,0.375,0,5,0.0,2,2,1.0,0,3,3,0,0,1,3,3,14,-6,1,
22023,1641706,22300335,"DEC 16, 2023",CHA vs. PHI,L,29,4,16,0.25,2,7,0.286,4,4,1.0,0,4,4,4,0,1,3,0,14,-28,1,
22023,1641706,22300326,"DEC 15, 2023",CHA vs. NOP,L,35,7,16,0.438,2,5,0.4,0,2,0.0,0,4,4,3,1,0,0,3,16,-1,1,
22023,1641706,22300312,"DEC 13, 2023",CHA @ MIA,L,39,7,16,0.438,4,10,0.4,0,0,0.0,0,2,2,3,3,0,5,3,18,-4,1,
22023,1641706,22300292,"DEC 11, 2023",CHA vs. MIA,L,30,6,14,0.429,3,8,0.375,1,1,1.0,0,4,4,2,0,0,2,5,16,3,1,
22023,1641706,22301216,"DEC 08, 2023",CHA vs. TOR,W,35,7,15,0.467,4,7,0.571,2,2,1.0,0,5,5,3,0,2,4,1,20,2,1,
22023,1641706,22301211,"DEC 06, 2023",CHA @ CHI,L,39,4,14,0.286,3,6,0.5,1,1,1.0,0,6,6,4,1,1,2,3,12,-8,1,
22023,1641706,22300281,"DEC 02, 2023",CHA vs. MIN,L,36,5,13,0.385,2,4,0.5,2,2,1.0,1,4,5,3,0,2,2,3,14,-8,1,
22023,1641706,22300057,"NOV 28, 2023",CHA @ NYK,L,36,7,18,0.389,4,8,0.5,0,0,0.0,0,3,3,2,1,0,3,2,18,-24,1,
22023,1641706,22300248,"NOV 26, 2023",CHA @ ORL,L,33,7,11,0.636,2,3,0.667,4,5,0.8,0,5,5,1,1,0,2,5,20,-1,1,
22023,1641706,22300225,"NOV 22, 2023",CHA vs. WAS,W,31,6,12,0.5,3,6,0.5,0,0,0.0,0,0,0,3,1,0,0,2,15,-2,1,
22023,1641706,22300217,"NOV 20, 2023",CHA vs. BOS,W,40,4,12,0.333,1,4,0.25,0,0,0.0,4,3,7,4,2,1,2,2,9,22,1,
22023,1641706,22300202,"NOV 18, 2023",CHA vs. NYK,L,34,10,15,0.667,5,7,0.714,4,4,1.0,0,3,3,2,0,0,2,3,29,-7,1,
22023,1641706,22300027,"NOV 17, 2023",CHA vs. MIL,L,27,5,12,0.417,0,3,0.0,0,1,0.0,2,2,4,3,1,0,1,2,10,-24,1,
22023,1641706,22300177,"NOV 12, 2023",CHA @ NYK,L,10,5,6,0.833,1,2,0.5,0,1,0.0,1,2,3,0,0,0,0,0,11,4,1,
22023,1641706,22300009,"NOV 10, 2023",CHA @ WAS,W,32,5,16,0.313,0,6,0.0,2,2,1.0,2,1,3,2,1,2,1,5,12,3,1,
22023,1641706,22300157,"NOV 08, 2023",CHA vs. WAS,L,30,5,11,0.455,1,2,0.5,2,3,0.667,2,3,5,2,1,0,2,2,13,-11,1,
22023,1641706,22300143,"NOV 05, 2023",CHA @ DAL,L,36,3,12,0.25,0,5,0.0,1,2,0.5,0,1,1,1,1,0,0,3,7,-9,1,
22023,1641706,22300133,"NOV 04, 2023",CHA @ IND,W,34,4,7,0.571,0,2,0.0,2,2,1.0,1,2,3,1,0,1,0,4,10,17,1,
22023,1641706,22300122,"NOV 01, 2023",CHA @ HOU,L,24,4,9,0.444,1,3,0.333,1,2,0.5,1,4,5,2,0,0,1,5,10,-6,1,
22023,1641706,22300101,"OCT 30, 2023",CHA vs. BKN,L,36,7,16,0.438,2,5,0.4,6,6,1.0,4,5,9,2,0,1,0,3,22,-4,1,
22023,1641706,22300077,"OCT 27, 2023",CHA vs. DET,L,33,6,13,0.462,2,4,0.5,3,4,0.75,2,4,6,2,1,1,3,4,17,-2,1,
22023,1641706,22300063,"OCT 25, 2023",CHA vs. ATL,W,25,5,9,0.556,3,7,0.429,0,0,0.0,0,3,3,2,0,0,1,3,13,-13,1,
22023,1641707,22300576,"FEB 15, 2024",UTA vs. GSW,L,16,1,1,1.0,1,1,1.0,0,0,0.0,1,2,3,0,2,0,2,0,3,-12,1,
22023,1641707,22300788,"FEB 14, 2024",UTA vs. LAL,L,16,4,9,0.444,1,6,0.167,0,0,0.0,2,3,5,1,0,0,0,2,9,-1,1,
22023,1641707,22300769,"FEB 12, 2024",UTA vs. GSW,L,19,0,2,0.0,0,2,0.0,0,0,0.0,0,4,4,0,0,1,2,4,0,-2,1,
22023,1641707,22300739,"FEB 08, 2024",UTA @ PHX,L,18,1,5,0.2,1,2,0.5,0,0,0.0,2,6,8,1,0,1,2,1,3,-13,1,
22023,1641707,22300540,"JAN 12, 2024",UTA vs. TOR,W,4,2,2,1.0,2,2,1.0,0,0,0.0,0,1,1,1,1,0,0,1,6,5,1,
22023,1641707,22300524,"JAN 10, 2024",UTA vs. DEN,W,3,0,1,0.0,0,1,0.0,0,0,0.0,0,0,0,0,0,1,1,0,0,-5,1,
22023,1641707,22300412,"DEC 26, 2023",UTA @ SAS,W,2,0,3,0.0,0,2,0.0,0,0,0.0,0,1,1,0,0,0,1,0,0,-7,1,
22023,1641707,22300374,"DEC 21, 2023",UTA @ DET,W,16,3,5,0.6,1,2,0.5,0,0,0.0,3,1,4,0,0,1,0,0,7,7,1,
22023,1641707,22300357,"DEC 18, 2023",UTA vs. BKN,W,7,0,1,0.0,0,1,0.0,0,0,0.0,0,2,2,1,0,0,1,1,0,-8,1,
22023,1641707,22300342,"DEC 16, 2023",UTA @ SAC,L,21,3,8,0.375,2,5,0.4,4,5,0.8,1,2,3,1,1,0,0,0,12,8,1,
22023,1641707,22300323,"DEC 14, 2023",UTA @ POR,W,25,4,9,0.444,2,5,0.4,0,0,0.0,3,4,7,0,1,0,2,1,10,-21,1,
22023,1641707,22300318,"DEC 13, 2023",UTA vs. NYK,W,20,2,7,0.286,1,3,0.333,0,0,0.0,2,2,4,1,2,1,1,3,5,25,1,
22023,1641707,22300302,"DEC 11, 2023",UTA @ OKC,L,26,3,6,0.5,1,4,0.25,1,1,1.0,0,2,2,2,1,1,0,2,8,5,1,
22023,1641707,22301225,"DEC 08, 2023",UTA vs. LAC,L,12,0,3,0.0,0,2,0.0,0,0,0.0,0,0,0,0,1,0,1,0,0,4,1,
22023,1641707,22301213,"DEC 06, 2023",UTA @ DAL,L,25,4,6,0.667,2,4,0.5,0,0,0.0,1,1,2,0,2,1,2,3,10,-10,1,
22023,1641707,22300289,"DEC 02, 2023",UTA vs. POR,W,18,2,7,0.286,1,4,0.25,0,0,0.0,1,1,2,0,0,2,0,1,5,1,1,
22023,1641707,22300072,"OCT 25, 2023",UTA vs. SAC,L,2,0,0,0.0,0,0,0.0,1,2,0.5,0,1,1,0,0,0,0,0,1,2,1,
22023,1641708,22300783,"FEB 14, 2024",HOU @ MEM,L,34,9,17,0.529,0,0,0.0,1,3,0.333,6,6,12,2,2,1,2,6,19,-13,1,
22023,1641708,22300765,"FEB 12, 2024",HOU vs. NYK,W,38,4,5,0.8,0,0,0.0,0,2,0.0,6,7,13,5,5,0,3,2,8,-5,1,
22023,1641708,22300754,"FEB 10, 2024",HOU @ ATL,L,33,6,10,0.6,0,1,0.0,0,0,0.0,4,7,11,3,1,0,2,5,12,-15,1,
22023,1641708,22300744,"FEB 09, 2024",HOU @ TOR,L,32,4,5,0.8,0,0,0.0,0,0,0.0,2,7,9,4,1,0,6,4,8,-11,1,
22023,1641708,22300719,"FEB 06, 2024",HOU @ IND,L,34,6,12,0.5,0,2,0.0,1,4,0.25,7,6,13,6,0,3,3,3,13,-7,1,
22023,1641708,22300709,"FEB 04, 2024",HOU @ MIN,L,20,2,7,0.286,0,0,0.0,4,6,0.667,3,4,7,2,1,0,0,1,8,-11,1,
22023,1641708,22300692,"FEB 02, 2024",HOU vs. TOR,W,24,9,11,0.818,0,1,0.0,1,2,0.5,1,6,7,4,2,1,2,3,19,27,1,
22023,1641708,22300679,"JAN 31, 2024",HOU vs. NOP,L,17,3,6,0.5,0,1,0.0,4,4,1.0,2,4,6,0,1,0,0,3,10,-5,1,
22023,1641708,22300662,"JAN 29, 2024",HOU vs. LAL,W,12,0,1,0.0,0,0,0.0,0,0,0.0,1,6,7,3,1,0,5,3,0,-3,1,
22023,1641708,22300645,"JAN 27, 2024",HOU @ BKN,L,15,2,3,0.667,1,2,0.5,0,0,0.0,1,3,4,2,3,2,2,3,5,-1,1,
22023,1641708,22300635,"JAN 26, 2024",HOU @ CHA,W,23,4,6,0.667,1,1,1.0,4,6,0.667,2,4,6,8,2,0,1,2,13,25,1,
22023,1641708,22300623,"JAN 24, 2024",HOU vs. POR,L,14,3,5,0.6,0,0,0.0,0,0,0.0,1,2,3,2,0,1,0,3,6,4,1,
22023,1641708,22300603,"JAN 21, 2024",HOU vs. BOS,L,32,5,10,0.5,0,2,0.0,5,6,0.833,3,11,14,5,1,0,2,3,15,-8,1,
22023,1641708,22300598,"JAN 20, 2024",HOU vs. UTA,W,18,2,6,0.333,0,1,0.0,2,2,1.0,4,4,8,2,2,2,0,3,6,8,1,
22023,1641708,22300573,"JAN 17, 2024",HOU @ NYK,L,10,2,3,0.667,0,0,0.0,0,0,0.0,0,1,1,1,1,2,0,2,4,-5,1,
22023,1641708,22300555,"JAN 15, 2024",HOU @ PHI,L,19,7,8,0.875,0,1,0.0,0,1,0.0,2,1,3,0,1,0,1,2,14,-5,1,
22023,1641708,22300542,"JAN 13, 2024",HOU @ BOS,L,25,3,10,0.3,0,0,0.0,4,4,1.0,3,7,10,3,3,0,4,0,10,-14,1,
22023,1641708,22300534,"JAN 12, 2024",HOU @ DET,W,8,1,2,0.5,0,0,0.0,0,0,0.0,0,1,1,2,1,0,0,0,2,-8,1,
22023,1641708,22300523,"JAN 10, 2024",HOU @ CHI,L,14,3,7,0.429,0,3,0.0,0,0,0.0,0,2,2,3,1,0,2,2,6,3,1,
22023,1641708,22300509,"JAN 08, 2024",HOU @ MIA,L,11,1,2,0.5,0,0,0.0,3,3,1.0,0,2,2,1,1,1,2,3,5,-5,1,
22023,1641708,22300496,"JAN 06, 2024",HOU vs. MIL,W,16,2,3,0.667,0,1,0.0,0,0,0.0,1,2,3,5,0,0,1,2,4,7,1,
22023,1641708,22300485,"JAN 05, 2024",HOU vs. MIN,L,20,2,9,0.222,0,2,0.0,2,3,0.667,1,5,6,1,3,0,2,3,6,-20,1,
22023,1641708,22300469,"JAN 03, 2024",HOU vs. BKN,W,20,3,7,0.429,1,3,0.333,3,7,0.429,0,6,6,1,0,0,1,1,10,0,1,
22023,1641708,22300453,"JAN 01, 2024",HOU vs. DET,W,28,5,6,0.833,1,1,1.0,1,1,1.0,1,3,4,6,2,0,2,3,12,10,1,
22023,1641708,22300434,"DEC 29, 2023",HOU vs. PHI,L,9,0,1,0.0,0,0,0.0,1,2,0.5,1,2,3,1,0,0,0,1,1,0,1,
22023,1641708,22300418,"DEC 27, 2023",HOU vs. PHX,L,17,1,6,0.167,0,1,0.0,0,0,0.0,2,2,4,3,0,1,0,2,2,2,1,
22023,1641708,22300409,"DEC 26, 2023",HOU vs. IND,L,12,3,5,0.6,0,0,0.0,1,1,1.0,2,2,4,0,2,0,1,1,7,9,1,
22023,1641708,22300392,"DEC 23, 2023",HOU @ NOP,W,10,0,1,0.0,0,1,0.0,2,4,0.5,0,0,0,0,1,0,0,0,2,3,1,
22023,1641708,22300385,"DEC 22, 2023",HOU vs. DAL,W,22,4,9,0.444,0,2,0.0,1,2,0.5,0,6,6,4,1,0,3,4,9,-3,1,
22023,1641708,22300371,"DEC 20, 2023",HOU vs. ATL,L,8,1,2,0.5,0,0,0.0,0,0,0.0,0,2,2,0,0,0,0,1,2,-10,1,
22023,1641708,22300298,"DEC 11, 2023",HOU vs. SAS,W,10,1,2,0.5,0,1,0.0,0,0,0.0,2,3,5,1,0,0,0,1,2,7,1,
22023,1641708,22300122,"NOV 01, 2023",HOU vs. CHA,W,13,1,3,0.333,0,1,0.0,2,2,1.0,0,1,1,1,1,0,1,3,4,10,1,
22023,1641708,22300096,"OCT 29, 2023",HOU vs. GSW,L,20,3,5,0.6,1,2,0.5,2,2,1.0,0,4,4,0,1,0,0,3,9,2,1,
22023,1641708,22300083,"OCT 27, 2023",HOU @ SAS,L,13,2,4,0.5,0,1,0.0,0,2,0.0,0,1,1,3,0,1,1,1,4,1,1,
22023,1641708,22300066,"OCT 25, 2023",HOU @ ORL,L,21,3,10,0.3,1,7,0.143,1,2,0.5,1,4,5,2,0,0,4,2,8,-34,1,
22023,1641709,22300787,"FEB 14, 2024",DET @ PHX,L,29,7,13,0.538,0,0,0.0,0,3,0.0,4,3,7,1,2,1,0,4,14,0,1,
22023,1641709,22300776,"FEB 13, 2024",DET @ LAL,L,29,9,13,0.692,1,2,0.5,0,0,0.0,1,1,2,0,1,0,1,4,19,-8,1,
22023,1641709,22300749,"FEB 10, 2024",DET @ LAC,L,28,5,12,0.417,0,2,0.0,0,0,0.0,4,4,8,5,2,0,2,2,10,3,1,
22023,1641709,22300741,"FEB 08, 2024",DET @ POR,W,29,3,9,0.333,0,0,0.0,0,2,0.0,2,3,5,1,1,0,0,4,6,20,1,
22023,1641709,22300732,"FEB 07, 2024",DET @ SAC,W,27,5,6,0.833,0,0,0.0,2,2,1.0,1,5,6,2,2,1,2,5,12,12,1,
22023,1641709,22300704,"FEB 04, 2024",DET vs. ORL,L,27,7,10,0.7,1,3,0.333,2,3,0.667,4,3,7,1,1,3,2,1,17,-8,1,
22023,1641709,22300688,"FEB 02, 2024",DET vs. LAC,L,26,1,4,0.25,0,1,0.0,1,2,0.5,4,3,7,1,2,1,1,1,3,-11,1,
22023,1641709,22300675,"JAN 31, 2024",DET @ CLE,L,18,2,3,0.667,0,1,0.0,0,0,0.0,1,5,6,2,2,0,2,0,4,19,1,
22023,1641709,22300654,"JAN 28, 2024",DET vs. OKC,W,20,3,7,0.429,0,1,0.0,3,3,1.0,2,2,4,1,1,1,0,1,9,16,1,
22023,1641709,22300642,"JAN 27, 2024",DET vs. WAS,L,17,4,6,0.667,0,2,0.0,0,0,0.0,2,0,2,0,1,2,1,0,8,-18,1,
22023,1641709,22300619,"JAN 24, 2024",DET vs. CHA,W,27,3,4,0.75,0,1,0.0,1,2,0.5,0,2,2,1,2,0,2,4,7,3,1,
22023,1641709,22300606,"JAN 22, 2024",DET vs. MIL,L,19,0,1,0.0,0,0,0.0,0,2,0.0,1,4,5,1,0,0,0,2,0,11,1,
22023,1641709,22300592,"JAN 20, 2024",DET vs. MIL,L,32,10,15,0.667,2,2,1.0,0,0,0.0,5,4,9,1,0,1,1,4,22,6,1,
22023,1641709,22300569,"JAN 17, 2024",DET vs. MIN,L,22,3,6,0.5,0,2,0.0,1,5,0.2,3,6,9,1,0,1,0,0,7,-6,1,
22023,1641709,22300558,"JAN 15, 2024",DET @ WAS,W,27,6,8,0.75,0,1,0.0,2,3,0.667,1,7,8,2,3,0,0,2,14,9,1,
22023,1641709,22300534,"JAN 12, 2024",DET vs. HOU,L,18,2,3,0.667,0,1,0.0,0,0,0.0,2,6,8,0,0,0,1,2,4,5,1,
22023,1641709,22300519,"JAN 10, 2024",DET vs. SAS,L,15,1,6,0.167,0,3,0.0,1,1,1.0,0,6,6,1,0,1,1,4,3,-10,1,
22023,1641709,22300512,"JAN 09, 2024",DET vs. SAC,L,14,0,2,0.0,0,0,0.0,0,0,0.0,0,2,2,0,3,0,0,3,0,-2,1,
22023,1641709,22300502,"JAN 07, 2024",DET @ DEN,L,20,2,5,0.4,0,1,0.0,1,2,0.5,3,2,5,4,0,0,1,2,5,0,1,
22023,1641709,22300490,"JAN 05, 2024",DET @ GSW,L,9,0,3,0.0,0,1,0.0,2,2,1.0,0,4,4,1,2,0,1,3,2,3,1,
22023,1641709,22300474,"JAN 03, 2024",DET @ UTA,L,11,1,4,0.25,0,1,0.0,0,2,0.0,2,1,3,1,1,1,0,2,2,6,1,
22023,1641709,22300453,"JAN 01, 2024",DET @ HOU,L,24,2,4,0.5,0,0,0.0,1,2,0.5,1,3,4,2,0,2,2,2,5,-10,1,
22023,1641709,22300440,"DEC 30, 2023",DET vs. TOR,W,12,2,4,0.5,0,2,0.0,2,2,1.0,0,1,1,0,0,0,0,1,6,3,1,
22023,1641709,22300421,"DEC 28, 2023",DET @ BOS,L,12,1,2,0.5,0,1,0.0,0,0,0.0,0,3,3,2,0,0,0,1,2,-1,1,
22023,1641709,22300406,"DEC 26, 2023",DET vs. BKN,L,9,0,2,0.0,0,0,0.0,2,2,1.0,0,1,1,1,1,1,0,2,2,-5,1,
22023,1641709,22300394,"DEC 23, 2023",DET @ BKN,L,31,2,7,0.286,1,3,0.333,2,3,0.667,1,4,5,2,1,0,0,2,7,-2,1,
22023,1641709,22300374,"DEC 21, 2023",DET vs. UTA,L,19,3,3,1.0,0,0,0.0,1,2,0.5,1,1,2,1,1,2,3,2,7,-18,1,
22023,1641709,22300352,"DEC 18, 2023",DET @ ATL,L,19,1,5,0.2,0,1,0.0,0,0,0.0,3,5,8,3,1,0,2,2,2,-16,1,
22023,1641709,22300334,"DEC 16, 2023",DET @ MIL,L,24,3,6,0.5,1,3,0.333,0,0,0.0,0,6,6,1,0,0,0,4,7,-17,1,
22023,1641709,22300327,"DEC 15, 2023",DET @ PHI,L,22,3,5,0.6,0,0,0.0,2,2,1.0,0,3,3,1,0,1,1,2,8,-15,1,
22023,1641709,22300310,"DEC 13, 2023",DET vs. PHI,L,30,5,7,0.714,0,1,0.0,0,0,0.0,2,6,8,3,1,0,0,3,10,-1,1,
22023,1641709,22300293,"DEC 11, 2023",DET vs. IND,L,33,8,10,0.8,1,2,0.5,3,5,0.6,2,4,6,2,1,1,1,4,20,-8,1,
22023,1641709,22301217,"DEC 08, 2023",DET @ ORL,L,20,2,12,0.167,0,5,0.0,1,2,0.5,1,1,2,2,1,0,0,3,5,-15,1,
22023,1641709,22301206,"DEC 06, 2023",DET vs. MEM,L,16,2,6,0.333,1,4,0.25,0,0,0.0,2,2,4,0,0,0,0,0,5,-15,1,
22023,1641709,22300283,"DEC 02, 2023",DET vs. CLE,L,16,2,6,0.333,0,2,0.0,0,0,0.0,4,4,8,0,0,0,2,5,4,-14,1,
22023,1641709,22300268,"NOV 30, 2023",DET @ NYK,L,13,1,2,0.5,1,1,1.0,0,0,0.0,1,6,7,0,0,0,3,5,3,-13,1,
22023,1641709,22300258,"NOV 29, 2023",DET vs. LAL,L,21,6,11,0.545,0,3,0.0,0,0,0.0,1,5,6,0,1,0,0,4,12,-23,1,
22023,1641709,22300253,"NOV 27, 2023",DET vs. WAS,L,28,8,14,0.571,0,2,0.0,0,0,0.0,0,4,4,2,2,1,1,4,16,-3,1,
22023,1641709,22300047,"NOV 24, 2023",DET @ IND,L,30,4,5,0.8,0,0,0.0,0,0,0.0,1,5,6,3,0,2,1,2,8,6,1,
22023,1641709,22300218,"NOV 20, 2023",DET vs. DEN,L,24,4,10,0.4,0,0,0.0,0,0,0.0,3,4,7,0,0,2,0,5,8,-7,1,
22023,1641709,22300211,"NOV 19, 2023",DET @ TOR,L,30,3,5,0.6,0,1,0.0,3,4,0.75,1,9,10,2,1,1,5,6,9,-21,1,
22023,1641709,22300030,"NOV 17, 2023",DET @ CLE,L,17,4,8,0.5,0,1,0.0,1,3,0.333,5,5,10,2,0,0,5,4,9,-5,1,
22023,1641709,22300018,"NOV 14, 2023",DET vs. ATL,L,35,9,12,0.75,0,1,0.0,3,6,0.5,1,7,8,5,3,2,2,3,21,-4,1,
22023,1641709,22300181,"NOV 12, 2023",DET @ CHI,L,32,2,9,0.222,0,1,0.0,5,7,0.714,6,10,16,2,0,2,3,1,9,-19,1,
22023,1641709,22300008,"NOV 10, 2023",DET vs. PHI,L,32,6,11,0.545,0,1,0.0,0,1,0.0,3,10,13,4,1,3,2,4,12,2,1,
22023,1641709,22300165,"NOV 08, 2023",DET @ MIL,L,37,3,8,0.375,0,1,0.0,0,0,0.0,3,12,15,3,0,1,2,4,6,-6,1,
22023,1641709,22300145,"NOV 06, 2023",DET vs. GSW,L,38,6,10,0.6,1,4,0.25,3,3,1.0,4,3,7,2,4,0,1,2,16,3,1,
22023,1641709,22300140,"NOV 05, 2023",DET vs. PHX,L,38,6,14,0.429,2,3,0.667,0,0,0.0,5,4,9,4,4,4,1,3,14,-13,1,
22023,1641709,22300129,"NOV 02, 2023",DET @ NOP,L,25,5,17,0.294,0,6,0.0,6,7,0.857,5,2,7,5,0,1,3,5,16,-16,1,
22023,1641709,22300115,"NOV 01, 2023",DET vs. POR,L,30,8,14,0.571,0,3,0.0,0,0,0.0,3,4,7,2,2,0,2,4,16,-9,1,
22023,1641709,22300109,"OCT 30, 2023",DET @ OKC,L,31,6,14,0.429,0,2,0.0,3,4,0.75,7,3,10,3,1,3,3,4,15,-13,1,
22023,1641709,22300088,"OCT 28, 2023",DET vs. CHI,W,31,3,7,0.429,0,2,0.0,3,4,0.75,3,9,12,5,1,1,2,3,9,6,1,
22023,1641709,22300077,"OCT 27, 2023",DET @ CHA,W,30,2,9,0.222,0,1,0.0,2,2,1.0,4,9,13,6,0,1,3,5,6,10,1,
22023,1641709,22300068,"OCT 25, 2023",DET @ MIA,L,27,1,7,0.143,1,2,0.5,1,2,0.5,3,4,7,3,0,5,2,2,4,-14,1,
22023,1641710,22300778,"FEB 14, 2024",ORL vs. NYK,W,23,2,7,0.286,0,2,0.0,0,0,0.0,2,0,2,2,1,0,1,4,4,-1,1,
22023,1641710,22300772,"FEB 13, 2024",ORL vs. OKC,L,2,0,0,0.0,0,0,0.0,1,2,0.5,0,0,0,0,0,0,1,0,1,3,1,
22023,1641710,22300734,"FEB 08, 2024",ORL vs. SAS,W,3,0,0,0.0,0,0,0.0,0,0,0.0,0,0,0,2,0,0,0,1,0,-3,1,
22023,1641710,22300721,"FEB 06, 2024",ORL @ MIA,L,3,0,1,0.0,0,0,0.0,0,0,0.0,0,1,1,0,0,0,1,0,0,-2,1,
22023,1641710,22300704,"FEB 04, 2024",ORL @ DET,W,0,0,0,0.0,0,0,0.0,0,0,0.0,0,0,0,0,0,0,0,0,0,-2,1,
22023,1641710,22300681,"JAN 31, 2024",ORL @ SAS,W,17,0,0,0.0,0,0,0.0,2,2,1.0,0,0,0,1,0,0,0,2,2,4,1,
22023,1641710,22300666,"JAN 29, 2024",ORL @ DAL,L,30,7,9,0.778,4,4,1.0,2,2,1.0,0,3,3,1,0,1,1,3,20,-11,1,
22023,1641710,22300655,"JAN 28, 2024",ORL vs. PHX,W,13,1,2,0.5,0,1,0.0,2,2,1.0,0,1,1,1,0,1,0,1,4,4,1,
22023,1641710,22300638,"JAN 26, 2024",ORL @ MEM,L,27,0,3,0.0,0,1,0.0,2,4,0.5,2,1,3,1,0,0,1,5,2,1,1,
22023,1641710,22300607,"JAN 22, 2024",ORL vs. CLE,L,18,3,6,0.5,0,1,0.0,1,2,0.5,1,0,1,2,1,0,0,0,7,-18,1,
22023,1641710,22300601,"JAN 21, 2024",ORL vs. MIA,W,14,2,5,0.4,1,2,0.5,1,2,0.5,0,0,0,1,0,0,1,3,6,-3,1,
22023,1641710,22300585,"JAN 19, 2024",ORL vs. PHI,L,13,1,2,0.5,1,2,0.5,4,4,1.0,0,3,3,3,0,1,0,2,7,-2,1,
22023,1641710,22300570,"JAN 17, 2024",ORL @ ATL,L,0,0,0,0.0,0,0,0.0,0,0,0.0,0,0,0,0,0,0,0,0,0,0,1,
22023,1641710,22300546,"JAN 13, 2024",ORL @ OKC,L,33,5,8,0.625,0,1,0.0,3,6,0.5,0,4,4,1,1,1,1,2,13,-9,1,
22023,1641710,22300535,"JAN 12, 2024",ORL @ MIA,L,9,0,1,0.0,0,0,0.0,1,2,0.5,0,3,3,1,1,0,0,0,1,4,1,
22023,1641710,22300513,"JAN 09, 2024",ORL vs. MIN,L,21,1,4,0.25,1,3,0.333,0,0,0.0,0,1,1,4,3,1,2,2,3,0,1,
22023,1641710,22300499,"JAN 07, 2024",ORL vs. ATL,W,12,0,2,0.0,0,1,0.0,0,0,0.0,0,0,0,0,1,0,1,1,0,-10,1,
22023,1641710,22300488,"JAN 05, 2024",ORL @ DEN,W,5,0,1,0.0,0,0,0.0,0,0,0.0,0,0,0,1,0,0,0,1,0,-6,1,
22023,1641710,22300476,"JAN 03, 2024",ORL @ SAC,L,25,4,7,0.571,1,1,1.0,0,0,0.0,1,1,2,4,0,0,1,1,9,-1,1,
22023,1641710,22300463,"JAN 02, 2024",ORL @ GSW,L,13,0,2,0.0,0,1,0.0,0,0,0.0,0,0,0,0,1,0,1,2,0,-1,1,
22023,1641710,22300450,"DEC 31, 2023",ORL @ PHX,L,22,1,3,0.333,0,1,0.0,0,0,0.0,0,2,2,0,0,0,2,2,2,-19,1,
22023,1641710,22300429,"DEC 29, 2023",ORL vs. NYK,W,29,2,2,1.0,0,0,0.0,0,0,0.0,2,4,6,5,2,0,1,4,4,0,1,
22023,1641710,22300415,"DEC 27, 2023",ORL vs. PHI,L,23,1,6,0.167,1,3,0.333,0,0,0.0,1,3,4,4,1,1,0,2,3,-3,1,
22023,1641710,22300407,"DEC 26, 2023",ORL @ WAS,W,33,9,13,0.692,4,6,0.667,1,1,1.0,1,5,6,1,4,0,5,4,23,-2,1,
22023,1641710,22300391,"DEC 23, 2023",ORL @ IND,W,28,2,3,0.667,0,0,0.0,4,4,1.0,0,3,3,2,1,1,2,2,8,-3,1,
22023,1641710,22300378,"DEC 21, 2023",ORL @ MIL,L,20,0,0,0.0,0,0,0.0,1,2,0.5,0,2,2,1,1,2,1,2,1,-20,1,
22023,1641710,22300366,"DEC 20, 2023",ORL vs. MIA,L,22,2,4,0.5,0,1,0.0,0,0,0.0,1,1,2,4,0,0,0,3,4,2,1,
22023,1641710,22300344,"DEC 17, 2023",ORL @ BOS,L,17,2,5,0.4,1,3,0.333,0,3,0.0,1,1,2,3,1,0,0,1,5,17,1,
22023,1641710,22300329,"DEC 15, 2023",ORL @ BOS,L,28,5,8,0.625,3,5,0.6,0,0,0.0,3,6,9,4,0,0,0,2,13,0,1,
22023,1641710,22300294,"DEC 11, 2023",ORL vs. CLE,W,19,0,2,0.0,0,1,0.0,0,0,0.0,0,1,1,0,3,1,1,3,0,12,1,
22023,1641710,22301217,"DEC 08, 2023",ORL vs. DET,W,25,2,4,0.5,0,1,0.0,2,4,0.5,1,4,5,3,0,0,1,2,6,7,1,
22023,1641710,22301205,"DEC 06, 2023",ORL @ CLE,L,15,5,5,1.0,0,0,0.0,1,1,1.0,0,0,0,0,0,0,0,1,11,-7,1,
22023,1641710,22300282,"DEC 02, 2023",ORL @ BKN,L,19,1,1,1.0,0,0,0.0,0,0,0.0,0,3,3,1,0,0,0,3,2,-5,1,
22023,1641710,22300274,"DEC 01, 2023",ORL vs. WAS,W,23,2,4,0.5,1,1,1.0,1,2,0.5,0,2,2,3,0,1,1,3,6,-5,1,
22023,1641710,22300259,"NOV 29, 2023",ORL vs. WAS,W,27,3,5,0.6,1,2,0.5,0,0,0.0,0,5,5,3,0,1,2,1,7,4,1,
22023,1641710,22300248,"NOV 26, 2023",ORL vs. CHA,W,15,1,4,0.25,0,1,0.0,0,0,0.0,0,0,0,3,0,0,0,3,2,-2,1,
22023,1641710,22300043,"NOV 24, 2023",ORL vs. BOS,W,6,0,1,0.0,0,0,0.0,0,0,0.0,0,1,1,0,0,0,1,1,0,-6,1,
22023,1641710,22300226,"NOV 22, 2023",ORL vs. DEN,W,15,0,1,0.0,0,0,0.0,0,0,0.0,0,1,1,1,0,0,3,2,0,4,1,
22023,1641710,22300038,"NOV 21, 2023",ORL vs. TOR,W,23,2,7,0.286,0,3,0.0,1,2,0.5,2,3,5,1,1,0,0,3,5,7,1,
22023,1641710,22300209,"NOV 19, 2023",ORL @ IND,W,24,1,5,0.2,0,2,0.0,5,6,0.833,0,5,5,1,0,2,2,5,7,-6,1,
22023,1641710,22300033,"NOV 17, 2023",ORL @ CHI,W,11,1,2,0.5,0,0,0.0,0,1,0.0,0,0,0,0,0,0,3,0,2,-4,1,
22023,1641710,22300196,"NOV 15, 2023",ORL @ CHI,W,27,3,8,0.375,0,2,0.0,1,2,0.5,2,2,4,2,0,0,2,3,7,-2,1,
22023,1641710,22300020,"NOV 14, 2023",ORL @ BKN,L,19,1,4,0.25,0,3,0.0,0,0,0.0,0,0,0,1,0,0,1,2,2,-4,1,
22023,1641710,22300173,"NOV 11, 2023",ORL vs. MIL,W,28,1,3,0.333,0,1,0.0,0,0,0.0,0,0,0,3,0,0,1,2,2,6,1,
22023,1641710,22300172,"NOV 09, 2023",ORL vs. ATL,L,17,3,4,0.75,1,2,0.5,2,2,1.0,2,1,3,1,1,1,1,3,9,-3,1,
22023,1641710,22300147,"NOV 06, 2023",ORL vs. DAL,L,33,3,7,0.429,2,4,0.5,0,0,0.0,2,3,5,2,0,0,1,2,8,-13,1,
22023,1641710,22300134,"NOV 04, 2023",ORL vs. LAL,W,30,4,6,0.667,2,3,0.667,1,1,1.0,1,3,4,2,1,0,0,2,11,32,1,
22023,1641710,22300130,"NOV 02, 2023",ORL @ UTA,W,16,4,4,1.0,0,0,0.0,1,3,0.333,1,2,3,1,2,0,1,2,9,6,1,
22023,1641710,22300114,"OCT 31, 2023",ORL @ LAC,L,4,0,0,0.0,0,0,0.0,0,0,0.0,0,0,0,1,0,0,0,1,0,-1,1,
22023,1641710,22300066,"OCT 25, 2023",ORL vs. HOU,W,5,2,2,1.0,0,0,0.0,1,1,1.0,0,0,0,1,0,2,0,0,5,9,1,
22023,1641711,22300782,"FEB 14, 2024",TOR vs. IND,L,21,3,7,0.429,1,4,0.25,0,0,0.0,0,1,1,1,1,0,1,2,7,1,1,
22023,1641711,22300764,"FEB 12, 2024",TOR vs. SAS,L,22,7,10,0.7,4,5,0.8,0,0,0.0,1,1,2,0,0,0,1,1,18,-12,1,
22023,1641711,22300756,"FEB 10, 2024",TOR vs. CLE,L,22,4,8,0.5,3,6,0.5,3,3,1.0,0,0,0,1,0,0,1,2,14,-22,1,
22023,1641711,22300744,"FEB 09, 2024",TOR vs. HOU,W,20,2,5,0.4,2,5,0.4,0,0,0.0,0,1,1,1,1,0,0,3,6,-7,1,
22023,1641711,22300726,"FEB 07, 2024",TOR @ CHA,W,15,2,2,1.0,2,2,1.0,0,0,0.0,0,1,1,2,0,0,1,0,6,9,1,
22023,1641711,22300718,"FEB 05, 2024",TOR @ NOP,L,30,9,16,0.563,4,8,0.5,0,0,0.0,0,4,4,2,1,0,0,2,22,-24,1,
22023,1641711,22300710,"FEB 04, 2024",TOR @ OKC,L,10,2,2,1.0,0,0,0.0,2,2,1.0,0,0,0,1,0,0,0,0,6,4,1,
22023,1641711,22300692,"FEB 02, 2024",TOR @ HOU,L,24,1,8,0.125,0,4,0.0,1,2,0.5,1,6,7,0,3,0,1,1,3,-19,1,
22023,1641711,22300672,"JAN 30, 2024",TOR @ CHI,W,20,0,1,0.0,0,1,0.0,0,0,0.0,0,3,3,4,1,0,0,2,0,2,1,
22023,1641711,22300653,"JAN 28, 2024",TOR @ ATL,L,25,5,12,0.417,3,5,0.6,2,3,0.667,3,2,5,3,1,0,2,3,15,19,1,
22023,1641711,22300637,"JAN 26, 2024",TOR vs. LAC,L,21,3,7,0.429,0,3,0.0,0,0,0.0,1,3,4,2,1,0,0,3,6,-3,1,
22023,1641711,22300609,"JAN 22, 2024",TOR vs. MEM,L,15,0,1,0.0,0,1,0.0,0,0,0.0,1,2,3,0,0,0,1,0,0,5,1,
22023,1641711,22300596,"JAN 20, 2024",TOR @ NYK,L,16,4,7,0.571,3,6,0.5,0,0,0.0,0,2,2,1,1,0,0,1,11,-2,1,
22023,1641711,22300574,"JAN 17, 2024",TOR vs. MIA,W,12,2,2,1.0,2,2,1.0,0,0,0.0,0,0,0,4,2,0,2,2,6,14,1,
22023,1641711,22300540,"JAN 12, 2024",TOR @ UTA,L,12,0,3,0.0,0,2,0.0,0,0,0.0,0,1,1,2,0,0,0,1,0,-8,1,
22023,1641711,22300416,"DEC 27, 2023",TOR @ WAS,W,5,1,1,1.0,0,0,0.0,1,1,1.0,0,0,0,0,1,0,0,0,3,4,1,
22023,1641711,22300382,"DEC 22, 2023",TOR @ PHI,L,2,0,0,0.0,0,0,0.0,0,0,0.0,0,0,0,0,1,0,0,0,0,5,1,
22023,1641711,22300330,"DEC 15, 2023",TOR vs. ATL,L,3,1,3,0.333,1,3,0.333,0,0,0.0,0,0,0,0,0,0,0,0,3,1,1,
22023,1641711,22300297,"DEC 11, 2023",TOR @ NYK,L,4,1,1,1.0,0,0,0.0,0,0,0.0,0,0,0,0,0,0,0,1,2,-6,1,
22023,1641711,22300046,"NOV 24, 2023",TOR vs. CHI,W,9,0,0,0.0,0,0,0.0,2,2,1.0,0,1,1,0,0,0,1,1,2,2,1,
22023,1641711,22300038,"NOV 21, 2023",TOR @ ORL,L,12,1,4,0.25,1,3,0.333,0,0,0.0,0,2,2,2,0,0,0,0,3,-2,1,
22023,1641711,22300211,"NOV 19, 2023",TOR vs. DET,W,12,1,3,0.333,1,2,0.5,2,2,1.0,0,0,0,0,1,0,0,2,5,-3,1,
22023,1641711,22300031,"NOV 17, 2023",TOR vs. BOS,L,10,0,5,0.0,0,4,0.0,0,0,0.0,0,1,1,1,0,0,2,0,0,-10,1,
22023,1641711,22300195,"NOV 15, 2023",TOR vs. MIL,L,26,2,10,0.2,1,6,0.167,6,6,1.0,0,0,0,2,1,0,1,4,11,-29,1,
22023,1641711,22300189,"NOV 13, 2023",TOR vs. WAS,W,24,3,4,0.75,2,3,0.667,0,0,0.0,3,1,4,2,0,0,2,2,8,2,1,
22023,1641711,22300174,"NOV 11, 2023",TOR @ BOS,L,15,1,4,0.25,0,2,0.0,2,2,1.0,0,1,1,1,0,0,1,1,4,-4,1,
22023,1641711,22300168,"NOV 08, 2023",TOR @ DAL,W,7,0,1,0.0,0,0,0.0,0,0,0.0,0,0,0,0,0,0,2,1,0,0,1,
22023,1641711,22300141,"NOV 05, 2023",TOR @ SAS,W,14,0,2,0.0,0,2,0.0,0,0,0.0,1,2,3,4,0,0,1,1,0,0,1,
22023,1641711,22300128,"NOV 02, 2023",TOR @ PHI,L,14,0,2,0.0,0,0,0.0,0,0,0.0,0,0,0,1,0,0,1,1,0,-17,1,
22023,1641711,22300116,"NOV 01, 2023",TOR vs. MIL,W,21,2,10,0.2,1,8,0.125,0,0,0.0,0,1,1,0,0,0,0,1,5,-3,1,
22023,1641711,22300105,"OCT 30, 2023",TOR vs. POR,L,21,2,7,0.286,0,3,0.0,0,0,0.0,1,5,6,0,2,0,0,3,4,-9,1,
22023,1641711,22300092,"OCT 28, 2023",TOR vs. PHI,L,28,5,8,0.625,4,6,0.667,2,2,1.0,2,0,2,1,0,0,1,5,16,1,1,
22023,1641711,22300082,"OCT 27, 2023",TOR @ CHI,L,6,0,2,0.0,0,2,0.0,0,0,0.0,0,1,1,0,0,0,0,0,0,-6,1,
22023,1641711,22300069,"OCT 25, 2023",TOR vs. MIN,W,2,0,1,0.0,0,0,0.0,0,0,0.0,0,0,0,1,0,0,0,1,0,1,1,
22023,1641712,22300668,"JAN 29, 2024",POR vs. PHI,W,5,0,2,0.0,0,0,0.0,0,0,0.0,1,1,2,0,1,0,0,0,0,7,1,
22023,1641712,22300641,"JAN 26, 2024",POR @ SAS,L,8,1,1,1.0,1,1,1.0,0,0,0.0,0,0,0,1,0,0,0,1,3,-6,1,
22023,1641712,22300605,"JAN 21, 2024",POR @ LAL,L,6,2,5,0.4,0,2,0.0,2,2,1.0,1,0,1,0,0,0,0,0,6,-1,1,
22023,1641712,22300554,"JAN 14, 2024",POR vs. PHX,L,14,4,5,0.8,3,3,1.0,0,0,0.0,2,3,5,2,0,0,1,2,11,4,1,
22023,1641712,22300538,"JAN 12, 2024",POR @ MIN,L,7,1,2,0.5,0,0,0.0,1,2,0.5,0,1,1,1,0,0,0,0,3,11,1,
22023,1641712,22300529,"JAN 11, 2024",POR @ OKC,L,12,1,5,0.2,1,2,0.5,0,0,0.0,0,3,3,2,0,0,0,0,3,0,1,
22023,1641712,22300514,"JAN 09, 2024",POR @ NYK,L,12,2,5,0.4,0,1,0.0,0,0,0.0,1,4,5,1,0,0,1,0,4,8,1,
22023,1641712,22300487,"JAN 05, 2024",POR @ DAL,L,19,3,5,0.6,1,2,0.5,0,0,0.0,1,2,3,0,0,0,2,3,7,-12,1,
22023,1641712,22300399,"DEC 23, 2023",POR @ GSW,L,5,0,1,0.0,0,0,0.0,0,0,0.0,0,0,0,2,0,0,0,0,0,-1,1,
22023,1641712,22300237,"NOV 22, 2023",POR vs. UTA,W,6,0,2,0.0,0,1,0.0,0,0,0.0,0,0,0,0,0,0,0,0,0,-14,1,
22023,1641712,22300041,"NOV 21, 2023",POR @ PHX,L,2,0,1,0.0,0,0,0.0,0,0,0.0,0,0,0,1,1,0,0,0,0,3,1,
22023,1641712,22300215,"NOV 19, 2023",POR vs. OKC,L,12,1,5,0.2,1,3,0.333,1,2,0.5,1,0,1,1,1,0,1,0,4,-8,1,
22023,1641712,22300199,"NOV 15, 2023",POR vs. CLE,L,3,0,1,0.0,0,1,0.0,0,0,0.0,0,0,0,0,0,0,1,1,0,0,1,
22023,1641712,22300023,"NOV 14, 2023",POR @ UTA,L,3,0,2,0.0,0,0,0.0,1,2,0.5,0,0,0,0,0,0,0,0,1,-1,1,
22023,1641712,22300098,"OCT 29, 2023",POR @ PHI,L,5,0,1,0.0,0,1,0.0,0,0,0.0,0,0,0,0,0,0,0,0,0,-7,1,
22023,1641712,22300074,"OCT 25, 2023",POR @ LAC,L,2,0,0,0.0,0,0,0.0,0,0,0.0,0,0,0,0,0,0,0,0,0,3,1,
22023,1641713,22300790,"FEB 15, 2024",MEM vs. MIL,W,30,10,17,0.588,6,10,0.6,1,3,0.333,0,1,1,0,0,1,3,3,27,12,1,
22023,1641713,22300783,"FEB 14, 2024",MEM vs. HOU,W,24,8,15,0.533,3,5,0.6,1,2,0.5,3,6,9,0,0,3,1,2,20,2,1,
22023,1641713,22300751,"FEB 10, 2024",MEM @ CHA,L,26,7,14,0.5,2,6,0.333,0,1,0.0,1,0,1,2,2,1,1,1,16,-4,1,
22023,1641713,22300737,"FEB 08, 2024",MEM vs. CHI,L,32,9,18,0.5,4,9,0.444,5,6,0.833,4,5,9,1,1,0,0,2,27,-13,1,
22023,1641713,22300722,"FEB 06, 2024",MEM @ NYK,L,21,5,10,0.5,3,6,0.5,3,6,0.5,0,5,5,1,1,2,1,1,16,14,1,
22023,1641713,22300706,"FEB 04, 2024",MEM @ BOS,L,36,8,24,0.333,2,10,0.2,0,0,0.0,2,5,7,1,2,0,4,0,18,-35,1,
22023,1641713,22300693,"FEB 02, 2024",MEM vs. GSW,L,16,0,3,0.0,0,2,0.0,1,2,0.5,0,1,1,1,0,0,1,1,1,-8,1,
22023,1641713,22300687,"FEB 01, 2024",MEM vs. CLE,L,29,3,14,0.214,1,8,0.125,3,4,0.75,2,3,5,2,0,2,1,2,10,2,1,
22023,1641713,22300663,"JAN 29, 2024",MEM vs. SAC,L,30,4,14,0.286,3,10,0.3,1,1,1.0,1,5,6,2,1,0,2,0,12,0,1,
22023,1641713,22300652,"JAN 28, 2024",MEM @ IND,L,29,6,9,0.667,2,4,0.5,4,5,0.8,1,3,4,1,1,1,0,0,18,0,1,
22023,1641713,22300638,"JAN 26, 2024",MEM vs. ORL,W,11,2,2,1.0,0,0,0.0,1,1,1.0,0,0,0,1,0,0,0,2,5,4,1,
22023,1641713,22300621,"JAN 24, 2024",MEM @ MIA,W,26,5,9,0.556,4,6,0.667,3,4,0.75,0,4,4,2,0,0,1,3,17,20,1,
22023,1641713,22300609,"JAN 22, 2024",MEM @ TOR,W,21,3,5,0.6,1,3,0.333,0,0,0.0,0,5,5,1,1,1,0,0,7,6,1,
22023,1641713,22300597,"JAN 20, 2024",MEM @ CHI,L,18,2,3,0.667,2,2,1.0,4,6,0.667,0,1,1,0,0,0,0,2,10,-17,1,
22023,1641713,22300582,"JAN 18, 2024",MEM @ MIN,L,10,0,3,0.0,0,2,0.0,1,2,0.5,2,1,3,0,0,0,1,2,1,-25,1,
22023,1641713,22300560,"JAN 15, 2024",MEM vs. GSW,W,29,6,9,0.667,5,8,0.625,6,8,0.75,1,5,6,1,2,2,2,3,23,23,1,
22023,1641713,22300544,"JAN 13, 2024",MEM vs. NYK,L,27,9,14,0.643,2,4,0.5,0,0,0.0,2,4,6,1,0,2,2,0,20,2,1,
22023,1641713,22300537,"JAN 12, 2024",MEM vs. LAC,L,9,1,5,0.2,0,1,0.0,2,3,0.667,3,2,5,1,0,0,0,1,4,8,1,
22023,1641713,22300515,"JAN 09, 2024",MEM @ DAL,W,2,0,2,0.0,0,1,0.0,0,0,0.0,0,0,0,0,0,0,0,0,0,-3,1,
22023,1641713,22300355,"DEC 18, 2023",MEM @ OKC,L,12,3,6,0.5,2,3,0.667,0,0,0.0,0,0,0,0,0,1,0,2,8,9,1,
22023,1641713,22300044,"NOV 24, 2023",MEM vs. PHX,L,2,0,1,0.0,0,1,0.0,0,0,0.0,0,0,0,0,1,0,1,0,0,-4,1,
22023,1641713,22300231,"NOV 22, 2023",MEM @ HOU,L,4,0,3,0.0,0,1,0.0,0,0,0.0,1,2,3,0,0,0,0,0,0,3,1,
22023,1641713,22300106,"OCT 30, 2023",MEM vs. DAL,L,1,0,0,0.0,0,0,0.0,0,0,0.0,0,0,0,0,0,0,0,0,0,0,1,
22023,1641716,22300707,"FEB 04, 2024",IND @ CHA,W,2,0,1,0.0,0,1,0.0,0,0,0.0,0,0,0,0,0,0,0,1,0,0,1,
22023,1641716,22300691,"FEB 02, 2024",IND vs. SAC,L,7,0,1,0.0,0,1,0.0,0,0,0.0,0,1,1,0,0,1,2,1,0,-4,1,
22023,1641716,22300604,"JAN 21, 2024",IND @ PHX,L,18,4,6,0.667,2,3,0.667,0,0,0.0,3,6,9,1,1,0,1,0,10,3,1,
22023,1641716,22300583,"JAN 18, 2024",IND @ SAC,W,20,6,13,0.462,3,8,0.375,0,0,0.0,1,1,2,2,0,0,2,1,15,-1,1,
22023,1641716,22300564,"JAN 15, 2024",IND @ UTA,L,26,3,11,0.273,2,5,0.4,0,0,0.0,2,2,4,4,4,2,1,2,8,-17,1,
22023,1641716,22300493,"JAN 06, 2024",IND vs. BOS,L,1,0,0,0.0,0,0,0.0,0,0,0.0,0,0,0,1,0,0,0,0,0,0,1,
22023,1641716,22300480,"JAN 05, 2024",IND vs. ATL,W,12,3,6,0.5,2,3,0.667,0,0,0.0,1,0,1,1,0,0,1,1,8,0,1,
22023,1641716,22300466,"JAN 03, 2024",IND vs. MIL,W,2,0,0,0.0,0,0,0.0,3,4,0.75,0,0,0,0,0,0,0,0,3,-5,1,
22023,1641716,22300441,"DEC 30, 2023",IND vs. NYK,W,1,0,0,0.0,0,0,0.0,0,0,0.0,0,0,0,0,0,0,0,0,0,-3,1,
22023,1641716,22300338,"DEC 16, 2023",IND @ MIN,L,24,2,3,0.667,1,2,0.5,0,0,0.0,0,2,2,3,2,0,1,2,5,-4,1,
22023,1641716,22300328,"DEC 15, 2023",IND @ WAS,L,13,2,4,0.5,1,2,0.5,0,0,0.0,0,2,2,0,0,0,0,1,5,8,1,
22023,1641716,22300315,"DEC 13, 2023",IND @ MIL,L,6,1,3,0.333,1,2,0.5,0,0,0.0,0,0,0,2,0,1,1,4,3,2,1,
22023,1641716,22300267,"NOV 30, 2023",IND @ MIA,L,0,0,0,0.0,0,0,0.0,0,0,0.0,0,0,0,0,0,0,0,0,0,0,1,
22023,1641716,22300209,"NOV 19, 2023",IND vs. ORL,L,14,3,6,0.5,0,3,0.0,1,1,1.0,0,1,1,1,1,1,1,2,7,15,1,
22023,1641716,22300146,"NOV 06, 2023",IND vs. SAS,W,9,0,1,0.0,0,0,0.0,2,2,1.0,0,1,1,2,0,0,0,0,2,6,1,
22023,1641716,22300118,"NOV 01, 2023",IND @ BOS,L,12,4,6,0.667,0,1,0.0,0,0,0.0,0,2,2,3,0,1,0,1,8,-13,1,
22023,1641716,22300064,"OCT 25, 2023",IND vs. WAS,W,6,0,5,0.0,0,1,0.0,0,0,0.0,1,3,4,0,1,0,0,1,0,3,1,
22023,1641717,22300772,"FEB 13, 2024",OKC @ ORL,W,16,3,5,0.6,2,4,0.5,0,0,0.0,0,2,2,1,0,1,0,0,8,16,1,
22023,1641717,22300760,"FEB 11, 2024",OKC vs. SAC,W,10,0,3,0.0,0,3,0.0,0,0,0.0,0,0,0,0,0,0,0,0,0,-13,1,
22023,1641717,22300748,"FEB 10, 2024",OKC @ DAL,L,25,5,11,0.455,3,7,0.429,2,2,1.0,0,2,2,0,1,0,1,2,15,-18,1,
22023,1641717,22300724,"FEB 06, 2024",OKC @ UTA,L,16,1,2,0.5,1,2,0.5,0,0,0.0,0,0,0,0,0,0,0,1,3,-1,1,
22023,1641717,22300710,"FEB 04, 2024",OKC vs. TOR,W,18,3,8,0.375,2,7,0.286,0,0,0.0,0,1,1,2,0,1,0,1,8,-10,1,
22023,1641717,22300695,"FEB 02, 2024",OKC vs. CHA,W,25,5,7,0.714,2,4,0.5,0,0,0.0,0,2,2,1,1,0,1,1,12,22,1,
22023,1641717,22300682,"JAN 31, 2024",OKC vs. DEN,W,20,2,7,0.286,1,3,0.333,0,0,0.0,1,1,2,1,0,0,0,3,5,0,1,
22023,1641717,22300664,"JAN 29, 2024",OKC vs. MIN,L,20,1,1,1.0,1,1,1.0,0,0,0.0,0,2,2,2,0,1,0,6,3,-10,1,
22023,1641717,22300654,"JAN 28, 2024",OKC @ DET,L,21,2,4,0.5,0,1,0.0,0,0,0.0,1,3,4,1,2,0,0,1,4,-13,1,
22023,1641717,22300640,"JAN 26, 2024",OKC @ NOP,W,21,5,10,0.5,2,5,0.4,0,0,0.0,1,1,2,1,4,0,0,1,12,18,1,
22023,1641717,22300622,"JAN 24, 2024",OKC @ SAS,W,23,5,7,0.714,2,3,0.667,1,1,1.0,1,2,3,4,1,0,0,4,13,14,1,
22023,1641717,22300617,"JAN 23, 2024",OKC vs. POR,W,12,1,2,0.5,1,2,0.5,0,0,0.0,0,4,4,0,0,0,2,0,3,-4,1,
22023,1641717,22300599,"JAN 20, 2024",OKC @ MIN,W,13,0,1,0.0,0,0,0.0,0,0,0.0,1,2,3,0,1,0,1,2,0,-15,1,
22023,1641717,22300581,"JAN 18, 2024",OKC @ UTA,W,32,6,7,0.857,4,5,0.8,0,0,0.0,2,2,4,1,1,1,1,3,16,-1,1,
22023,1641717,22300568,"JAN 16, 2024",OKC @ LAC,L,15,2,4,0.5,1,2,0.5,0,0,0.0,2,0,2,1,1,1,0,1,5,-1,1,
22023,1641717,22300565,"JAN 15, 2024",OKC @ LAL,L,20,2,6,0.333,1,4,0.25,0,0,0.0,0,0,0,1,2,1,1,0,5,-7,1,
22023,1641717,22300546,"JAN 13, 2024",OKC vs. ORL,W,20,0,5,0.0,0,4,0.0,1,2,0.5,2,1,3,0,0,0,0,3,1,5,1,
22023,1641717,22300529,"JAN 11, 2024",OKC vs. POR,W,17,1,5,0.2,0,3,0.0,2,2,1.0,1,5,6,2,0,0,0,0,4,17,1,
22023,1641717,22300522,"JAN 10, 2024",OKC @ MIA,W,18,3,5,0.6,2,4,0.5,0,0,0.0,1,1,2,1,0,0,1,2,8,9,1,
22023,1641717,22300508,"JAN 08, 2024",OKC @ WAS,W,24,2,7,0.286,1,4,0.25,0,0,0.0,1,1,2,2,2,3,1,1,5,-4,1,
22023,1641717,22300481,"JAN 05, 2024",OKC @ BKN,L,23,3,7,0.429,2,4,0.5,0,0,0.0,1,1,2,0,1,0,0,1,8,-5,1,
22023,1641717,22300467,"JAN 03, 2024",OKC @ ATL,L,20,5,9,0.556,3,7,0.429,2,2,1.0,0,1,1,2,1,0,0,2,15,-16,1,
22023,1641717,22300462,"JAN 02, 2024",OKC vs. BOS,W,17,2,3,0.667,1,2,0.5,0,0,0.0,1,0,1,3,1,0,0,3,5,-14,1,
22023,1641717,22300447,"DEC 31, 2023",OKC vs. BKN,W,23,3,7,0.429,2,4,0.5,2,2,1.0,1,2,3,1,0,1,0,5,10,9,1,
22023,1641717,22300435,"DEC 29, 2023",OKC @ DEN,W,18,2,5,0.4,0,2,0.0,0,0,0.0,0,3,3,2,0,1,0,1,4,-2,1,
22023,1641717,22300419,"DEC 27, 2023",OKC vs. NYK,W,22,2,6,0.333,0,2,0.0,0,0,0.0,0,1,1,0,1,0,1,1,4,6,1,
22023,1641717,22300411,"DEC 26, 2023",OKC vs. MIN,W,24,2,5,0.4,1,4,0.25,0,0,0.0,1,0,1,1,2,0,1,0,5,4,1,
22023,1641717,22300397,"DEC 23, 2023",OKC vs. LAL,L,24,2,6,0.333,1,4,0.25,0,0,0.0,1,2,3,4,1,0,0,2,5,-5,1,
22023,1641717,22300379,"DEC 21, 2023",OKC vs. LAC,W,20,1,4,0.25,0,2,0.0,0,0,0.0,0,0,0,3,0,1,1,2,2,-5,1,
22023,1641717,22300355,"DEC 18, 2023",OKC vs. MEM,W,17,3,6,0.5,1,4,0.25,0,0,0.0,0,2,2,2,0,0,1,1,7,12,1,
22023,1641717,22300340,"DEC 16, 2023",OKC @ DEN,W,18,1,2,0.5,0,0,0.0,0,0,0.0,1,1,2,1,0,0,1,0,2,-7,1,
22023,1641717,22300324,"DEC 14, 2023",OKC @ SAC,L,19,1,3,0.333,1,2,0.5,0,0,0.0,0,0,0,4,0,0,0,3,3,-18,1,
22023,1641717,22300302,"DEC 11, 2023",OKC vs. UTA,W,25,4,8,0.5,2,4,0.5,0,0,0.0,0,3,3,2,1,2,0,4,10,17,1,
22023,1641717,22301222,"DEC 08, 2023",OKC vs. GSW,W,24,4,5,0.8,1,2,0.5,1,2,0.5,0,1,1,0,1,1,1,0,10,1,1,
22023,1641717,22301212,"DEC 06, 2023",OKC @ HOU,L,25,2,5,0.4,1,2,0.5,0,0,0.0,0,3,3,0,2,1,0,3,5,12,1,
22023,1641717,22300287,"DEC 02, 2023",OKC @ DAL,W,20,6,12,0.5,2,7,0.286,1,2,0.5,2,4,6,0,0,0,0,3,15,0,1,
22023,1641717,22300271,"NOV 30, 2023",OKC vs. LAL,W,22,4,7,0.571,2,4,0.5,0,0,0.0,0,3,3,1,0,1,1,1,10,19,1,
22023,1641717,22300058,"NOV 28, 2023",OKC @ MIN,L,17,3,4,0.75,3,3,1.0,1,2,0.5,0,0,0,0,1,0,0,0,10,5,1,
22023,1641717,22300239,"NOV 25, 2023",OKC vs. PHI,L,14,0,2,0.0,0,0,0.0,0,0,0.0,1,0,1,1,0,0,0,1,0,-15,1,
22023,1641717,22300234,"NOV 22, 2023",OKC vs. CHI,W,24,2,3,0.667,1,2,0.5,0,0,0.0,1,2,3,0,0,1,1,1,5,-2,1,
22023,1641717,22300215,"NOV 19, 2023",OKC @ POR,W,21,1,2,0.5,0,0,0.0,0,0,0.0,0,1,1,0,1,0,1,1,2,19,1,
22023,1641717,22300207,"NOV 18, 2023",OKC @ GSW,W,28,1,3,0.333,0,2,0.0,1,1,1.0,0,1,1,2,0,0,0,3,3,4,1,
22023,1641717,22300201,"NOV 16, 2023",OKC @ GSW,W,26,4,7,0.571,2,2,1.0,0,0,0.0,1,1,2,4,1,0,0,1,10,22,1,
22023,1641717,22300021,"NOV 14, 2023",OKC vs. SAS,W,21,4,5,0.8,1,1,1.0,0,0,0.0,1,4,5,3,2,2,1,1,9,8,1,
22023,1641717,22300185,"NOV 12, 2023",OKC @ PHX,W,17,0,1,0.0,0,0,0.0,0,0,0.0,0,0,0,1,0,0,0,3,0,2,1,
22023,1641717,22300016,"NOV 10, 2023",OKC @ SAC,L,24,3,7,0.429,2,5,0.4,0,0,0.0,1,2,3,2,0,1,0,1,8,3,1,
22023,1641717,22300167,"NOV 08, 2023",OKC vs. CLE,W,24,5,7,0.714,2,3,0.667,2,2,1.0,1,2,3,2,0,0,2,3,14,6,1,
22023,1641717,22300155,"NOV 06, 2023",OKC vs. ATL,W,24,3,6,0.5,0,3,0.0,0,0,0.0,0,2,2,4,4,0,1,1,6,3,1,
22023,1641717,22300005,"NOV 03, 2023",OKC vs. GSW,L,36,6,10,0.6,1,2,0.5,0,0,0.0,1,1,2,1,0,0,1,1,13,4,1,
22023,1641717,22300121,"NOV 01, 2023",OKC vs. NOP,L,18,1,2,0.5,0,0,0.0,2,2,1.0,0,2,2,1,0,0,0,4,4,-4,1,
22023,1641717,22300109,"OCT 30, 2023",OKC vs. DET,W,22,1,2,0.5,0,1,0.0,2,2,1.0,0,4,4,2,0,0,1,2,4,-2,1,
22023,1641717,22300095,"OCT 29, 2023",OKC vs. DEN,L,22,3,3,1.0,1,1,1.0,0,0,0.0,1,2,3,1,1,1,0,1,7,-11,1,
22023,1641717,22300081,"OCT 27, 2023",OKC @ CLE,W,19,3,4,0.75,1,1,1.0,2,2,1.0,1,1,2,0,0,0,0,0,9,3,1,
22023,1641717,22300070,"OCT 25, 2023",OKC @ CHI,W,19,5,5,1.0,3,3,1.0,0,0,0.0,0,2,2,1,0,1,1,3,13,9,1,
22023,1641718,22300576,"FEB 15, 2024",UTA vs. GSW,L,41,11,22,0.5,9,16,0.563,2,3,0.667,0,2,2,6,3,0,2,6,33,7,1,
22023,1641718,22300788,"FEB 14, 2024",UTA vs. LAL,L,33,5,9,0.556,3,5,0.6,0,0,0.0,0,5,5,7,2,0,2,3,13,-5,1,
22023,1641718,22300769,"FEB 12, 2024",UTA vs. GSW,L,29,2,10,0.2,1,6,0.167,0,0,0.0,0,1,1,4,0,0,2,1,5,-32,1,
22023,1641718,22300739,"FEB 08, 2024",UTA @ PHX,L,30,4,11,0.364,0,5,0.0,3,4,0.75,0,0,0,6,1,0,1,0,11,-1,1,
22023,1641718,22300724,"FEB 06, 2024",UTA vs. OKC,W,27,6,11,0.545,4,6,0.667,0,0,0.0,1,1,2,5,1,1,1,0,16,6,1,
22023,1641718,22300711,"FEB 04, 2024",UTA vs. MIL,W,25,7,13,0.538,5,9,0.556,0,0,0.0,0,10,10,2,0,0,3,2,19,16,1,
22023,1641718,22300686,"FEB 01, 2024",UTA vs. PHI,L,21,5,9,0.556,1,4,0.25,0,0,0.0,0,3,3,3,0,0,2,1,11,-1,1,
22023,1641718,22300671,"JAN 30, 2024",UTA @ NYK,L,23,6,12,0.5,1,5,0.2,2,2,1.0,0,2,2,1,0,0,2,2,15,-6,1,
22023,1641718,22300660,"JAN 29, 2024",UTA @ BKN,L,27,6,11,0.545,3,7,0.429,6,7,0.857,0,4,4,3,0,0,1,1,21,-26,1,
22023,1641718,22300647,"JAN 27, 2024",UTA @ CHA,W,13,2,5,0.4,1,4,0.25,5,5,1.0,0,0,0,1,0,0,1,1,10,-7,1,
22023,1641718,22300628,"JAN 25, 2024",UTA @ WAS,W,31,1,6,0.167,0,2,0.0,3,4,0.75,0,4,4,7,0,0,3,0,5,13,1,
22023,1641718,22300616,"JAN 23, 2024",UTA @ NOP,L,25,1,8,0.125,1,4,0.25,9,10,0.9,0,1,1,5,1,0,0,2,12,-18,1,
22023,1641718,22300598,"JAN 20, 2024",UTA @ HOU,L,10,1,3,0.333,1,2,0.5,0,0,0.0,0,1,1,2,0,0,3,1,3,-13,1,
22023,1641718,22300581,"JAN 18, 2024",UTA vs. OKC,L,14,1,5,0.2,1,2,0.5,0,0,0.0,0,1,1,2,0,0,2,0,3,-9,1,
22023,1641718,22300564,"JAN 15, 2024",UTA vs. IND,W,24,6,11,0.545,3,7,0.429,4,5,0.8,0,0,0,5,1,0,2,1,19,13,1,
22023,1641718,22300549,"JAN 13, 2024",UTA vs. LAL,W,27,5,11,0.455,3,9,0.333,6,6,1.0,0,3,3,3,1,0,1,0,19,-6,1,
22023,1641718,22300540,"JAN 12, 2024",UTA vs. TOR,W,24,3,10,0.3,0,5,0.0,3,3,1.0,0,3,3,6,0,0,3,0,9,12,1,
22023,1641718,22300524,"JAN 10, 2024",UTA vs. DEN,W,22,2,7,0.286,1,4,0.25,1,2,0.5,0,1,1,3,1,0,1,0,6,7,1,
22023,1641718,22300510,"JAN 08, 2024",UTA @ MIL,W,22,7,13,0.538,4,9,0.444,1,1,1.0,0,6,6,4,0,0,2,0,19,7,1,
22023,1641718,22300495,"JAN 06, 2024",UTA @ PHI,W,16,2,4,0.5,0,2,0.0,2,2,1.0,0,2,2,3,0,0,2,2,6,5,1,
22023,1641718,22300479,"JAN 05, 2024",UTA @ BOS,L,20,4,10,0.4,2,7,0.286,2,2,1.0,1,3,4,1,0,0,1,0,12,-16,1,
22023,1641718,22300474,"JAN 03, 2024",UTA vs. DET,W,23,2,9,0.222,1,4,0.25,0,0,0.0,0,2,2,2,1,0,1,1,5,4,1,
22023,1641718,22300457,"JAN 01, 2024",UTA vs. DAL,W,29,3,8,0.375,2,6,0.333,6,6,1.0,0,3,3,3,0,0,0,1,14,38,1,
22023,1641718,22300439,"DEC 30, 2023",UTA vs. MIA,W,28,6,10,0.6,5,8,0.625,4,5,0.8,0,6,6,2,0,0,2,3,21,14,1,
22023,1641718,22300424,"DEC 28, 2023",UTA @ NOP,L,22,1,7,0.143,1,5,0.2,1,2,0.5,0,3,3,5,0,0,2,1,4,-13,1,
22023,1641718,22300412,"DEC 26, 2023",UTA @ SAS,W,24,4,11,0.364,2,5,0.4,0,1,0.0,0,0,0,4,1,0,2,3,10,8,1,
22023,1641718,22300318,"DEC 13, 2023",UTA vs. NYK,W,4,0,1,0.0,0,1,0.0,0,0,0.0,0,0,0,0,0,0,2,1,0,0,1,
22023,1641718,22300302,"DEC 11, 2023",UTA @ OKC,L,33,10,17,0.588,5,9,0.556,5,5,1.0,0,3,3,7,1,0,3,0,30,5,1,
22023,1641718,22301225,"DEC 08, 2023",UTA vs. LAC,L,28,5,11,0.455,2,5,0.4,3,5,0.6,0,0,0,3,1,0,1,1,15,-25,1,
22023,1641718,22301213,"DEC 06, 2023",UTA @ DAL,L,32,2,11,0.182,0,4,0.0,3,4,0.75,0,4,4,11,0,1,5,0,7,-48,1,
22023,1641718,22300289,"DEC 02, 2023",UTA vs. POR,W,36,7,17,0.412,1,8,0.125,6,10,0.6,2,4,6,6,0,0,4,2,21,1,1,
22023,1641718,22300270,"NOV 30, 2023",UTA @ MIN,L,33,4,19,0.211,1,6,0.167,3,3,1.0,1,3,4,4,0,0,2,2,12,-11,1,
22023,1641718,22300261,"NOV 29, 2023",UTA @ MEM,L,24,2,6,0.333,2,4,0.5,2,2,1.0,1,2,3,2,0,0,2,0,8,-7,1,
22023,1641718,22300256,"NOV 27, 2023",UTA vs. NOP,W,31,6,14,0.429,3,8,0.375,4,6,0.667,1,4,5,3,2,0,2,0,19,-1,1,
22023,1641718,22300243,"NOV 25, 2023",UTA vs. NOP,W,27,4,13,0.308,4,9,0.444,3,5,0.6,0,6,6,5,0,0,5,1,15,-2,1,
22023,1641718,22300237,"NOV 22, 2023",UTA @ POR,L,34,3,9,0.333,3,6,0.5,7,7,1.0,0,3,3,7,1,0,0,2,16,-1,1,
22023,1641718,22300042,"NOV 21, 2023",UTA @ LAL,L,21,3,11,0.273,1,5,0.2,2,2,1.0,1,2,3,2,1,0,2,2,9,-21,1,
22023,1641718,22300214,"NOV 19, 2023",UTA vs. PHX,L,34,2,12,0.167,0,5,0.0,3,4,0.75,2,3,5,11,1,0,5,2,7,-9,1,
22023,1641718,22300035,"NOV 17, 2023",UTA vs. PHX,L,29,5,11,0.455,3,6,0.5,2,3,0.667,0,3,3,6,1,0,3,2,15,2,1,
22023,1641718,22300023,"NOV 14, 2023",UTA vs. POR,W,26,4,9,0.444,2,7,0.286,5,5,1.0,0,4,4,7,1,0,2,2,15,8,1,
22023,1641718,22300012,"NOV 10, 2023",UTA @ MEM,W,30,2,12,0.167,1,6,0.167,2,2,1.0,0,3,3,11,0,1,2,1,7,1,1,
22023,1641718,22300158,"NOV 08, 2023",UTA @ IND,L,31,3,8,0.375,1,3,0.333,0,0,0.0,0,2,2,9,0,0,1,2,7,-11,1,
22023,1641718,22300152,"NOV 06, 2023",UTA @ CHI,L,21,2,5,0.4,1,3,0.333,0,0,0.0,0,2,2,4,0,0,2,1,5,-15,1,
22023,1641718,22300138,"NOV 04, 2023",UTA @ MIN,L,27,3,6,0.5,1,4,0.25,1,2,0.5,0,0,0,4,0,0,3,2,8,-15,1,
22023,1641718,22300130,"NOV 02, 2023",UTA vs. ORL,L,17,1,2,0.5,1,1,1.0,3,5,0.6,0,2,2,3,0,0,2,1,6,-5,1,
22023,1641718,22300125,"NOV 01, 2023",UTA vs. MEM,W,23,4,8,0.5,1,4,0.25,0,0,0.0,0,1,1,3,1,1,3,0,9,10,1,
22023,1641718,22300110,"OCT 30, 2023",UTA @ DEN,L,20,1,6,0.167,1,4,0.25,0,0,0.0,1,0,1,2,1,0,0,0,3,-12,1,
22023,1641718,22300094,"OCT 28, 2023",UTA @ PHX,L,27,4,12,0.333,2,8,0.25,2,2,1.0,2,5,7,6,1,0,2,0,12,-8,1,
22023,1641718,22300085,"OCT 27, 2023",UTA vs. LAC,W,12,3,5,0.6,2,3,0.667,0,0,0.0,1,2,3,2,0,0,1,2,8,-3,1,
22023,1641718,22300072,"OCT 25, 2023",UTA vs. SAC,L,19,3,5,0.6,1,3,0.333,1,1,1.0,0,2,2,2,0,0,1,0,8,-9,1,
22023,1641720,22300776,"FEB 13, 2024",LAL vs. DET,W,2,1,2,0.5,0,0,0.0,0,0,0.0,0,0,0,0,0,0,0,0,2,-3,1,
22023,1641720,22300747,"FEB 09, 2024",LAL vs. NOP,W,3,0,1,0.0,0,0,0.0,0,0,0.0,0,1,1,0,0,0,0,0,0,2,1,
22023,1641720,22300684,"FEB 01, 2024",LAL @ BOS,W,1,0,0,0.0,0,0,0.0,1,2,0.5,0,0,0,0,0,0,0,0,1,-2,1,
22023,1641720,22300669,"JAN 30, 2024",LAL @ ATL,L,3,0,1,0.0,0,1,0.0,2,2,1.0,0,0,0,0,0,0,0,0,2,2,1,
22023,1641720,22300662,"JAN 29, 2024",LAL @ HOU,L,2,0,1,0.0,0,1,0.0,0,0,0.0,0,0,0,1,0,1,0,1,0,0,1,
22023,1641720,22300618,"JAN 23, 2024",LAL @ LAC,L,1,0,0,0.0,0,0,0.0,0,0,0.0,0,0,0,0,0,0,1,0,0,0,1,
22023,1641720,22300605,"JAN 21, 2024",LAL vs. POR,W,6,1,1,1.0,0,0,0.0,2,2,1.0,0,1,1,1,1,0,1,0,4,1,1,
22023,1641720,22300591,"JAN 19, 2024",LAL vs. BKN,L,3,0,1,0.0,0,0,0.0,0,0,0.0,0,1,1,1,0,0,1,1,0,0,1,
22023,1641720,22300531,"JAN 11, 2024",LAL vs. PHX,L,5,1,3,0.333,0,0,0.0,0,0,0.0,0,0,0,0,0,0,0,0,2,4,1,
22023,1641720,22300475,"JAN 03, 2024",LAL vs. MIA,L,6,0,4,0.0,0,0,0.0,0,0,0.0,1,1,2,0,0,0,0,1,0,-1,1,
22023,1641720,22300446,"DEC 31, 2023",LAL @ NOP,L,5,1,1,1.0,0,0,0.0,0,0,0.0,0,0,0,0,1,0,0,0,2,2,1,
22023,1641720,22300428,"DEC 28, 2023",LAL vs. CHA,W,7,1,5,0.2,0,1,0.0,0,0,0.0,0,0,0,1,1,0,1,1,2,-2,1,
22023,1641720,22301230,"DEC 07, 2023",LAL vs. NOP,W,8,0,3,0.0,0,0,0.0,1,2,0.5,1,3,4,1,0,1,1,1,1,6,1,
22023,1641720,22300291,"DEC 02, 2023",LAL vs. HOU,W,3,0,2,0.0,0,1,0.0,0,0,0.0,0,0,0,0,0,0,0,0,0,-8,1,
22023,1641720,22300271,"NOV 30, 2023",LAL @ OKC,L,19,1,6,0.167,0,3,0.0,1,2,0.5,0,1,1,0,0,0,1,3,3,-15,1,
22023,1641720,22300258,"NOV 29, 2023",LAL @ DET,W,11,3,4,0.75,1,2,0.5,3,6,0.5,0,1,1,1,0,0,1,2,10,-6,1,
22023,1641720,22300255,"NOV 27, 2023",LAL @ PHI,L,11,0,3,0.0,0,2,0.0,0,0,0.0,0,0,0,2,0,0,1,1,0,-17,1,
22023,1641721,22300776,"FEB 13, 2024",LAL vs. DET,W,2,0,0,0.0,0,0,0.0,0,0,0.0,0,0,0,0,0,0,0,0,0,-3,1,
22023,1641721,22300684,"FEB 01, 2024",LAL @ BOS,W,1,0,1,0.0,0,0,0.0,0,0,0.0,0,0,0,0,0,0,0,0,0,0,1,
22023,1641721,22300669,"JAN 30, 2024",LAL @ ATL,L,3,1,1,1.0,0,0,0.0,0,0,0.0,0,0,0,0,0,0,0,1,2,2,1,
22023,1641721,22300662,"JAN 29, 2024",LAL @ HOU,L,2,0,0,0.0,0,0,0.0,0,0,0.0,0,0,0,0,0,0,0,0,0,0,1,
22023,1641721,22300618,"JAN 23, 2024",LAL @ LAC,L,1,1,1,1.0,0,0,0.0,0,0,0.0,0,0,0,0,0,0,0,0,2,0,1,
22023,1641721,22300605,"JAN 21, 2024",LAL vs. POR,W,4,0,0,0.0,0,0,0.0,0,0,0.0,0,0,0,0,0,0,0,0,0,1,1,
22023,1641721,22300591,"JAN 19, 2024",LAL vs. BKN,L,3,0,0,0.0,0,0,0.0,0,0,0.0,0,0,0,0,0,0,0,0,0,0,1,
22023,1641721,22300370,"DEC 20, 2023",LAL @ CHI,L,1,0,0,0.0,0,0,0.0,0,0,0.0,0,0,0,0,0,0,0,0,0,0,1,
22023,1641721,22301230,"DEC 07, 2023",LAL vs. NOP,W,8,1,4,0.25,1,2,0.5,0,0,0.0,0,1,1,1,0,0,1,0,3,6,1,
22023,1641721,22300291,"DEC 02, 2023",LAL vs. HOU,W,3,0,1,0.0,0,1,0.0,0,0,0.0,0,0,0,0,0,0,0,1,0,-7,1,
22023,1641721,22300271,"NOV 30, 2023",LAL @ OKC,L,4,0,0,0.0,0,0,0.0,0,0,0.0,0,0,0,0,0,0,0,0,0,-5,1,
22023,1641721,22300258,"NOV 29, 2023",LAL @ DET,W,7,0,0,0.0,0,0,0.0,0,0,0.0,0,0,0,2,2,0,0,1,0,-3,1,
22023,1641721,22300255,"NOV 27, 2023",LAL @ PHI,L,8,0,1,0.0,0,0,0.0,0,0,0.0,1,0,1,0,0,0,2,0,0,-17,1,
22023,1641721,22300036,"NOV 17, 2023",LAL @ POR,W,1,0,0,0.0,0,0,0.0,0,0,0.0,0,0,0,0,0,0,0,0,0,0,1,
22023,1641721,22300198,"NOV 15, 2023",LAL vs. SAC,L,1,0,0,0.0,0,0,0.0,0,0,0.0,0,0,0,0,0,0,1,0,0,-4,1,
22023,1641721,22300026,"NOV 14, 2023",LAL vs. MEM,W,5,0,1,0.0,0,0,0.0,0,0,0.0,0,0,0,0,0,0,0,0,0,5,1,
22023,1641721,22300163,"NOV 08, 2023",LAL @ HOU,L,8,0,2,0.0,0,0,0.0,0,0,0.0,0,1,1,0,0,0,0,0,0,-5,1,
22023,1641721,22300134,"NOV 04, 2023",LAL @ ORL,L,4,0,0,0.0,0,0,0.0,0,0,0.0,0,0,0,0,0,0,1,0,0,-3,1,
22023,1641721,22300061,"OCT 24, 2023",LAL @ DEN,L,1,0,0,0.0,0,0,0.0,0,0,0.0,0,0,0,0,0,0,0,0,0,0,1,
22023,1641722,22300758,"FEB 10, 2024",NOP @ POR,W,14,0,3,0.0,0,2,0.0,0,0,0.0,1,2,3,1,0,0,0,0,0,2,1,
22023,1641722,22300747,"FEB 09, 2024",NOP @ LAL,L,3,2,3,0.667,1,2,0.5,0,0,0.0,0,0,0,0,1,0,1,0,5,-2,1,
22023,1641722,22300731,"FEB 07, 2024",NOP @ LAC,W,2,1,3,0.333,1,1,1.0,0,0,0.0,0,0,0,0,0,0,0,0,3,-2,1,
22023,1641722,22300718,"FEB 05, 2024",NOP vs. TOR,W,7,2,3,0.667,0,1,0.0,0,0,0.0,0,0,0,0,1,0,0,0,4,-2,1,
22023,1641722,22300696,"FEB 02, 2024",NOP @ SAS,W,11,1,5,0.2,0,4,0.0,0,0,0.0,0,0,0,0,0,0,0,0,2,0,1,
22023,1641722,22300679,"JAN 31, 2024",NOP @ HOU,W,23,1,5,0.2,1,4,0.25,0,0,0.0,2,4,6,2,0,0,1,1,3,17,1,
22023,1641722,22300659,"JAN 29, 2024",NOP @ BOS,L,9,0,2,0.0,0,2,0.0,0,0,0.0,0,3,3,0,1,0,0,1,0,-5,1,
22023,1641722,22300648,"JAN 27, 2024",NOP @ MIL,L,29,2,10,0.2,2,6,0.333,2,2,1.0,1,6,7,1,0,0,3,0,8,-11,1,
22023,1641722,22300640,"JAN 26, 2024",NOP vs. OKC,L,20,2,5,0.4,2,4,0.5,3,3,1.0,0,1,1,4,0,0,1,1,9,-8,1,
22023,1641722,22300616,"JAN 23, 2024",NOP vs. UTA,W,16,2,4,0.5,2,4,0.5,0,0,0.0,0,2,2,0,0,1,0,1,6,9,1,
22023,1641722,22300588,"JAN 19, 2024",NOP vs. PHX,L,17,5,11,0.455,3,8,0.375,0,0,0.0,0,2,2,1,0,0,1,0,13,-4,1,
22023,1641722,22300575,"JAN 17, 2024",NOP vs. CHA,W,24,7,12,0.583,6,9,0.667,1,2,0.5,2,4,6,1,1,0,2,1,21,5,1,
22023,1641722,22300556,"JAN 15, 2024",NOP @ DAL,L,21,3,4,0.75,1,2,0.5,2,2,1.0,0,1,1,0,1,0,0,3,9,8,1,
22023,1641722,22300547,"JAN 13, 2024",NOP @ DAL,W,37,11,19,0.579,6,12,0.5,6,8,0.75,3,2,5,4,2,0,3,3,34,10,1,
22023,1641722,22300539,"JAN 12, 2024",NOP @ DEN,L,2,0,0,0.0,0,0,0.0,0,0,0.0,0,0,0,0,0,0,0,0,0,6,1,
22023,1641722,22300525,"JAN 10, 2024",NOP @ GSW,W,21,5,9,0.556,4,5,0.8,0,0,0.0,0,1,1,2,0,0,0,1,14,25,1,
22023,1641722,22300500,"JAN 07, 2024",NOP @ SAC,W,24,5,9,0.556,1,5,0.2,1,2,0.5,0,3,3,2,0,1,2,2,12,3,1,
22023,1641722,22300486,"JAN 05, 2024",NOP vs. LAC,L,6,4,7,0.571,3,3,1.0,2,2,1.0,0,1,1,0,0,0,0,0,13,12,1,
22023,1641722,22300471,"JAN 03, 2024",NOP @ MIN,W,3,1,2,0.5,0,1,0.0,0,0,0.0,0,0,0,0,0,0,0,0,2,-1,1,
22023,1641722,22300461,"JAN 02, 2024",NOP vs. BKN,W,26,3,13,0.231,2,8,0.25,3,4,0.75,0,0,0,1,0,2,0,0,11,14,1,
22023,1641722,22300446,"DEC 31, 2023",NOP vs. LAL,W,8,0,1,0.0,0,1,0.0,1,1,1.0,0,2,2,1,0,0,0,1,1,4,1,
22023,1641722,22300375,"DEC 21, 2023",NOP @ CLE,W,12,2,5,0.4,2,3,0.667,0,0,0.0,0,0,0,2,0,0,0,1,6,-4,1,
22023,1641722,22300345,"DEC 17, 2023",NOP @ SAS,W,12,3,6,0.5,1,4,0.25,0,0,0.0,0,2,2,0,0,0,0,0,7,-1,1,
22023,1641722,22300326,"DEC 15, 2023",NOP @ CHA,W,4,0,1,0.0,0,1,0.0,0,0,0.0,0,0,0,0,0,0,0,0,0,-3,1,
22023,1641722,22300311,"DEC 13, 2023",NOP @ WAS,W,19,1,7,0.143,0,2,0.0,0,0,0.0,1,1,2,1,0,0,0,1,2,15,1,
22023,1641722,22300301,"DEC 11, 2023",NOP vs. MIN,W,1,0,1,0.0,0,0,0.0,0,0,0.0,0,0,0,0,0,0,0,0,0,-3,1,
22023,1641722,22301230,"DEC 07, 2023",NOP @ LAL,L,12,2,8,0.25,0,3,0.0,0,0,0.0,0,2,2,0,0,0,0,1,4,-5,1,
22023,1641722,22300285,"DEC 02, 2023",NOP @ CHI,L,25,2,6,0.333,2,5,0.4,4,4,1.0,0,1,1,0,0,0,0,2,10,-9,1,
22023,1641722,22300278,"DEC 01, 2023",NOP vs. SAS,W,15,1,3,0.333,1,2,0.5,0,0,0.0,0,0,0,0,0,0,1,1,3,-9,1,
22023,1641722,22300262,"NOV 29, 2023",NOP vs. PHI,W,24,4,10,0.4,3,8,0.375,5,6,0.833,2,3,5,2,0,0,2,2,16,-7,1,
22023,1641722,22300256,"NOV 27, 2023",NOP @ UTA,L,25,5,11,0.455,3,6,0.5,0,0,0.0,1,4,5,0,0,0,0,1,13,-8,1,
22023,1641722,22300243,"NOV 25, 2023",NOP @ UTA,L,40,8,17,0.471,5,12,0.417,4,5,0.8,1,5,6,3,1,0,4,1,25,4,1,
22023,1641722,22300052,"NOV 24, 2023",NOP @ LAC,W,20,3,5,0.6,2,4,0.5,0,0,0.0,0,4,4,1,0,0,0,1,8,3,1,
22023,1641722,22300233,"NOV 22, 2023",NOP vs. SAC,W,21,3,9,0.333,2,8,0.25,5,5,1.0,1,1,2,3,0,0,0,3,13,2,1,
22023,1641722,22300222,"NOV 20, 2023",NOP vs. SAC,W,29,3,11,0.273,2,5,0.4,1,1,1.0,1,4,5,2,0,0,1,2,9,8,1,
22023,1641722,22300203,"NOV 18, 2023",NOP vs. MIN,L,37,6,12,0.5,3,8,0.375,0,0,0.0,1,1,2,4,1,0,1,4,15,-7,1,
22023,1641722,22300034,"NOV 17, 2023",NOP vs. DEN,W,26,3,7,0.429,1,3,0.333,0,0,0.0,0,5,5,4,0,0,0,0,7,-3,1,
22023,1641722,22300022,"NOV 14, 2023",NOP vs. DAL,W,33,8,17,0.471,5,12,0.417,4,4,1.0,2,4,6,3,0,0,0,3,25,13,1,
22023,1641722,22300183,"NOV 12, 2023",NOP vs. DAL,L,28,3,13,0.231,2,9,0.222,2,2,1.0,0,2,2,2,0,0,2,1,10,-28,1,
22023,1641722,22300011,"NOV 10, 2023",NOP @ HOU,L,41,4,11,0.364,3,8,0.375,3,4,0.75,0,7,7,1,2,0,3,6,14,1,1,
22023,1641722,22300166,"NOV 08, 2023",NOP @ MIN,L,30,4,11,0.364,2,5,0.4,4,4,1.0,0,1,1,1,0,0,2,5,14,-19,1,
22023,1641722,22300156,"NOV 06, 2023",NOP @ DEN,L,38,10,19,0.526,7,14,0.5,4,5,0.8,1,6,7,3,1,0,1,2,31,-15,1,
22023,1641722,22300135,"NOV 04, 2023",NOP vs. ATL,L,24,5,11,0.455,4,8,0.5,1,1,1.0,0,5,5,0,1,0,1,3,15,-3,1,
22023,1641722,22300129,"NOV 02, 2023",NOP vs. DET,W,29,1,7,0.143,1,5,0.2,3,3,1.0,0,1,1,0,0,0,1,0,6,-8,1,
22023,1641722,22300121,"NOV 01, 2023",NOP @ OKC,W,37,4,19,0.211,2,13,0.154,0,0,0.0,4,2,6,4,2,0,1,2,10,17,1,
22023,1641722,22300108,"OCT 30, 2023",NOP vs. GSW,L,35,6,13,0.462,2,7,0.286,0,2,0.0,2,3,5,2,2,0,1,1,14,-14,1,
22023,1641722,22300090,"OCT 28, 2023",NOP vs. NYK,W,18,3,7,0.429,3,6,0.5,0,0,0.0,0,4,4,1,0,0,1,0,9,1,1,
22023,1641722,22300071,"OCT 25, 2023",NOP @ MEM,W,9,1,2,0.5,1,2,0.5,0,0,0.0,0,0,0,2,0,0,0,2,3,14,1,
22023,1641723,22300777,"FEB 14, 2024",ATL @ CHA,L,2,1,2,0.5,0,1,0.0,0,0,0.0,0,0,0,0,0,0,1,0,2,-1,1,
22023,1641723,22300754,"FEB 10, 2024",ATL vs. HOU,W,16,1,4,0.25,1,4,0.25,0,0,0.0,1,2,3,0,0,0,0,1,3,0,1,
22023,1641723,22300669,"JAN 30, 2024",ATL vs. LAL,W,2,1,1,1.0,1,1,1.0,0,0,0.0,0,1,1,1,0,0,0,0,3,1,1,
22023,1641723,22300104,"OCT 30, 2023",ATL vs. MIN,W,1,0,1,0.0,0,0,0.0,0,0,0.0,0,0,0,0,0,0,0,0,0,-4,1,
22023,1641723,22300097,"OCT 29, 2023",ATL @ MIL,W,3,0,2,0.0,0,1,0.0,1,2,0.5,1,1,2,0,0,0,0,0,1,-10,1,
22023,1641724,22300778,"FEB 14, 2024",ORL vs. NYK,W,5,0,1,0.0,0,1,0.0,0,0,0.0,0,0,0,0,0,0,0,1,0,-5,1,
22023,1641724,22300772,"FEB 13, 2024",ORL vs. OKC,L,2,1,2,0.5,1,2,0.5,0,0,0.0,0,0,0,0,0,0,0,1,3,3,1,
22023,1641724,22300601,"JAN 21, 2024",ORL vs. MIA,W,3,0,0,0.0,0,0,0.0,1,2,0.5,0,1,1,0,0,1,0,0,1,-4,1,
22023,1641724,22300585,"JAN 19, 2024",ORL vs. PHI,L,3,2,3,0.667,1,2,0.5,0,0,0.0,0,0,0,0,0,0,0,0,5,0,1,
22023,1641724,22300415,"DEC 27, 2023",ORL vs. PHI,L,1,1,1,1.0,1,1,1.0,0,0,0.0,0,0,0,0,0,0,0,0,3,3,1,
22023,1641724,22300344,"DEC 17, 2023",ORL @ BOS,L,2,1,2,0.5,1,1,1.0,0,0,0.0,0,0,0,0,0,0,0,0,3,4,1,
22023,1641724,22300329,"DEC 15, 2023",ORL @ BOS,L,3,0,1,0.0,0,1,0.0,0,0,0.0,0,1,1,0,0,0,0,0,0,3,1,
22023,1641724,22301217,"DEC 08, 2023",ORL vs. DET,W,5,2,2,1.0,1,1,1.0,1,2,0.5,0,1,1,1,0,0,0,1,6,3,1,
22023,1641724,22300209,"NOV 19, 2023",ORL @ IND,W,7,0,2,0.0,0,2,0.0,0,0,0.0,0,0,0,1,0,0,2,0,0,-11,1,
22023,1641724,22300020,"NOV 14, 2023",ORL @ BKN,L,4,0,4,0.0,0,4,0.0,0,0,0.0,0,0,0,0,0,0,0,0,0,-4,1,
22023,1641724,22300134,"NOV 04, 2023",ORL vs. LAL,W,3,0,2,0.0,0,1,0.0,0,0,0.0,1,0,1,0,0,0,0,0,0,3,1,
22023,1641724,22300114,"OCT 31, 2023",ORL @ LAC,L,4,1,1,1.0,0,0,0.0,0,0,0.0,0,1,1,0,0,0,0,0,2,-1,1,
22023,1641724,22300066,"OCT 25, 2023",ORL vs. HOU,W,5,0,1,0.0,0,1,0.0,0,0,0.0,0,0,0,1,0,0,0,0,0,9,1,
22023,1641726,22300785,"FEB 14, 2024",DAL vs. SAS,W,17,3,5,0.6,0,0,0.0,2,2,1.0,1,4,5,1,0,4,0,0,8,27,1,
22023,1641726,22300666,"JAN 29, 2024",DAL vs. ORL,W,41,8,9,0.889,0,0,0.0,4,9,0.444,3,8,11,1,1,1,2,5,20,13,1,
22023,1641726,22300651,"JAN 27, 2024",DAL vs. SAC,L,31,6,9,0.667,0,0,0.0,1,2,0.5,4,5,9,0,1,0,1,5,13,11,1,
22023,1641726,22300634,"JAN 26, 2024",DAL @ ATL,W,28,4,7,0.571,0,0,0.0,1,2,0.5,2,9,11,4,1,4,1,5,9,16,1,
22023,1641726,22300625,"JAN 24, 2024",DAL vs. PHX,L,25,4,5,0.8,0,0,0.0,0,0,0.0,1,1,2,1,1,1,0,2,8,-20,1,
22023,1641726,22300611,"JAN 22, 2024",DAL vs. BOS,L,25,3,3,1.0,0,0,0.0,0,0,0.0,4,4,8,1,0,2,1,2,6,-7,1,
22023,1641726,22300577,"JAN 17, 2024",DAL @ LAL,L,28,8,9,0.889,0,0,0.0,0,0,0.0,5,6,11,2,1,0,2,2,16,-5,1,
22023,1641726,22300556,"JAN 15, 2024",DAL vs. NOP,W,26,2,2,1.0,0,0,0.0,2,2,1.0,7,5,12,1,0,0,2,4,6,-2,1,
22023,1641726,22300472,"JAN 03, 2024",DAL vs. POR,W,19,0,1,0.0,0,0,0.0,0,0,0.0,1,3,4,4,2,3,0,1,0,23,1,
22023,1641726,22300457,"JAN 01, 2024",DAL @ UTA,L,25,5,8,0.625,0,0,0.0,0,0,0.0,2,4,6,2,1,1,0,1,10,-3,1,
22023,1641726,22300444,"DEC 30, 2023",DAL @ GSW,W,35,5,7,0.714,0,0,0.0,2,3,0.667,1,13,14,1,0,0,1,2,12,12,1,
22023,1641726,22300423,"DEC 28, 2023",DAL @ MIN,L,15,1,4,0.25,0,0,0.0,0,0,0.0,3,1,4,2,0,0,2,5,2,-16,1,
22023,1641726,22300420,"DEC 27, 2023",DAL vs. CLE,L,25,2,2,1.0,0,0,0.0,0,1,0.0,2,2,4,1,0,2,1,4,4,-7,1,
22023,1641726,22300405,"DEC 25, 2023",DAL @ PHX,W,32,8,9,0.889,0,0,0.0,4,9,0.444,3,7,10,1,0,0,1,3,20,18,1,
22023,1641726,22300341,"DEC 16, 2023",DAL @ POR,W,6,0,1,0.0,0,0,0.0,0,0,0.0,1,1,2,0,0,0,0,0,0,-4,1,
22023,1641726,22300321,"DEC 14, 2023",DAL vs. MIN,L,32,7,9,0.778,0,0,0.0,1,2,0.5,3,3,6,0,1,2,2,3,15,-12,1,
22023,1641726,22300306,"DEC 12, 2023",DAL vs. LAL,W,30,4,7,0.571,0,0,0.0,0,0,0.0,4,4,8,0,2,3,1,4,8,8,1,
22023,1641726,22300299,"DEC 11, 2023",DAL @ MEM,W,35,8,9,0.889,0,0,0.0,0,0,0.0,5,11,16,2,0,1,4,3,16,5,1,
22023,1641726,22301226,"DEC 08, 2023",DAL @ POR,W,28,5,6,0.833,0,0,0.0,0,0,0.0,1,8,9,2,1,2,2,4,10,6,1,
22023,1641726,22301213,"DEC 06, 2023",DAL vs. UTA,W,24,5,6,0.833,0,0,0.0,0,0,0.0,1,3,4,1,1,2,0,2,10,26,1,
22023,1641726,22300287,"DEC 02, 2023",DAL vs. OKC,L,39,9,9,1.0,0,0,0.0,2,5,0.4,6,10,16,0,1,7,2,2,20,12,1,
22023,1641726,22300277,"DEC 01, 2023",DAL vs. MEM,L,23,2,5,0.4,0,0,0.0,0,0,0.0,1,4,5,1,1,2,2,1,4,-8,1,
22023,1641726,22300059,"NOV 28, 2023",DAL vs. HOU,W,28,4,4,1.0,0,0,0.0,0,0,0.0,2,3,5,2,0,2,0,5,8,-2,1,
22023,1641726,22300238,"NOV 22, 2023",DAL @ LAL,W,19,1,3,0.333,0,0,0.0,0,0,0.0,4,6,10,3,0,0,1,0,2,1,1,
22023,1641726,22300212,"NOV 19, 2023",DAL vs. SAC,L,29,3,6,0.5,0,0,0.0,0,0,0.0,5,4,9,0,1,2,1,3,6,-16,1,
22023,1641726,22300205,"NOV 18, 2023",DAL @ MIL,L,24,3,4,0.75,0,0,0.0,0,0,0.0,3,7,10,2,0,1,3,5,6,-1,1,
22023,1641726,22300192,"NOV 15, 2023",DAL @ WAS,W,24,7,8,0.875,0,0,0.0,3,3,1.0,4,5,9,2,1,2,1,2,17,16,1,
22023,1641726,22300022,"NOV 14, 2023",DAL @ NOP,L,21,1,2,0.5,0,1,0.0,2,2,1.0,3,6,9,2,0,0,0,2,4,-8,1,
22023,1641726,22300183,"NOV 12, 2023",DAL @ NOP,W,26,4,5,0.8,0,0,0.0,2,4,0.5,1,1,2,0,1,2,1,5,10,13,1,
22023,1641726,22300014,"NOV 10, 2023",DAL vs. LAC,W,26,3,8,0.375,0,0,0.0,0,0,0.0,2,2,4,1,0,1,1,6,6,15,1,
22023,1641726,22300147,"NOV 06, 2023",DAL @ ORL,W,16,4,5,0.8,0,0,0.0,2,2,1.0,2,3,5,0,1,1,2,5,10,1,1,
22023,1641726,22300143,"NOV 05, 2023",DAL vs. CHA,W,32,7,9,0.778,0,0,0.0,1,2,0.5,3,11,14,1,0,1,2,4,15,1,1,
22023,1641726,22300006,"NOV 03, 2023",DAL @ DEN,L,25,2,3,0.667,0,1,0.0,0,0,0.0,1,3,4,0,1,1,0,2,4,-10,1,
22023,1641726,22300124,"NOV 01, 2023",DAL vs. CHI,W,33,3,5,0.6,0,0,0.0,1,4,0.25,7,6,13,6,2,1,1,3,7,15,1,
22023,1641726,22300106,"OCT 30, 2023",DAL @ MEM,W,14,1,2,0.5,0,0,0.0,0,0,0.0,1,5,6,0,0,1,0,5,2,-2,1,
22023,1641726,22300084,"OCT 27, 2023",DAL vs. BKN,W,17,4,4,1.0,0,0,0.0,1,2,0.5,1,1,2,0,0,1,1,0,9,1,1,
22023,1641726,22300073,"OCT 25, 2023",DAL @ SAS,W,31,7,8,0.875,0,0,0.0,2,3,0.667,5,5,10,1,1,1,1,4,16,20,1,
22023,1641729,22300788,"FEB 14, 2024",UTA vs. LAL,L,2,1,3,0.333,0,2,0.0,1,1,1.0,0,0,0,0,0,0,0,0,3,7,1,
22023,1641729,22300769,"FEB 12, 2024",UTA vs. GSW,L,2,0,1,0.0,0,0,0.0,0,0,0.0,0,1,1,0,0,0,1,0,0,-2,1,
22023,1641729,22300540,"JAN 12, 2024",UTA vs. TOR,W,4,2,4,0.5,1,2,0.5,0,0,0.0,0,0,0,2,0,0,0,1,5,5,1,
22023,1641729,22300524,"JAN 10, 2024",UTA vs. DEN,W,3,0,0,0.0,0,0,0.0,0,0,0.0,0,0,0,0,0,0,0,0,0,-5,1,
22023,1641729,22300412,"DEC 26, 2023",UTA @ SAS,W,2,0,0,0.0,0,0,0.0,0,0,0.0,0,1,1,0,0,0,0,0,0,-7,1,
22023,1641729,22300072,"OCT 25, 2023",UTA vs. SAC,L,2,0,2,0.0,0,0,0.0,0,0,0.0,1,1,2,0,0,0,0,0,0,2,1,
22023,1641730,22300780,"FEB 14, 2024",BKN @ BOS,L,8,0,0,0.0,0,0,0.0,0,0,0.0,0,1,1,2,0,0,0,0,0,1,1,
22023,1641730,22300750,"FEB 10, 2024",BKN vs. SAS,W,4,1,1,1.0,1,1,1.0,0,0,0.0,0,0,0,0,0,0,1,0,3,-4,1,
22023,1641730,22300735,"FEB 08, 2024",BKN vs. CLE,L,23,3,6,0.5,0,2,0.0,2,2,1.0,3,1,4,1,0,0,1,1,8,-5,1,
22023,1641730,22300720,"FEB 06, 2024",BKN vs. DAL,L,4,1,1,1.0,0,0,0.0,0,0,0.0,0,1,1,0,0,0,0,1,2,5,1,
22023,1641730,22300660,"JAN 29, 2024",BKN vs. UTA,W,3,0,1,0.0,0,0,0.0,2,2,1.0,0,2,2,1,0,1,0,0,2,4,1,
22023,1641730,22300417,"DEC 27, 2023",BKN vs. MIL,L,24,6,9,0.667,0,1,0.0,2,2,1.0,3,1,4,2,0,0,1,3,14,-19,1,
22023,1641730,22300240,"NOV 25, 2023",BKN vs. MIA,W,3,0,0,0.0,0,0,0.0,0,0,0.0,0,1,1,0,0,0,0,0,0,-6,1,
22023,1641731,22300784,"FEB 14, 2024",WAS @ NOP,L,27,3,6,0.5,0,2,0.0,0,0,0.0,0,3,3,1,1,0,4,5,6,-10,1,
22023,1641731,22300768,"FEB 12, 2024",WAS @ DAL,L,30,1,10,0.1,1,4,0.25,1,2,0.5,4,3,7,1,0,2,1,2,4,-13,1,
22023,1641731,22300753,"FEB 10, 2024",WAS vs. PHI,L,30,3,6,0.5,0,1,0.0,7,10,0.7,3,2,5,1,0,0,3,1,13,-14,1,
22023,1641731,22300743,"FEB 09, 2024",WAS @ BOS,L,33,6,18,0.333,4,12,0.333,5,5,1.0,3,5,8,3,2,0,2,4,21,6,1,
22023,1641731,22300728,"FEB 07, 2024",WAS vs. CLE,L,28,2,5,0.4,1,2,0.5,1,1,1.0,0,3,3,1,0,0,4,4,6,-17,1,
22023,1641731,22300705,"FEB 04, 2024",WAS vs. PHX,L,25,0,2,0.0,0,1,0.0,0,0,0.0,0,1,1,0,0,0,1,0,0,-25,1,
22023,1641731,22300689,"FEB 02, 2024",WAS vs. MIA,L,25,1,4,0.25,0,2,0.0,3,3,1.0,0,4,4,3,1,1,1,2,5,-19,1,
22023,1641731,22300676,"JAN 31, 2024",WAS vs. LAC,L,37,8,16,0.5,1,4,0.25,2,3,0.667,2,2,4,2,1,2,1,2,19,-9,1,
22023,1641731,22300665,"JAN 29, 2024",WAS @ SAS,W,31,5,6,0.833,2,2,1.0,1,1,1.0,1,0,1,1,2,1,1,2,13,13,1,
22023,1641731,22300642,"JAN 27, 2024",WAS @ DET,W,31,2,7,0.286,1,3,0.333,3,3,1.0,0,7,7,2,1,1,1,3,8,9,1,
22023,1641731,22300628,"JAN 25, 2024",WAS vs. UTA,L,29,0,5,0.0,0,2,0.0,2,2,1.0,0,1,1,2,3,0,2,1,2,-14,1,
22023,1641731,22300620,"JAN 24, 2024",WAS vs. MIN,L,20,2,7,0.286,0,3,0.0,0,0,0.0,0,0,0,1,0,0,3,1,4,2,1,
22023,1641731,22300602,"JAN 21, 2024",WAS vs. DEN,L,31,4,9,0.444,1,3,0.333,0,0,0.0,1,2,3,1,1,4,2,2,9,-14,1,
22023,1641731,22300594,"JAN 20, 2024",WAS vs. SAS,L,23,6,9,0.667,2,2,1.0,0,2,0.0,2,2,4,1,0,1,1,1,14,3,1,
22023,1641731,22300579,"JAN 18, 2024",WAS @ NYK,L,17,1,4,0.25,1,3,0.333,2,2,1.0,0,3,3,2,0,0,0,3,5,4,1,
22023,1641731,22300558,"JAN 15, 2024",WAS vs. DET,L,27,1,4,0.25,0,1,0.0,0,0,0.0,1,3,4,2,0,0,0,2,2,-20,1,
22023,1641731,22300543,"JAN 13, 2024",WAS @ ATL,W,28,3,8,0.375,1,2,0.5,5,6,0.833,0,6,6,3,2,1,1,4,12,23,1,
22023,1641731,22300520,"JAN 10, 2024",WAS @ IND,L,22,1,5,0.2,0,1,0.0,3,4,0.75,1,5,6,1,0,1,0,4,5,-7,1,
22023,1641731,22300508,"JAN 08, 2024",WAS vs. OKC,L,25,1,4,0.25,1,2,0.5,2,2,1.0,1,4,5,3,0,2,0,2,5,1,1,
22023,1641731,22300494,"JAN 06, 2024",WAS vs. NYK,L,28,2,5,0.4,0,2,0.0,0,0,0.0,2,1,3,3,0,0,3,3,4,-22,1,
22023,1641731,22300482,"JAN 05, 2024",WAS @ CLE,L,36,6,13,0.462,2,4,0.5,1,3,0.333,2,5,7,1,1,3,1,0,15,-9,1,
22023,1641731,22300465,"JAN 03, 2024",WAS @ CLE,L,33,2,12,0.167,1,4,0.25,0,2,0.0,1,4,5,1,3,2,2,4,5,-24,1,
22023,1641731,22300445,"DEC 31, 2023",WAS vs. ATL,L,17,0,3,0.0,0,1,0.0,2,2,1.0,1,3,4,3,0,0,0,2,2,-18,1,
22023,1641731,22300430,"DEC 29, 2023",WAS vs. BKN,W,20,2,3,0.667,0,0,0.0,0,0,0.0,2,4,6,2,0,0,1,3,4,7,1,
22023,1641731,22300416,"DEC 27, 2023",WAS vs. TOR,L,25,4,8,0.5,1,4,0.25,1,2,0.5,0,4,4,2,0,0,1,2,10,-11,1,
22023,1641731,22300407,"DEC 26, 2023",WAS vs. ORL,L,26,1,1,1.0,0,0,0.0,2,2,1.0,2,4,6,3,0,2,2,4,4,-2,1,
22023,1641731,22300386,"DEC 22, 2023",WAS @ GSW,L,32,3,8,0.375,1,2,0.5,0,0,0.0,0,3,3,2,1,1,2,1,7,-12,1,
22023,1641731,22300381,"DEC 21, 2023",WAS @ POR,W,18,1,1,1.0,0,0,0.0,0,0,0.0,0,2,2,2,0,0,0,5,2,-13,1,
22023,1641731,22300358,"DEC 18, 2023",WAS @ SAC,L,33,3,7,0.429,0,2,0.0,5,7,0.714,1,3,4,2,0,1,0,1,11,1,1,
22023,1641731,22300347,"DEC 17, 2023",WAS @ PHX,L,20,2,7,0.286,2,6,0.333,0,0,0.0,0,1,1,1,0,0,0,3,6,-11,1,
22023,1641731,22300328,"DEC 15, 2023",WAS vs. IND,W,30,6,9,0.667,2,3,0.667,3,3,1.0,1,4,5,0,2,1,4,2,17,8,1,
22023,1641731,22300311,"DEC 13, 2023",WAS vs. NOP,L,32,6,9,0.667,4,6,0.667,0,2,0.0,1,4,5,1,1,1,2,3,16,-30,1,
22023,1641731,22300295,"DEC 11, 2023",WAS @ PHI,L,31,4,11,0.364,2,7,0.286,3,6,0.5,3,5,8,4,1,1,3,0,13,-33,1,
22023,1641731,22301219,"DEC 08, 2023",WAS @ BKN,L,25,4,6,0.667,1,2,0.5,2,4,0.5,4,6,10,2,0,0,2,3,11,-22,1,
22023,1641731,22301208,"DEC 06, 2023",WAS vs. PHI,L,28,6,10,0.6,1,5,0.2,1,1,1.0,0,1,1,3,3,0,2,1,14,-7,1,
22023,1641731,22300274,"DEC 01, 2023",WAS @ ORL,L,32,6,7,0.857,0,0,0.0,0,0,0.0,1,4,5,0,3,0,2,1,12,1,1,
22023,1641731,22300259,"NOV 29, 2023",WAS @ ORL,L,25,2,5,0.4,1,1,1.0,2,2,1.0,1,4,5,0,0,0,2,1,7,-17,1,
22023,1641731,22300253,"NOV 27, 2023",WAS @ DET,W,28,2,6,0.333,0,2,0.0,1,1,1.0,0,4,4,0,2,1,2,1,5,19,1,
22023,1641731,22300241,"NOV 25, 2023",WAS vs. ATL,L,32,3,5,0.6,1,2,0.5,0,0,0.0,0,3,3,2,1,1,3,1,7,-1,1,
22023,1641731,22300225,"NOV 22, 2023",WAS @ CHA,L,19,2,6,0.333,0,2,0.0,3,3,1.0,0,0,0,2,0,1,1,4,7,-16,1,
22023,1641731,22300219,"NOV 20, 2023",WAS vs. MIL,L,25,5,7,0.714,2,2,1.0,0,0,0.0,1,2,3,1,2,0,1,3,12,4,1,
22023,1641731,22300028,"NOV 17, 2023",WAS vs. NYK,L,31,2,7,0.286,0,3,0.0,2,3,0.667,0,3,3,4,0,1,2,1,6,-17,1,
22023,1641731,22300192,"NOV 15, 2023",WAS vs. DAL,L,28,4,5,0.8,2,2,1.0,0,0,0.0,0,8,8,2,0,1,0,3,10,-8,1,
22023,1641731,22300189,"NOV 13, 2023",WAS @ TOR,L,33,4,7,0.571,1,1,1.0,1,3,0.333,1,6,7,3,3,1,0,4,10,-18,1,
22023,1641731,22300178,"NOV 12, 2023",WAS @ BKN,L,34,8,12,0.667,4,7,0.571,0,1,0.0,1,6,7,3,4,0,2,0,20,2,1,
22023,1641731,22300009,"NOV 10, 2023",WAS vs. CHA,L,20,2,4,0.5,2,4,0.5,4,4,1.0,0,2,2,1,0,0,2,1,10,15,1,
22023,1641731,22300157,"NOV 08, 2023",WAS @ CHA,W,30,2,3,0.667,2,3,0.667,0,0,0.0,0,2,2,1,0,0,0,5,6,23,1,
22023,1641731,22300148,"NOV 06, 2023",WAS @ PHI,L,19,3,7,0.429,1,3,0.333,3,3,1.0,0,3,3,0,0,1,0,3,10,-15,1,
22023,1641731,22300003,"NOV 03, 2023",WAS @ MIA,L,26,4,5,0.8,1,2,0.5,0,2,0.0,0,3,3,3,0,0,1,1,9,13,1,
22023,1641731,22300117,"NOV 01, 2023",WAS @ ATL,L,28,2,5,0.4,1,4,0.25,0,2,0.0,1,2,3,3,3,0,3,2,5,15,1,
22023,1641731,22300103,"OCT 30, 2023",WAS vs. BOS,L,28,4,12,0.333,1,6,0.167,0,0,0.0,2,3,5,1,1,2,1,0,9,-5,1,
22023,1641731,22300089,"OCT 28, 2023",WAS vs. MEM,W,14,0,2,0.0,0,1,0.0,0,0,0.0,0,1,1,0,0,1,1,1,0,-6,1,
22023,1641731,22300064,"OCT 25, 2023",WAS @ IND,L,23,1,3,0.333,1,1,1.0,0,0,0.0,0,4,4,3,0,3,3,1,3,-13,1,
22023,1641732,22300746,"FEB 09, 2024",SAC vs. DEN,W,7,1,3,0.333,0,0,0.0,0,0,0.0,0,3,3,1,0,0,0,1,2,0,1,
22023,1641732,22300714,"FEB 05, 2024",SAC @ CLE,L,3,0,1,0.0,0,0,0.0,0,2,0.0,1,0,1,0,0,0,0,0,0,-2,1,
22023,1641732,22300532,"JAN 12, 2024",SAC @ PHI,L,9,0,4,0.0,0,1,0.0,0,0,0.0,1,2,3,3,1,0,1,3,0,6,1,
22023,1641732,22300518,"JAN 10, 2024",SAC @ CHA,W,14,0,2,0.0,0,2,0.0,0,0,0.0,1,0,1,0,0,0,0,0,0,1,1,
22023,1641732,22300500,"JAN 07, 2024",SAC vs. NOP,L,10,2,5,0.4,0,2,0.0,0,0,0.0,0,1,1,4,1,0,0,1,4,12,1,
22023,1641732,22300400,"DEC 23, 2023",SAC vs. MIN,L,2,0,0,0.0,0,0,0.0,0,0,0.0,0,1,1,0,0,0,0,0,0,3,1,
22023,1641732,22300358,"DEC 18, 2023",SAC vs. WAS,W,4,1,3,0.333,0,0,0.0,0,0,0.0,1,0,1,0,0,0,0,1,2,-6,1,
22023,1641732,22300303,"DEC 11, 2023",SAC vs. BKN,W,1,0,0,0.0,0,0,0.0,0,0,0.0,0,0,0,0,0,0,0,1,0,-6,1,
22023,1641732,22300264,"NOV 29, 2023",SAC vs. LAC,L,1,1,2,0.5,0,1,0.0,0,0,0.0,1,0,1,0,0,0,1,0,2,0,1,
22023,1641732,22300222,"NOV 20, 2023",SAC @ NOP,L,14,4,8,0.5,0,2,0.0,0,1,0.0,0,1,1,0,1,0,0,2,8,-1,1,
22023,1641732,22300212,"NOV 19, 2023",SAC @ DAL,W,4,0,1,0.0,0,1,0.0,0,0,0.0,0,0,0,0,0,0,0,2,0,-3,1,
22023,1641732,22300191,"NOV 13, 2023",SAC vs. CLE,W,1,0,0,0.0,0,0,0.0,0,0,0.0,0,0,0,0,0,0,0,0,0,-5,1,
22023,1641732,22300153,"NOV 06, 2023",SAC @ HOU,L,13,4,6,0.667,0,0,0.0,2,2,1.0,3,2,5,1,0,0,0,1,10,4,1,
22023,1641732,22300137,"NOV 04, 2023",SAC @ HOU,L,18,2,7,0.286,1,4,0.25,0,0,0.0,1,2,3,0,0,0,3,1,5,0,1,
22023,1641732,22300126,"NOV 01, 2023",SAC @ GSW,L,17,2,4,0.5,0,0,0.0,0,0,0.0,1,2,3,1,1,1,0,3,4,-5,1,
22023,1641732,22300087,"OCT 27, 2023",SAC vs. GSW,L,0,0,0,0.0,0,0,0.0,0,0,0.0,0,0,0,0,0,0,0,0,0,2,1,
22023,1641732,22300072,"OCT 25, 2023",SAC @ UTA,W,1,0,0,0.0,0,0,0.0,0,0,0.0,0,1,1,0,0,0,0,0,0,-2,1,
22023,1641733,22300777,"FEB 14, 2024",CHA vs. ATL,W,1,0,0,0.0,0,0,0.0,0,0,0.0,0,0,0,0,0,0,1,0,0,-2,1,
22023,1641733,22300745,"FEB 09, 2024",CHA @ MIL,L,24,2,10,0.2,2,8,0.25,7,8,0.875,0,3,3,3,0,0,2,0,13,0,1,
22023,1641733,22300726,"FEB 07, 2024",CHA vs. TOR,L,13,3,4,0.75,3,4,0.75,0,0,0.0,0,0,0,1,0,0,0,1,9,-11,1,
22023,1641733,22300713,"FEB 05, 2024",CHA vs. LAL,L,20,2,7,0.286,1,3,0.333,0,0,0.0,0,2,2,4,0,0,1,2,5,-5,1,
22023,1641733,22300707,"FEB 04, 2024",CHA vs. IND,L,25,1,8,0.125,0,4,0.0,0,0,0.0,1,1,2,2,2,0,0,4,2,7,1,
22023,1641733,22300695,"FEB 02, 2024",CHA @ OKC,L,21,4,10,0.4,3,4,0.75,1,1,1.0,0,0,0,0,1,0,0,4,12,3,1,
22023,1641733,22300674,"JAN 31, 2024",CHA vs. CHI,L,12,2,5,0.4,1,3,0.333,0,0,0.0,1,1,2,1,0,0,1,0,5,4,1,
22023,1641733,22300657,"JAN 29, 2024",CHA vs. NYK,L,12,2,5,0.4,2,4,0.5,0,0,0.0,0,0,0,0,0,0,0,0,6,1,1,
22023,1641733,22300647,"JAN 27, 2024",CHA vs. UTA,L,19,1,4,0.25,1,3,0.333,0,0,0.0,0,0,0,4,1,0,0,3,3,-5,1,
22023,1641733,22300635,"JAN 26, 2024",CHA vs. HOU,L,17,4,6,0.667,2,2,1.0,0,0,0.0,0,1,1,0,0,0,3,2,10,-12,1,
22023,1641733,22300619,"JAN 24, 2024",CHA @ DET,L,17,1,2,0.5,1,1,1.0,0,0,0.0,0,0,0,1,0,0,0,0,3,-7,1,
22023,1641733,22300610,"JAN 22, 2024",CHA @ MIN,W,15,3,4,0.75,2,3,0.667,0,0,0.0,0,2,2,2,0,0,2,1,8,13,1,
22023,1641733,22300593,"JAN 20, 2024",CHA vs. PHI,L,15,0,4,0.0,0,2,0.0,0,0,0.0,0,0,0,1,0,0,1,0,0,-20,1,
22023,1641733,22300584,"JAN 19, 2024",CHA vs. SAS,W,18,2,6,0.333,1,2,0.5,0,0,0.0,1,3,4,0,0,0,1,1,5,-10,1,
22023,1641733,22300575,"JAN 17, 2024",CHA @ NOP,L,17,1,5,0.2,1,2,0.5,0,0,0.0,2,1,3,3,0,0,1,1,3,-9,1,
22023,1641733,22300551,"JAN 14, 2024",CHA @ MIA,L,16,2,5,0.4,0,2,0.0,0,0,0.0,0,2,2,0,0,0,2,0,4,-19,1,
22023,1641733,22300541,"JAN 12, 2024",CHA @ SAS,L,25,4,9,0.444,1,3,0.333,0,0,0.0,2,4,6,5,0,0,1,2,9,-16,1,
22023,1641733,22300518,"JAN 10, 2024",CHA vs. SAC,L,25,4,15,0.267,2,8,0.25,1,2,0.5,0,3,3,1,0,0,2,3,11,-22,1,
22023,1641733,22300506,"JAN 08, 2024",CHA vs. CHI,L,32,6,15,0.4,3,6,0.5,0,0,0.0,2,2,4,3,1,0,3,2,15,-4,1,
22023,1641733,22300484,"JAN 05, 2024",CHA @ CHI,L,16,4,6,0.667,2,2,1.0,0,0,0.0,0,2,2,0,1,0,1,0,10,-9,1,
22023,1641733,22300464,"JAN 02, 2024",CHA @ SAC,W,14,2,3,0.667,2,3,0.667,0,0,0.0,0,0,0,1,0,2,0,1,6,-2,1,
22023,1641733,22300455,"JAN 01, 2024",CHA @ DEN,L,19,2,8,0.25,1,3,0.333,0,0,0.0,2,1,3,2,0,1,2,2,5,10,1,
22023,1641733,22300436,"DEC 29, 2023",CHA @ PHX,L,13,4,7,0.571,2,4,0.5,0,0,0.0,1,1,2,1,0,0,1,1,10,-1,1,
22023,1641733,22300428,"DEC 28, 2023",CHA @ LAL,L,18,2,4,0.5,2,2,1.0,0,0,0.0,0,3,3,4,0,1,2,1,6,-1,1,
22023,1641733,22300414,"DEC 26, 2023",CHA @ LAC,L,12,2,5,0.4,1,4,0.25,0,0,0.0,0,0,0,1,0,0,0,3,5,-10,1,
22023,1641733,22300390,"DEC 23, 2023",CHA vs. DEN,L,25,6,12,0.5,5,7,0.714,2,2,1.0,1,2,3,2,0,0,1,2,19,6,1,
22023,1641733,22300365,"DEC 20, 2023",CHA @ IND,L,6,3,6,0.5,0,3,0.0,0,0,0.0,0,0,0,0,0,0,1,0,6,-5,1,
22023,1641733,22300354,"DEC 18, 2023",CHA @ TOR,L,20,3,9,0.333,1,5,0.2,0,0,0.0,0,1,1,0,0,1,1,2,7,-12,1,
22023,1641733,22300335,"DEC 16, 2023",CHA vs. PHI,L,26,4,8,0.5,1,4,0.25,0,0,0.0,1,0,1,1,0,0,0,2,9,-35,1,
22023,1641733,22300266,"NOV 30, 2023",CHA @ BKN,W,14,3,4,0.75,3,3,1.0,0,0,0.0,1,0,1,0,0,1,0,2,9,4,1,
22023,1641733,22300057,"NOV 28, 2023",CHA @ NYK,L,5,3,4,0.75,2,2,1.0,0,0,0.0,0,0,0,0,0,0,0,0,8,-1,1,
22023,1641733,22300225,"NOV 22, 2023",CHA vs. WAS,W,1,1,1,1.0,0,0,0.0,0,0,0.0,0,0,0,0,0,0,0,1,2,-6,1,
22023,1641733,22300027,"NOV 17, 2023",CHA vs. MIL,L,9,1,6,0.167,0,1,0.0,0,0,0.0,1,1,2,0,0,1,1,1,2,-18,1,
22023,1641733,22300017,"NOV 14, 2023",CHA vs. MIA,L,15,1,2,0.5,1,1,1.0,0,0,0.0,0,1,1,0,0,0,0,1,3,-2,1,
22023,1641733,22300177,"NOV 12, 2023",CHA @ NYK,L,8,1,6,0.167,1,4,0.25,0,0,0.0,0,0,0,2,0,0,0,0,3,6,1,
22023,1641733,22300157,"NOV 08, 2023",CHA vs. WAS,L,4,2,2,1.0,1,1,1.0,0,0,0.0,0,1,1,0,1,0,1,0,5,4,1,
22023,1641733,22300063,"OCT 25, 2023",CHA vs. ATL,W,1,0,0,0.0,0,0,0.0,0,0,0.0,0,0,0,0,0,0,0,0,0,0,1,
22023,1641734,22300420,"DEC 27, 2023",CLE @ DAL,W,6,0,3,0.0,0,3,0.0,0,0,0.0,0,1,1,3,0,0,0,2,0,11,1,
22023,1641734,22300396,"DEC 23, 2023",CLE @ CHI,W,9,1,2,0.5,1,2,0.5,0,0,0.0,0,0,0,0,0,1,0,0,3,-2,1,
22023,1641734,22300375,"DEC 21, 2023",CLE vs. NOP,L,9,1,5,0.2,1,3,0.333,0,0,0.0,0,0,0,1,0,0,0,1,3,-9,1,
22023,1641734,22300229,"NOV 22, 2023",CLE vs. MIA,L,16,1,5,0.2,1,5,0.2,0,0,0.0,0,1,1,1,1,0,0,1,3,-12,1,
22023,1641734,22300210,"NOV 19, 2023",CLE vs. DEN,W,4,0,1,0.0,0,1,0.0,0,0,0.0,0,1,1,0,0,0,0,0,0,-12,1,
22023,1641734,22300030,"NOV 17, 2023",CLE vs. DET,W,1,0,0,0.0,0,0,0.0,0,0,0.0,0,0,0,0,0,0,0,0,0,-2,1,
22023,1641734,22300199,"NOV 15, 2023",CLE @ POR,W,2,0,0,0.0,0,0,0.0,0,0,0.0,0,1,1,0,0,0,0,0,0,0,1,
22023,1641734,22300176,"NOV 11, 2023",CLE @ GSW,W,1,0,0,0.0,0,0,0.0,0,0,0.0,0,0,0,0,0,0,0,0,0,-6,1,
22023,1641734,22300112,"OCT 31, 2023",CLE vs. NYK,L,23,3,8,0.375,2,5,0.4,1,2,0.5,1,5,6,1,0,1,1,1,9,-9,1,
22023,1641734,22300091,"OCT 28, 2023",CLE vs. IND,L,7,0,1,0.0,0,1,0.0,0,0,0.0,0,0,0,0,0,0,0,0,0,-15,1,
22023,1641735,22300745,"FEB 09, 2024",CHA @ MIL,L,4,0,1,0.0,0,1,0.0,0,0,0.0,0,0,0,1,0,0,0,0,0,-1,1,
22023,1641735,22300335,"DEC 16, 2023",CHA vs. PHI,L,7,1,3,0.333,0,2,0.0,1,2,0.5,0,0,0,0,0,0,1,0,3,-6,1,
22023,1641735,22300177,"NOV 12, 2023",CHA @ NYK,L,3,1,3,0.333,0,0,0.0,0,0,0.0,2,0,2,0,0,0,0,0,2,7,1,
22023,1641738,22300770,"FEB 12, 2024",LAC vs. MIN,L,5,0,1,0.0,0,0,0.0,0,0,0.0,1,1,2,0,0,0,2,0,0,3,1,
22023,1641738,22300731,"FEB 07, 2024",LAC vs. NOP,L,3,1,1,1.0,1,1,1.0,0,0,0.0,0,1,1,0,0,0,0,0,3,3,1,
22023,1641738,22300688,"FEB 02, 2024",LAC @ DET,W,3,0,1,0.0,0,0,0.0,0,0,0.0,0,0,0,0,0,0,0,0,0,-7,1,
22023,1641738,22300676,"JAN 31, 2024",LAC @ WAS,W,7,0,1,0.0,0,0,0.0,0,0,0.0,1,2,3,1,0,0,0,1,0,-11,1,
22023,1641738,22300658,"JAN 29, 2024",LAC @ CLE,L,1,0,0,0.0,0,0,0.0,0,0,0.0,0,0,0,0,0,0,0,0,0,-2,1,
22023,1641738,22300646,"JAN 27, 2024",LAC @ BOS,W,10,0,2,0.0,0,2,0.0,0,0,0.0,2,1,3,1,0,0,1,2,0,-16,1,
22023,1641738,22300618,"JAN 23, 2024",LAC vs. LAL,W,1,0,0,0.0,0,0,0.0,0,0,0.0,0,0,0,0,0,0,0,0,0,0,1,
22023,1641738,22300537,"JAN 12, 2024",LAC @ MEM,W,4,0,1,0.0,0,0,0.0,0,0,0.0,0,0,0,1,0,0,0,0,0,-11,1,
22023,1641738,22300511,"JAN 08, 2024",LAC vs. PHX,W,5,0,0,0.0,0,0,0.0,0,0,0.0,0,0,0,0,1,0,0,1,0,2,1,
22023,1641738,22300486,"JAN 05, 2024",LAC @ NOP,W,6,0,1,0.0,0,1,0.0,0,0,0.0,0,0,0,0,0,0,0,0,0,-12,1,
22023,1641738,22300458,"JAN 01, 2024",LAC vs. MIA,W,3,0,0,0.0,0,0,0.0,0,0,0.0,0,0,0,0,0,0,1,0,0,-3,1,
22023,1641738,22300438,"DEC 29, 2023",LAC vs. MEM,W,15,3,5,0.6,1,3,0.333,0,0,0.0,0,4,4,0,0,0,0,2,7,1,1,
22023,1641738,22300414,"DEC 26, 2023",LAC vs. CHA,W,17,1,4,0.25,0,2,0.0,0,0,0.0,0,0,0,2,2,0,0,0,2,-5,1,
22023,1641738,22300389,"DEC 23, 2023",LAC vs. BOS,L,25,2,2,1.0,2,2,1.0,0,0,0.0,0,2,2,4,1,0,0,3,6,-18,1,
22023,1641738,22300379,"DEC 21, 2023",LAC @ OKC,L,10,1,3,0.333,0,2,0.0,0,0,0.0,0,0,0,0,0,0,0,1,2,1,1,
22023,1641738,22300350,"DEC 18, 2023",LAC @ IND,W,6,0,2,0.0,0,1,0.0,0,0,0.0,0,1,1,1,0,0,1,1,0,-5,1,
22023,1641738,22300343,"DEC 16, 2023",LAC vs. NYK,W,5,2,3,0.667,2,3,0.667,0,0,0.0,0,0,0,0,0,0,0,0,6,-2,1,
22023,1641738,22300325,"DEC 14, 2023",LAC vs. GSW,W,7,1,1,1.0,0,0,0.0,0,0,0.0,0,0,0,0,1,0,0,2,2,14,1,
22023,1641738,22300309,"DEC 12, 2023",LAC vs. SAC,W,24,3,5,0.6,1,3,0.333,0,0,0.0,1,5,6,0,0,1,1,5,7,-3,1,
22023,1641738,22300304,"DEC 11, 2023",LAC vs. POR,W,5,0,1,0.0,0,1,0.0,0,0,0.0,0,0,0,0,0,0,0,1,0,-5,1,
22023,1641738,22301225,"DEC 08, 2023",LAC @ UTA,W,14,0,2,0.0,0,0,0.0,1,2,0.5,2,1,3,1,0,1,0,3,1,-7,1,
22023,1641738,22301215,"DEC 06, 2023",LAC vs. DEN,W,17,1,4,0.25,1,3,0.333,0,0,0.0,0,4,4,1,0,0,0,4,3,17,1,
22023,1641738,22300280,"DEC 02, 2023",LAC vs. GSW,W,11,0,3,0.0,0,3,0.0,0,0,0.0,0,1,1,3,0,0,0,1,0,-6,1,
22023,1641738,22300273,"NOV 30, 2023",LAC @ GSW,L,6,0,1,0.0,0,1,0.0,0,0,0.0,0,1,1,0,0,0,0,2,0,-6,1,
22023,1641738,22300264,"NOV 29, 2023",LAC @ SAC,W,11,1,2,0.5,1,2,0.5,0,0,0.0,0,2,2,0,0,0,0,3,3,-3,1,
22023,1641738,22300244,"NOV 25, 2023",LAC vs. DAL,W,5,0,2,0.0,0,1,0.0,0,0,0.0,1,2,3,0,0,0,0,0,0,-1,1,
22023,1641738,22300014,"NOV 10, 2023",LAC @ DAL,L,13,3,4,0.75,1,1,1.0,0,0,0.0,1,0,1,0,0,0,1,2,7,10,1,
22023,1641738,22300151,"NOV 06, 2023",LAC @ NYK,L,4,0,1,0.0,0,1,0.0,0,0,0.0,0,0,0,0,0,0,0,0,0,2,1,
22023,1641738,22300127,"NOV 01, 2023",LAC @ LAL,L,6,0,1,0.0,0,1,0.0,0,0,0.0,0,0,0,0,0,0,0,0,0,-7,1,
22023,1641738,22300114,"OCT 31, 2023",LAC vs. ORL,W,19,3,4,0.75,1,2,0.5,0,0,0.0,1,2,3,1,0,1,0,4,7,11,1,
22023,1641738,22300099,"OCT 29, 2023",LAC vs. SAS,W,5,1,2,0.5,1,2,0.5,0,0,0.0,0,4,4,1,1,0,0,1,3,10,1,
22023,1641738,22300074,"OCT 25, 2023",LAC vs. POR,W,5,0,2,0.0,0,1,0.0,0,0,0.0,0,0,0,0,0,0,0,1,0,-12,1,
22023,1641739,22300791,"FEB 15, 2024",POR vs. MIN,L,18,5,5,1.0,1,1,1.0,2,3,0.667,1,4,5,2,0,2,1,2,13,-7,1,
22023,1641739,22300775,"FEB 13, 2024",POR vs. MIN,L,22,5,7,0.714,2,2,1.0,2,2,1.0,1,3,4,2,0,0,2,4,14,9,1,
22023,1641739,22300758,"FEB 10, 2024",POR vs. NOP,L,20,2,8,0.25,1,3,0.333,0,0,0.0,0,3,3,1,1,0,3,1,5,3,1,
22023,1641739,22300741,"FEB 08, 2024",POR vs. DET,L,36,4,7,0.571,1,1,1.0,0,0,0.0,4,6,10,1,1,0,1,5,9,-9,1,
22023,1641739,22300712,"FEB 04, 2024",POR @ DEN,L,23,4,6,0.667,2,3,0.667,0,0,0.0,2,4,6,0,0,0,1,4,10,10,1,
22023,1641739,22300697,"FEB 02, 2024",POR @ DEN,L,24,3,6,0.5,0,2,0.0,4,4,1.0,0,2,2,0,2,1,1,1,10,-11,1,
22023,1641739,22300683,"JAN 31, 2024",POR vs. MIL,W,23,2,3,0.667,0,0,0.0,0,0,0.0,1,3,4,2,2,0,0,2,4,0,1,
22023,1641739,22300668,"JAN 29, 2024",POR vs. PHI,W,16,2,4,0.5,1,3,0.333,1,2,0.5,2,1,3,3,1,0,1,1,6,4,1,
22023,1641739,22300656,"JAN 28, 2024",POR vs. CHI,L,3,1,1,1.0,0,0,0.0,0,0,0.0,0,1,1,0,0,0,0,0,2,-1,1,
22023,1641739,22300641,"JAN 26, 2024",POR @ SAS,L,23,4,9,0.444,0,1,0.0,4,4,1.0,2,2,4,1,2,1,3,0,12,-9,1,
22023,1641739,22300623,"JAN 24, 2024",POR @ HOU,W,17,1,4,0.25,0,0,0.0,2,2,1.0,1,3,4,1,2,0,0,3,4,-1,1,
22023,1641739,22300617,"JAN 23, 2024",POR @ OKC,L,14,0,2,0.0,0,0,0.0,0,0,0.0,2,3,5,1,2,0,0,2,0,5,1,
22023,1641739,22300605,"JAN 21, 2024",POR @ LAL,L,23,2,5,0.4,0,2,0.0,1,2,0.5,1,4,5,1,2,0,1,3,5,5,1,
22023,1641739,22300590,"JAN 19, 2024",POR vs. IND,W,19,1,3,0.333,0,0,0.0,2,2,1.0,1,3,4,0,0,0,1,2,4,11,1,
22023,1641739,22300578,"JAN 17, 2024",POR vs. BKN,W,20,3,4,0.75,0,0,0.0,0,0,0.0,2,4,6,1,0,0,0,2,6,5,1,
22023,1641739,22300554,"JAN 14, 2024",POR vs. PHX,L,23,1,4,0.25,0,2,0.0,0,0,0.0,2,0,2,2,0,0,0,1,2,-6,1,
22023,1641739,22300538,"JAN 12, 2024",POR @ MIN,L,25,5,8,0.625,1,3,0.333,3,4,0.75,2,3,5,0,0,1,3,1,14,-15,1,
22023,1641739,22300529,"JAN 11, 2024",POR @ OKC,L,32,2,9,0.222,1,6,0.167,1,2,0.5,2,3,5,1,2,2,2,3,6,-38,1,
22023,1641739,22300514,"JAN 09, 2024",POR @ NYK,L,26,2,4,0.5,1,3,0.333,0,0,0.0,3,3,6,2,1,2,2,3,5,-3,1,
22023,1641739,22300498,"JAN 07, 2024",POR @ BKN,W,29,1,4,0.25,0,2,0.0,3,4,0.75,1,5,6,1,1,0,2,4,5,0,1,
22023,1641739,22300487,"JAN 05, 2024",POR @ DAL,L,24,4,10,0.4,2,7,0.286,0,1,0.0,1,6,7,1,1,0,2,2,10,-11,1,
22023,1641739,22300472,"JAN 03, 2024",POR @ DAL,L,20,3,8,0.375,2,4,0.5,2,3,0.667,2,3,5,0,2,1,2,6,10,-11,1,
22023,1641739,22300437,"DEC 29, 2023",POR vs. SAS,W,36,6,12,0.5,1,3,0.333,0,0,0.0,4,7,11,2,3,0,3,1,13,9,1,
22023,1641739,22300427,"DEC 28, 2023",POR vs. SAS,L,21,0,5,0.0,0,1,0.0,1,2,0.5,3,4,7,0,0,0,1,1,1,-11,1,
22023,1641739,22300413,"DEC 26, 2023",POR vs. SAC,W,18,2,5,0.4,0,1,0.0,0,0,0.0,2,1,3,1,0,0,1,1,4,0,1,
22023,1641739,22300399,"DEC 23, 2023",POR @ GSW,L,25,2,3,0.667,0,0,0.0,2,2,1.0,0,2,2,0,1,1,1,1,6,-2,1,
22023,1641739,22300381,"DEC 21, 2023",POR vs. WAS,L,18,2,3,0.667,0,1,0.0,0,0,0.0,1,2,3,0,1,0,0,3,4,-16,1,
22023,1641739,22300363,"DEC 19, 2023",POR vs. PHX,W,22,2,4,0.5,1,1,1.0,0,0,0.0,3,6,9,0,3,1,2,3,5,-8,1,
22023,1641739,22300348,"DEC 17, 2023",POR vs. GSW,L,22,3,4,0.75,3,3,1.0,2,4,0.5,1,2,3,0,2,0,1,2,11,-5,1,
22023,1641739,22300341,"DEC 16, 2023",POR vs. DAL,L,20,3,7,0.429,0,4,0.0,2,2,1.0,0,3,3,1,1,0,0,3,8,5,1,
22023,1641739,22300323,"DEC 14, 2023",POR vs. UTA,L,24,7,10,0.7,3,4,0.75,1,2,0.5,4,2,6,0,0,0,1,3,18,-24,1,
22023,1641739,22300304,"DEC 11, 2023",POR @ LAC,L,37,3,6,0.5,1,3,0.333,0,2,0.0,0,4,4,4,1,1,1,5,7,-5,1,
22023,1641739,22301226,"DEC 08, 2023",POR vs. DAL,L,32,6,20,0.3,2,10,0.2,0,0,0.0,6,3,9,0,1,0,0,5,14,-23,1,
22023,1641739,22301214,"DEC 06, 2023",POR @ GSW,L,27,3,14,0.214,0,4,0.0,0,0,0.0,5,8,13,2,0,0,3,6,6,-3,1,
22023,1641739,22300289,"DEC 02, 2023",POR @ UTA,L,30,4,8,0.5,0,3,0.0,0,0,0.0,2,1,3,0,4,1,0,4,8,-5,1,
22023,1641739,22300265,"NOV 30, 2023",POR @ CLE,W,24,4,6,0.667,1,3,0.333,0,0,0.0,1,1,2,1,2,1,1,0,9,-2,1,
22023,1641739,22300254,"NOV 27, 2023",POR @ IND,W,17,1,3,0.333,1,2,0.5,2,2,1.0,2,0,2,0,0,0,0,2,5,0,1,
22023,1641739,22300245,"NOV 26, 2023",POR @ MIL,L,17,2,3,0.667,2,2,1.0,0,0,0.0,2,1,3,0,0,0,2,4,6,-3,1,
22023,1641739,22300237,"NOV 22, 2023",POR vs. UTA,W,28,4,8,0.5,2,4,0.5,2,2,1.0,3,4,7,3,0,1,2,2,12,15,1,
22023,1641739,22300041,"NOV 21, 2023",POR @ PHX,L,39,2,4,0.5,0,2,0.0,3,4,0.75,0,4,4,0,1,0,1,4,7,-16,1,
22023,1641739,22300215,"NOV 19, 2023",POR vs. OKC,L,15,3,5,0.6,0,2,0.0,0,0,0.0,0,2,2,0,0,0,1,4,6,-15,1,
22023,1641739,22300036,"NOV 17, 2023",POR vs. LAL,L,36,3,8,0.375,1,6,0.167,3,5,0.6,2,4,6,0,2,1,1,3,10,-7,1,
22023,1641739,22300199,"NOV 15, 2023",POR vs. CLE,L,22,0,4,0.0,0,3,0.0,0,0,0.0,0,1,1,3,2,0,1,1,0,-12,1,
22023,1641739,22300023,"NOV 14, 2023",POR @ UTA,L,26,3,6,0.5,2,4,0.5,1,2,0.5,2,3,5,1,0,2,2,2,9,-8,1,
22023,1641739,22300187,"NOV 12, 2023",POR @ LAL,L,24,1,3,0.333,0,2,0.0,0,0,0.0,4,2,6,2,0,1,2,5,2,0,1,
22023,1641739,22300170,"NOV 08, 2023",POR @ SAC,L,25,1,2,0.5,0,0,0.0,0,0,0.0,1,3,4,1,3,0,1,3,2,7,1,
22023,1641739,22300144,"NOV 05, 2023",POR vs. MEM,L,24,3,5,0.6,2,3,0.667,0,0,0.0,3,3,6,2,1,0,3,1,8,-4,1,
22023,1641739,22300007,"NOV 03, 2023",POR vs. MEM,W,31,2,8,0.25,0,3,0.0,1,1,1.0,3,0,3,1,2,0,1,4,5,2,1,
22023,1641739,22300115,"NOV 01, 2023",POR @ DET,W,26,2,3,0.667,0,0,0.0,3,3,1.0,2,5,7,0,1,1,1,2,7,6,1,
22023,1641739,22300105,"OCT 30, 2023",POR @ TOR,W,23,1,4,0.25,0,2,0.0,1,2,0.5,2,5,7,0,0,1,1,2,3,12,1,
22023,1641739,22300098,"OCT 29, 2023",POR @ PHI,L,28,5,16,0.313,1,5,0.2,1,2,0.5,3,0,3,2,0,2,0,3,12,-13,1,
22023,1641739,22300086,"OCT 27, 2023",POR vs. ORL,L,23,0,4,0.0,0,2,0.0,2,2,1.0,1,3,4,3,0,0,0,0,2,2,1,
22023,1641739,22300074,"OCT 25, 2023",POR @ LAC,L,16,2,5,0.4,2,2,1.0,1,2,0.5,0,2,2,1,0,1,0,2,7,13,1,
22023,1641741,22300779,"FEB 14, 2024",PHI vs. MIA,L,23,5,10,0.5,1,4,0.25,2,2,1.0,0,4,4,2,0,0,1,1,13,-2,1,
22023,1641741,22300762,"FEB 12, 2024",PHI @ CLE,W,21,2,7,0.286,0,2,0.0,4,5,0.8,1,4,5,0,0,0,0,1,8,5,1,
22023,1641741,22300753,"FEB 10, 2024",PHI @ WAS,W,29,7,13,0.538,0,1,0.0,5,8,0.625,5,5,10,1,0,0,0,2,19,1,1,
22023,1641741,22300742,"FEB 09, 2024",PHI vs. ATL,L,7,1,3,0.333,0,1,0.0,2,2,1.0,0,2,2,0,0,0,0,1,4,0,1,
22023,1641741,22300727,"FEB 07, 2024",PHI vs. GSW,L,10,4,7,0.571,1,3,0.333,8,8,1.0,0,0,0,0,0,0,0,1,17,4,1,
22023,1641741,22300715,"FEB 05, 2024",PHI vs. DAL,L,6,2,2,1.0,0,0,0.0,3,4,0.75,0,0,0,0,0,0,1,1,7,4,1,
22023,1641741,22300698,"FEB 03, 2024",PHI vs. BKN,L,12,2,4,0.5,1,1,1.0,0,1,0.0,1,4,5,1,0,0,0,0,5,8,1,
22023,1641741,22300673,"JAN 30, 2024",PHI @ GSW,L,2,1,1,1.0,0,0,0.0,0,0,0.0,0,0,0,0,0,0,0,0,2,-1,1,
22023,1641741,22300668,"JAN 29, 2024",PHI @ POR,L,9,2,4,0.5,0,0,0.0,4,4,1.0,2,0,2,0,1,0,0,0,8,-5,1,
22023,1641741,22300627,"JAN 25, 2024",PHI @ IND,L,12,3,6,0.5,1,1,1.0,4,6,0.667,1,0,1,0,1,0,0,0,11,9,1,
22023,1641741,22300608,"JAN 22, 2024",PHI vs. SAS,W,1,0,1,0.0,0,0,0.0,0,0,0.0,0,0,0,0,0,0,0,0,0,-5,1,
22023,1641741,22300593,"JAN 20, 2024",PHI @ CHA,W,0,0,0,0.0,0,0,0.0,0,0,0.0,0,0,0,0,0,0,0,0,0,-4,1,
22023,1641741,22300585,"JAN 19, 2024",PHI @ ORL,W,2,0,0,0.0,0,0,0.0,1,2,0.5,0,0,0,0,0,0,0,1,1,2,1,
22023,1641741,22300459,"JAN 02, 2024",PHI vs. CHI,W,6,0,1,0.0,0,1,0.0,0,0,0.0,0,0,0,0,0,0,0,0,0,-12,1,
22023,1641748,22300790,"FEB 15, 2024",MIL @ MEM,L,3,0,1,0.0,0,0,0.0,0,0,0.0,0,0,0,0,0,0,0,2,0,-4,1,
22023,1641748,22300773,"FEB 13, 2024",MIL vs. MIA,L,8,0,1,0.0,0,1,0.0,0,0,0.0,0,1,1,2,0,0,0,0,0,3,1,
22023,1641748,22300767,"FEB 12, 2024",MIL vs. DEN,W,6,1,1,1.0,1,1,1.0,0,0,0.0,0,2,2,1,0,0,0,1,3,-2,1,
22023,1641748,22300745,"FEB 09, 2024",MIL vs. CHA,W,13,1,3,0.333,0,2,0.0,0,0,0.0,0,2,2,0,1,0,1,2,2,-1,1,
22023,1641748,22300738,"FEB 08, 2024",MIL vs. MIN,L,18,0,2,0.0,0,0,0.0,0,0,0.0,0,1,1,3,1,0,1,0,0,-11,1,
22023,1641748,22300711,"FEB 04, 2024",MIL @ UTA,L,1,0,0,0.0,0,0,0.0,0,2,0.0,0,0,0,0,0,0,0,1,0,-1,1,
22023,1641748,22300648,"JAN 27, 2024",MIL vs. NOP,W,17,1,1,1.0,1,1,1.0,0,0,0.0,0,2,2,2,1,0,0,3,3,8,1,
22023,1641748,22300624,"JAN 24, 2024",MIL vs. CLE,W,1,0,0,0.0,0,0,0.0,0,0,0.0,0,0,0,0,0,0,0,0,0,0,1,
22023,1641748,22300606,"JAN 22, 2024",MIL @ DET,W,20,3,4,0.75,0,1,0.0,2,2,1.0,0,1,1,0,1,1,0,5,8,-8,1,
22023,1641748,22300592,"JAN 20, 2024",MIL @ DET,W,15,1,1,1.0,0,0,0.0,0,0,0.0,3,4,7,0,0,0,0,2,2,-1,1,
22023,1641748,22300572,"JAN 17, 2024",MIL @ CLE,L,23,3,4,0.75,0,1,0.0,0,0,0.0,2,6,8,0,0,0,1,2,6,-26,1,
22023,1641748,22300552,"JAN 14, 2024",MIL vs. SAC,W,10,0,0,0.0,0,0,0.0,0,0,0.0,0,0,0,1,0,0,2,5,0,2,1,
22023,1641748,22300545,"JAN 13, 2024",MIL vs. GSW,W,28,5,8,0.625,0,0,0.0,0,0,0.0,6,4,10,2,0,1,1,1,10,0,1,
22023,1641748,22300528,"JAN 11, 2024",MIL vs. BOS,W,16,0,2,0.0,0,2,0.0,0,0,0.0,2,2,4,4,0,0,0,5,0,19,1,
22023,1641748,22300510,"JAN 08, 2024",MIL vs. UTA,L,26,2,6,0.333,1,2,0.5,2,2,1.0,2,3,5,3,0,2,1,2,7,-6,1,
22023,1641748,22300496,"JAN 06, 2024",MIL @ HOU,L,12,0,1,0.0,0,1,0.0,1,1,1.0,0,2,2,0,2,0,0,3,1,3,1,
22023,1641748,22300477,"JAN 04, 2024",MIL @ SAS,W,5,0,0,0.0,0,0,0.0,0,0,0.0,0,1,1,0,0,0,0,1,0,-5,1,
22023,1641748,22300466,"JAN 03, 2024",MIL @ IND,L,14,3,4,0.75,1,2,0.5,0,0,0.0,0,2,2,2,0,0,1,1,7,14,1,
22023,1641748,22300454,"JAN 01, 2024",MIL vs. IND,L,5,0,0,0.0,0,0,0.0,0,0,0.0,0,1,1,0,0,0,0,1,0,-12,1,
22023,1641748,22300433,"DEC 29, 2023",MIL @ CLE,W,3,0,0,0.0,0,0,0.0,0,0,0.0,0,0,0,0,0,0,1,0,0,-7,1,
22023,1641748,22300417,"DEC 27, 2023",MIL @ BKN,W,2,0,2,0.0,0,1,0.0,0,0,0.0,0,0,0,0,0,0,0,2,0,1,1,
22023,1641748,22300401,"DEC 25, 2023",MIL @ NYK,L,14,0,2,0.0,0,1,0.0,2,2,1.0,1,1,2,1,1,0,0,2,2,-4,1,
22023,1641748,22300388,"DEC 23, 2023",MIL @ NYK,W,11,0,0,0.0,0,0,0.0,0,0,0.0,2,0,2,2,0,0,1,1,0,-2,1,
22023,1641748,22300378,"DEC 21, 2023",MIL vs. ORL,W,7,0,1,0.0,0,1,0.0,0,0,0.0,0,0,0,0,0,0,0,0,0,-8,1,
22023,1641748,22300361,"DEC 19, 2023",MIL vs. SAS,W,15,2,4,0.5,2,3,0.667,1,2,0.5,2,1,3,2,1,0,1,2,7,-1,1,
22023,1641748,22300346,"DEC 17, 2023",MIL vs. HOU,W,36,4,6,0.667,1,3,0.333,0,0,0.0,4,2,6,4,0,0,1,6,9,3,1,
22023,1641748,22300334,"DEC 16, 2023",MIL vs. DET,W,26,4,8,0.5,2,5,0.4,0,0,0.0,1,7,8,1,0,0,1,4,10,2,1,
22023,1641748,22300315,"DEC 13, 2023",MIL vs. IND,W,14,1,2,0.5,0,1,0.0,0,0,0.0,1,1,2,2,0,0,0,4,2,1,1,
22023,1641748,22301229,"DEC 07, 2023",MIL vs. IND,L,1,0,0,0.0,0,0,0.0,0,0,0.0,0,0,0,0,0,0,0,1,0,-4,1,
22023,1641748,22301201,"DEC 05, 2023",MIL vs. NYK,W,0,0,0,0.0,0,0,0.0,0,0,0.0,0,0,0,0,0,0,0,0,0,0,1,
22023,1641748,22300269,"NOV 30, 2023",MIL @ CHI,L,12,2,3,0.667,0,1,0.0,0,0,0.0,1,0,1,1,2,0,1,1,4,-8,1,
22023,1641748,22300056,"NOV 28, 2023",MIL @ MIA,W,3,2,2,1.0,2,2,1.0,0,0,0.0,1,0,1,0,0,0,0,0,6,-3,1,
22023,1641748,22300245,"NOV 26, 2023",MIL vs. POR,W,12,0,0,0.0,0,0,0.0,0,0,0.0,0,1,1,0,0,0,0,0,0,-11,1,
22023,1641748,22300049,"NOV 24, 2023",MIL vs. WAS,W,9,0,0,0.0,0,0,0.0,0,0,0.0,0,1,1,1,0,0,0,4,0,0,1,
22023,1641748,22300228,"NOV 22, 2023",MIL @ BOS,L,8,3,4,0.75,1,1,1.0,0,0,0.0,1,0,1,0,0,0,1,2,7,-2,1,
22023,1641748,22300219,"NOV 20, 2023",MIL @ WAS,W,1,0,0,0.0,0,0,0.0,0,0,0.0,1,0,1,0,0,0,0,0,0,-5,1,
22023,1641748,22300205,"NOV 18, 2023",MIL vs. DAL,W,12,0,1,0.0,0,0,0.0,0,0,0.0,0,0,0,2,0,0,0,1,0,-11,1,
22023,1641748,22300027,"NOV 17, 2023",MIL @ CHA,W,8,2,2,1.0,2,2,1.0,0,0,0.0,0,1,1,2,0,0,1,1,6,2,1,
22023,1641748,22300195,"NOV 15, 2023",MIL @ TOR,W,17,0,1,0.0,0,0,0.0,0,0,0.0,2,0,2,1,0,0,2,2,0,9,1,
22023,1641748,22300190,"NOV 13, 2023",MIL vs. CHI,W,13,2,4,0.5,1,3,0.333,0,0,0.0,2,1,3,0,0,0,0,1,5,2,1,
22023,1641748,22300173,"NOV 11, 2023",MIL @ ORL,L,14,2,3,0.667,0,1,0.0,0,0,0.0,1,2,3,0,0,0,2,2,4,2,1,
22023,1641748,22300171,"NOV 09, 2023",MIL @ IND,L,5,0,0,0.0,0,0,0.0,0,0,0.0,0,0,0,0,0,0,0,2,0,7,1,
22023,1641748,22300165,"NOV 08, 2023",MIL vs. DET,W,4,0,0,0.0,0,0,0.0,0,0,0.0,0,0,0,0,1,0,0,3,0,0,1,
22023,1641748,22300116,"NOV 01, 2023",MIL @ TOR,L,6,1,1,1.0,0,0,0.0,0,0,0.0,0,1,1,3,1,0,0,2,2,4,1,
22023,1641748,22300097,"OCT 29, 2023",MIL vs. ATL,L,7,0,1,0.0,0,1,0.0,0,0,0.0,1,3,4,1,1,0,1,2,0,5,1,
22023,1641749,22300695,"FEB 02, 2024",OKC vs. CHA,W,10,0,1,0.0,0,0,0.0,0,0,0.0,0,0,0,0,0,0,1,1,0,-13,1,
22023,1641749,22300654,"JAN 28, 2024",OKC @ DET,L,13,2,3,0.667,1,1,1.0,0,0,0.0,1,1,2,0,0,0,0,1,5,4,1,
22023,1641749,22300640,"JAN 26, 2024",OKC @ NOP,W,2,0,0,0.0,0,0,0.0,0,0,0.0,0,0,0,0,0,0,0,0,0,-2,1,
22023,1641749,22300622,"JAN 24, 2024",OKC @ SAS,W,5,0,2,0.0,0,0,0.0,0,0,0.0,0,0,0,1,0,0,1,0,0,-4,1,
22023,1641749,22300617,"JAN 23, 2024",OKC vs. POR,W,5,0,0,0.0,0,0,0.0,0,0,0.0,1,0,1,1,0,0,0,1,0,-4,1,
22023,1641749,22300529,"JAN 11, 2024",OKC vs. POR,W,18,2,5,0.4,0,1,0.0,0,0,0.0,1,2,3,2,0,0,2,1,4,13,1,
22023,1641749,22300095,"OCT 29, 2023",OKC vs. DEN,L,6,0,1,0.0,0,0,0.0,0,0,0.0,0,0,0,0,0,0,0,0,0,-2,1,
22023,1641753,22300767,"FEB 12, 2024",MIL vs. DEN,W,2,0,0,0.0,0,0,0.0,0,0,0.0,0,1,1,0,0,0,0,0,0,-6,1,
22023,1641753,22300711,"FEB 04, 2024",MIL @ UTA,L,1,0,1,0.0,0,0,0.0,0,0,0.0,0,0,0,0,0,0,0,0,0,0,1,
22023,1641753,22300648,"JAN 27, 2024",MIL vs. NOP,W,2,0,1,0.0,0,0,0.0,0,0,0.0,0,1,1,0,0,0,0,2,0,-3,1,
22023,1641753,22300572,"JAN 17, 2024",MIL @ CLE,L,9,0,1,0.0,0,0,0.0,0,0,0.0,0,1,1,0,0,0,0,2,0,-6,1,
22023,1641753,22300545,"JAN 13, 2024",MIL vs. GSW,W,1,0,0,0.0,0,0,0.0,0,0,0.0,0,0,0,0,0,0,0,0,0,0,1,
22023,1641753,22300528,"JAN 11, 2024",MIL vs. BOS,W,9,1,1,1.0,0,0,0.0,0,0,0.0,0,2,2,1,0,0,1,0,2,-2,1,
22023,1641753,22300510,"JAN 08, 2024",MIL vs. UTA,L,15,2,5,0.4,0,0,0.0,2,2,1.0,1,1,2,0,1,0,1,1,6,0,1,
22023,1641753,22300466,"JAN 03, 2024",MIL @ IND,L,2,0,0,0.0,0,0,0.0,0,0,0.0,0,1,1,1,0,0,0,0,0,5,1,
22023,1641753,22300417,"DEC 27, 2023",MIL @ BKN,W,1,1,1,1.0,0,0,0.0,0,0,0.0,0,1,1,1,0,0,0,0,2,6,1,
22023,1641753,22300388,"DEC 23, 2023",MIL @ NYK,W,0,0,0,0.0,0,0,0.0,0,0,0.0,0,0,0,0,0,0,0,0,0,0,1,
22023,1641753,22300346,"DEC 17, 2023",MIL vs. HOU,W,0,0,0,0.0,0,0,0.0,0,0,0.0,0,0,0,0,0,0,0,0,0,-3,1,
22023,1641753,22300334,"DEC 16, 2023",MIL vs. DET,W,9,1,1,1.0,0,0,0.0,0,0,0.0,0,3,3,0,0,0,0,2,2,0,1,
22023,1641753,22301201,"DEC 05, 2023",MIL vs. NYK,W,2,0,1,0.0,0,0,0.0,0,0,0.0,1,1,2,0,1,0,1,0,0,4,1,
22023,1641753,22300173,"NOV 11, 2023",MIL @ ORL,L,4,0,0,0.0,0,0,0.0,0,0,0.0,0,0,0,0,0,0,0,0,0,-4,1,
22023,1641753,22300116,"NOV 01, 2023",MIL @ TOR,L,6,2,2,1.0,1,1,1.0,0,0,0.0,0,0,0,1,0,0,0,0,5,6,1,
22023,1641754,22300626,"JAN 24, 2024",ATL @ GSW,L,3,0,1,0.0,0,0,0.0,0,0,0.0,0,2,2,0,0,0,0,0,0,-2,1,
22023,1641754,22300595,"JAN 20, 2024",ATL vs. CLE,L,3,1,2,0.5,1,2,0.5,0,0,0.0,0,0,0,0,0,0,0,0,3,3,1,
22023,1641754,22300543,"JAN 13, 2024",ATL vs. WAS,L,5,0,1,0.0,0,0,0.0,1,2,0.5,0,2,2,0,0,0,0,1,1,1,1,
22023,1641754,22300533,"JAN 12, 2024",ATL vs. IND,L,4,0,1,0.0,0,1,0.0,2,2,1.0,0,0,0,0,0,0,0,0,2,2,1,
22023,1641754,22300480,"JAN 05, 2024",ATL @ IND,L,7,1,2,0.5,1,2,0.5,0,0,0.0,0,0,0,0,0,0,0,0,3,-2,1,
22023,1641754,22300408,"DEC 26, 2023",ATL @ CHI,L,1,0,1,0.0,0,1,0.0,0,0,0.0,0,0,0,0,0,0,1,0,0,-4,1,
22023,1641754,22300393,"DEC 23, 2023",ATL vs. MEM,L,19,1,7,0.143,1,6,0.167,0,0,0.0,1,1,2,0,0,0,0,2,3,-9,1,
22023,1641754,22300352,"DEC 18, 2023",ATL vs. DET,W,9,0,1,0.0,0,1,0.0,0,0,0.0,0,1,1,0,0,0,0,2,0,1,1,
22023,1641754,22300330,"DEC 15, 2023",ATL @ TOR,W,1,1,1,1.0,0,0,0.0,0,0,0.0,0,0,0,0,0,0,0,1,2,-3,1,
22023,1641757,22300770,"FEB 12, 2024",LAC vs. MIN,L,5,1,1,1.0,0,0,0.0,2,2,1.0,0,1,1,0,0,0,0,0,4,3,1,
22023,1641757,22300537,"JAN 12, 2024",LAC @ MEM,W,4,1,2,0.5,0,0,0.0,0,0,0.0,2,0,2,0,0,0,0,0,2,-11,1,
22023,1641757,22300343,"DEC 16, 2023",LAC vs. NYK,W,5,0,0,0.0,0,0,0.0,0,0,0.0,0,1,1,0,0,0,1,0,0,-2,1,
22023,1641757,22300114,"OCT 31, 2023",LAC vs. ORL,W,3,1,1,1.0,1,1,1.0,0,0,0.0,0,0,0,0,0,0,0,1,3,2,1,
22023,1641757,22300074,"OCT 25, 2023",LAC vs. POR,W,4,1,2,0.5,0,0,0.0,0,0,0.0,0,0,0,0,0,0,0,1,2,-7,1,
22023,1641763,22300763,"FEB 12, 2024",CHI @ ATL,W,7,0,1,0.0,0,0,0.0,0,0,0.0,0,0,0,0,0,0,0,3,0,1,1,
22023,1641763,22300752,"FEB 10, 2024",CHI @ ORL,L,7,0,0,0.0,0,0,0.0,0,0,0.0,0,1,1,0,0,0,0,0,0,-3,1,
22023,1641763,22300737,"FEB 08, 2024",CHI @ MEM,W,8,0,0,0.0,0,0,0.0,0,0,0.0,0,0,0,0,0,1,1,1,0,3,1,
22023,1641763,22300723,"FEB 06, 2024",CHI vs. MIN,W,9,1,4,0.25,0,1,0.0,0,0,0.0,1,1,2,0,0,0,0,1,2,-4,1,
22023,1641763,22300700,"FEB 03, 2024",CHI vs. SAC,L,13,1,3,0.333,1,3,0.333,0,0,0.0,0,1,1,0,0,1,1,5,3,-3,1,
22023,1641763,22300674,"JAN 31, 2024",CHI @ CHA,W,11,1,2,0.5,0,1,0.0,2,2,1.0,1,0,1,0,0,0,1,4,4,-4,1,
22023,1641763,22300672,"JAN 30, 2024",CHI vs. TOR,L,20,3,4,0.75,2,3,0.667,1,1,1.0,0,1,1,0,0,0,2,2,9,-7,1,
22023,1641763,22300656,"JAN 28, 2024",CHI @ POR,W,23,4,7,0.571,1,3,0.333,2,4,0.5,1,1,2,1,0,1,0,3,11,4,1,
22023,1641763,22300597,"JAN 20, 2024",CHI vs. MEM,W,4,0,0,0.0,0,0,0.0,0,0,0.0,0,0,0,1,0,0,0,0,0,4,1,
22023,1641763,22300468,"JAN 03, 2024",CHI @ NYK,L,2,0,1,0.0,0,0,0.0,0,0,0.0,1,0,1,0,0,0,0,0,0,0,1,
22023,1641763,22300459,"JAN 02, 2024",CHI @ PHI,L,17,3,5,0.6,1,3,0.333,0,0,0.0,0,0,0,0,0,3,0,2,7,10,1,
22023,1641763,22300442,"DEC 30, 2023",CHI vs. PHI,W,1,0,0,0.0,0,0,0.0,0,0,0.0,0,0,0,0,0,0,0,0,0,-4,1,
22023,1641763,22300422,"DEC 28, 2023",CHI vs. IND,L,1,0,0,0.0,0,0,0.0,0,0,0.0,0,0,0,0,0,0,0,0,0,-1,1,
22023,1641763,22300376,"DEC 21, 2023",CHI vs. SAS,W,4,0,1,0.0,0,1,0.0,0,0,0.0,0,0,0,0,0,0,0,1,0,-5,1,
22023,1641763,22300370,"DEC 20, 2023",CHI vs. LAL,W,1,0,0,0.0,0,0,0.0,0,0,0.0,0,0,0,0,0,0,0,0,0,-2,1,
22023,1641763,22300337,"DEC 16, 2023",CHI @ MIA,L,0,0,0,0.0,0,0,0.0,0,0,0.0,0,0,0,0,0,0,0,0,0,0,1,
22023,1641763,22300307,"DEC 12, 2023",CHI vs. DEN,L,7,0,1,0.0,0,1,0.0,0,0,0.0,0,1,1,1,0,0,1,1,0,3,1,
22023,1641763,22300300,"DEC 11, 2023",CHI @ MIL,L,4,0,0,0.0,0,0,0.0,0,0,0.0,0,0,0,0,0,0,0,0,0,-4,1,
22023,1641763,22301223,"DEC 08, 2023",CHI @ SAS,W,4,1,1,1.0,0,0,0.0,0,0,0.0,1,1,2,0,0,0,0,2,2,-4,1,
22023,1641763,22301211,"DEC 06, 2023",CHI vs. CHA,W,6,1,2,0.5,0,1,0.0,0,0,0.0,0,0,0,1,0,0,0,0,2,-2,1,
22023,1641763,22300285,"DEC 02, 2023",CHI vs. NOP,W,4,1,1,1.0,0,0,0.0,0,0,0.0,0,0,0,0,1,0,0,0,2,5,1,
22023,1641763,22300269,"NOV 30, 2023",CHI vs. MIL,W,14,0,3,0.0,0,2,0.0,0,0,0.0,1,2,3,3,0,0,0,3,0,14,1,
22023,1641763,22300053,"NOV 28, 2023",CHI @ BOS,L,10,0,2,0.0,0,1,0.0,1,2,0.5,0,2,2,1,0,0,1,0,1,-2,1,
22023,1641763,22300046,"NOV 24, 2023",CHI @ TOR,L,4,1,2,0.5,0,1,0.0,0,2,0.0,0,0,0,0,0,0,0,1,2,0,1,
22023,1641763,22300220,"NOV 20, 2023",CHI vs. MIA,L,2,1,2,0.5,0,0,0.0,0,0,0.0,0,1,1,0,0,0,0,1,2,6,1,
22023,1641763,22300196,"NOV 15, 2023",CHI vs. ORL,L,4,0,2,0.0,0,1,0.0,0,0,0.0,0,0,0,0,0,0,0,1,0,-4,1,
22023,1641763,22300152,"NOV 06, 2023",CHI vs. UTA,W,2,0,1,0.0,0,1,0.0,0,0,0.0,0,1,1,0,0,0,0,0,0,-5,1,
22023,1641763,22300139,"NOV 04, 2023",CHI @ DEN,L,3,0,0,0.0,0,0,0.0,0,0,0.0,0,0,0,0,0,0,0,0,0,-2,1,
22023,1641763,22300088,"OCT 28, 2023",CHI @ DET,L,1,0,0,0.0,0,0,0.0,0,0,0.0,0,0,0,0,0,0,0,0,0,0,1,
22023,1641763,22300070,"OCT 25, 2023",CHI vs. OKC,L,4,0,0,0.0,0,0,0.0,0,0,0.0,0,0,0,0,0,0,0,0,0,1,1,
22023,1641764,22300576,"FEB 15, 2024",GSW @ UTA,W,34,5,12,0.417,3,7,0.429,0,0,0.0,3,3,6,8,0,0,2,1,13,5,1,
22023,1641764,22300789,"FEB 14, 2024",GSW vs. LAC,L,32,9,12,0.75,5,5,1.0,2,6,0.333,1,6,7,8,1,0,1,1,25,5,2,
22023,1641764,22300769,"FEB 12, 2024",GSW @ UTA,W,25,4,9,0.444,2,3,0.667,0,0,0.0,0,4,4,3,1,0,4,1,10,9,1,
22023,1641764,22300757,"FEB 10, 2024",GSW vs. PHX,W,35,4,12,0.333,2,4,0.5,0,0,0.0,1,7,8,7,0,0,2,1,10,5,1,
22023,1641764,22300733,"FEB 08, 2024",GSW @ IND,W,34,3,9,0.333,0,1,0.0,3,4,0.75,1,6,7,7,2,1,2,3,9,23,1,
22023,1641764,22300727,"FEB 07, 2024",GSW @ PHI,W,25,3,8,0.375,0,2,0.0,0,0,0.0,1,4,5,5,2,0,0,2,6,5,1,
22023,1641764,22300717,"FEB 05, 2024",GSW @ BKN,W,38,6,14,0.429,0,4,0.0,3,4,0.75,3,8,11,3,0,0,0,3,15,11,1,
22023,1641764,22300699,"FEB 03, 2024",GSW @ ATL,L,39,6,12,0.5,0,2,0.0,3,5,0.6,2,9,11,5,0,1,0,4,15,-13,1,
22023,1641764,22300693,"FEB 02, 2024",GSW @ MEM,W,34,5,8,0.625,0,2,0.0,2,2,1.0,1,6,7,14,2,1,0,2,12,18,1,
22023,1641764,22300673,"JAN 30, 2024",GSW vs. PHI,W,37,5,11,0.455,1,5,0.2,0,1,0.0,1,5,6,3,0,0,3,2,11,15,1,
22023,1641764,22300650,"JAN 27, 2024",GSW vs. LAL,L,28,4,9,0.444,1,3,0.333,1,1,1.0,4,3,7,5,1,0,1,1,10,-7,1,
22023,1641764,22300632,"JAN 25, 2024",GSW vs. SAC,L,27,3,5,0.6,1,2,0.5,0,0,0.0,1,2,3,2,0,0,1,2,7,5,1,
22023,1641764,22300626,"JAN 24, 2024",GSW vs. ATL,W,27,5,9,0.556,0,1,0.0,0,0,0.0,0,3,3,2,0,0,2,1,10,19,1,
22023,1641764,22300560,"JAN 15, 2024",GSW @ MEM,L,27,4,12,0.333,0,3,0.0,0,0,0.0,2,2,4,4,0,0,2,4,8,-3,1,
22023,1641764,22300545,"JAN 13, 2024",GSW @ MIL,L,36,10,14,0.714,3,5,0.6,0,1,0.0,1,9,10,3,2,0,0,3,23,-1,1,
22023,1641764,22300536,"JAN 12, 2024",GSW @ CHI,W,27,2,8,0.25,0,4,0.0,1,1,1.0,1,2,3,4,0,0,0,3,5,12,1,
22023,1641764,22300525,"JAN 10, 2024",GSW vs. NOP,L,25,1,6,0.167,0,2,0.0,0,0,0.0,3,6,9,2,0,0,2,1,2,-31,1,
22023,1641764,22300504,"JAN 07, 2024",GSW vs. TOR,L,29,2,11,0.182,1,8,0.125,0,0,0.0,2,6,8,4,0,0,0,1,5,-9,1,
22023,1641764,22300490,"JAN 05, 2024",GSW vs. DET,W,25,4,7,0.571,2,2,1.0,1,3,0.333,2,3,5,5,1,0,1,2,11,-3,1,
22023,1641764,22300478,"JAN 04, 2024",GSW vs. DEN,L,28,5,10,0.5,3,4,0.75,0,0,0.0,0,2,2,5,1,0,0,2,13,-2,1,
22023,1641764,22300463,"JAN 02, 2024",GSW vs. ORL,W,28,4,7,0.571,1,3,0.333,1,4,0.25,1,3,4,2,2,0,0,2,10,4,1,
22023,1641764,22300444,"DEC 30, 2023",GSW vs. DAL,L,29,5,8,0.625,3,5,0.6,0,0,0.0,1,8,9,4,1,0,2,1,13,-4,1,
22023,1641764,22300426,"DEC 28, 2023",GSW vs. MIA,L,28,4,9,0.444,2,5,0.4,0,0,0.0,1,2,3,6,0,0,1,2,10,1,1,
22023,1641764,22300402,"DEC 25, 2023",GSW @ DEN,L,34,4,7,0.571,3,4,0.75,2,2,1.0,4,5,9,6,5,0,2,1,13,1,1,
22023,1641764,22300399,"DEC 23, 2023",GSW vs. POR,W,32,7,12,0.583,1,5,0.2,0,0,0.0,1,9,10,7,1,1,2,1,15,25,1,
22023,1641764,22300386,"DEC 22, 2023",GSW vs. WAS,W,29,3,9,0.333,2,5,0.4,2,2,1.0,3,4,7,5,1,0,1,2,10,16,1,
22023,1641764,22300362,"DEC 19, 2023",GSW vs. BOS,W,16,2,4,0.5,1,3,0.333,0,0,0.0,1,4,5,1,1,0,1,2,5,2,1,
22023,1641764,22300348,"DEC 17, 2023",GSW @ POR,W,33,4,8,0.5,0,2,0.0,2,2,1.0,0,5,5,5,1,0,1,3,10,1,1,
22023,1641764,22300339,"DEC 16, 2023",GSW vs. BKN,W,32,7,15,0.467,4,9,0.444,1,2,0.5,1,4,5,5,3,1,5,4,19,0,1,
22023,1641764,22300325,"DEC 14, 2023",GSW @ LAC,L,35,2,11,0.182,0,3,0.0,0,0,0.0,4,3,7,2,3,1,3,2,4,-8,1,
22023,1641764,22300308,"DEC 12, 2023",GSW @ PHX,L,29,9,14,0.643,2,4,0.5,0,1,0.0,5,6,11,5,1,0,3,2,20,18,1,
22023,1641764,22301222,"DEC 08, 2023",GSW @ OKC,L,23,5,11,0.455,1,4,0.25,1,1,1.0,5,1,6,4,1,0,1,2,12,-1,1,
22023,1641764,22301214,"DEC 06, 2023",GSW vs. POR,W,21,1,3,0.333,1,1,1.0,0,2,0.0,1,4,5,1,0,0,1,2,3,5,1,
22023,1641764,22300280,"DEC 02, 2023",GSW @ LAC,L,37,5,9,0.556,2,3,0.667,0,0,0.0,0,6,6,3,1,2,1,2,12,1,1,
22023,1641764,22300273,"NOV 30, 2023",GSW vs. LAC,W,31,5,10,0.5,2,4,0.5,1,2,0.5,2,6,8,2,0,0,0,2,13,12,1,
22023,1641764,22300051,"NOV 24, 2023",GSW vs. SAS,W,12,0,5,0.0,0,2,0.0,0,0,0.0,1,2,3,2,0,0,1,0,0,0,1,
22023,1641764,22300236,"NOV 22, 2023",GSW @ PHX,L,23,4,9,0.444,1,3,0.333,1,2,0.5,2,2,4,2,3,0,0,1,10,20,1,
22023,1641764,22300224,"NOV 20, 2023",GSW vs. HOU,W,18,1,2,0.5,1,2,0.5,0,0,0.0,0,5,5,3,0,0,0,2,3,3,1,
22023,1641764,22300207,"NOV 18, 2023",GSW vs. OKC,L,25,2,6,0.333,1,4,0.25,3,4,0.75,0,3,3,3,0,0,3,0,8,-15,1,
22023,1641764,22300201,"NOV 16, 2023",GSW vs. OKC,L,25,4,7,0.571,3,4,0.75,2,2,1.0,2,6,8,3,0,0,1,5,13,-26,1,
22023,1641764,22300025,"NOV 14, 2023",GSW vs. MIN,L,39,9,18,0.5,3,8,0.375,2,2,1.0,1,6,7,5,1,0,3,4,23,11,1,
22023,1641764,22300186,"NOV 12, 2023",GSW vs. MIN,L,1,3,5,0.6,2,2,1.0,0,0,0.0,1,0,1,0,1,0,0,0,8,6,1,
22023,1641764,22300176,"NOV 11, 2023",GSW vs. CLE,L,8,1,2,0.5,0,0,0.0,0,0,0.0,1,1,2,2,1,0,1,1,2,5,1,
22023,1641764,22300169,"NOV 08, 2023",GSW @ DEN,L,11,2,3,0.667,0,0,0.0,1,1,1.0,1,2,3,2,0,0,0,2,5,8,1,
22023,1641764,22300145,"NOV 06, 2023",GSW @ DET,W,0,0,0,0.0,0,0,0.0,0,0,0.0,0,0,0,0,0,0,0,0,0,1,1,
22023,1641764,22300142,"NOV 05, 2023",GSW @ CLE,L,8,0,2,0.0,0,1,0.0,0,0,0.0,1,1,2,2,0,0,2,0,0,5,1,
22023,1641764,22300108,"OCT 30, 2023",GSW @ NOP,W,23,2,5,0.4,0,1,0.0,1,2,0.5,1,7,8,2,0,0,2,4,5,15,1,
22023,1641765,22300785,"FEB 14, 2024",DAL vs. SAS,W,5,1,2,0.5,0,0,0.0,0,0,0.0,1,1,2,0,1,1,1,0,2,-2,1,
22023,1641765,22300768,"FEB 12, 2024",DAL vs. WAS,W,0,0,0,0.0,0,0,0.0,0,0,0.0,0,0,0,0,0,0,0,0,0,0,1,
22023,1641765,22300748,"FEB 10, 2024",DAL vs. OKC,W,6,1,2,0.5,0,1,0.0,0,0,0.0,0,2,2,0,0,0,0,0,2,0,1,
22023,1641765,22300736,"FEB 08, 2024",DAL @ NYK,W,1,0,0,0.0,0,0,0.0,0,0,0.0,0,0,0,0,0,0,0,0,0,-2,1,
22023,1641765,22300715,"FEB 05, 2024",DAL @ PHI,W,3,0,2,0.0,0,0,0.0,0,0,0.0,1,0,1,0,1,0,0,0,0,-1,1,
22023,1641765,22300680,"JAN 31, 2024",DAL @ MIN,L,20,1,2,0.5,0,1,0.0,4,7,0.571,1,3,4,0,0,0,0,1,6,-12,1,
22023,1641765,22300625,"JAN 24, 2024",DAL vs. PHX,L,5,0,0,0.0,0,0,0.0,0,0,0.0,0,0,0,0,0,0,0,0,0,0,1,
22023,1641765,22300487,"JAN 05, 2024",DAL vs. POR,W,14,3,7,0.429,2,3,0.667,0,0,0.0,1,5,6,3,0,0,0,3,8,2,1,
22023,1641765,22300472,"JAN 03, 2024",DAL vs. POR,W,8,1,3,0.333,0,0,0.0,3,4,0.75,2,3,5,1,0,1,0,1,5,-3,1,
22023,1641765,22300457,"JAN 01, 2024",DAL @ UTA,L,7,0,2,0.0,0,1,0.0,0,0,0.0,0,3,3,0,0,0,0,0,0,-13,1,
22023,1641765,22300405,"DEC 25, 2023",DAL @ PHX,W,0,0,0,0.0,0,0,0.0,0,0,0.0,0,0,0,0,0,0,0,0,0,0,1,
22023,1641765,22300398,"DEC 23, 2023",DAL vs. SAS,W,12,0,3,0.0,0,1,0.0,0,0,0.0,0,2,2,0,0,0,0,1,0,-6,1,
22023,1641765,22300385,"DEC 22, 2023",DAL @ HOU,L,30,6,13,0.462,1,4,0.25,7,9,0.778,5,1,6,2,1,0,3,2,20,-5,1,
22023,1641765,22300372,"DEC 20, 2023",DAL vs. LAC,L,3,0,0,0.0,0,0,0.0,0,0,0.0,0,1,1,1,0,0,0,0,0,3,1,
22023,1641765,22300356,"DEC 18, 2023",DAL @ DEN,L,20,1,5,0.2,0,2,0.0,0,0,0.0,1,3,4,3,0,0,0,1,2,-6,1,
22023,1641765,22300341,"DEC 16, 2023",DAL @ POR,W,6,0,1,0.0,0,1,0.0,0,0,0.0,2,3,5,1,0,0,0,0,0,3,1,
22023,1641765,22300321,"DEC 14, 2023",DAL vs. MIN,L,3,1,1,1.0,0,0,0.0,0,0,0.0,0,0,0,0,0,0,0,0,2,1,1,
22023,1641765,22300306,"DEC 12, 2023",DAL vs. LAL,W,1,0,0,0.0,0,0,0.0,0,0,0.0,0,0,0,0,0,0,0,0,0,-3,1,
22023,1641765,22300299,"DEC 11, 2023",DAL @ MEM,W,18,4,7,0.571,3,6,0.5,0,0,0.0,0,4,4,2,0,1,1,2,11,-5,1,
22023,1641765,22301226,"DEC 08, 2023",DAL @ POR,W,5,0,1,0.0,0,1,0.0,0,0,0.0,0,1,1,0,0,0,0,0,0,1,1,
22023,1641765,22301213,"DEC 06, 2023",DAL vs. UTA,W,21,2,4,0.5,1,2,0.5,1,2,0.5,1,4,5,2,0,0,0,1,6,17,1,
22023,1641765,22300287,"DEC 02, 2023",DAL vs. OKC,L,14,0,2,0.0,0,1,0.0,2,2,1.0,1,0,1,1,0,0,0,2,2,-4,1,
22023,1641765,22300277,"DEC 01, 2023",DAL vs. MEM,L,11,0,1,0.0,0,1,0.0,2,2,1.0,0,0,0,2,0,0,0,0,2,4,1,
22023,1641765,22300244,"NOV 25, 2023",DAL @ LAC,L,6,0,2,0.0,0,2,0.0,0,0,0.0,0,0,0,0,1,0,0,0,0,-1,1,
22023,1641765,22300212,"NOV 19, 2023",DAL vs. SAC,L,5,0,1,0.0,0,1,0.0,0,0,0.0,0,3,3,0,0,0,0,0,0,5,1,
22023,1641765,22300192,"NOV 15, 2023",DAL @ WAS,W,7,1,2,0.5,0,1,0.0,0,2,0.0,0,2,2,1,0,0,0,0,2,-2,1,
22023,1641765,22300022,"NOV 14, 2023",DAL @ NOP,L,9,2,3,0.667,1,2,0.5,1,2,0.5,1,2,3,0,0,0,0,0,6,7,1,
22023,1641765,22300183,"NOV 12, 2023",DAL @ NOP,W,6,1,3,0.333,0,2,0.0,2,2,1.0,0,0,0,0,0,0,0,2,4,-11,1,
22023,1641765,22300014,"NOV 10, 2023",DAL vs. LAC,W,5,0,1,0.0,0,0,0.0,1,2,0.5,1,0,1,0,0,0,0,1,1,-13,1,
22023,1641765,22300006,"NOV 03, 2023",DAL @ DEN,L,1,0,1,0.0,0,0,0.0,0,0,0.0,0,0,0,0,0,0,0,0,0,2,1,
22023,1641766,22300468,"JAN 03, 2024",CHI @ NYK,L,1,0,0,0.0,0,0,0.0,0,0,0.0,0,0,0,0,0,0,0,0,0,0,1,
22023,1641766,22300459,"JAN 02, 2024",CHI @ PHI,L,9,3,3,1.0,0,0,0.0,2,3,0.667,2,4,6,0,0,0,1,0,8,17,1,
22023,1641766,22300422,"DEC 28, 2023",CHI vs. IND,L,1,0,0,0.0,0,0,0.0,0,0,0.0,0,0,0,0,0,0,0,0,0,0,1,
22023,1641767,22300782,"FEB 14, 2024",IND @ TOR,W,21,3,6,0.5,2,4,0.5,2,2,1.0,0,5,5,0,1,0,1,1,10,8,1,
22023,1641767,22300761,"FEB 12, 2024",IND @ CHA,L,3,0,0,0.0,0,0,0.0,0,0,0.0,0,0,0,0,0,0,0,0,0,-3,1,
22023,1641767,22300733,"FEB 08, 2024",IND vs. GSW,L,20,3,5,0.6,1,3,0.333,1,1,1.0,0,0,0,0,0,1,1,2,8,-11,1,
22023,1641767,22300719,"FEB 06, 2024",IND vs. HOU,W,4,0,1,0.0,0,1,0.0,0,0,0.0,0,0,0,0,0,0,0,0,0,-4,1,
22023,1641767,22300707,"FEB 04, 2024",IND @ CHA,W,2,0,1,0.0,0,1,0.0,0,0,0.0,0,0,0,0,0,0,0,0,0,0,1,
22023,1641767,22300691,"FEB 02, 2024",IND vs. SAC,L,16,2,6,0.333,1,5,0.2,2,2,1.0,0,1,1,0,0,0,0,0,7,-1,1,
22023,1641767,22300685,"FEB 01, 2024",IND @ NYK,L,22,2,4,0.5,1,3,0.333,0,0,0.0,0,6,6,1,3,0,2,4,5,3,1,
22023,1641767,22300670,"JAN 30, 2024",IND @ BOS,L,12,0,2,0.0,0,2,0.0,0,0,0.0,0,2,2,0,0,0,0,2,0,-11,1,
22023,1641767,22300652,"JAN 28, 2024",IND vs. MEM,W,20,2,6,0.333,2,4,0.5,0,0,0.0,0,0,0,1,1,0,1,2,6,0,1,
22023,1641767,22300636,"JAN 26, 2024",IND vs. PHX,W,18,1,4,0.25,0,3,0.0,0,0,0.0,0,2,2,2,0,0,1,2,2,-1,1,
22023,1641767,22300627,"JAN 25, 2024",IND vs. PHI,W,15,1,4,0.25,0,2,0.0,0,0,0.0,0,5,5,2,0,0,0,5,2,-3,1,
22023,1641767,22300614,"JAN 23, 2024",IND vs. DEN,L,12,2,2,1.0,1,1,1.0,0,0,0.0,1,0,1,1,1,0,0,1,5,7,1,
22023,1641767,22300604,"JAN 21, 2024",IND @ PHX,L,20,1,4,0.25,0,1,0.0,2,2,1.0,2,2,4,4,2,0,0,3,4,10,1,
22023,1641767,22300590,"JAN 19, 2024",IND @ POR,L,10,1,4,0.25,1,3,0.333,0,0,0.0,0,1,1,0,1,0,0,1,3,-15,1,
22023,1641767,22300583,"JAN 18, 2024",IND @ SAC,W,28,2,5,0.4,2,3,0.667,1,2,0.5,0,4,4,2,2,0,0,4,7,14,1,
22023,1641767,22300564,"JAN 15, 2024",IND @ UTA,L,25,1,7,0.143,0,5,0.0,2,2,1.0,2,1,3,2,0,0,0,4,4,-2,1,
22023,1641767,22300533,"JAN 12, 2024",IND @ ATL,W,4,0,0,0.0,0,0,0.0,0,0,0.0,0,0,0,0,0,0,0,0,0,-2,1,
22023,1641767,22300493,"JAN 06, 2024",IND vs. BOS,L,3,0,0,0.0,0,0,0.0,0,0,0.0,0,1,1,0,0,0,0,0,0,-3,1,
22023,1641767,22300480,"JAN 05, 2024",IND vs. ATL,W,9,1,3,0.333,1,3,0.333,0,0,0.0,0,1,1,1,1,0,0,0,3,0,1,
22023,1641767,22300466,"JAN 03, 2024",IND vs. MIL,W,2,0,1,0.0,0,1,0.0,0,0,0.0,0,0,0,0,0,0,0,0,0,-5,1,
22023,1641767,22300441,"DEC 30, 2023",IND vs. NYK,W,1,0,0,0.0,0,0,0.0,0,0,0.0,0,0,0,0,0,0,0,0,0,-3,1,
22023,1641767,22300338,"DEC 16, 2023",IND @ MIN,L,17,3,5,0.6,0,2,0.0,2,4,0.5,1,2,3,0,2,0,0,1,8,-6,1,
22023,1641767,22300328,"DEC 15, 2023",IND @ WAS,L,9,0,1,0.0,0,1,0.0,0,0,0.0,0,0,0,3,0,0,0,2,0,3,1,
22023,1641767,22300315,"DEC 13, 2023",IND @ MIL,L,6,3,6,0.5,2,3,0.667,0,0,0.0,0,0,0,0,1,0,0,2,8,4,1,
22023,1641767,22300284,"DEC 02, 2023",IND @ MIA,W,3,0,0,0.0,0,0,0.0,0,0,0.0,0,0,0,0,0,0,0,2,0,-7,1,
22023,1641767,22300267,"NOV 30, 2023",IND @ MIA,L,0,0,0,0.0,0,0,0.0,0,0,0.0,0,0,0,0,0,0,0,0,0,0,1,
22023,1641767,22300254,"NOV 27, 2023",IND vs. POR,L,1,0,0,0.0,0,0,0.0,0,0,0.0,0,0,0,0,0,0,0,0,0,-3,1,
22023,1641767,22300047,"NOV 24, 2023",IND vs. DET,W,1,0,0,0.0,0,0,0.0,0,0,0.0,0,0,0,0,0,0,0,0,0,2,1,
22023,1641767,22300039,"NOV 21, 2023",IND @ ATL,W,5,2,5,0.4,1,4,0.25,0,0,0.0,0,1,1,1,0,0,0,0,5,-9,1,
22023,1641767,22300209,"NOV 19, 2023",IND vs. ORL,L,16,2,5,0.4,1,3,0.333,2,2,1.0,0,0,0,2,1,0,1,0,7,25,1,
22023,1641767,22300146,"NOV 06, 2023",IND vs. SAS,W,12,3,7,0.429,1,4,0.25,0,0,0.0,0,2,2,0,0,0,0,1,7,9,1,
22023,1641767,22300118,"NOV 01, 2023",IND @ BOS,L,15,2,4,0.5,2,4,0.5,0,0,0.0,1,1,2,2,0,0,0,3,6,-15,1,
22023,1641767,22300064,"OCT 25, 2023",IND vs. WAS,W,6,0,1,0.0,0,0,0.0,0,0,0.0,0,0,0,0,0,0,0,0,0,3,1,
22023,1641771,22300303,"DEC 11, 2023",SAC vs. BKN,W,1,0,0,0.0,0,0,0.0,0,0,0.0,0,0,0,0,0,0,1,2,0,-6,1,
22023,1641771,22300264,"NOV 29, 2023",SAC vs. LAC,L,1,0,0,0.0,0,0,0.0,0,0,0.0,0,0,0,0,0,0,0,0,0,0,1,
22023,1641771,22300222,"NOV 20, 2023",SAC @ NOP,L,12,2,3,0.667,0,1,0.0,0,0,0.0,0,3,3,2,0,1,1,1,4,-5,1,
22023,1641771,22300212,"NOV 19, 2023",SAC @ DAL,W,4,0,0,0.0,0,0,0.0,0,0,0.0,0,1,1,0,0,0,0,0,0,-3,1,
22023,1641771,22300198,"NOV 15, 2023",SAC @ LAL,W,0,0,0,0.0,0,0,0.0,0,0,0.0,0,0,0,0,0,0,0,0,0,0,1,
22023,1641775,22300780,"FEB 14, 2024",BOS vs. BKN,W,18,0,3,0.0,0,2,0.0,0,0,0.0,1,4,5,0,1,1,2,3,0,8,1,
22023,1641775,22300706,"FEB 04, 2024",BOS vs. MEM,W,9,1,1,1.0,0,0,0.0,0,0,0.0,1,0,1,1,1,0,0,2,2,16,1,
22023,1641775,22300630,"JAN 25, 2024",BOS @ MIA,W,3,0,0,0.0,0,0,0.0,0,0,0.0,0,1,1,1,0,0,0,0,0,2,1,
22023,1641775,22300571,"JAN 17, 2024",BOS vs. SAS,W,3,0,1,0.0,0,1,0.0,0,0,0.0,0,4,4,0,0,0,0,0,0,-1,1,
22023,1641778,22300745,"FEB 09, 2024",CHA @ MIL,L,30,1,2,0.5,0,0,0.0,2,2,1.0,1,5,6,2,0,0,2,2,4,-16,1,
22023,1641778,22300726,"FEB 07, 2024",CHA vs. TOR,L,23,1,2,0.5,0,1,0.0,1,2,0.5,0,3,3,3,0,1,1,1,3,9,1,
22023,1641778,22300713,"FEB 05, 2024",CHA vs. LAL,L,16,1,4,0.25,0,2,0.0,0,0,0.0,1,4,5,2,0,0,0,0,2,-3,1,
22023,1641778,22300707,"FEB 04, 2024",CHA vs. IND,L,19,0,3,0.0,0,0,0.0,0,0,0.0,1,2,3,2,1,1,0,0,0,-3,1,
22023,1641778,22300695,"FEB 02, 2024",CHA @ OKC,L,18,4,7,0.571,3,3,1.0,0,0,0.0,0,1,1,2,0,0,0,0,11,-5,1,
22023,1641778,22300674,"JAN 31, 2024",CHA vs. CHI,L,13,1,2,0.5,1,2,0.5,0,0,0.0,0,1,1,1,1,0,0,1,3,-8,1,
22023,1641778,22300657,"JAN 29, 2024",CHA vs. NYK,L,12,0,0,0.0,0,0,0.0,0,0,0.0,0,3,3,1,0,0,0,0,0,1,1,
22023,1641778,22300647,"JAN 27, 2024",CHA vs. UTA,L,7,0,2,0.0,0,1,0.0,3,4,0.75,0,0,0,0,0,0,0,4,3,0,1,
22023,1641778,22300635,"JAN 26, 2024",CHA vs. HOU,L,13,0,3,0.0,0,1,0.0,1,2,0.5,2,2,4,0,0,0,0,4,1,-6,1,
22023,1641778,22300619,"JAN 24, 2024",CHA @ DET,L,3,1,1,1.0,1,1,1.0,0,0,0.0,0,2,2,0,0,0,0,0,3,0,1,
22023,1641778,22300610,"JAN 22, 2024",CHA @ MIN,W,5,2,3,0.667,1,1,1.0,2,2,1.0,1,2,3,1,0,1,0,0,7,10,1,
22023,1641778,22300575,"JAN 17, 2024",CHA @ NOP,L,4,0,0,0.0,0,0,0.0,0,2,0.0,0,0,0,0,1,0,1,0,0,-1,1,
22023,1641778,22300551,"JAN 14, 2024",CHA @ MIA,L,2,0,0,0.0,0,0,0.0,0,0,0.0,0,0,0,0,0,0,0,0,0,1,1,
22023,1641778,22300541,"JAN 12, 2024",CHA @ SAS,L,7,1,2,0.5,0,1,0.0,0,0,0.0,0,0,0,0,0,0,0,1,2,-9,1,
22023,1641778,22300518,"JAN 10, 2024",CHA vs. SAC,L,6,0,0,0.0,0,0,0.0,0,0,0.0,0,0,0,0,0,0,0,0,0,0,1,
22023,1641778,22300365,"DEC 20, 2023",CHA @ IND,L,4,0,0,0.0,0,0,0.0,0,0,0.0,0,0,0,0,0,0,0,0,0,-3,1,
22023,1641778,22300354,"DEC 18, 2023",CHA @ TOR,L,11,2,2,1.0,0,0,0.0,0,0,0.0,2,2,4,1,0,0,0,1,4,-12,1,
22023,1641778,22300335,"DEC 16, 2023",CHA vs. PHI,L,7,1,1,1.0,0,0,0.0,0,0,0.0,0,1,1,2,1,1,1,0,2,-6,1,
22023,1641778,22300057,"NOV 28, 2023",CHA @ NYK,L,5,0,0,0.0,0,0,0.0,0,0,0.0,0,0,0,0,1,0,0,0,0,-1,1,
22023,1641778,22300017,"NOV 14, 2023",CHA vs. MIA,L,3,0,2,0.0,0,1,0.0,0,0,0.0,0,0,0,0,0,0,0,0,0,-4,1,
22023,1641778,22300177,"NOV 12, 2023",CHA @ NYK,L,6,2,2,1.0,1,1,1.0,0,0,0.0,0,2,2,0,0,1,0,1,5,13,1,
22023,1641778,22300157,"NOV 08, 2023",CHA vs. WAS,L,4,0,1,0.0,0,0,0.0,0,0,0.0,0,0,0,1,0,1,0,0,0,4,1,
22023,1641788,22300271,"NOV 30, 2023",LAL @ OKC,L,4,0,1,0.0,0,1,0.0,2,2,1.0,1,0,1,0,0,0,0,0,2,-5,1,
22023,1641788,22300258,"NOV 29, 2023",LAL @ DET,W,4,0,3,0.0,0,1,0.0,0,0,0.0,1,0,1,0,0,0,0,1,0,-3,1,
22023,1641788,22300255,"NOV 27, 2023",LAL @ PHI,L,2,1,1,1.0,0,0,0.0,0,0,0.0,0,0,0,0,0,0,1,0,2,-9,1,
22023,1641788,22300134,"NOV 04, 2023",LAL @ ORL,L,4,0,1,0.0,0,0,0.0,0,0,0.0,0,0,0,0,0,0,0,0,0,-3,1,
22023,1641793,22300331,"DEC 15, 2023",LAL @ SAS,L,8,2,3,0.667,1,2,0.5,0,0,0.0,0,0,0,3,0,0,0,0,5,5,1,
22023,1641793,22300271,"NOV 30, 2023",LAL @ OKC,L,4,0,1,0.0,0,1,0.0,0,0,0.0,0,0,0,0,0,0,0,0,0,-5,1,
22023,1641793,22300258,"NOV 29, 2023",LAL @ DET,W,5,1,3,0.333,1,2,0.5,0,0,0.0,0,0,0,0,1,0,0,1,3,-7,1,
22023,1641793,22300255,"NOV 27, 2023",LAL @ PHI,L,8,1,3,0.333,1,3,0.333,0,0,0.0,0,0,0,1,0,0,0,1,3,-17,1,
22023,1641793,22300198,"NOV 15, 2023",LAL vs. SAC,L,1,0,0,0.0,0,0,0.0,0,0,0.0,0,0,0,0,0,0,0,0,0,-4,1,
22023,1641793,22300163,"NOV 08, 2023",LAL @ HOU,L,10,1,3,0.333,0,2,0.0,1,2,0.5,0,0,0,1,0,1,1,1,3,-4,1,
22023,1641793,22300134,"NOV 04, 2023",LAL @ ORL,L,4,0,2,0.0,0,2,0.0,0,0,0.0,0,0,0,0,0,0,0,1,0,-3,1,
22023,1641806,22300195,"NOV 15, 2023",TOR vs. MIL,L,4,0,1,0.0,0,0,0.0,2,2,1.0,2,0,2,2,1,0,0,0,2,4,1,
22023,1641816,22300631,"JAN 25, 2024",DEN @ NYK,L,7,0,3,0.0,0,3,0.0,0,0,0.0,0,1,1,0,0,0,2,1,0,-1,1,
22023,1641816,22300322,"DEC 14, 2023",DEN vs. BKN,W,1,0,0,0.0,0,0,0.0,0,0,0.0,0,1,1,0,0,0,0,0,0,3,1,
22023,1641816,22300263,"NOV 29, 2023",DEN vs. HOU,W,3,0,0,0.0,0,0,0.0,0,0,0.0,0,0,0,0,0,0,0,1,0,-9,1,
22023,1641816,22300252,"NOV 26, 2023",DEN vs. SAS,W,1,0,0,0.0,0,0,0.0,0,0,0.0,0,1,1,0,0,0,0,0,0,-1,1,
22023,1641816,22300210,"NOV 19, 2023",DEN @ CLE,L,3,0,1,0.0,0,1,0.0,0,0,0.0,0,0,0,1,0,0,0,0,0,10,1,
22023,1641816,22300156,"NOV 06, 2023",DEN vs. NOP,W,1,0,0,0.0,0,0,0.0,0,0,0.0,0,0,0,0,0,0,0,0,0,3,1,
22023,1641816,22300139,"NOV 04, 2023",DEN vs. CHI,W,2,0,1,0.0,0,1,0.0,0,0,0.0,0,1,1,0,0,0,0,1,0,-1,1,
22023,1641816,22300123,"NOV 01, 2023",DEN @ MIN,L,4,1,2,0.5,0,1,0.0,0,0,0.0,0,1,1,0,0,0,0,2,2,-2,1,
22023,1641816,22300095,"OCT 29, 2023",DEN @ OKC,W,3,0,0,0.0,0,0,0.0,0,0,0.0,0,1,1,0,0,0,0,1,0,0,1,
22023,1641854,22300735,"FEB 08, 2024",CLE @ BKN,W,3,0,1,0.0,0,0,0.0,0,0,0.0,1,1,2,0,0,0,0,0,0,4,1,
22023,1641854,22300714,"FEB 05, 2024",CLE vs. SAC,W,3,0,0,0.0,0,0,0.0,0,0,0.0,0,0,0,0,0,0,0,0,0,0,1,
22023,1641854,22300703,"FEB 03, 2024",CLE @ SAS,W,1,0,0,0.0,0,0,0.0,0,0,0.0,0,0,0,0,0,0,0,0,0,-2,1,
22023,1641854,22300624,"JAN 24, 2024",CLE @ MIL,L,1,0,0,0.0,0,0,0.0,2,2,1.0,0,0,0,0,0,0,0,0,2,5,1,
22023,1641854,22300607,"JAN 22, 2024",CLE @ ORL,W,22,5,7,0.714,0,0,0.0,2,2,1.0,0,3,3,5,0,0,1,2,12,0,1,
22023,1641854,22300595,"JAN 20, 2024",CLE @ ATL,W,21,1,3,0.333,0,1,0.0,2,2,1.0,0,5,5,3,0,0,3,2,4,5,1,
22023,1641854,22300572,"JAN 17, 2024",CLE vs. MIL,W,20,4,7,0.571,0,0,0.0,1,2,0.5,0,2,2,2,0,0,1,0,9,6,1,
22023,1641854,22300497,"JAN 07, 2024",CLE vs. SAS,W,4,0,0,0.0,0,0,0.0,0,0,0.0,0,1,1,1,0,1,0,0,0,8,1,
22023,1641854,22300482,"JAN 05, 2024",CLE vs. WAS,W,12,3,6,0.5,0,0,0.0,1,1,1.0,1,3,4,4,1,0,5,2,7,4,1,
22023,1641854,22300465,"JAN 03, 2024",CLE vs. WAS,W,15,4,5,0.8,0,0,0.0,0,1,0.0,1,2,3,3,0,0,1,0,8,7,1,
22023,1641854,22300452,"JAN 01, 2024",CLE @ TOR,L,6,0,2,0.0,0,1,0.0,0,0,0.0,0,1,1,0,0,0,0,1,0,-11,1,
22023,1641854,22300433,"DEC 29, 2023",CLE vs. MIL,L,15,6,10,0.6,1,3,0.333,1,1,1.0,0,1,1,1,1,0,0,1,14,0,1,
22023,1641854,22300420,"DEC 27, 2023",CLE @ DAL,W,30,4,11,0.364,0,1,0.0,1,2,0.5,4,8,12,7,3,1,2,4,9,9,1,
22023,1641854,22300396,"DEC 23, 2023",CLE @ CHI,W,39,8,14,0.571,1,3,0.333,2,5,0.4,1,6,7,8,1,1,3,1,19,14,1,
22023,1641854,22300375,"DEC 21, 2023",CLE vs. NOP,L,29,3,9,0.333,1,1,1.0,0,0,0.0,0,3,3,11,1,0,2,1,7,3,1,
22023,1641854,22300364,"DEC 20, 2023",CLE vs. UTA,W,25,2,7,0.286,0,2,0.0,2,2,1.0,3,4,7,6,0,3,0,0,6,-2,1,
22023,1641854,22300349,"DEC 18, 2023",CLE vs. HOU,W,9,1,2,0.5,1,1,1.0,0,0,0.0,0,0,0,3,1,0,0,0,3,4,1,
22023,1641854,22300336,"DEC 16, 2023",CLE vs. ATL,W,15,3,8,0.375,0,1,0.0,0,0,0.0,1,1,2,3,0,0,1,1,6,6,1,
22023,1641854,22301220,"DEC 08, 2023",CLE @ MIA,W,23,3,7,0.429,0,0,0.0,2,4,0.5,0,3,3,4,2,1,0,0,8,7,1,
22023,1641854,22300283,"DEC 02, 2023",CLE @ DET,W,4,0,0,0.0,0,0,0.0,0,0,0.0,0,0,0,0,0,0,0,1,0,0,1,
22023,1641854,22300055,"NOV 28, 2023",CLE vs. ATL,W,3,1,2,0.5,0,0,0.0,0,0,0.0,0,0,0,0,0,0,2,0,2,-8,1,
22023,1641854,22300242,"NOV 25, 2023",CLE vs. LAL,L,17,5,7,0.714,1,1,1.0,0,0,0.0,0,1,1,1,0,0,1,2,11,-10,1,
22023,1641854,22300229,"NOV 22, 2023",CLE vs. MIA,L,35,6,12,0.5,2,5,0.4,2,3,0.667,0,2,2,5,1,2,4,1,16,-24,1,
22023,1641854,22300040,"NOV 21, 2023",CLE @ PHI,W,27,5,9,0.556,0,0,0.0,2,2,1.0,0,3,3,9,0,1,1,0,12,21,1,
22023,1641854,22300210,"NOV 19, 2023",CLE vs. DEN,W,25,7,10,0.7,0,0,0.0,7,7,1.0,2,2,4,4,2,1,1,3,21,-2,1,
22023,1641854,22300030,"NOV 17, 2023",CLE vs. DET,W,16,5,9,0.556,0,0,0.0,2,2,1.0,0,3,3,5,1,0,0,0,12,14,1,
22023,1641854,22300199,"NOV 15, 2023",CLE @ POR,W,9,2,3,0.667,0,0,0.0,0,0,0.0,0,2,2,0,0,0,2,1,4,-8,1,
22023,1641854,22300191,"NOV 13, 2023",CLE @ SAC,L,3,0,1,0.0,0,0,0.0,0,0,0.0,0,3,3,3,0,0,0,1,0,1,1,
22023,1641854,22300176,"NOV 11, 2023",CLE @ GSW,W,2,0,0,0.0,0,0,0.0,1,6,0.167,0,0,0,0,0,0,0,0,1,-8,1,
22023,1641854,22300120,"NOV 01, 2023",CLE @ NYK,W,11,1,1,1.0,0,0,0.0,2,2,1.0,0,1,1,0,1,0,0,3,4,3,1,
22023,1641854,22300112,"OCT 31, 2023",CLE vs. NYK,L,22,5,12,0.417,0,1,0.0,0,0,0.0,1,3,4,2,2,1,3,3,10,-9,1,
22023,1641854,22300091,"OCT 28, 2023",CLE vs. IND,L,4,0,0,0.0,0,0,0.0,0,0,0.0,0,0,0,1,0,0,0,0,0,-10,1,
22023,1641871,22300791,"FEB 15, 2024",POR vs. MIN,L,17,2,9,0.222,1,5,0.2,1,2,0.5,3,0,3,0,0,0,1,1,6,-14,1,
22023,1641871,22300775,"FEB 13, 2024",POR vs. MIN,L,13,2,5,0.4,1,3,0.333,1,2,0.5,3,0,3,0,1,1,0,3,6,-8,1,
22023,1641871,22300712,"FEB 04, 2024",POR @ DEN,L,13,3,3,1.0,2,2,1.0,0,0,0.0,0,1,1,1,0,0,1,3,8,-16,1,
22023,1641871,22300697,"FEB 02, 2024",POR @ DEN,L,21,3,4,0.75,2,2,1.0,2,4,0.5,1,3,4,1,1,1,1,3,10,6,1,
22023,1641871,22300683,"JAN 31, 2024",POR vs. MIL,W,13,4,6,0.667,2,2,1.0,0,0,0.0,2,2,4,1,1,0,1,3,10,13,1,
22023,1641871,22300668,"JAN 29, 2024",POR vs. PHI,W,12,2,3,0.667,1,1,1.0,0,0,0.0,1,0,1,1,0,0,0,5,5,-9,1,
22023,1641871,22300656,"JAN 28, 2024",POR vs. CHI,L,11,1,7,0.143,1,7,0.143,0,0,0.0,0,3,3,0,0,0,0,2,3,-8,1,
22023,1641871,22300641,"JAN 26, 2024",POR @ SAS,L,13,1,4,0.25,0,2,0.0,1,2,0.5,1,2,3,0,0,0,0,2,3,-7,1,
22023,1641871,22300623,"JAN 24, 2024",POR @ HOU,W,12,4,7,0.571,1,3,0.333,0,0,0.0,1,1,2,2,0,0,0,0,9,-9,1,
22023,1641871,22300617,"JAN 23, 2024",POR @ OKC,L,21,3,5,0.6,2,3,0.667,2,2,1.0,1,3,4,3,1,1,2,3,10,7,1,
22023,1641871,22300605,"JAN 21, 2024",POR @ LAL,L,22,6,9,0.667,2,4,0.5,2,2,1.0,2,1,3,4,0,1,1,3,16,-8,1,
22023,1641871,22300590,"JAN 19, 2024",POR vs. IND,W,18,1,1,1.0,0,0,0.0,1,2,0.5,2,3,5,2,0,2,0,4,3,18,1,
22023,1641871,22300578,"JAN 17, 2024",POR vs. BKN,W,25,7,9,0.778,2,4,0.5,1,1,1.0,2,5,7,3,0,0,1,4,17,5,1,
22023,1641871,22300554,"JAN 14, 2024",POR vs. PHX,L,39,7,15,0.467,2,6,0.333,1,1,1.0,2,4,6,1,2,1,2,4,17,-2,1,
22023,1641871,22300538,"JAN 12, 2024",POR @ MIN,L,24,6,14,0.429,2,6,0.333,0,3,0.0,3,3,6,0,1,1,1,4,14,-20,1,
22023,1641871,22300529,"JAN 11, 2024",POR @ OKC,L,24,3,9,0.333,1,4,0.25,1,2,0.5,2,5,7,2,0,1,0,2,8,-49,1,
22023,1641871,22300514,"JAN 09, 2024",POR @ NYK,L,21,3,6,0.5,1,3,0.333,0,0,0.0,1,5,6,0,0,0,0,2,7,-20,1,
22023,1641871,22300498,"JAN 07, 2024",POR @ BKN,W,41,5,10,0.5,3,4,0.75,2,3,0.667,3,10,13,1,1,3,1,4,15,4,1,
22023,1641871,22300487,"JAN 05, 2024",POR @ DAL,L,27,7,12,0.583,1,3,0.333,1,2,0.5,4,3,7,2,0,0,3,3,16,-16,1,
22023,1641871,22300472,"JAN 03, 2024",POR @ DAL,L,6,1,2,0.5,0,1,0.0,0,0,0.0,0,2,2,1,0,0,2,4,2,0,1,
22023,1641871,22300413,"DEC 26, 2023",POR vs. SAC,W,32,9,15,0.6,3,6,0.5,4,4,1.0,5,4,9,0,1,1,1,3,25,24,1,
22023,1641871,22300399,"DEC 23, 2023",POR @ GSW,L,9,0,2,0.0,0,2,0.0,0,0,0.0,0,1,1,0,0,0,0,3,0,-13,1,
22023,1641871,22300381,"DEC 21, 2023",POR vs. WAS,L,10,4,7,0.571,1,1,1.0,1,1,1.0,1,4,5,0,0,1,1,4,10,8,1,
22023,1641871,22300363,"DEC 19, 2023",POR vs. PHX,W,4,1,1,1.0,1,1,1.0,0,0,0.0,1,1,2,0,1,0,1,0,3,-3,1,
22023,1641871,22300341,"DEC 16, 2023",POR vs. DAL,L,15,3,9,0.333,0,3,0.0,5,5,1.0,3,2,5,1,0,0,0,0,11,-8,1,
22023,1641871,22300323,"DEC 14, 2023",POR vs. UTA,L,13,6,11,0.545,3,6,0.5,0,0,0.0,2,3,5,0,1,1,0,1,15,21,1,
22023,1641871,22300304,"DEC 11, 2023",POR @ LAC,L,26,4,11,0.364,2,6,0.333,0,0,0.0,2,1,3,4,1,0,1,3,10,0,1,
22023,1641871,22301226,"DEC 08, 2023",POR vs. DAL,L,21,4,9,0.444,2,6,0.333,0,0,0.0,2,4,6,1,2,0,1,4,10,2,1,
22023,1641871,22301214,"DEC 06, 2023",POR @ GSW,L,22,2,6,0.333,1,5,0.2,5,6,0.833,1,5,6,2,1,1,0,5,10,6,1,
22023,1641871,22300289,"DEC 02, 2023",POR @ UTA,L,14,3,8,0.375,1,4,0.25,2,2,1.0,1,0,1,1,0,0,0,0,9,8,1,
22023,1641871,22300265,"NOV 30, 2023",POR @ CLE,W,18,4,5,0.8,3,4,0.75,2,2,1.0,1,1,2,2,1,1,1,2,13,14,1,
22023,1641871,22300254,"NOV 27, 2023",POR @ IND,W,10,1,1,1.0,1,1,1.0,1,2,0.5,0,2,2,1,0,0,1,1,4,1,1,
22023,1641871,22300245,"NOV 26, 2023",POR @ MIL,L,12,1,5,0.2,1,4,0.25,0,0,0.0,0,0,0,0,2,0,1,2,3,7,1,
22023,1641871,22300237,"NOV 22, 2023",POR vs. UTA,W,20,3,5,0.6,2,4,0.5,0,0,0.0,0,4,4,1,0,1,1,2,8,5,1,
22023,1641871,22300041,"NOV 21, 2023",POR @ PHX,L,13,4,6,0.667,2,3,0.667,0,0,0.0,1,0,1,1,2,0,0,1,10,15,1,
22023,1641871,22300215,"NOV 19, 2023",POR vs. OKC,L,12,1,6,0.167,0,2,0.0,2,2,1.0,0,2,2,0,0,0,1,2,4,-9,1,
22023,1641871,22300036,"NOV 17, 2023",POR vs. LAL,L,10,0,5,0.0,0,4,0.0,0,0,0.0,1,1,2,0,0,0,0,1,0,-6,1,
22023,1641871,22300199,"NOV 15, 2023",POR vs. CLE,L,20,6,10,0.6,2,5,0.4,2,2,1.0,2,0,2,3,0,0,1,2,16,0,1,
22023,1641871,22300023,"NOV 14, 2023",POR @ UTA,L,10,0,4,0.0,0,3,0.0,0,0,0.0,1,0,1,0,0,0,2,1,0,-5,1,
22023,1641871,22300187,"NOV 12, 2023",POR @ LAL,L,14,4,10,0.4,3,8,0.375,0,0,0.0,0,3,3,3,0,1,0,3,11,11,1,
22023,1641926,22300398,"DEC 23, 2023",DAL vs. SAS,W,6,0,2,0.0,0,2,0.0,0,0,0.0,0,2,2,0,0,1,3,1,0,-12,1,
22023,1641926,22300385,"DEC 22, 2023",DAL @ HOU,L,17,8,11,0.727,1,3,0.333,1,2,0.5,0,5,5,4,0,0,0,0,18,10,1,
22023,1641926,22300287,"DEC 02, 2023",DAL vs. OKC,L,3,0,2,0.0,0,2,0.0,0,0,0.0,1,1,2,0,0,0,0,0,0,-11,1,
22023,1641926,22300277,"DEC 01, 2023",DAL vs. MEM,L,4,2,4,0.5,0,1,0.0,0,1,0.0,0,0,0,0,0,0,0,0,4,4,1,
22023,1641931,22300139,"NOV 04, 2023",CHI @ DEN,L,3,0,0,0.0,0,0,0.0,0,0,0.0,0,0,0,0,0,0,0,0,0,-2,1,
22023,200768,22300601,"JAN 21, 2024",MIA @ ORL,L,25,1,9,0.111,0,6,0.0,0,0,0.0,1,1,2,3,2,1,0,2,2,-17,1,
22023,200768,22300587,"JAN 19, 2024",MIA vs. ATL,L,24,1,4,0.25,0,3,0.0,0,0,0.0,1,2,3,4,1,0,1,2,2,-7,1,
22023,200768,22300574,"JAN 17, 2024",MIA @ TOR,L,29,2,9,0.222,0,6,0.0,0,0,0.0,1,1,2,3,0,1,1,2,4,-7,1,
22023,200768,22300562,"JAN 15, 2024",MIA @ BKN,W,24,1,5,0.2,0,2,0.0,0,0,0.0,0,4,4,5,1,0,1,3,2,14,1,
22023,200768,22300551,"JAN 14, 2024",MIA vs. CHA,W,26,0,3,0.0,0,1,0.0,0,0,0.0,0,4,4,3,0,1,2,1,0,7,1,
22023,200768,22300509,"JAN 08, 2024",MIA vs. HOU,W,16,2,3,0.667,1,1,1.0,1,2,0.5,1,2,3,1,0,2,1,1,6,5,1,
22023,200768,22300489,"JAN 05, 2024",MIA @ PHX,L,23,2,7,0.286,2,6,0.333,0,0,0.0,1,2,3,4,0,0,4,2,6,-18,1,
22023,200768,22300475,"JAN 03, 2024",MIA @ LAL,W,26,3,6,0.5,2,5,0.4,2,2,1.0,0,3,3,6,4,0,1,2,10,6,1,
22023,200768,22300458,"JAN 01, 2024",MIA @ LAC,L,24,3,5,0.6,0,1,0.0,2,2,1.0,1,0,1,3,0,0,3,3,8,-19,1,
22023,200768,22300404,"DEC 25, 2023",MIA vs. PHI,W,33,5,7,0.714,1,3,0.333,1,1,1.0,0,1,1,4,1,2,3,4,12,0,1,
22023,200768,22300384,"DEC 22, 2023",MIA vs. ATL,W,22,1,2,0.5,1,2,0.5,0,0,0.0,0,4,4,3,0,0,2,2,3,9,1,
22023,200768,22300366,"DEC 20, 2023",MIA @ ORL,W,18,1,2,0.5,1,2,0.5,0,0,0.0,0,0,0,2,0,0,0,1,3,2,1,
22023,200768,22300337,"DEC 16, 2023",MIA vs. CHI,W,32,3,7,0.429,1,3,0.333,3,4,0.75,0,3,3,7,0,1,0,2,10,8,1,
22023,200768,22300320,"DEC 14, 2023",MIA vs. CHI,L,39,6,12,0.5,4,9,0.444,1,1,1.0,1,2,3,3,1,0,1,5,17,-14,1,
22023,200768,22300312,"DEC 13, 2023",MIA vs. CHA,W,24,5,5,1.0,4,4,1.0,3,3,1.0,0,2,2,1,2,0,2,2,17,14,1,
22023,200768,22300292,"DEC 11, 2023",MIA @ CHA,W,35,1,6,0.167,1,4,0.25,0,2,0.0,1,4,5,5,2,0,1,3,3,6,1,
22023,200768,22301220,"DEC 08, 2023",MIA vs. CLE,L,32,6,13,0.462,3,9,0.333,2,3,0.667,0,2,2,5,2,0,3,1,17,-8,1,
22023,200768,22301207,"DEC 06, 2023",MIA @ TOR,W,28,1,4,0.25,1,4,0.25,0,0,0.0,0,4,4,3,0,2,2,2,3,7,1,
22023,200768,22300284,"DEC 02, 2023",MIA vs. IND,L,29,0,4,0.0,0,3,0.0,4,4,1.0,1,7,8,2,0,0,0,2,4,-9,1,
22023,200768,22300267,"NOV 30, 2023",MIA vs. IND,W,25,6,10,0.6,3,6,0.5,0,0,0.0,1,2,3,3,0,1,0,5,15,-11,1,
22023,200768,22300056,"NOV 28, 2023",MIA vs. MIL,L,34,7,10,0.7,3,5,0.6,4,4,1.0,0,4,4,6,1,1,1,5,21,-4,1,
22023,200768,22300240,"NOV 25, 2023",MIA @ BKN,L,30,3,10,0.3,2,7,0.286,1,2,0.5,1,2,3,4,2,0,3,2,9,-19,1,
22023,200768,22300045,"NOV 24, 2023",MIA @ NYK,L,33,4,9,0.444,2,5,0.4,0,0,0.0,3,5,8,2,2,0,1,3,10,3,1,
22023,200768,22300229,"NOV 22, 2023",MIA @ CLE,W,29,9,15,0.6,7,10,0.7,3,4,0.75,0,1,1,3,0,0,0,3,28,21,1,
22023,200768,22300220,"NOV 20, 2023",MIA @ CHI,W,27,3,6,0.5,2,4,0.5,0,0,0.0,1,4,5,6,0,0,1,1,8,15,1,
22023,200768,22300204,"NOV 18, 2023",MIA @ CHI,L,32,3,10,0.3,2,7,0.286,0,0,0.0,0,3,3,5,3,0,1,3,8,14,1,
22023,200768,22300200,"NOV 16, 2023",MIA vs. BKN,W,24,1,4,0.25,1,1,1.0,0,0,0.0,1,2,3,3,3,0,0,3,3,7,1,
22023,200768,22300017,"NOV 14, 2023",MIA @ CHA,W,15,0,1,0.0,0,1,0.0,0,0,0.0,0,1,1,2,0,0,0,4,0,-5,1,
22023,200768,22300175,"NOV 11, 2023",MIA @ ATL,W,33,4,8,0.5,4,6,0.667,5,5,1.0,0,2,2,4,1,0,3,1,17,10,1,
22023,200768,22300164,"NOV 08, 2023",MIA @ MEM,W,35,5,11,0.455,4,7,0.571,3,3,1.0,3,8,11,9,1,0,4,4,17,20,1,
22023,200768,22300150,"NOV 06, 2023",MIA vs. LAL,W,33,2,6,0.333,1,5,0.2,0,0,0.0,2,2,4,5,1,0,0,2,5,2,1,
22023,200768,22300003,"NOV 03, 2023",MIA vs. WAS,W,26,1,4,0.25,1,4,0.25,0,0,0.0,2,1,3,7,2,0,2,1,3,2,1,
22023,200768,22300119,"NOV 01, 2023",MIA vs. BKN,L,30,2,5,0.4,2,5,0.4,0,0,0.0,0,3,3,3,2,1,2,3,6,7,1,
22023,200768,22300107,"OCT 30, 2023",MIA @ MIL,L,28,3,6,0.5,2,5,0.4,0,0,0.0,0,4,4,4,2,0,2,4,8,-11,1,
22023,200768,22300093,"OCT 28, 2023",MIA @ MIN,L,32,1,6,0.167,1,5,0.2,0,0,0.0,1,3,4,7,1,0,4,1,3,-20,1,
22023,200768,22300080,"OCT 27, 2023",MIA @ BOS,L,32,5,7,0.714,3,4,0.75,0,0,0.0,1,7,8,5,0,1,1,3,13,-1,1,
22023,200768,22300068,"OCT 25, 2023",MIA vs. DET,W,32,0,1,0.0,0,0,0.0,0,0,0.0,0,2,2,2,2,1,0,4,0,4,1,
22023,200782,22300257,"NOV 27, 2023",LAC vs. DEN,L,6,0,0,0.0,0,0,0.0,0,0,0.0,0,0,0,1,2,0,0,1,0,3,1,
22023,200782,22300244,"NOV 25, 2023",LAC vs. DAL,W,8,0,0,0.0,0,0,0.0,0,0,0.0,0,1,1,0,0,0,0,2,0,3,1,
22023,200782,22300052,"NOV 24, 2023",LAC vs. NOP,L,22,0,2,0.0,0,2,0.0,0,0,0.0,2,0,2,3,1,0,0,4,0,7,1,
22023,200782,22300235,"NOV 22, 2023",LAC @ SAS,W,13,0,0,0.0,0,0,0.0,0,0,0.0,1,0,1,0,0,0,1,2,0,9,1,
22023,200782,22300223,"NOV 20, 2023",LAC @ SAS,W,16,0,0,0.0,0,0,0.0,0,0,0.0,0,5,5,0,0,0,0,2,0,5,1,
22023,200782,22300037,"NOV 17, 2023",LAC vs. HOU,W,15,0,0,0.0,0,0,0.0,0,0,0.0,0,0,0,0,0,0,0,3,0,-24,1,
22023,200782,22300024,"NOV 14, 2023",LAC @ DEN,L,21,2,3,0.667,2,3,0.667,0,0,0.0,2,3,5,0,0,0,1,1,6,-7,1,
22023,200782,22300179,"NOV 12, 2023",LAC vs. MEM,L,13,1,2,0.5,1,2,0.5,0,0,0.0,1,1,2,1,1,0,0,1,3,5,1,
22023,200782,22300014,"NOV 10, 2023",LAC @ DAL,L,6,0,1,0.0,0,1,0.0,0,0,0.0,0,1,1,0,0,0,0,2,0,-20,1,
22023,200782,22300160,"NOV 08, 2023",LAC @ BKN,L,21,1,3,0.333,0,1,0.0,1,1,1.0,3,3,6,3,1,1,0,3,3,10,1,
22023,200782,22300151,"NOV 06, 2023",LAC @ NYK,L,11,0,2,0.0,0,2,0.0,2,2,1.0,1,0,1,0,1,0,0,1,2,-9,1,
22023,200782,22300127,"NOV 01, 2023",LAC @ LAL,L,21,0,1,0.0,0,0,0.0,0,0,0.0,5,0,5,0,0,0,0,4,0,-15,1,
22023,200782,22300098,"OCT 29, 2023",PHI vs. POR,W,20,1,2,0.5,1,2,0.5,0,0,0.0,0,4,4,0,1,2,1,1,3,26,1,
22023,200782,22300092,"OCT 28, 2023",PHI @ TOR,W,21,1,1,1.0,1,1,1.0,0,0,0.0,0,3,3,0,0,0,1,3,3,0,1,
22023,200782,22300075,"OCT 26, 2023",PHI @ MIL,L,26,0,2,0.0,0,2,0.0,0,0,0.0,1,6,7,0,2,0,0,5,0,2,1,
22023,201142,22300787,"FEB 14, 2024",PHX vs. DET,W,30,8,13,0.615,1,3,0.333,8,8,1.0,1,5,6,6,1,2,5,2,25,23,1,
22023,201142,22300774,"FEB 13, 2024",PHX vs. SAC,W,38,11,17,0.647,2,5,0.4,4,6,0.667,2,9,11,4,1,0,3,2,28,8,1,
22023,201142,22300757,"FEB 10, 2024",PHX @ GSW,L,39,10,25,0.4,2,8,0.25,2,2,1.0,1,9,10,7,1,2,6,0,24,0,1,
22023,201142,22300739,"FEB 08, 2024",PHX vs. UTA,W,35,14,23,0.609,2,6,0.333,1,1,1.0,0,8,8,7,3,2,3,1,31,17,1,
22023,201142,22300725,"FEB 06, 2024",PHX vs. MIL,W,39,11,21,0.524,1,5,0.2,5,7,0.714,0,10,10,1,1,2,5,3,28,8,1,
22023,201142,22300705,"FEB 04, 2024",PHX @ WAS,W,26,7,9,0.778,3,3,1.0,1,2,0.5,0,4,4,3,2,1,1,0,18,18,1,
22023,201142,22300690,"FEB 02, 2024",PHX @ ATL,L,38,14,24,0.583,5,9,0.556,2,2,1.0,1,7,8,8,2,1,4,3,35,-1,1,
22023,201142,22300677,"JAN 31, 2024",PHX @ BKN,W,38,10,16,0.625,2,6,0.333,11,12,0.917,0,5,5,8,0,2,3,1,33,20,1,
22023,201142,22300661,"JAN 29, 2024",PHX @ MIA,W,42,8,15,0.533,2,5,0.4,2,2,1.0,2,6,8,7,1,2,1,0,20,6,1,
22023,201142,22300655,"JAN 28, 2024",PHX @ ORL,L,37,7,12,0.583,1,3,0.333,0,0,0.0,0,4,4,5,0,1,7,3,15,-25,1,
22023,201142,22300636,"JAN 26, 2024",PHX @ IND,L,39,9,15,0.6,2,4,0.5,0,0,0.0,1,6,7,6,1,1,2,1,20,-9,1,
22023,201142,22300625,"JAN 24, 2024",PHX @ DAL,W,38,4,10,0.4,0,4,0.0,4,7,0.571,0,10,10,7,1,2,1,4,12,19,1,
22023,201142,22300612,"JAN 22, 2024",PHX vs. CHI,W,41,16,32,0.5,6,15,0.4,5,6,0.833,1,5,6,8,1,2,1,2,43,3,1,
22023,201142,22300604,"JAN 21, 2024",PHX vs. IND,W,40,18,25,0.72,4,7,0.571,0,0,0.0,1,8,9,2,0,3,2,4,40,7,1,
22023,201142,22300588,"JAN 19, 2024",PHX @ NOP,W,35,11,19,0.579,3,8,0.375,1,1,1.0,1,4,5,2,2,2,1,1,26,25,1,
22023,201142,22300567,"JAN 16, 2024",PHX vs. SAC,W,39,7,16,0.438,4,8,0.5,9,9,1.0,1,4,5,4,0,2,7,3,27,-4,1,
22023,201142,22300554,"JAN 14, 2024",PHX @ POR,W,38,8,16,0.5,2,5,0.4,3,3,1.0,1,4,5,6,0,0,3,4,21,0,1,
22023,201142,22300531,"JAN 11, 2024",PHX @ LAL,W,32,7,12,0.583,2,5,0.4,2,2,1.0,0,5,5,5,3,1,1,0,18,15,1,
22023,201142,22300511,"JAN 08, 2024",PHX @ LAC,L,35,10,17,0.588,3,6,0.5,7,8,0.875,0,7,7,2,0,1,3,2,30,-14,1,
22023,201142,22300503,"JAN 07, 2024",PHX vs. MEM,L,36,11,23,0.478,0,1,0.0,1,1,1.0,2,8,10,5,0,1,1,1,23,-7,1,
22023,201142,22300450,"DEC 31, 2023",PHX vs. ORL,W,39,12,21,0.571,2,5,0.4,5,5,1.0,0,5,5,5,3,1,0,1,31,9,1,
22023,201142,22300436,"DEC 29, 2023",PHX vs. CHA,W,39,8,11,0.727,3,3,1.0,2,2,1.0,1,3,4,11,1,3,1,2,21,10,1,
22023,201142,22300418,"DEC 27, 2023",PHX @ HOU,W,41,9,16,0.563,3,7,0.429,6,8,0.75,0,10,10,16,2,1,3,2,27,17,1,
22023,201142,22300405,"DEC 25, 2023",PHX vs. DAL,L,43,4,11,0.364,1,3,0.333,7,7,1.0,1,7,8,7,0,1,6,2,16,-5,1,
22023,201142,22300387,"DEC 22, 2023",PHX @ SAC,L,34,9,14,0.643,2,3,0.667,8,9,0.889,0,7,7,2,1,0,7,0,28,-14,1,
22023,201142,22300363,"DEC 19, 2023",PHX @ POR,L,38,16,28,0.571,1,3,0.333,7,8,0.875,0,4,4,5,2,0,5,1,40,8,1,
22023,201142,22300347,"DEC 17, 2023",PHX vs. WAS,W,35,11,24,0.458,0,2,0.0,6,9,0.667,3,2,5,5,1,1,2,1,28,-2,1,
22023,201142,22300333,"DEC 15, 2023",PHX vs. NYK,L,36,10,21,0.476,4,9,0.444,5,7,0.714,0,3,3,6,0,0,0,1,29,-7,1,
22023,201142,22300317,"DEC 13, 2023",PHX vs. BKN,L,38,9,18,0.5,1,5,0.2,8,10,0.8,1,5,6,4,1,2,2,3,27,0,1,
22023,201142,22301203,"DEC 05, 2023",PHX @ LAL,L,39,12,17,0.706,4,7,0.571,3,4,0.75,0,7,7,4,0,1,5,5,31,6,1,
22023,201142,22300288,"DEC 02, 2023",PHX vs. MEM,W,33,10,14,0.714,2,3,0.667,5,7,0.714,0,2,2,5,1,1,2,1,27,8,1,
22023,201142,22300279,"DEC 01, 2023",PHX vs. DEN,L,36,8,25,0.32,1,3,0.333,13,13,1.0,0,4,4,11,1,3,1,2,30,-6,1,
22023,201142,22300260,"NOV 29, 2023",PHX @ TOR,L,36,11,30,0.367,2,8,0.25,6,6,1.0,0,4,4,6,1,0,1,1,30,-1,1,
22023,201142,22300236,"NOV 22, 2023",PHX vs. GSW,W,34,7,14,0.5,3,4,0.75,15,15,1.0,0,8,8,2,0,2,6,2,32,5,1,
22023,201142,22300041,"NOV 21, 2023",PHX vs. POR,W,37,13,21,0.619,2,2,1.0,3,3,1.0,0,4,4,9,0,1,3,4,31,20,1,
22023,201142,22300214,"NOV 19, 2023",PHX @ UTA,W,46,14,27,0.519,4,9,0.444,7,7,1.0,0,8,8,10,2,2,7,2,39,4,1,
22023,201142,22300035,"NOV 17, 2023",PHX @ UTA,W,33,15,22,0.682,6,8,0.75,2,2,1.0,0,9,9,9,0,0,1,1,38,-8,1,
22023,201142,22300197,"NOV 15, 2023",PHX vs. MIN,W,35,11,15,0.733,2,2,1.0,7,7,1.0,0,6,6,6,0,1,2,3,31,27,1,
22023,201142,22300185,"NOV 12, 2023",PHX vs. OKC,L,36,7,18,0.389,3,5,0.6,11,11,1.0,0,9,9,4,1,2,3,1,28,-13,1,
22023,201142,22300015,"NOV 10, 2023",PHX vs. LAL,L,39,13,27,0.481,4,6,0.667,8,10,0.8,1,8,9,5,0,0,4,4,38,8,1,
22023,201142,22300162,"NOV 08, 2023",PHX @ CHI,W,42,7,16,0.438,2,5,0.4,9,9,1.0,1,6,7,9,2,1,6,2,25,5,1,
22023,201142,22300140,"NOV 05, 2023",PHX @ DET,W,35,14,27,0.519,1,3,0.333,12,12,1.0,0,4,4,5,1,2,3,1,41,7,1,
22023,201142,22300132,"NOV 04, 2023",PHX @ PHI,L,36,9,20,0.45,1,4,0.25,12,14,0.857,1,7,8,3,1,2,5,1,31,-13,1,
22023,201142,22300131,"NOV 02, 2023",PHX vs. SAS,L,37,10,15,0.667,3,5,0.6,5,9,0.556,0,6,6,1,0,2,3,3,28,-17,1,
22023,201142,22300113,"OCT 31, 2023",PHX vs. SAS,L,37,12,19,0.632,1,3,0.333,1,2,0.5,0,2,2,7,2,0,5,0,26,3,1,
22023,201142,22300094,"OCT 28, 2023",PHX vs. UTA,W,29,8,11,0.727,1,4,0.25,9,9,1.0,0,4,4,7,1,1,2,1,26,30,1,
22023,201142,22300076,"OCT 26, 2023",PHX @ LAL,L,39,14,28,0.5,1,5,0.2,10,13,0.769,0,11,11,2,1,1,8,2,39,18,1,
22023,201142,22300062,"OCT 24, 2023",PHX @ GSW,W,37,7,22,0.318,1,2,0.5,3,5,0.6,2,9,11,3,0,1,2,1,18,0,1,
22023,201143,22300771,"FEB 13, 2024",BOS @ BKN,W,37,6,6,1.0,2,2,1.0,2,2,1.0,1,5,6,4,1,0,0,0,16,2,1,
22023,201143,22300759,"FEB 11, 2024",BOS @ MIA,W,25,1,5,0.2,0,2,0.0,2,2,1.0,0,5,5,0,0,3,0,1,4,2,1,
22023,201143,22300743,"FEB 09, 2024",BOS vs. WAS,W,23,2,5,0.4,1,2,0.5,1,2,0.5,2,3,5,1,2,0,0,1,6,7,1,
22023,201143,22300729,"FEB 07, 2024",BOS vs. ATL,W,36,5,12,0.417,4,9,0.444,0,0,0.0,2,6,8,8,2,4,1,1,14,12,1,
22023,201143,22300706,"FEB 04, 2024",BOS vs. MEM,W,23,5,9,0.556,1,5,0.2,0,0,0.0,0,5,5,2,2,0,1,1,11,27,1,
22023,201143,22300684,"FEB 01, 2024",BOS vs. LAL,L,24,2,6,0.333,2,6,0.333,0,0,0.0,0,9,9,1,1,2,0,0,6,3,1,
22023,201143,22300659,"JAN 29, 2024",BOS vs. NOP,W,36,4,9,0.444,3,6,0.5,0,0,0.0,1,7,8,4,0,1,0,1,11,12,1,
22023,201143,22300646,"JAN 27, 2024",BOS vs. LAC,L,19,0,5,0.0,0,4,0.0,0,0,0.0,0,2,2,1,0,0,1,1,0,-21,1,
22023,201143,22300630,"JAN 25, 2024",BOS @ MIA,W,23,3,4,0.75,2,3,0.667,0,0,0.0,0,7,7,6,0,1,1,2,8,12,1,
22023,201143,22300611,"JAN 22, 2024",BOS @ DAL,W,31,4,7,0.571,3,6,0.5,0,0,0.0,1,5,6,3,1,0,1,2,11,8,1,
22023,201143,22300586,"JAN 19, 2024",BOS vs. DEN,L,27,2,5,0.4,2,5,0.4,0,0,0.0,3,7,10,2,0,0,0,3,6,4,1,
22023,201143,22300571,"JAN 17, 2024",BOS vs. SAS,W,25,3,4,0.75,3,4,0.75,0,0,0.0,0,3,3,0,1,0,0,2,9,14,1,
22023,201143,22300563,"JAN 15, 2024",BOS @ TOR,W,35,4,10,0.4,2,4,0.5,0,0,0.0,2,9,11,2,1,0,1,3,10,1,1,
22023,201143,22300542,"JAN 13, 2024",BOS vs. HOU,W,20,2,3,0.667,1,2,0.5,2,2,1.0,0,4,4,1,0,1,0,0,7,29,1,
22023,201143,22300517,"JAN 10, 2024",BOS vs. MIN,W,38,3,8,0.375,3,6,0.5,0,0,0.0,1,7,8,5,0,0,1,3,9,2,1,
22023,201143,22300507,"JAN 08, 2024",BOS @ IND,L,32,4,5,0.8,3,4,0.75,0,0,0.0,0,6,6,0,0,1,1,1,11,-9,1,
22023,201143,22300493,"JAN 06, 2024",BOS @ IND,W,30,4,8,0.5,2,5,0.4,0,2,0.0,1,6,7,8,1,2,2,1,10,10,1,
22023,201143,22300462,"JAN 02, 2024",BOS @ OKC,L,20,3,5,0.6,1,3,0.333,0,0,0.0,0,2,2,3,1,5,0,0,7,-13,1,
22023,201143,22300448,"DEC 31, 2023",BOS @ SAS,W,20,3,5,0.6,1,3,0.333,0,0,0.0,1,6,7,4,0,0,0,0,7,17,1,
22023,201143,22300421,"DEC 28, 2023",BOS vs. DET,W,37,3,4,0.75,2,3,0.667,0,0,0.0,2,3,5,3,1,1,1,1,8,10,1,
22023,201143,22300403,"DEC 25, 2023",BOS @ LAL,W,23,2,4,0.5,2,4,0.5,0,0,0.0,0,6,6,1,0,1,0,3,6,1,1,
22023,201143,22300389,"DEC 23, 2023",BOS @ LAC,W,27,2,6,0.333,2,5,0.4,0,0,0.0,0,8,8,5,1,2,0,2,6,24,1,
22023,201143,22300362,"DEC 19, 2023",BOS @ GSW,L,38,4,14,0.286,3,10,0.3,2,2,1.0,2,10,12,6,0,1,2,1,13,-8,1,
22023,201143,22300344,"DEC 17, 2023",BOS vs. ORL,W,24,3,7,0.429,2,3,0.667,0,0,0.0,1,7,8,2,0,1,0,2,8,19,1,
22023,201143,22300319,"DEC 14, 2023",BOS vs. CLE,W,24,3,4,0.75,1,2,0.5,0,0,0.0,3,7,10,3,0,1,0,1,7,9,1,
22023,201143,22300305,"DEC 12, 2023",BOS vs. CLE,W,22,1,3,0.333,0,2,0.0,0,0,0.0,2,3,5,1,1,0,0,0,2,13,1,
22023,201143,22301227,"DEC 08, 2023",BOS vs. NYK,W,27,5,8,0.625,3,6,0.5,1,1,1.0,2,8,10,2,0,0,2,1,14,9,1,
22023,201143,22301202,"DEC 04, 2023",BOS @ IND,L,31,1,3,0.333,0,1,0.0,0,0,0.0,2,5,7,4,0,1,2,1,2,-2,1,
22023,201143,22300275,"DEC 01, 2023",BOS vs. PHI,W,33,7,9,0.778,2,4,0.5,4,4,1.0,2,4,6,3,1,2,1,4,20,10,1,
22023,201143,22300053,"NOV 28, 2023",BOS vs. CHI,W,28,6,8,0.75,4,6,0.667,0,0,0.0,0,9,9,6,2,3,3,3,16,18,1,
22023,201143,22300246,"NOV 26, 2023",BOS vs. ATL,W,32,3,8,0.375,0,5,0.0,0,0,0.0,3,12,15,3,1,2,0,1,6,17,1,
22023,201143,22300043,"NOV 24, 2023",BOS @ ORL,L,33,1,5,0.2,1,5,0.2,0,0,0.0,0,5,5,3,0,0,1,4,3,-26,1,
22023,201143,22300228,"NOV 22, 2023",BOS vs. MIL,W,31,4,7,0.571,2,3,0.667,1,1,1.0,1,7,8,6,0,1,0,1,11,5,1,
22023,201143,22300213,"NOV 19, 2023",BOS @ MEM,W,22,2,5,0.4,1,3,0.333,0,0,0.0,2,1,3,2,0,0,0,2,5,2,1,
22023,201143,22300031,"NOV 17, 2023",BOS @ TOR,W,23,4,5,0.8,3,4,0.75,0,0,0.0,1,3,4,2,0,0,0,1,11,-3,1,
22023,201143,22300194,"NOV 15, 2023",BOS @ PHI,W,29,5,9,0.556,4,8,0.5,0,0,0.0,1,7,8,3,0,5,0,2,14,14,1,
22023,201143,22300188,"NOV 13, 2023",BOS vs. NYK,W,22,1,2,0.5,0,1,0.0,0,0,0.0,0,4,4,0,0,0,1,2,2,2,1,
22023,201143,22300174,"NOV 11, 2023",BOS vs. TOR,W,24,3,5,0.6,1,3,0.333,0,0,0.0,1,6,7,4,0,0,0,2,7,11,1,
22023,201143,22300159,"NOV 08, 2023",BOS @ PHI,L,26,1,6,0.167,1,6,0.167,0,0,0.0,0,5,5,3,0,2,1,1,3,-23,1,
22023,201143,22300154,"NOV 06, 2023",BOS @ MIN,L,36,1,5,0.2,1,4,0.25,0,0,0.0,2,3,5,4,1,0,2,4,3,7,1,
22023,201143,22300136,"NOV 04, 2023",BOS @ BKN,W,30,4,7,0.571,0,3,0.0,0,0,0.0,2,5,7,3,1,1,0,1,8,29,1,
22023,201143,22300118,"NOV 01, 2023",BOS vs. IND,W,11,1,3,0.333,1,1,1.0,2,2,1.0,2,2,4,0,1,1,1,0,5,7,1,
22023,201143,22300103,"OCT 30, 2023",BOS @ WAS,W,16,4,9,0.444,0,3,0.0,0,0,0.0,4,1,5,1,2,0,0,1,8,4,1,
22023,201143,22300080,"OCT 27, 2023",BOS vs. MIA,W,25,0,6,0.0,0,2,0.0,0,0,0.0,3,7,10,2,0,1,3,1,0,7,1,
22023,201143,22300065,"OCT 25, 2023",BOS @ NYK,W,26,3,4,0.75,2,3,0.667,0,0,0.0,3,4,7,2,0,0,3,2,8,-7,1,
22023,201144,22300791,"FEB 15, 2024",MIN @ POR,W,22,3,6,0.5,2,4,0.5,4,4,1.0,2,2,4,3,1,0,0,1,12,6,1,
22023,201144,22300775,"FEB 13, 2024",MIN @ POR,W,26,2,7,0.286,1,5,0.2,2,2,1.0,1,3,4,6,2,3,2,2,7,6,1,
22023,201144,22300770,"FEB 12, 2024",MIN @ LAC,W,24,2,5,0.4,1,3,0.333,0,0,0.0,1,3,4,7,2,0,1,1,5,10,1,
22023,201144,22300738,"FEB 08, 2024",MIN @ MIL,W,31,6,8,0.75,6,7,0.857,0,0,0.0,0,5,5,9,0,0,1,2,18,6,1,
22023,201144,22300723,"FEB 06, 2024",MIN @ CHI,L,36,3,7,0.429,3,7,0.429,0,0,0.0,0,0,0,8,0,0,0,2,9,-9,1,
22023,201144,22300709,"FEB 04, 2024",MIN vs. HOU,W,24,2,6,0.333,1,2,0.5,3,4,0.75,0,3,3,9,1,0,2,2,8,17,1,
22023,201144,22300694,"FEB 02, 2024",MIN vs. ORL,L,28,1,9,0.111,1,6,0.167,1,1,1.0,0,5,5,9,3,0,1,3,4,-13,1,
22023,201144,22300680,"JAN 31, 2024",MIN vs. DAL,W,25,4,6,0.667,2,3,0.667,0,0,0.0,0,4,4,3,1,1,1,2,10,25,1,
22023,201144,22300629,"JAN 25, 2024",MIN @ BKN,W,33,3,6,0.5,2,4,0.5,2,2,1.0,0,2,2,4,2,1,1,1,10,1,1,
22023,201144,22300599,"JAN 20, 2024",MIN vs. OKC,L,29,1,11,0.091,1,9,0.111,0,0,0.0,0,3,3,4,0,1,3,3,3,-22,1,
22023,201144,22300582,"JAN 18, 2024",MIN vs. MEM,W,30,7,11,0.636,3,6,0.5,0,0,0.0,2,2,4,10,2,0,0,1,17,11,1,
22023,201144,22300569,"JAN 17, 2024",MIN @ DET,W,29,3,8,0.375,2,6,0.333,0,1,0.0,0,3,3,7,1,1,1,0,8,20,1,
22023,201144,22300553,"JAN 14, 2024",MIN vs. LAC,W,32,2,7,0.286,2,6,0.333,0,0,0.0,1,1,2,5,1,0,2,2,6,-4,1,
22023,201144,22300538,"JAN 12, 2024",MIN vs. POR,W,20,3,7,0.429,3,5,0.6,0,0,0.0,0,4,4,10,0,0,0,1,9,34,1,
22023,201144,22300513,"JAN 09, 2024",MIN @ ORL,W,31,3,8,0.375,3,6,0.5,2,2,1.0,0,3,3,10,2,0,1,3,11,23,1,
22023,201144,22300501,"JAN 07, 2024",MIN @ DAL,L,32,3,7,0.429,3,6,0.5,0,0,0.0,0,1,1,7,0,0,2,1,9,-1,1,
22023,201144,22300485,"JAN 05, 2024",MIN @ HOU,W,25,3,8,0.375,2,5,0.4,0,0,0.0,0,2,2,5,0,0,0,3,8,13,1,
22023,201144,22300471,"JAN 03, 2024",MIN vs. NOP,L,26,3,5,0.6,1,3,0.333,0,0,0.0,0,0,0,9,1,0,0,1,7,-14,1,
22023,201144,22300451,"JAN 01, 2024",MIN @ NYK,L,29,2,6,0.333,0,1,0.0,1,1,1.0,0,2,2,5,1,1,0,1,5,-11,1,
22023,201144,22300443,"DEC 30, 2023",MIN vs. LAL,W,33,4,11,0.364,4,9,0.444,3,4,0.75,1,3,4,7,1,0,1,2,15,3,1,
22023,201144,22300423,"DEC 28, 2023",MIN vs. DAL,W,28,3,7,0.429,2,4,0.5,2,2,1.0,1,1,2,6,0,1,1,5,10,15,1,
22023,201144,22300411,"DEC 26, 2023",MIN @ OKC,L,25,6,10,0.6,5,7,0.714,0,0,0.0,0,2,2,4,2,0,0,0,17,-10,1,
22023,201144,22300400,"DEC 23, 2023",MIN @ SAC,W,32,4,10,0.4,3,7,0.429,1,1,1.0,0,7,7,9,2,0,2,1,12,28,1,
22023,201144,22300380,"DEC 21, 2023",MIN vs. LAL,W,30,6,9,0.667,4,6,0.667,0,0,0.0,0,1,1,8,2,1,1,1,16,3,1,
22023,201144,22300367,"DEC 20, 2023",MIN @ PHI,L,26,3,7,0.429,1,4,0.25,2,2,1.0,0,0,0,4,0,0,2,1,9,1,1,
22023,201144,22300353,"DEC 18, 2023",MIN @ MIA,W,33,4,5,0.8,4,5,0.8,2,2,1.0,0,1,1,6,1,0,4,1,14,4,1,
22023,201144,22300338,"DEC 16, 2023",MIN vs. IND,W,24,2,5,0.4,1,3,0.333,0,0,0.0,0,2,2,9,1,0,0,0,5,21,1,
22023,201144,22300321,"DEC 14, 2023",MIN @ DAL,W,29,5,9,0.556,2,4,0.5,2,2,1.0,0,2,2,3,1,0,1,2,14,7,1,
22023,201144,22300301,"DEC 11, 2023",MIN @ NOP,L,27,6,11,0.545,4,7,0.571,1,2,0.5,1,4,5,7,0,0,3,1,17,-19,1,
22023,201144,22301221,"DEC 08, 2023",MIN @ MEM,W,32,6,11,0.545,2,3,0.667,5,5,1.0,0,4,4,7,0,0,2,1,19,25,1,
22023,201144,22301210,"DEC 06, 2023",MIN vs. SAS,W,33,5,13,0.385,4,10,0.4,4,4,1.0,0,4,4,4,3,0,1,3,18,9,1,
22023,201144,22300281,"DEC 02, 2023",MIN @ CHA,W,34,3,9,0.333,1,7,0.143,7,8,0.875,0,5,5,10,0,0,1,2,14,10,1,
22023,201144,22300270,"NOV 30, 2023",MIN vs. UTA,W,29,2,6,0.333,2,6,0.333,2,2,1.0,0,3,3,7,2,0,2,3,8,4,1,
22023,201144,22300058,"NOV 28, 2023",MIN vs. OKC,W,37,3,14,0.214,3,10,0.3,0,0,0.0,0,2,2,8,1,0,0,2,9,17,1,
22023,201144,22300249,"NOV 26, 2023",MIN @ MEM,W,32,6,11,0.545,6,9,0.667,0,0,0.0,0,4,4,10,1,0,2,1,18,8,1,
22023,201144,22300050,"NOV 24, 2023",MIN vs. SAC,L,30,2,7,0.286,2,3,0.667,0,0,0.0,1,2,3,9,1,0,1,1,6,-10,1,
22023,201144,22300232,"NOV 22, 2023",MIN vs. PHI,W,23,2,5,0.4,1,2,0.5,0,0,0.0,0,0,0,8,3,0,1,1,5,6,1,
22023,201144,22300221,"NOV 20, 2023",MIN vs. NYK,W,28,3,9,0.333,3,8,0.375,2,2,1.0,0,1,1,5,0,1,0,3,11,20,1,
22023,201144,22300203,"NOV 18, 2023",MIN @ NOP,W,30,2,8,0.25,1,5,0.2,0,0,0.0,0,3,3,5,1,0,3,1,5,-5,1,
22023,201144,22300197,"NOV 15, 2023",MIN @ PHX,L,22,5,8,0.625,1,3,0.333,3,3,1.0,1,1,2,3,0,0,0,0,14,-16,1,
22023,201144,22300025,"NOV 14, 2023",MIN @ GSW,W,31,4,6,0.667,3,4,0.75,2,2,1.0,0,2,2,8,2,0,1,1,13,12,1,
22023,201144,22300186,"NOV 12, 2023",MIN @ GSW,W,31,3,7,0.429,1,5,0.2,1,1,1.0,1,4,5,9,0,0,1,4,8,6,1,
22023,201144,22300013,"NOV 10, 2023",MIN @ SAS,W,31,3,7,0.429,1,3,0.333,4,4,1.0,2,1,3,6,0,0,4,3,11,4,1,
22023,201144,22300166,"NOV 08, 2023",MIN vs. NOP,W,21,4,5,0.8,4,5,0.8,0,0,0.0,0,4,4,4,1,0,0,2,12,16,1,
22023,201144,22300154,"NOV 06, 2023",MIN vs. BOS,W,36,3,5,0.6,2,3,0.667,0,0,0.0,0,2,2,3,2,0,0,1,8,-18,1,
22023,201144,22300138,"NOV 04, 2023",MIN vs. UTA,W,28,3,9,0.333,1,4,0.25,0,0,0.0,0,3,3,6,1,0,0,4,7,23,1,
22023,201144,22300123,"NOV 01, 2023",MIN vs. DEN,W,27,7,9,0.778,3,4,0.75,0,0,0.0,0,3,3,6,1,0,0,1,17,19,1,
22023,201144,22300104,"OCT 30, 2023",MIN @ ATL,L,28,2,9,0.222,2,6,0.333,0,0,0.0,1,1,2,3,0,0,0,3,6,-12,1,
22023,201144,22300093,"OCT 28, 2023",MIN vs. MIA,W,29,6,10,0.6,2,6,0.333,0,0,0.0,2,2,4,5,1,0,0,1,14,21,1,
22023,201144,22300069,"OCT 25, 2023",MIN @ TOR,L,31,4,9,0.444,1,4,0.25,2,2,1.0,1,3,4,3,1,1,1,1,11,-6,1,
22023,201145,22300783,"FEB 14, 2024",HOU @ MEM,L,16,3,7,0.429,0,2,0.0,4,4,1.0,1,3,4,0,0,0,0,0,10,2,1,
22023,201145,22300765,"FEB 12, 2024",HOU vs. NYK,W,15,0,3,0.0,0,1,0.0,0,0,0.0,0,1,1,0,0,0,0,1,0,11,1,
22023,201145,22300754,"FEB 10, 2024",HOU @ ATL,L,31,6,10,0.6,4,7,0.571,3,5,0.6,1,5,6,2,0,1,5,4,19,-20,1,
22023,201145,22300744,"FEB 09, 2024",HOU @ TOR,L,27,3,11,0.273,1,6,0.167,4,5,0.8,1,5,6,4,1,1,0,1,11,18,1,
22023,201145,22300719,"FEB 06, 2024",HOU @ IND,L,11,1,3,0.333,0,1,0.0,1,1,1.0,0,2,2,3,0,0,2,2,3,-9,1,
22023,201145,22300709,"FEB 04, 2024",HOU @ MIN,L,16,1,3,0.333,1,2,0.5,1,2,0.5,1,1,2,0,0,0,0,1,4,-8,1,
22023,201145,22300692,"FEB 02, 2024",HOU vs. TOR,W,15,2,2,1.0,0,0,0.0,4,4,1.0,0,3,3,1,1,0,2,3,8,5,1,
22023,201145,22300679,"JAN 31, 2024",HOU vs. NOP,L,15,0,3,0.0,0,2,0.0,0,0,0.0,0,0,0,1,0,0,0,3,0,2,1,
22023,201145,22300662,"JAN 29, 2024",HOU vs. LAL,W,8,1,3,0.333,0,1,0.0,3,3,1.0,0,2,2,0,0,0,0,0,5,4,1,
22023,201145,22300645,"JAN 27, 2024",HOU @ BKN,L,16,1,5,0.2,0,1,0.0,0,0,0.0,0,2,2,0,0,0,1,0,2,-15,1,
22023,201145,22300635,"JAN 26, 2024",HOU @ CHA,W,17,0,1,0.0,0,1,0.0,0,0,0.0,0,1,1,0,0,0,0,1,0,10,1,
22023,201145,22300623,"JAN 24, 2024",HOU vs. POR,L,38,2,4,0.5,0,2,0.0,0,0,0.0,0,4,4,1,2,1,0,2,4,-11,1,
22023,201145,22300598,"JAN 20, 2024",HOU vs. UTA,W,16,1,6,0.167,1,3,0.333,0,0,0.0,1,2,3,2,0,0,1,0,3,5,1,
22023,201145,22300573,"JAN 17, 2024",HOU @ NYK,L,21,2,4,0.5,1,2,0.5,4,4,1.0,1,4,5,0,0,2,0,2,9,-6,1,
22023,201145,22300555,"JAN 15, 2024",HOU @ PHI,L,13,0,5,0.0,0,1,0.0,1,2,0.5,1,1,2,0,0,2,1,1,1,-30,1,
22023,201145,22300542,"JAN 13, 2024",HOU @ BOS,L,14,3,5,0.6,1,1,1.0,2,2,1.0,0,1,1,1,0,0,0,1,9,-6,1,
22023,201145,22300534,"JAN 12, 2024",HOU @ DET,W,13,2,2,1.0,0,0,0.0,2,2,1.0,0,2,2,0,0,0,1,2,6,-3,1,
22023,201145,22300523,"JAN 10, 2024",HOU @ CHI,L,19,4,5,0.8,0,1,0.0,1,1,1.0,1,2,3,1,0,0,1,1,9,3,1,
22023,201145,22300509,"JAN 08, 2024",HOU @ MIA,L,20,2,4,0.5,0,1,0.0,1,2,0.5,0,0,0,2,0,1,1,3,5,-9,1,
22023,201145,22300496,"JAN 06, 2024",HOU vs. MIL,W,34,5,11,0.455,2,5,0.4,4,5,0.8,0,2,2,2,0,1,1,4,16,2,1,
22023,201145,22300485,"JAN 05, 2024",HOU vs. MIN,L,21,2,4,0.5,0,2,0.0,0,0,0.0,1,0,1,0,0,0,0,2,4,-17,1,
22023,201145,22300469,"JAN 03, 2024",HOU vs. BKN,W,17,2,4,0.5,2,2,1.0,2,2,1.0,0,0,0,0,0,0,1,1,8,-7,1,
22023,201145,22300453,"JAN 01, 2024",HOU vs. DET,W,9,1,2,0.5,0,1,0.0,1,2,0.5,0,2,2,2,0,0,1,0,3,6,1,
22023,201145,22300434,"DEC 29, 2023",HOU vs. PHI,L,33,5,11,0.455,0,2,0.0,0,1,0.0,2,2,4,0,1,1,0,2,10,-7,1,
22023,201145,22300418,"DEC 27, 2023",HOU vs. PHX,L,7,1,3,0.333,0,1,0.0,0,0,0.0,0,1,1,1,0,1,1,2,2,-9,1,
22023,201145,22300409,"DEC 26, 2023",HOU vs. IND,L,11,1,1,1.0,0,0,0.0,0,0,0.0,0,0,0,0,0,0,1,2,2,5,1,
22023,201145,22300392,"DEC 23, 2023",HOU @ NOP,W,21,1,3,0.333,0,1,0.0,0,0,0.0,1,2,3,2,0,0,0,1,2,6,1,
22023,201145,22300385,"DEC 22, 2023",HOU vs. DAL,W,8,1,2,0.5,0,0,0.0,0,0,0.0,0,1,1,0,0,2,0,0,2,5,1,
22023,201145,22300371,"DEC 20, 2023",HOU vs. ATL,L,12,1,2,0.5,0,1,0.0,0,0,0.0,0,1,1,0,0,0,3,4,2,-10,1,
22023,201145,22300349,"DEC 18, 2023",HOU @ CLE,L,24,6,6,1.0,0,0,0.0,3,3,1.0,0,1,1,3,0,1,1,3,15,16,1,
22023,201145,22300346,"DEC 17, 2023",HOU @ MIL,L,17,4,5,0.8,1,1,1.0,7,8,0.875,0,0,0,1,0,0,1,0,16,-2,1,
22023,201145,22300332,"DEC 15, 2023",HOU @ MEM,W,19,3,9,0.333,0,1,0.0,6,7,0.857,2,2,4,1,0,1,1,1,12,8,1,
22023,201145,22300314,"DEC 13, 2023",HOU vs. MEM,W,13,3,3,1.0,0,0,0.0,3,3,1.0,1,2,3,0,0,0,2,2,9,10,1,
22023,201145,22300298,"DEC 11, 2023",HOU vs. SAS,W,19,2,4,0.5,1,2,0.5,7,7,1.0,1,1,2,1,0,0,0,3,12,-6,1,
22023,201145,22301224,"DEC 08, 2023",HOU @ DEN,W,27,0,1,0.0,0,1,0.0,5,6,0.833,2,2,4,1,1,1,0,4,5,2,1,
22023,201145,22300291,"DEC 02, 2023",HOU @ LAL,L,11,0,2,0.0,0,0,0.0,0,0,0.0,0,1,1,0,0,0,2,3,0,-12,1,
22023,201145,22300263,"NOV 29, 2023",HOU @ DEN,L,22,4,6,0.667,2,3,0.667,2,3,0.667,0,2,2,2,1,1,0,1,12,4,1,
22023,201145,22300059,"NOV 28, 2023",HOU @ DAL,L,13,2,2,1.0,0,0,0.0,2,2,1.0,0,0,0,1,0,0,2,1,6,2,1,
22023,201145,22300048,"NOV 24, 2023",HOU vs. DEN,W,8,0,2,0.0,0,2,0.0,0,0,0.0,0,0,0,0,0,3,0,0,0,12,1,
22023,201145,22300231,"NOV 22, 2023",HOU vs. MEM,W,12,0,3,0.0,0,1,0.0,0,0,0.0,0,1,1,0,0,1,0,1,0,2,1,
22023,201145,22300224,"NOV 20, 2023",HOU @ GSW,L,14,1,4,0.25,1,3,0.333,2,2,1.0,1,0,1,1,0,0,0,0,5,-11,1,
22023,201145,22300216,"NOV 19, 2023",HOU @ LAL,L,14,5,5,1.0,0,0,0.0,3,3,1.0,0,2,2,0,0,0,0,2,13,-15,1,
22023,201145,22300037,"NOV 17, 2023",HOU @ LAC,L,15,0,3,0.0,0,1,0.0,0,0,0.0,1,1,2,2,0,0,1,0,0,4,1,
22023,201145,22300182,"NOV 12, 2023",HOU vs. DEN,W,26,5,7,0.714,2,4,0.5,3,4,0.75,1,3,4,0,1,1,0,1,15,14,1,
22023,201145,22300011,"NOV 10, 2023",HOU vs. NOP,W,23,1,3,0.333,0,2,0.0,3,3,1.0,1,3,4,0,0,0,1,1,5,12,1,
22023,201145,22300163,"NOV 08, 2023",HOU vs. LAL,W,11,4,5,0.8,0,0,0.0,1,2,0.5,3,3,6,0,0,0,1,3,9,10,1,
22023,201145,22300153,"NOV 06, 2023",HOU vs. SAC,W,5,2,2,1.0,0,0,0.0,2,4,0.5,0,1,1,0,1,0,0,1,6,12,1,
22023,201145,22300137,"NOV 04, 2023",HOU vs. SAC,W,5,0,1,0.0,0,0,0.0,1,2,0.5,2,3,5,0,0,0,1,0,1,-2,1,
22023,201145,22300122,"NOV 01, 2023",HOU vs. CHA,W,12,2,3,0.667,2,2,1.0,3,4,0.75,0,2,2,0,0,0,1,1,9,2,1,
22023,201145,22300096,"OCT 29, 2023",HOU vs. GSW,L,21,2,7,0.286,0,2,0.0,2,2,1.0,1,2,3,2,0,1,0,0,6,-13,1,
22023,201145,22300083,"OCT 27, 2023",HOU @ SAS,L,21,4,4,1.0,0,0,0.0,2,2,1.0,0,1,1,1,0,0,0,1,10,-1,1,
22023,201145,22300066,"OCT 25, 2023",HOU @ ORL,L,14,2,4,0.5,0,1,0.0,0,1,0.0,3,0,3,1,0,0,1,2,4,-11,1,
22023,201565,22300783,"FEB 14, 2024",MEM vs. HOU,W,16,3,6,0.5,0,1,0.0,2,3,0.667,0,4,4,3,0,0,0,1,8,10,1,
22023,201565,22300751,"FEB 10, 2024",MEM @ CHA,L,16,4,7,0.571,2,2,1.0,0,0,0.0,0,4,4,5,0,0,0,0,10,-8,1,
22023,201565,22300722,"FEB 06, 2024",MEM @ NYK,L,12,2,4,0.5,1,1,1.0,2,2,1.0,0,3,3,2,1,0,3,0,7,-1,1,
22023,201565,22300693,"FEB 02, 2024",MEM vs. GSW,L,16,5,9,0.556,1,3,0.333,1,1,1.0,0,1,1,4,0,0,0,1,12,-7,1,
22023,201565,22300460,"JAN 02, 2024",MEM vs. SAS,W,9,2,4,0.5,0,1,0.0,0,0,0.0,0,0,0,2,0,0,0,0,4,1,1,
22023,201565,22300449,"DEC 31, 2023",MEM vs. SAC,L,12,1,3,0.333,0,0,0.0,0,0,0.0,0,0,0,3,0,0,1,0,2,-16,1,
22023,201565,22300332,"DEC 15, 2023",MEM vs. HOU,L,9,1,3,0.333,1,2,0.5,0,0,0.0,0,1,1,2,0,0,0,0,3,11,1,
22023,201565,22300314,"DEC 13, 2023",MEM @ HOU,L,31,7,14,0.5,1,4,0.25,4,4,1.0,1,3,4,6,0,1,1,4,19,-14,1,
22023,201565,22300299,"DEC 11, 2023",MEM vs. DAL,L,17,2,7,0.286,1,3,0.333,2,2,1.0,0,3,3,4,0,0,2,1,7,-10,1,
22023,201565,22301221,"DEC 08, 2023",MEM vs. MIN,L,22,2,7,0.286,0,1,0.0,2,2,1.0,0,1,1,7,0,0,1,1,6,-8,1,
22023,201565,22301206,"DEC 06, 2023",MEM @ DET,W,15,2,7,0.286,0,1,0.0,0,0,0.0,0,1,1,2,2,0,5,1,4,2,1,
22023,201565,22300277,"DEC 01, 2023",MEM @ DAL,W,20,3,7,0.429,0,2,0.0,0,0,0.0,0,2,2,3,1,0,1,3,6,21,1,
22023,201565,22300261,"NOV 29, 2023",MEM vs. UTA,W,27,7,11,0.636,0,3,0.0,0,0,0.0,0,4,4,9,0,0,1,2,14,20,1,
22023,201565,22300249,"NOV 26, 2023",MEM vs. MIN,L,20,5,12,0.417,0,2,0.0,2,2,1.0,2,0,2,4,1,0,1,2,12,-3,1,
22023,201565,22300044,"NOV 24, 2023",MEM vs. PHX,L,22,8,9,0.889,1,1,1.0,0,0,0.0,0,2,2,1,1,0,1,0,17,-10,1,
22023,201565,22300231,"NOV 22, 2023",MEM @ HOU,L,16,1,3,0.333,1,2,0.5,4,4,1.0,0,1,1,2,0,0,2,0,7,-3,1,
22023,201565,22300206,"NOV 18, 2023",MEM @ SAS,W,14,3,4,0.75,1,1,1.0,2,3,0.667,0,1,1,1,0,0,0,1,9,5,1,
22023,201565,22300106,"OCT 30, 2023",MEM vs. DAL,L,14,0,4,0.0,0,1,0.0,1,2,0.5,0,1,1,0,0,0,0,1,1,-18,1,
22023,201565,22300089,"OCT 28, 2023",MEM @ WAS,L,18,3,8,0.375,1,2,0.5,0,0,0.0,1,0,1,5,1,1,3,0,7,9,1,
22023,201565,22300078,"OCT 27, 2023",MEM vs. DEN,L,22,6,14,0.429,2,3,0.667,2,2,1.0,2,2,4,3,1,0,3,2,16,-1,1,
22023,201565,22300071,"OCT 25, 2023",MEM vs. NOP,L,16,3,11,0.273,2,4,0.5,0,0,0.0,1,1,2,3,0,0,0,0,8,-10,1,
22023,201567,22300779,"FEB 14, 2024",MIA @ PHI,W,12,1,2,0.5,0,1,0.0,0,0,0.0,1,5,6,1,0,0,0,1,2,3,1,
22023,201567,22300773,"FEB 13, 2024",MIA @ MIL,W,23,6,8,0.75,5,7,0.714,2,4,0.5,0,8,8,3,2,0,1,2,19,13,1,
22023,201567,22300759,"FEB 11, 2024",MIA vs. BOS,L,15,2,6,0.333,1,4,0.25,0,0,0.0,1,6,7,2,0,0,1,0,5,-10,1,
22023,201567,22300730,"FEB 07, 2024",MIA vs. SAS,W,17,2,7,0.286,2,6,0.333,0,0,0.0,0,6,6,0,1,1,1,3,6,0,1,
22023,201567,22300721,"FEB 06, 2024",MIA vs. ORL,W,15,3,9,0.333,1,7,0.143,0,0,0.0,3,1,4,4,0,0,1,4,7,-8,1,
22023,201567,22300708,"FEB 04, 2024",MIA vs. LAC,L,15,2,4,0.5,2,4,0.5,0,0,0.0,0,7,7,3,0,0,2,1,6,-2,1,
22023,201567,22300689,"FEB 02, 2024",MIA @ WAS,W,15,4,5,0.8,2,3,0.667,3,4,0.75,1,9,10,2,0,0,1,1,13,16,1,
22023,201567,22300678,"JAN 31, 2024",MIA vs. SAC,W,14,2,4,0.5,2,3,0.667,2,2,1.0,1,2,3,3,0,0,0,0,8,10,1,
22023,201567,22300661,"JAN 29, 2024",MIA vs. PHX,L,13,0,4,0.0,0,4,0.0,4,4,1.0,0,2,2,0,0,1,1,2,4,-16,1,
22023,201567,22300643,"JAN 27, 2024",MIA @ NYK,L,14,1,2,0.5,0,1,0.0,0,0,0.0,0,2,2,2,0,0,0,0,2,-3,1,
22023,201567,22300621,"JAN 24, 2024",MIA vs. MEM,L,5,0,3,0.0,0,2,0.0,0,0,0.0,0,1,1,0,0,0,0,0,0,-7,1,
22023,201567,22300601,"JAN 21, 2024",MIA @ ORL,L,14,3,6,0.5,2,5,0.4,1,2,0.5,3,3,6,0,0,0,1,4,9,-3,1,
22023,201567,22300587,"JAN 19, 2024",MIA vs. ATL,L,12,0,5,0.0,0,3,0.0,0,0,0.0,1,4,5,1,1,0,3,1,0,-11,1,
22023,201567,22300535,"JAN 12, 2024",MIA vs. ORL,W,16,2,6,0.333,1,4,0.25,0,1,0.0,1,2,3,1,1,0,1,3,5,-3,1,
22023,201567,22300522,"JAN 10, 2024",MIA vs. OKC,L,20,3,6,0.5,0,2,0.0,6,6,1.0,1,4,5,2,0,0,1,0,12,-14,1,
22023,201567,22300509,"JAN 08, 2024",MIA vs. HOU,W,23,4,7,0.571,1,3,0.333,6,7,0.857,3,4,7,4,1,0,1,2,15,5,1,
22023,201567,22300489,"JAN 05, 2024",MIA @ PHX,L,20,6,9,0.667,3,6,0.5,5,6,0.833,3,4,7,2,0,0,2,4,20,-3,1,
22023,201567,22300475,"JAN 03, 2024",MIA @ LAL,W,28,4,7,0.571,0,1,0.0,2,6,0.333,3,11,14,3,1,1,0,3,10,11,1,
22023,201567,22300458,"JAN 01, 2024",MIA @ LAC,L,23,7,11,0.636,1,5,0.2,2,2,1.0,2,2,4,3,0,2,1,2,17,5,1,
22023,201567,22300439,"DEC 30, 2023",MIA @ UTA,L,20,4,11,0.364,2,8,0.25,2,4,0.5,2,4,6,2,0,0,1,1,12,-7,1,
22023,201567,22300426,"DEC 28, 2023",MIA @ GSW,W,13,2,5,0.4,1,3,0.333,3,3,1.0,0,7,7,4,0,0,1,1,8,2,1,
22023,201567,22300404,"DEC 25, 2023",MIA vs. PHI,W,16,2,3,0.667,1,2,0.5,3,4,0.75,1,9,10,5,0,0,1,0,8,8,1,
22023,201567,22300384,"DEC 22, 2023",MIA vs. ATL,W,10,1,4,0.25,1,4,0.25,3,4,0.75,0,0,0,1,0,0,0,3,6,-1,1,
22023,201567,22300353,"DEC 18, 2023",MIA vs. MIN,L,24,3,7,0.429,3,7,0.429,0,0,0.0,0,10,10,4,1,0,0,2,9,1,1,
22023,201567,22300337,"DEC 16, 2023",MIA vs. CHI,W,26,8,12,0.667,6,10,0.6,0,0,0.0,1,6,7,1,1,0,1,2,22,19,1,
22023,201567,22300320,"DEC 14, 2023",MIA vs. CHI,L,22,5,12,0.417,3,8,0.375,3,4,0.75,1,8,9,4,1,0,2,1,16,5,1,
22023,201567,22300312,"DEC 13, 2023",MIA vs. CHA,W,20,1,9,0.111,0,6,0.0,1,2,0.5,0,8,8,1,2,1,2,1,3,10,1,
22023,201567,22300292,"DEC 11, 2023",MIA @ CHA,W,21,7,11,0.636,4,8,0.5,1,1,1.0,1,5,6,1,1,0,0,1,19,8,1,
22023,201567,22301220,"DEC 08, 2023",MIA vs. CLE,L,28,5,9,0.556,4,8,0.5,0,0,0.0,0,12,12,3,1,1,1,3,14,6,1,
22023,201567,22301207,"DEC 06, 2023",MIA @ TOR,W,15,2,5,0.4,1,4,0.25,3,3,1.0,1,1,2,4,0,0,0,2,8,-18,1,
22023,201567,22300284,"DEC 02, 2023",MIA vs. IND,L,19,4,6,0.667,3,5,0.6,3,3,1.0,0,1,1,5,0,0,0,4,14,-9,1,
22023,201567,22300267,"NOV 30, 2023",MIA vs. IND,W,17,1,1,1.0,0,0,0.0,3,4,0.75,1,7,8,6,1,0,0,2,5,10,1,
22023,201567,22300056,"NOV 28, 2023",MIA vs. MIL,L,26,2,11,0.182,2,5,0.4,0,0,0.0,4,6,10,4,0,0,0,2,6,-4,1,
22023,201567,22300240,"NOV 25, 2023",MIA @ BKN,L,17,3,4,0.75,0,0,0.0,2,2,1.0,3,7,10,2,0,0,1,2,8,9,1,
22023,201567,22300045,"NOV 24, 2023",MIA @ NYK,L,18,2,7,0.286,1,6,0.167,2,2,1.0,1,5,6,1,0,0,2,1,7,-1,1,
22023,201567,22300220,"NOV 20, 2023",MIA @ CHI,W,15,4,6,0.667,3,5,0.6,0,0,0.0,0,8,8,1,0,0,1,2,11,17,1,
22023,201567,22300204,"NOV 18, 2023",MIA @ CHI,L,12,2,7,0.286,1,6,0.167,0,2,0.0,1,5,6,2,0,0,0,2,5,-4,1,
22023,201567,22300200,"NOV 16, 2023",MIA vs. BKN,W,16,2,4,0.5,1,3,0.333,2,2,1.0,1,8,9,4,0,0,0,2,7,16,1,
22023,201567,22300017,"NOV 14, 2023",MIA @ CHA,W,14,0,5,0.0,0,5,0.0,3,4,0.75,0,3,3,1,0,0,0,1,3,2,1,
22023,201567,22300184,"NOV 12, 2023",MIA @ SAS,W,14,3,8,0.375,2,7,0.286,4,4,1.0,0,2,2,0,0,0,0,2,12,-6,1,
22023,201567,22300175,"NOV 11, 2023",MIA @ ATL,W,14,2,4,0.5,1,3,0.333,2,2,1.0,0,4,4,2,0,0,1,0,7,10,1,
22023,201567,22300107,"OCT 30, 2023",MIA @ MIL,L,18,1,6,0.167,1,5,0.2,0,0,0.0,0,5,5,3,0,0,2,1,3,-10,1,
22023,201567,22300080,"OCT 27, 2023",MIA @ BOS,L,21,3,7,0.429,2,4,0.5,1,2,0.5,2,7,9,2,1,0,0,1,9,13,1,
22023,201567,22300068,"OCT 25, 2023",MIA vs. DET,W,28,4,9,0.444,3,6,0.5,2,2,1.0,2,8,10,2,0,0,1,5,13,5,1,
22023,201568,22300732,"FEB 07, 2024",DET @ SAC,W,11,1,1,1.0,0,0,0.0,0,0,0.0,1,3,4,2,0,1,0,1,2,2,1,
22023,201568,22300704,"FEB 04, 2024",DET vs. ORL,L,16,0,5,0.0,0,4,0.0,2,2,1.0,0,2,2,1,1,0,1,2,2,-7,1,
22023,201568,22300688,"FEB 02, 2024",DET vs. LAC,L,15,1,3,0.333,1,2,0.5,8,9,0.889,1,0,1,2,0,1,0,3,11,-10,1,
22023,201568,22300675,"JAN 31, 2024",DET @ CLE,L,23,6,8,0.75,4,4,1.0,4,5,0.8,0,3,3,2,1,0,0,1,20,13,1,
22023,201568,22300606,"JAN 22, 2024",DET vs. MIL,L,10,3,4,0.75,1,1,1.0,2,3,0.667,0,3,3,2,0,0,0,2,9,8,1,
22023,201568,22300592,"JAN 20, 2024",DET vs. MIL,L,16,1,1,1.0,1,1,1.0,5,5,1.0,0,1,1,3,0,0,0,0,8,20,1,
22023,201568,22300416,"DEC 27, 2023",WAS vs. TOR,L,5,0,2,0.0,0,1,0.0,0,0,0.0,0,1,1,0,0,0,0,0,0,-8,1,
22023,201568,22300407,"DEC 26, 2023",WAS vs. ORL,L,16,2,5,0.4,1,3,0.333,4,5,0.8,1,2,3,1,0,0,1,2,9,-7,1,
22023,201568,22300381,"DEC 21, 2023",WAS @ POR,W,13,1,3,0.333,1,2,0.5,1,2,0.5,0,2,2,0,0,0,0,0,4,-6,1,
22023,201568,22300347,"DEC 17, 2023",WAS @ PHX,L,12,1,2,0.5,1,2,0.5,3,3,1.0,0,1,1,0,1,0,0,0,6,-10,1,
22023,201568,22300328,"DEC 15, 2023",WAS vs. IND,W,10,1,2,0.5,0,1,0.0,2,2,1.0,1,4,5,1,0,0,0,0,4,14,1,
22023,201568,22300311,"DEC 13, 2023",WAS vs. NOP,L,16,2,6,0.333,1,3,0.333,4,4,1.0,0,1,1,1,0,0,1,0,9,-20,1,
22023,201568,22300295,"DEC 11, 2023",WAS @ PHI,L,11,0,0,0.0,0,0,0.0,2,2,1.0,0,1,1,0,0,0,2,2,2,-8,1,
22023,201568,22301219,"DEC 08, 2023",WAS @ BKN,L,19,2,9,0.222,0,5,0.0,0,0,0.0,0,2,2,1,0,0,0,3,4,1,1,
22023,201568,22301208,"DEC 06, 2023",WAS vs. PHI,L,17,2,6,0.333,2,5,0.4,1,1,1.0,0,6,6,2,1,0,0,1,7,-1,1,
22023,201568,22300274,"DEC 01, 2023",WAS @ ORL,L,21,3,4,0.75,1,1,1.0,0,0,0.0,1,5,6,1,1,0,1,2,7,-4,1,
22023,201568,22300259,"NOV 29, 2023",WAS @ ORL,L,12,1,4,0.25,0,1,0.0,4,5,0.8,0,1,1,0,0,0,0,1,6,-12,1,
22023,201568,22300253,"NOV 27, 2023",WAS @ DET,W,19,5,8,0.625,3,6,0.5,3,3,1.0,0,2,2,2,0,0,1,2,16,9,1,
22023,201568,22300049,"NOV 24, 2023",WAS @ MIL,L,18,2,5,0.4,1,2,0.5,2,2,1.0,0,4,4,1,0,0,0,2,7,1,1,
22023,201568,22300225,"NOV 22, 2023",WAS @ CHA,L,14,0,5,0.0,0,2,0.0,1,2,0.5,0,5,5,1,0,0,0,0,1,-18,1,
22023,201568,22300219,"NOV 20, 2023",WAS vs. MIL,L,18,2,6,0.333,0,3,0.0,0,0,0.0,1,1,2,3,0,0,0,1,4,-14,1,
22023,201568,22300028,"NOV 17, 2023",WAS vs. NYK,L,17,3,7,0.429,1,3,0.333,0,0,0.0,1,5,6,1,0,2,0,3,7,-3,1,
22023,201568,22300192,"NOV 15, 2023",WAS vs. DAL,L,18,3,6,0.5,0,2,0.0,4,4,1.0,2,4,6,1,0,0,2,0,10,-8,1,
22023,201568,22300178,"NOV 12, 2023",WAS @ BKN,L,20,3,7,0.429,1,3,0.333,5,5,1.0,0,3,3,3,1,0,0,1,12,14,1,
22023,201568,22300009,"NOV 10, 2023",WAS vs. CHA,L,18,3,6,0.5,1,4,0.25,2,2,1.0,1,0,1,4,0,0,1,1,9,9,1,
22023,201568,22300157,"NOV 08, 2023",WAS @ CHA,W,20,7,11,0.636,4,7,0.571,0,2,0.0,0,4,4,2,0,1,1,3,18,18,1,
22023,201568,22300148,"NOV 06, 2023",WAS @ PHI,L,4,0,2,0.0,0,2,0.0,1,1,1.0,0,1,1,0,0,0,0,0,1,-9,1,
22023,201568,22300003,"NOV 03, 2023",WAS @ MIA,L,9,3,5,0.6,0,1,0.0,0,2,0.0,1,2,3,3,0,0,1,0,6,-4,1,
22023,201568,22300117,"NOV 01, 2023",WAS @ ATL,L,19,4,5,0.8,0,0,0.0,0,0,0.0,1,4,5,0,0,0,0,1,8,-4,1,
22023,201568,22300103,"OCT 30, 2023",WAS vs. BOS,L,16,1,5,0.2,0,2,0.0,1,2,0.5,0,2,2,2,1,0,1,0,3,-14,1,
22023,201568,22300089,"OCT 28, 2023",WAS vs. MEM,W,8,2,3,0.667,0,1,0.0,1,1,1.0,0,0,0,1,1,0,0,0,5,2,1,
22023,201568,22300064,"OCT 25, 2023",WAS @ IND,L,17,4,7,0.571,2,2,1.0,6,6,1.0,2,1,3,0,0,0,0,1,16,5,1,
22023,201569,22300787,"FEB 14, 2024",PHX vs. DET,W,24,4,9,0.444,2,6,0.333,3,3,1.0,1,0,1,2,2,2,3,1,13,21,1,
22023,201569,22300774,"FEB 13, 2024",PHX vs. SAC,W,27,8,17,0.471,4,9,0.444,3,3,1.0,0,3,3,3,0,1,0,1,23,7,1,
22023,201569,22300757,"FEB 10, 2024",PHX @ GSW,L,23,2,5,0.4,1,3,0.333,2,2,1.0,0,1,1,0,1,0,1,1,7,-5,1,
22023,201569,22300739,"FEB 08, 2024",PHX vs. UTA,W,38,7,8,0.875,3,4,0.75,2,2,1.0,0,2,2,4,1,1,1,0,19,13,1,
22023,201569,22300725,"FEB 06, 2024",PHX vs. MIL,W,22,1,4,0.25,1,3,0.333,0,0,0.0,0,4,4,1,0,0,0,2,3,17,1,
22023,201569,22300705,"FEB 04, 2024",PHX @ WAS,W,19,3,6,0.5,1,3,0.333,0,0,0.0,0,0,0,0,1,0,1,1,7,7,1,
22023,201569,22300690,"FEB 02, 2024",PHX @ ATL,L,28,2,5,0.4,2,5,0.4,0,0,0.0,0,3,3,1,1,0,2,1,6,-14,1,
22023,201569,22300677,"JAN 31, 2024",PHX @ BKN,W,32,6,10,0.6,5,9,0.556,0,0,0.0,0,2,2,4,1,0,0,1,17,17,1,
22023,201569,22300661,"JAN 29, 2024",PHX @ MIA,W,34,8,17,0.471,5,12,0.417,2,2,1.0,2,2,4,5,2,2,3,2,23,8,1,
22023,201569,22300655,"JAN 28, 2024",PHX @ ORL,L,22,4,5,0.8,1,2,0.5,0,0,0.0,0,1,1,1,0,0,2,1,9,-14,1,
22023,201569,22300636,"JAN 26, 2024",PHX @ IND,L,30,5,9,0.556,2,6,0.333,2,3,0.667,0,2,2,2,1,0,2,0,14,0,1,
22023,201569,22300604,"JAN 21, 2024",PHX vs. IND,W,30,1,6,0.167,0,5,0.0,2,2,1.0,0,3,3,2,0,1,2,2,4,13,1,
22023,201569,22300588,"JAN 19, 2024",PHX @ NOP,W,26,2,9,0.222,1,8,0.125,0,0,0.0,0,2,2,0,2,0,0,2,5,9,1,
22023,201569,22300567,"JAN 16, 2024",PHX vs. SAC,W,24,5,10,0.5,3,7,0.429,0,0,0.0,0,3,3,2,2,0,2,0,13,10,1,
22023,201569,22300554,"JAN 14, 2024",PHX @ POR,W,24,1,4,0.25,1,3,0.333,0,0,0.0,0,2,2,4,1,0,0,0,3,-1,1,
22023,201569,22300531,"JAN 11, 2024",PHX @ LAL,W,23,2,11,0.182,1,9,0.111,0,0,0.0,2,1,3,0,0,0,0,0,5,1,1,
22023,201569,22300511,"JAN 08, 2024",PHX @ LAC,L,25,3,8,0.375,2,7,0.286,4,4,1.0,0,1,1,2,0,0,1,1,12,-20,1,
22023,201569,22300473,"JAN 03, 2024",PHX vs. LAC,L,28,5,11,0.455,3,6,0.5,3,4,0.75,1,4,5,1,1,0,1,1,16,2,1,
22023,201569,22300456,"JAN 01, 2024",PHX vs. POR,W,20,4,10,0.4,2,6,0.333,2,5,0.4,0,3,3,1,1,0,1,0,12,16,1,
22023,201569,22300450,"DEC 31, 2023",PHX vs. ORL,W,30,0,3,0.0,0,2,0.0,0,0,0.0,0,1,1,0,2,0,0,3,0,-3,1,
22023,201569,22300436,"DEC 29, 2023",PHX vs. CHA,W,33,7,12,0.583,7,12,0.583,0,0,0.0,0,2,2,1,0,1,4,1,21,5,1,
22023,201569,22300418,"DEC 27, 2023",PHX @ HOU,W,39,10,15,0.667,7,11,0.636,0,0,0.0,0,0,0,1,0,3,0,1,27,11,1,
22023,201569,22300405,"DEC 25, 2023",PHX vs. DAL,L,37,6,12,0.5,2,7,0.286,0,0,0.0,0,1,1,2,0,0,0,3,14,-17,1,
22023,201569,22300387,"DEC 22, 2023",PHX @ SAC,L,25,0,2,0.0,0,1,0.0,0,0,0.0,0,4,4,2,0,1,0,1,0,-25,1,
22023,201569,22300363,"DEC 19, 2023",PHX @ POR,L,29,1,7,0.143,1,4,0.25,2,2,1.0,1,2,3,4,2,0,0,1,5,7,1,
22023,201569,22300347,"DEC 17, 2023",PHX vs. WAS,W,30,5,9,0.556,2,6,0.333,1,2,0.5,0,2,2,1,1,0,1,0,13,12,1,
22023,201569,22300308,"DEC 12, 2023",PHX vs. GSW,W,32,3,11,0.273,1,6,0.167,1,1,1.0,0,0,0,0,0,0,1,1,8,-12,1,
22023,201569,22301228,"DEC 08, 2023",PHX vs. SAC,L,38,7,13,0.538,3,7,0.429,2,2,1.0,0,0,0,3,2,1,4,3,19,-2,1,
22023,201569,22301203,"DEC 05, 2023",PHX @ LAL,L,35,3,8,0.375,1,4,0.25,0,0,0.0,0,4,4,4,2,1,1,1,7,7,1,
22023,201569,22300279,"DEC 01, 2023",PHX vs. DEN,L,33,6,11,0.545,4,7,0.571,0,0,0.0,1,2,3,3,1,1,3,1,16,-6,1,
22023,201569,22300260,"NOV 29, 2023",PHX @ TOR,L,34,4,9,0.444,2,5,0.4,0,0,0.0,0,1,1,1,1,0,0,2,10,-9,1,
22023,201569,22300247,"NOV 26, 2023",PHX @ NYK,W,33,9,13,0.692,6,9,0.667,1,2,0.5,0,2,2,2,0,1,2,3,25,0,1,
22023,201569,22300044,"NOV 24, 2023",PHX @ MEM,W,34,6,15,0.4,4,11,0.364,4,4,1.0,0,1,1,2,0,0,2,0,20,5,1,
22023,201569,22300236,"NOV 22, 2023",PHX vs. GSW,W,29,4,12,0.333,3,9,0.333,2,3,0.667,0,1,1,4,3,0,2,3,13,9,1,
22023,201569,22300041,"NOV 21, 2023",PHX vs. POR,W,36,4,5,0.8,2,3,0.667,0,0,0.0,0,2,2,4,1,1,2,2,10,13,1,
22023,201569,22300214,"NOV 19, 2023",PHX @ UTA,W,41,7,16,0.438,5,12,0.417,1,2,0.5,1,4,5,6,2,2,1,3,20,5,1,
22023,201569,22300035,"NOV 17, 2023",PHX @ UTA,W,33,5,12,0.417,4,8,0.5,0,0,0.0,0,2,2,1,1,1,1,2,14,-2,1,
22023,201569,22300197,"NOV 15, 2023",PHX vs. MIN,W,29,6,9,0.667,3,6,0.5,0,0,0.0,0,1,1,3,0,0,1,2,15,19,1,
22023,201569,22300015,"NOV 10, 2023",PHX vs. LAL,L,28,5,9,0.556,3,4,0.75,0,0,0.0,1,1,2,2,3,0,1,0,13,3,1,
22023,201569,22300162,"NOV 08, 2023",PHX @ CHI,W,25,1,9,0.111,0,8,0.0,0,0,0.0,0,1,1,2,0,0,3,1,2,-16,1,
22023,201569,22300140,"NOV 05, 2023",PHX @ DET,W,31,8,14,0.571,3,5,0.6,2,2,1.0,2,3,5,8,1,0,1,0,21,23,1,
22023,201569,22300132,"NOV 04, 2023",PHX @ PHI,L,34,6,15,0.4,1,4,0.25,0,0,0.0,0,1,1,3,2,2,1,1,13,-19,1,
22023,201569,22300131,"NOV 02, 2023",PHX vs. SAS,L,24,3,5,0.6,1,2,0.5,0,0,0.0,0,1,1,1,1,1,0,1,7,-2,1,
22023,201569,22300113,"OCT 31, 2023",PHX vs. SAS,L,36,8,14,0.571,4,9,0.444,0,0,0.0,0,2,2,6,0,0,4,1,20,8,1,
22023,201569,22300094,"OCT 28, 2023",PHX vs. UTA,W,26,9,14,0.643,3,7,0.429,0,0,0.0,0,2,2,4,1,0,0,1,21,23,1,
22023,201569,22300076,"OCT 26, 2023",PHX @ LAL,L,30,6,16,0.375,2,8,0.25,1,1,1.0,1,1,2,0,0,0,2,2,15,-27,1,
22023,201569,22300062,"OCT 24, 2023",PHX @ GSW,W,32,4,16,0.25,2,9,0.222,0,0,0.0,1,3,4,1,1,1,1,2,10,6,1,
22023,201572,22300790,"FEB 15, 2024",MIL @ MEM,L,35,5,14,0.357,2,9,0.222,2,2,1.0,2,9,11,2,2,4,1,2,14,8,1,
22023,201572,22300773,"FEB 13, 2024",MIL vs. MIA,L,23,3,9,0.333,1,6,0.167,0,0,0.0,0,3,3,0,0,1,2,2,7,-2,1,
22023,201572,22300767,"FEB 12, 2024",MIL vs. DEN,W,29,3,9,0.333,3,7,0.429,0,0,0.0,1,4,5,3,0,3,1,2,9,12,1,
22023,201572,22300745,"FEB 09, 2024",MIL vs. CHA,W,27,4,9,0.444,1,5,0.2,2,2,1.0,2,5,7,2,0,3,1,2,11,34,1,
22023,201572,22300738,"FEB 08, 2024",MIL vs. MIN,L,26,5,8,0.625,2,4,0.5,0,0,0.0,1,4,5,2,1,2,0,1,12,-21,1,
22023,201572,22300683,"JAN 31, 2024",MIL @ POR,L,36,7,14,0.5,4,10,0.4,1,1,1.0,0,4,4,3,1,2,0,1,19,1,1,
22023,201572,22300667,"JAN 29, 2024",MIL @ DEN,L,34,7,13,0.538,5,9,0.556,0,0,0.0,1,1,2,2,0,2,1,4,19,5,1,
22023,201572,22300648,"JAN 27, 2024",MIL vs. NOP,W,35,8,11,0.727,6,9,0.667,2,2,1.0,0,3,3,0,1,0,2,2,24,29,1,
22023,201572,22300639,"JAN 26, 2024",MIL vs. CLE,L,35,4,14,0.286,0,4,0.0,3,3,1.0,5,7,12,0,1,2,2,3,11,-21,1,
22023,201572,22300624,"JAN 24, 2024",MIL vs. CLE,W,35,3,7,0.429,0,1,0.0,2,2,1.0,5,4,9,3,1,1,1,1,8,13,1,
22023,201572,22300606,"JAN 22, 2024",MIL @ DET,W,35,6,9,0.667,1,2,0.5,2,2,1.0,5,6,11,3,0,4,3,4,15,19,1,
22023,201572,22300592,"JAN 20, 2024",MIL @ DET,W,37,7,13,0.538,1,4,0.25,4,5,0.8,2,8,10,4,1,3,0,1,19,14,1,
22023,201572,22300572,"JAN 17, 2024",MIL @ CLE,L,25,5,7,0.714,1,3,0.333,0,0,0.0,0,4,4,1,1,3,2,2,11,-34,1,
22023,201572,22300552,"JAN 14, 2024",MIL vs. SAC,W,40,7,15,0.467,3,6,0.5,0,0,0.0,1,8,9,3,0,3,0,2,17,5,1,
22023,201572,22300545,"JAN 13, 2024",MIL vs. GSW,W,34,5,9,0.556,1,5,0.2,0,0,0.0,2,6,8,6,0,2,1,1,11,7,1,
22023,201572,22300528,"JAN 11, 2024",MIL vs. BOS,W,28,6,8,0.75,2,4,0.5,1,2,0.5,1,4,5,3,0,2,1,3,15,20,1,
22023,201572,22300510,"JAN 08, 2024",MIL vs. UTA,L,38,5,11,0.455,3,6,0.5,0,0,0.0,1,5,6,3,0,2,0,2,13,-9,1,
22023,201572,22300496,"JAN 06, 2024",MIL @ HOU,L,31,3,9,0.333,1,6,0.167,0,0,0.0,0,5,5,0,1,1,0,2,7,11,1,
22023,201572,22300477,"JAN 04, 2024",MIL @ SAS,W,33,4,10,0.4,1,5,0.2,0,0,0.0,0,4,4,1,0,3,4,4,9,8,1,
22023,201572,22300466,"JAN 03, 2024",MIL @ IND,L,28,6,11,0.545,2,4,0.5,2,3,0.667,3,2,5,1,0,0,2,3,16,-22,1,
22023,201572,22300454,"JAN 01, 2024",MIL vs. IND,L,38,8,17,0.471,2,6,0.333,3,4,0.75,1,4,5,1,0,4,0,3,21,6,1,
22023,201572,22300433,"DEC 29, 2023",MIL @ CLE,W,36,4,10,0.4,1,3,0.333,0,0,0.0,3,7,10,2,0,6,0,3,9,9,1,
22023,201572,22300417,"DEC 27, 2023",MIL @ BKN,W,25,1,7,0.143,0,6,0.0,0,0,0.0,2,4,6,2,0,3,0,3,2,-3,1,
22023,201572,22300401,"DEC 25, 2023",MIL @ NYK,L,27,5,9,0.556,2,6,0.333,2,2,1.0,2,4,6,1,1,2,0,2,14,-6,1,
22023,201572,22300388,"DEC 23, 2023",MIL @ NYK,W,35,1,7,0.143,0,2,0.0,3,4,0.75,1,2,3,1,0,1,0,3,5,15,1,
22023,201572,22300378,"DEC 21, 2023",MIL vs. ORL,W,37,5,7,0.714,2,4,0.5,2,2,1.0,0,7,7,0,2,2,2,5,14,17,1,
22023,201572,22300361,"DEC 19, 2023",MIL vs. SAS,W,32,6,14,0.429,0,5,0.0,2,2,1.0,5,0,5,1,0,6,0,3,14,13,1,
22023,201572,22300346,"DEC 17, 2023",MIL vs. HOU,W,31,6,13,0.462,3,8,0.375,3,3,1.0,1,5,6,0,0,1,0,2,18,6,1,
22023,201572,22300334,"DEC 16, 2023",MIL vs. DET,W,26,2,3,0.667,1,2,0.5,0,0,0.0,0,1,1,1,0,5,2,3,5,23,1,
22023,201572,22300315,"DEC 13, 2023",MIL vs. IND,W,33,1,6,0.167,0,2,0.0,4,4,1.0,2,1,3,1,0,6,1,5,6,1,1,
22023,201572,22300300,"DEC 11, 2023",MIL vs. CHI,W,40,6,11,0.545,2,6,0.333,5,6,0.833,2,1,3,3,1,3,1,4,19,-1,1,
22023,201572,22301229,"DEC 07, 2023",MIL vs. IND,L,37,7,17,0.412,3,10,0.3,1,3,0.333,2,4,6,2,0,4,1,5,18,-3,1,
22023,201572,22301201,"DEC 05, 2023",MIL vs. NYK,W,34,4,8,0.5,1,4,0.25,0,0,0.0,2,6,8,3,3,3,0,4,9,28,1,
22023,201572,22300286,"DEC 02, 2023",MIL vs. ATL,W,33,3,7,0.429,1,4,0.25,4,6,0.667,1,1,2,4,0,4,2,2,11,2,1,
22023,201572,22300269,"NOV 30, 2023",MIL @ CHI,L,39,7,12,0.583,6,10,0.6,0,0,0.0,0,4,4,0,0,0,1,5,20,2,1,
22023,201572,22300056,"NOV 28, 2023",MIL @ MIA,W,32,5,10,0.5,0,4,0.0,2,2,1.0,1,3,4,4,0,1,2,4,12,9,1,
22023,201572,22300245,"NOV 26, 2023",MIL vs. POR,W,31,4,11,0.364,2,6,0.333,0,0,0.0,1,5,6,3,3,4,0,3,10,3,1,
22023,201572,22300049,"NOV 24, 2023",MIL vs. WAS,W,32,14,17,0.824,4,7,0.571,7,7,1.0,0,6,6,1,2,3,1,2,39,8,1,
22023,201572,22300228,"NOV 22, 2023",MIL @ BOS,L,34,12,18,0.667,2,5,0.4,2,3,0.667,5,2,7,1,1,1,0,3,28,7,1,
22023,201572,22300219,"NOV 20, 2023",MIL @ WAS,W,32,7,12,0.583,1,4,0.25,1,1,1.0,4,5,9,1,0,5,1,0,16,13,1,
22023,201572,22300205,"NOV 18, 2023",MIL vs. DAL,W,34,3,8,0.375,1,6,0.167,5,5,1.0,0,3,3,0,1,2,0,1,12,8,1,
22023,201572,22300027,"NOV 17, 2023",MIL @ CHA,W,33,7,8,0.875,1,2,0.5,0,0,0.0,2,5,7,2,0,6,1,3,15,30,1,
22023,201572,22300195,"NOV 15, 2023",MIL @ TOR,W,33,4,10,0.4,1,3,0.333,1,1,1.0,2,6,8,4,1,7,0,2,10,26,1,
22023,201572,22300190,"NOV 13, 2023",MIL vs. CHI,W,29,4,8,0.5,2,6,0.333,1,3,0.333,0,5,5,0,0,3,2,3,11,-10,1,
22023,201572,22300173,"NOV 11, 2023",MIL @ ORL,L,21,3,7,0.429,2,5,0.4,1,2,0.5,0,3,3,1,1,2,1,1,9,-7,1,
22023,201572,22300171,"NOV 09, 2023",MIL @ IND,L,29,1,7,0.143,0,4,0.0,0,0,0.0,0,1,1,0,2,3,0,2,2,-15,1,
22023,201572,22300165,"NOV 08, 2023",MIL vs. DET,W,26,5,8,0.625,4,6,0.667,0,0,0.0,0,6,6,0,0,4,3,4,14,4,1,
22023,201572,22300149,"NOV 06, 2023",MIL @ BKN,W,27,2,6,0.333,0,3,0.0,0,0,0.0,4,3,7,2,0,0,0,3,4,-15,1,
22023,201572,22300002,"NOV 03, 2023",MIL vs. NYK,W,36,4,15,0.267,4,10,0.4,1,2,0.5,0,5,5,0,1,9,1,2,13,1,1,
22023,201572,22300116,"NOV 01, 2023",MIL @ TOR,L,17,1,8,0.125,0,4,0.0,4,4,1.0,2,1,3,0,2,1,0,0,6,-22,1,
22023,201572,22300107,"OCT 30, 2023",MIL vs. MIA,W,29,5,9,0.556,1,4,0.25,0,0,0.0,3,4,7,3,1,1,2,3,11,-10,1,
22023,201572,22300097,"OCT 29, 2023",MIL vs. ATL,L,20,5,11,0.455,2,5,0.4,1,1,1.0,1,2,3,1,1,0,0,0,13,-22,1,
22023,201572,22300075,"OCT 26, 2023",MIL vs. PHI,W,29,5,7,0.714,3,4,0.75,0,0,0.0,1,1,2,0,0,0,2,4,13,11,1,
22023,201577,22300725,"FEB 06, 2024",MIL @ PHX,L,18,3,8,0.375,0,1,0.0,0,0,0.0,1,0,1,0,1,2,0,2,6,-13,1,
22023,201577,22300711,"FEB 04, 2024",MIL @ UTA,L,4,0,2,0.0,0,1,0.0,0,0,0.0,1,0,1,0,0,0,1,1,0,-6,1,
22023,201577,22300702,"FEB 03, 2024",MIL @ DAL,W,4,1,1,1.0,0,0,0.0,0,0,0.0,0,0,0,0,0,0,0,0,2,-1,1,
22023,201577,22300648,"JAN 27, 2024",MIL vs. NOP,W,5,0,1,0.0,0,1,0.0,0,0,0.0,0,0,0,1,0,0,0,1,0,-3,1,
22023,201577,22300624,"JAN 24, 2024",MIL vs. CLE,W,1,0,0,0.0,0,0,0.0,0,0,0.0,0,0,0,0,0,0,0,0,0,0,1,
22023,201577,22300572,"JAN 17, 2024",MIL @ CLE,L,7,1,2,0.5,0,1,0.0,0,0,0.0,1,0,1,1,0,0,0,0,2,-2,1,
22023,201577,22300510,"JAN 08, 2024",MIL vs. UTA,L,1,0,0,0.0,0,0,0.0,0,0,0.0,0,0,0,0,0,0,0,0,0,0,1,
22023,201577,22300466,"JAN 03, 2024",MIL @ IND,L,2,0,0,0.0,0,0,0.0,0,0,0.0,0,1,1,0,0,0,0,0,0,5,1,
22023,201577,22300417,"DEC 27, 2023",MIL @ BKN,W,1,1,1,1.0,1,1,1.0,0,0,0.0,0,0,0,0,0,0,0,0,3,6,1,
22023,201577,22300361,"DEC 19, 2023",MIL vs. SAS,W,2,1,1,1.0,1,1,1.0,0,0,0.0,0,1,1,0,0,0,0,0,3,-2,1,
22023,201577,22300334,"DEC 16, 2023",MIL vs. DET,W,6,0,2,0.0,0,1,0.0,0,0,0.0,0,0,0,1,0,1,0,0,0,0,1,
22023,201577,22300315,"DEC 13, 2023",MIL vs. IND,W,1,0,0,0.0,0,0,0.0,0,0,0.0,0,0,0,0,0,0,0,1,0,-9,1,
22023,201577,22301201,"DEC 05, 2023",MIL vs. NYK,W,2,0,1,0.0,0,1,0.0,0,0,0.0,0,0,0,0,0,0,0,0,0,4,1,
22023,201577,22300219,"NOV 20, 2023",MIL @ WAS,W,1,0,0,0.0,0,0,0.0,0,0,0.0,0,0,0,0,0,0,0,2,0,-5,1,
22023,201577,22300195,"NOV 15, 2023",MIL @ TOR,W,2,0,0,0.0,0,0,0.0,0,0,0.0,0,0,0,0,0,0,0,0,0,-7,1,
22023,201577,22300097,"OCT 29, 2023",MIL vs. ATL,L,6,0,0,0.0,0,0,0.0,2,2,1.0,0,0,0,1,0,0,1,0,2,10,1,
22023,201580,22300746,"FEB 09, 2024",SAC vs. DEN,W,3,0,0,0.0,0,0,0.0,0,0,0.0,0,1,1,0,0,0,0,1,0,-2,1,
22023,201580,22300714,"FEB 05, 2024",SAC @ CLE,L,6,0,2,0.0,0,1,0.0,0,0,0.0,0,2,2,0,0,0,0,1,0,-2,1,
22023,201580,22300700,"FEB 03, 2024",SAC @ CHI,W,7,1,3,0.333,0,0,0.0,0,2,0.0,1,0,1,0,0,0,0,1,2,-1,1,
22023,201580,22300678,"JAN 31, 2024",SAC @ MIA,L,6,2,3,0.667,0,0,0.0,0,1,0.0,2,2,4,0,0,0,0,0,4,-9,1,
22023,201580,22300663,"JAN 29, 2024",SAC @ MEM,W,10,4,5,0.8,0,0,0.0,0,0,0.0,2,2,4,0,0,0,0,3,8,-1,1,
22023,201580,22300651,"JAN 27, 2024",SAC @ DAL,W,10,3,4,0.75,0,0,0.0,0,0,0.0,0,2,2,0,1,0,0,0,6,12,1,
22023,201580,22300613,"JAN 22, 2024",SAC vs. ATL,W,10,3,4,0.75,0,1,0.0,1,2,0.5,0,3,3,0,1,1,0,2,7,4,1,
22023,201580,22300532,"JAN 12, 2024",SAC @ PHI,L,5,0,3,0.0,0,1,0.0,2,2,1.0,1,4,5,0,0,1,0,0,2,1,1,
22023,201580,22300518,"JAN 10, 2024",SAC @ CHA,W,5,2,5,0.4,0,0,0.0,4,4,1.0,4,3,7,0,0,0,2,0,8,1,1,
22023,201580,22300500,"JAN 07, 2024",SAC vs. NOP,L,6,0,1,0.0,0,0,0.0,0,0,0.0,0,1,1,1,0,0,1,0,0,-17,1,
22023,201580,22300492,"JAN 05, 2024",SAC vs. TOR,W,7,2,3,0.667,0,0,0.0,2,2,1.0,0,2,2,1,0,0,0,0,6,-7,1,
22023,201580,22300476,"JAN 03, 2024",SAC vs. ORL,W,8,2,2,1.0,0,0,0.0,1,3,0.333,0,2,2,0,1,0,0,2,5,-3,1,
22023,201580,22300449,"DEC 31, 2023",SAC @ MEM,W,4,0,0,0.0,0,0,0.0,0,0,0.0,0,2,2,0,0,1,2,1,0,4,1,
22023,201580,22300413,"DEC 26, 2023",SAC @ POR,L,5,2,2,1.0,0,0,0.0,0,0,0.0,1,0,1,1,0,0,1,1,4,-6,1,
22023,201580,22300400,"DEC 23, 2023",SAC vs. MIN,L,9,3,6,0.5,0,0,0.0,1,1,1.0,0,2,2,1,1,1,1,2,7,5,1,
22023,201580,22300387,"DEC 22, 2023",SAC vs. PHX,W,10,1,2,0.5,0,0,0.0,3,4,0.75,0,1,1,0,0,0,1,3,5,-7,1,
22023,201580,22300373,"DEC 20, 2023",SAC vs. BOS,L,12,2,3,0.667,0,0,0.0,0,2,0.0,0,3,3,1,0,4,1,0,4,3,1,
22023,201580,22300342,"DEC 16, 2023",SAC vs. UTA,W,4,2,3,0.667,0,0,0.0,0,0,0.0,0,0,0,0,0,0,1,1,4,-4,1,
22023,201580,22300324,"DEC 14, 2023",SAC vs. OKC,W,4,1,1,1.0,0,0,0.0,0,0,0.0,0,2,2,0,0,0,2,1,2,2,1,
22023,201580,22300309,"DEC 12, 2023",SAC @ LAC,L,6,3,3,1.0,0,0,0.0,0,1,0.0,1,0,1,0,0,0,1,1,6,-8,1,
22023,201580,22300303,"DEC 11, 2023",SAC vs. BKN,W,8,0,2,0.0,0,0,0.0,0,0,0.0,2,1,3,2,0,0,1,3,0,7,1,
22023,201580,22301228,"DEC 08, 2023",SAC @ PHX,W,7,0,0,0.0,0,0,0.0,0,0,0.0,0,1,1,0,0,0,0,1,0,10,1,
22023,201580,22301204,"DEC 04, 2023",SAC vs. NOP,L,4,0,1,0.0,0,0,0.0,0,0,0.0,0,1,1,0,1,0,0,0,0,-6,1,
22023,201580,22300290,"DEC 02, 2023",SAC vs. DEN,W,12,4,4,1.0,0,0,0.0,0,0,0.0,1,3,4,0,0,3,0,3,8,14,1,
22023,201580,22300264,"NOV 29, 2023",SAC vs. LAC,L,5,1,1,1.0,0,0,0.0,0,0,0.0,3,2,5,0,0,0,1,1,2,-1,1,
22023,201580,22300060,"NOV 28, 2023",SAC vs. GSW,W,5,0,1,0.0,0,0,0.0,1,2,0.5,1,0,1,0,0,2,1,1,1,0,1,
22023,201580,22300050,"NOV 24, 2023",SAC @ MIN,W,8,2,2,1.0,0,0,0.0,0,0,0.0,2,4,6,1,0,0,0,1,4,16,1,
22023,201580,22300233,"NOV 22, 2023",SAC @ NOP,L,5,0,0,0.0,0,0,0.0,0,2,0.0,0,1,1,0,0,0,2,0,0,-16,1,
22023,201580,22300222,"NOV 20, 2023",SAC @ NOP,L,13,4,6,0.667,0,0,0.0,2,4,0.5,2,5,7,1,0,2,3,3,10,-6,1,
22023,201580,22300212,"NOV 19, 2023",SAC @ DAL,W,9,2,4,0.5,0,0,0.0,2,2,1.0,2,5,7,1,1,1,1,1,6,3,1,
22023,201580,22300032,"NOV 17, 2023",SAC @ SAS,W,8,2,2,1.0,0,0,0.0,0,0,0.0,0,0,0,1,0,0,1,1,4,-1,1,
22023,201580,22300198,"NOV 15, 2023",SAC @ LAL,W,9,3,3,1.0,0,0,0.0,1,2,0.5,2,4,6,1,2,0,2,3,7,-7,1,
22023,201580,22300191,"NOV 13, 2023",SAC vs. CLE,W,7,1,2,0.5,0,0,0.0,0,0,0.0,1,3,4,1,0,0,0,1,2,2,1,
22023,201580,22300153,"NOV 06, 2023",SAC @ HOU,L,10,4,5,0.8,0,0,0.0,2,2,1.0,3,0,3,0,0,0,2,4,10,-11,1,
22023,201580,22300137,"NOV 04, 2023",SAC @ HOU,L,15,5,9,0.556,0,1,0.0,2,2,1.0,2,4,6,0,0,0,0,0,12,7,1,
22023,201580,22300126,"NOV 01, 2023",SAC @ GSW,L,10,3,7,0.429,0,0,0.0,0,0,0.0,2,4,6,0,0,1,1,0,6,3,1,
22023,201580,22300100,"OCT 29, 2023",SAC vs. LAL,W,15,2,2,1.0,0,0,0.0,0,0,0.0,0,0,0,0,1,1,1,1,4,4,1,
22023,201580,22300087,"OCT 27, 2023",SAC vs. GSW,L,12,3,6,0.5,0,0,0.0,1,3,0.333,2,2,4,0,0,0,2,0,7,1,1,
22023,201580,22300072,"OCT 25, 2023",SAC @ UTA,W,13,4,4,1.0,0,0,0.0,0,0,0.0,0,1,1,1,0,1,0,0,8,13,1,
22023,201587,22300668,"JAN 29, 2024",PHI @ POR,L,24,1,5,0.2,1,4,0.25,0,0,0.0,3,1,4,1,0,0,0,1,3,-19,1,
22023,201587,22300644,"JAN 27, 2024",PHI @ DEN,L,26,0,1,0.0,0,0,0.0,0,0,0.0,0,4,4,2,0,0,1,3,0,-10,1,
22023,201587,22300627,"JAN 25, 2024",PHI @ IND,L,22,4,5,0.8,2,3,0.667,0,0,0.0,0,3,3,1,0,0,1,2,10,-14,1,
22023,201587,22300608,"JAN 22, 2024",PHI vs. SAS,W,33,2,4,0.5,1,3,0.333,0,0,0.0,4,4,8,6,3,0,1,3,5,3,1,
22023,201587,22300593,"JAN 20, 2024",PHI @ CHA,W,29,4,6,0.667,1,3,0.333,0,0,0.0,3,2,5,1,2,2,0,1,9,11,1,
22023,201587,22300585,"JAN 19, 2024",PHI @ ORL,W,20,1,2,0.5,1,2,0.5,0,0,0.0,2,0,2,5,0,0,0,4,3,11,1,
22023,201587,22300566,"JAN 16, 2024",PHI vs. DEN,W,35,3,4,0.75,2,3,0.667,0,0,0.0,1,3,4,2,0,2,2,3,8,7,1,
22023,201587,22300555,"JAN 15, 2024",PHI vs. HOU,W,28,2,7,0.286,1,3,0.333,0,0,0.0,2,3,5,3,2,1,0,2,5,0,1,
22023,201587,22300532,"JAN 12, 2024",PHI vs. SAC,W,25,5,5,1.0,4,4,1.0,0,0,0.0,3,2,5,3,0,0,0,2,14,2,1,
22023,201587,22300521,"JAN 10, 2024",PHI @ ATL,L,37,2,4,0.5,1,2,0.5,1,2,0.5,2,2,4,2,0,3,1,4,6,2,1,
22023,201587,22300495,"JAN 06, 2024",PHI vs. UTA,L,26,1,6,0.167,0,5,0.0,0,0,0.0,1,3,4,4,4,2,2,3,2,-13,1,
22023,201587,22300483,"JAN 05, 2024",PHI vs. NYK,L,21,0,2,0.0,0,1,0.0,0,0,0.0,1,3,4,1,0,1,2,2,0,-6,1,
22023,201587,22300459,"JAN 02, 2024",PHI vs. CHI,W,22,2,4,0.5,1,3,0.333,1,1,1.0,2,1,3,2,0,1,1,2,6,18,1,
22023,201587,22300442,"DEC 30, 2023",PHI @ CHI,L,19,3,6,0.5,3,5,0.6,0,0,0.0,0,3,3,2,0,0,1,1,9,-1,1,
22023,201587,22300351,"DEC 18, 2023",PHI vs. CHI,L,27,1,4,0.25,1,4,0.25,0,0,0.0,1,3,4,3,0,0,2,0,3,7,1,
22023,201587,22300335,"DEC 16, 2023",PHI @ CHA,W,20,1,3,0.333,1,2,0.5,0,0,0.0,0,3,3,3,0,0,0,2,3,24,1,
22023,201587,22300327,"DEC 15, 2023",PHI vs. DET,W,22,2,4,0.5,0,1,0.0,0,0,0.0,2,3,5,4,2,0,0,0,4,30,1,
22023,201587,22300310,"DEC 13, 2023",PHI @ DET,W,20,2,2,1.0,1,1,1.0,0,0,0.0,0,1,1,2,0,0,0,3,5,6,1,
22023,201587,22300295,"DEC 11, 2023",PHI vs. WAS,W,20,2,5,0.4,0,3,0.0,0,0,0.0,0,2,2,1,1,2,0,0,4,12,1,
22023,201587,22301218,"DEC 08, 2023",PHI vs. ATL,W,29,3,4,0.75,2,3,0.667,0,0,0.0,2,2,4,4,0,0,0,1,8,3,1,
22023,201587,22301208,"DEC 06, 2023",PHI @ WAS,W,33,2,4,0.5,1,3,0.333,4,7,0.571,1,5,6,5,0,0,0,2,9,7,1,
22023,201587,22300262,"NOV 29, 2023",PHI @ NOP,L,14,1,1,1.0,1,1,1.0,0,0,0.0,0,1,1,0,0,0,1,1,3,-21,1,
22023,201587,22300255,"NOV 27, 2023",PHI vs. LAL,W,29,4,7,0.571,2,3,0.667,0,0,0.0,3,4,7,4,3,0,0,3,10,30,1,
22023,201587,22300239,"NOV 25, 2023",PHI @ OKC,W,32,4,7,0.571,3,6,0.5,3,4,0.75,4,3,7,3,0,2,1,0,14,14,1,
22023,201587,22300232,"NOV 22, 2023",PHI @ MIN,L,24,2,4,0.5,2,4,0.5,0,0,0.0,0,3,3,0,0,1,1,2,6,-23,1,
22023,201587,22300040,"NOV 21, 2023",PHI vs. CLE,L,27,2,5,0.4,1,4,0.25,0,0,0.0,0,4,4,2,0,0,2,5,5,-3,1,
22023,201587,22300208,"NOV 19, 2023",PHI @ BKN,W,24,1,1,1.0,1,1,1.0,0,0,0.0,0,3,3,3,0,0,0,2,3,25,1,
22023,201587,22300180,"NOV 12, 2023",PHI vs. IND,W,33,3,5,0.6,3,5,0.6,0,0,0.0,2,5,7,0,1,3,1,2,9,1,1,
22023,201587,22300008,"NOV 10, 2023",PHI @ DET,W,26,1,2,0.5,1,2,0.5,0,0,0.0,1,2,3,3,1,0,0,4,3,13,1,
22023,201587,22300159,"NOV 08, 2023",PHI vs. BOS,W,26,2,3,0.667,1,2,0.5,0,0,0.0,2,2,4,1,0,1,0,2,5,7,1,
22023,201587,22300148,"NOV 06, 2023",PHI vs. WAS,W,17,4,5,0.8,3,4,0.75,0,0,0.0,0,2,2,0,1,0,0,1,11,28,1,
22023,201587,22300099,"OCT 29, 2023",LAC vs. SAS,W,15,0,4,0.0,0,4,0.0,0,0,0.0,0,2,2,1,1,0,1,1,0,6,1,
22023,201587,22300085,"OCT 27, 2023",LAC @ UTA,L,30,3,4,0.75,2,3,0.667,0,0,0.0,0,2,2,3,1,3,0,4,8,-4,1,
22023,201587,22300074,"OCT 25, 2023",LAC vs. POR,W,9,0,0,0.0,0,0,0.0,0,0,0.0,0,3,3,1,1,1,0,0,0,-2,1,
22023,201599,22300767,"FEB 12, 2024",DEN @ MIL,L,4,0,0,0.0,0,0,0.0,1,2,0.5,0,1,1,0,0,0,0,1,1,-10,1,
22023,201599,22300746,"FEB 09, 2024",DEN @ SAC,L,6,1,3,0.333,0,0,0.0,0,0,0.0,2,3,5,0,0,0,0,0,2,-10,1,
22023,201599,22300740,"FEB 08, 2024",DEN @ LAL,W,11,3,6,0.5,0,0,0.0,0,0,0.0,4,4,8,1,0,0,0,2,6,0,1,
22023,201599,22300712,"FEB 04, 2024",DEN vs. POR,W,8,2,2,1.0,0,0,0.0,0,0,0.0,0,1,1,0,0,0,0,1,4,5,1,
22023,201599,22300697,"FEB 02, 2024",DEN vs. POR,W,5,1,1,1.0,0,0,0.0,0,0,0.0,1,0,1,0,0,0,0,1,2,-10,1,
22023,201599,22300667,"JAN 29, 2024",DEN vs. MIL,W,8,2,3,0.667,0,0,0.0,1,1,1.0,0,2,2,0,0,1,0,2,5,-2,1,
22023,201599,22300644,"JAN 27, 2024",DEN vs. PHI,W,11,1,1,1.0,0,0,0.0,0,0,0.0,3,3,6,0,0,1,0,2,2,4,1,
22023,201599,22300631,"JAN 25, 2024",DEN @ NYK,L,11,0,2,0.0,0,0,0.0,0,0,0.0,2,3,5,0,0,0,0,0,0,-8,1,
22023,201599,22300614,"JAN 23, 2024",DEN @ IND,W,11,1,1,1.0,0,0,0.0,0,2,0.0,2,1,3,1,0,1,1,2,2,-2,1,
22023,201599,22300602,"JAN 21, 2024",DEN @ WAS,W,7,1,1,1.0,0,0,0.0,1,2,0.5,2,2,4,0,0,0,1,1,3,-4,1,
22023,201599,22300566,"JAN 16, 2024",DEN @ PHI,L,10,2,2,1.0,0,0,0.0,0,0,0.0,0,1,1,0,0,0,0,3,4,-5,1,
22023,201599,22300550,"JAN 14, 2024",DEN vs. IND,W,7,0,0,0.0,0,0,0.0,0,0,0.0,0,2,2,1,0,0,2,4,0,-4,1,
22023,201599,22300539,"JAN 12, 2024",DEN vs. NOP,W,14,2,2,1.0,0,0,0.0,2,2,1.0,1,6,7,1,0,1,0,1,6,6,1,
22023,201599,22300524,"JAN 10, 2024",DEN @ UTA,L,8,1,3,0.333,0,0,0.0,3,4,0.75,2,3,5,0,0,1,0,0,5,-4,1,
22023,201599,22300502,"JAN 07, 2024",DEN vs. DET,W,21,3,3,1.0,0,0,0.0,3,5,0.6,0,7,7,1,0,1,3,5,9,7,1,
22023,201599,22300435,"DEC 29, 2023",DEN vs. OKC,L,13,3,4,0.75,0,0,0.0,0,0,0.0,3,5,8,1,1,0,1,0,6,-1,1,
22023,201599,22300425,"DEC 28, 2023",DEN vs. MEM,W,13,2,3,0.667,0,0,0.0,0,0,0.0,5,4,9,2,0,2,0,3,4,9,1,
22023,201599,22300383,"DEC 22, 2023",DEN @ BKN,W,6,1,1,1.0,0,0,0.0,0,0,0.0,0,0,0,0,0,0,0,0,2,-9,1,
22023,201599,22300340,"DEC 16, 2023",DEN vs. OKC,L,6,1,2,0.5,0,0,0.0,0,0,0.0,3,4,7,1,0,0,0,1,2,5,1,
22023,201599,22300322,"DEC 14, 2023",DEN vs. BKN,W,12,1,2,0.5,0,0,0.0,0,0,0.0,2,2,4,0,0,1,1,2,2,-2,1,
22023,201599,22300307,"DEC 12, 2023",DEN @ CHI,W,25,2,4,0.5,0,0,0.0,5,10,0.5,4,6,10,2,1,2,2,5,9,-6,1,
22023,201599,22301224,"DEC 08, 2023",DEN vs. HOU,L,12,1,2,0.5,0,0,0.0,0,0,0.0,1,3,4,2,1,0,1,2,2,-2,1,
22023,201599,22301215,"DEC 06, 2023",DEN @ LAC,L,11,2,6,0.333,0,0,0.0,0,0,0.0,3,2,5,0,0,1,0,0,4,-8,1,
22023,201599,22300290,"DEC 02, 2023",DEN @ SAC,L,10,2,6,0.333,0,0,0.0,0,2,0.0,2,2,4,0,0,0,1,0,4,-17,1,
22023,201599,22300279,"DEC 01, 2023",DEN @ PHX,W,13,1,1,1.0,0,0,0.0,0,1,0.0,0,2,2,0,0,0,2,2,2,2,1,
22023,201599,22300263,"NOV 29, 2023",DEN vs. HOU,W,6,1,1,1.0,0,0,0.0,0,2,0.0,1,0,1,0,0,0,0,0,2,-11,1,
22023,201599,22300257,"NOV 27, 2023",DEN @ LAC,W,34,8,11,0.727,0,0,0.0,5,11,0.455,3,10,13,5,2,1,2,3,21,17,1,
22023,201599,22300252,"NOV 26, 2023",DEN vs. SAS,W,12,3,3,1.0,0,0,0.0,0,3,0.0,1,5,6,1,0,0,1,3,6,2,1,
22023,201599,22300139,"NOV 04, 2023",DEN vs. CHI,W,12,0,0,0.0,0,0,0.0,1,2,0.5,1,0,1,1,0,0,1,2,1,-10,1,
22023,201935,22300789,"FEB 14, 2024",LAC @ GSW,W,40,7,12,0.583,4,9,0.444,8,9,0.889,2,6,8,7,0,1,1,0,26,13,2,
22023,201935,22300770,"FEB 12, 2024",LAC vs. MIN,L,32,5,13,0.385,3,8,0.375,4,5,0.8,0,2,2,6,1,1,0,0,17,-9,1,
22023,201935,22300749,"FEB 10, 2024",LAC vs. DET,W,36,4,11,0.364,2,8,0.25,4,4,1.0,0,6,6,8,1,1,5,1,14,8,1,
22023,201935,22300731,"FEB 07, 2024",LAC vs. NOP,L,38,6,11,0.545,5,6,0.833,2,3,0.667,1,7,8,5,1,1,4,2,19,-1,1,
22023,201935,22300716,"FEB 05, 2024",LAC @ ATL,W,39,7,14,0.5,6,9,0.667,10,10,1.0,2,6,8,10,2,1,2,3,30,11,1,
22023,201935,22300708,"FEB 04, 2024",LAC @ MIA,W,42,7,13,0.538,5,9,0.556,2,4,0.5,0,8,8,11,1,1,4,1,21,10,1,
22023,201935,22300688,"FEB 02, 2024",LAC @ DET,W,34,1,10,0.1,0,5,0.0,2,2,1.0,1,2,3,6,1,0,1,1,4,8,1,
22023,201935,22300676,"JAN 31, 2024",LAC @ WAS,W,33,7,15,0.467,5,10,0.5,6,6,1.0,1,8,9,5,2,4,2,2,25,20,1,
22023,201935,22300658,"JAN 29, 2024",LAC @ CLE,L,39,3,8,0.375,2,5,0.4,3,4,0.75,0,7,7,10,1,1,3,2,11,-2,1,
22023,201935,22300646,"JAN 27, 2024",LAC @ BOS,W,27,2,11,0.182,0,6,0.0,5,6,0.833,1,7,8,7,0,0,1,2,9,36,1,
22023,201935,22300637,"JAN 26, 2024",LAC @ TOR,W,35,8,14,0.571,2,7,0.286,4,4,1.0,0,10,10,13,1,1,1,3,22,27,1,
22023,201935,22300618,"JAN 23, 2024",LAC vs. LAL,W,39,8,17,0.471,4,8,0.5,3,5,0.6,1,1,2,10,1,1,1,3,23,10,1,
22023,201935,22300600,"JAN 21, 2024",LAC vs. BKN,W,38,6,11,0.545,3,6,0.5,9,9,1.0,0,5,5,10,2,1,4,2,24,9,1,
22023,201935,22300568,"JAN 16, 2024",LAC vs. OKC,W,41,5,14,0.357,4,10,0.4,2,2,1.0,0,5,5,8,0,1,1,2,16,8,1,
22023,201935,22300553,"JAN 14, 2024",LAC @ MIN,L,36,4,14,0.286,2,9,0.222,4,5,0.8,0,1,1,8,2,2,4,3,14,-3,1,
22023,201935,22300537,"JAN 12, 2024",LAC @ MEM,W,28,3,7,0.429,2,4,0.5,3,3,1.0,0,1,1,9,1,0,3,0,11,20,1,
22023,201935,22300526,"JAN 10, 2024",LAC vs. TOR,W,34,5,13,0.385,2,7,0.286,2,2,1.0,0,5,5,11,1,0,3,4,14,8,1,
22023,201935,22300511,"JAN 08, 2024",LAC vs. PHX,W,30,6,8,0.75,3,4,0.75,4,4,1.0,0,7,7,10,0,0,3,1,19,25,1,
22023,201935,22300505,"JAN 07, 2024",LAC @ LAL,L,39,4,13,0.308,3,7,0.429,4,5,0.8,2,2,4,9,1,0,5,3,15,-1,1,
22023,201935,22300486,"JAN 05, 2024",LAC @ NOP,W,29,2,7,0.286,1,6,0.167,3,3,1.0,0,3,3,13,0,0,1,2,8,18,1,
22023,201935,22300473,"JAN 03, 2024",LAC @ PHX,W,36,7,13,0.538,4,7,0.571,4,4,1.0,0,5,5,11,0,1,4,2,22,1,1,
22023,201935,22300458,"JAN 01, 2024",LAC vs. MIA,W,31,5,8,0.625,3,5,0.6,2,2,1.0,0,4,4,10,1,2,2,1,15,26,1,
22023,201935,22300438,"DEC 29, 2023",LAC vs. MEM,W,44,4,13,0.308,2,9,0.222,6,8,0.75,0,4,4,13,0,3,5,1,16,16,1,
22023,201935,22300414,"DEC 26, 2023",LAC vs. CHA,W,40,8,16,0.5,6,12,0.5,7,8,0.875,0,6,6,8,2,1,4,2,29,20,1,
22023,201935,22300389,"DEC 23, 2023",LAC vs. BOS,L,29,6,13,0.462,2,5,0.4,0,0,0.0,0,4,4,9,1,0,4,4,14,-34,1,
22023,201935,22300379,"DEC 21, 2023",LAC @ OKC,L,34,7,18,0.389,4,9,0.444,5,6,0.833,2,7,9,6,3,1,3,1,23,-17,1,
22023,201935,22300372,"DEC 20, 2023",LAC @ DAL,W,39,4,12,0.333,2,8,0.25,7,8,0.875,0,5,5,11,0,2,4,3,17,10,1,
22023,201935,22300350,"DEC 18, 2023",LAC @ IND,W,28,12,16,0.75,8,11,0.727,3,3,1.0,0,3,3,9,1,1,1,2,35,32,1,
22023,201935,22300343,"DEC 16, 2023",LAC vs. NYK,W,28,2,6,0.333,1,4,0.25,5,7,0.714,0,4,4,12,1,2,1,3,10,22,1,
22023,201935,22300325,"DEC 14, 2023",LAC vs. GSW,W,42,6,12,0.5,5,6,0.833,11,12,0.917,2,5,7,15,1,4,4,3,28,12,1,
22023,201935,22300309,"DEC 12, 2023",LAC vs. SAC,W,28,4,9,0.444,0,4,0.0,7,7,1.0,0,6,6,7,2,0,2,3,15,26,1,
22023,201935,22300304,"DEC 11, 2023",LAC vs. POR,W,37,7,14,0.5,3,6,0.5,3,3,1.0,0,7,7,7,1,2,3,2,20,3,1,
22023,201935,22301225,"DEC 08, 2023",LAC @ UTA,W,34,2,8,0.25,2,6,0.333,6,7,0.857,0,7,7,8,0,1,2,2,12,18,1,
22023,201935,22301215,"DEC 06, 2023",LAC vs. DEN,W,32,6,10,0.6,2,3,0.667,6,7,0.857,0,1,1,11,3,1,4,0,20,6,1,
22023,201935,22300280,"DEC 02, 2023",LAC vs. GSW,W,35,7,14,0.5,2,7,0.286,5,5,1.0,0,5,5,9,1,0,1,4,21,0,1,
22023,201935,22300273,"NOV 30, 2023",LAC @ GSW,L,37,6,13,0.462,5,10,0.5,1,2,0.5,0,3,3,7,1,0,1,3,18,-1,1,
22023,201935,22300264,"NOV 29, 2023",LAC @ SAC,W,39,8,14,0.571,5,8,0.625,5,5,1.0,1,2,3,6,5,0,2,4,26,19,1,
22023,201935,22300257,"NOV 27, 2023",LAC vs. DEN,L,36,3,7,0.429,3,5,0.6,2,2,1.0,0,2,2,4,1,0,3,3,11,6,1,
22023,201935,22300244,"NOV 25, 2023",LAC vs. DAL,W,28,2,8,0.25,2,6,0.333,2,2,1.0,0,4,4,7,1,2,2,1,8,14,1,
22023,201935,22300052,"NOV 24, 2023",LAC vs. NOP,L,37,2,8,0.25,1,6,0.167,3,6,0.5,0,5,5,10,4,1,3,3,8,-6,1,
22023,201935,22300235,"NOV 22, 2023",LAC @ SAS,W,36,3,7,0.429,2,4,0.5,8,12,0.667,0,6,6,9,1,1,4,3,16,-2,1,
22023,201935,22300223,"NOV 20, 2023",LAC @ SAS,W,28,4,12,0.333,2,8,0.25,3,3,1.0,1,2,3,10,2,0,0,2,13,17,1,
22023,201935,22300037,"NOV 17, 2023",LAC vs. HOU,W,34,8,11,0.727,2,4,0.5,6,7,0.857,1,8,9,7,0,1,3,1,24,21,1,
22023,201935,22300024,"NOV 14, 2023",LAC @ DEN,L,35,7,15,0.467,3,8,0.375,4,4,1.0,0,2,2,4,0,0,1,3,21,-3,1,
22023,201935,22300179,"NOV 12, 2023",LAC vs. MEM,L,29,4,12,0.333,1,7,0.143,2,2,1.0,2,2,4,3,1,1,1,0,11,-28,1,
22023,201935,22300014,"NOV 10, 2023",LAC @ DAL,L,29,3,6,0.5,2,3,0.667,6,6,1.0,0,5,5,3,2,0,2,0,14,-6,1,
22023,201935,22300160,"NOV 08, 2023",LAC @ BKN,L,36,4,9,0.444,2,5,0.4,2,2,1.0,0,8,8,5,2,0,5,0,12,-15,1,
22023,201935,22300151,"NOV 06, 2023",LAC @ NYK,L,31,6,9,0.667,2,4,0.5,3,3,1.0,0,3,3,6,1,0,2,2,17,-18,1,
22023,201939,22300576,"FEB 15, 2024",GSW @ UTA,W,35,4,14,0.286,2,8,0.25,6,8,0.75,1,1,2,10,1,0,4,2,16,-2,1,
22023,201939,22300789,"FEB 14, 2024",GSW vs. LAC,L,35,15,31,0.484,9,19,0.474,2,2,1.0,1,3,4,5,0,0,4,3,41,-6,2,
22023,201939,22300769,"FEB 12, 2024",GSW @ UTA,W,32,9,19,0.474,7,16,0.438,0,0,0.0,0,6,6,10,3,1,1,1,25,30,1,
22023,201939,22300757,"FEB 10, 2024",GSW vs. PHX,W,34,10,22,0.455,9,16,0.563,1,2,0.5,1,8,9,6,1,0,3,0,30,10,1,
22023,201939,22300733,"FEB 08, 2024",GSW @ IND,W,30,15,22,0.682,11,16,0.688,1,2,0.5,0,2,2,2,0,1,2,2,42,13,1,
22023,201939,22300727,"FEB 07, 2024",GSW @ PHI,W,25,2,7,0.286,1,4,0.25,4,4,1.0,0,3,3,1,0,1,4,2,9,13,1,
22023,201939,22300717,"FEB 05, 2024",GSW @ BKN,W,34,12,24,0.5,4,11,0.364,1,1,1.0,1,4,5,3,0,0,4,2,29,6,1,
22023,201939,22300699,"FEB 03, 2024",GSW @ ATL,L,41,22,38,0.579,10,23,0.435,6,6,1.0,1,5,6,4,0,1,2,1,60,-1,1,
22023,201939,22300693,"FEB 02, 2024",GSW @ MEM,W,32,6,16,0.375,4,9,0.444,4,4,1.0,0,6,6,6,1,0,3,1,20,12,1,
22023,201939,22300673,"JAN 30, 2024",GSW vs. PHI,W,35,12,17,0.706,8,13,0.615,5,5,1.0,1,7,8,7,0,1,5,2,37,26,1,
22023,201939,22300650,"JAN 27, 2024",GSW vs. LAL,L,43,17,35,0.486,9,21,0.429,3,3,1.0,0,3,3,7,1,0,4,4,46,-2,1,
22023,201939,22300632,"JAN 25, 2024",GSW vs. SAC,L,36,13,26,0.5,6,14,0.429,1,1,1.0,1,5,6,2,1,0,2,0,33,-8,1,
22023,201939,22300626,"JAN 24, 2024",GSW vs. ATL,W,31,7,16,0.438,5,8,0.625,6,6,1.0,0,3,3,8,0,0,1,3,25,9,1,
22023,201939,22300560,"JAN 15, 2024",GSW @ MEM,L,33,11,20,0.55,3,9,0.333,1,1,1.0,1,3,4,8,2,1,5,4,26,-2,1,
22023,201939,22300536,"JAN 12, 2024",GSW @ CHI,W,35,8,24,0.333,6,15,0.4,5,5,1.0,0,5,5,9,1,0,1,1,27,5,1,
22023,201939,22300525,"JAN 10, 2024",GSW vs. NOP,L,25,4,13,0.308,3,8,0.375,4,4,1.0,0,1,1,6,1,0,3,0,15,-4,1,
22023,201939,22300504,"JAN 07, 2024",GSW vs. TOR,L,30,2,14,0.143,0,9,0.0,5,5,1.0,0,1,1,6,0,0,2,3,9,-17,1,
22023,201939,22300490,"JAN 05, 2024",GSW vs. DET,W,31,7,19,0.368,4,12,0.333,8,9,0.889,0,6,6,4,1,1,4,0,26,0,1,
22023,201939,22300478,"JAN 04, 2024",GSW vs. DEN,L,35,11,23,0.478,5,12,0.417,3,3,1.0,0,4,4,6,1,1,2,1,30,-1,1,
22023,201939,22300463,"JAN 02, 2024",GSW vs. ORL,W,35,12,20,0.6,4,9,0.444,8,11,0.727,1,1,2,6,4,1,2,4,36,12,1,
22023,201939,22300444,"DEC 30, 2023",GSW vs. DAL,L,35,9,25,0.36,6,15,0.4,1,1,1.0,0,2,2,7,1,0,3,3,25,-6,1,
22023,201939,22300426,"DEC 28, 2023",GSW vs. MIA,L,32,3,15,0.2,2,8,0.25,5,6,0.833,0,4,4,5,2,1,1,1,13,-14,1,
22023,201939,22300402,"DEC 25, 2023",GSW @ DEN,L,34,7,21,0.333,3,13,0.231,1,1,1.0,1,1,2,4,1,1,3,4,18,-26,1,
22023,201939,22300399,"DEC 23, 2023",GSW vs. POR,W,30,11,18,0.611,2,7,0.286,3,3,1.0,0,3,3,2,0,0,1,1,27,4,1,
22023,201939,22300386,"DEC 22, 2023",GSW vs. WAS,W,27,9,18,0.5,8,13,0.615,4,5,0.8,0,4,4,7,0,1,2,0,30,-1,1,
22023,201939,22300362,"DEC 19, 2023",GSW vs. BOS,W,38,11,21,0.524,6,11,0.545,5,5,1.0,0,3,3,6,0,0,4,5,33,8,1,
22023,201939,22300348,"DEC 17, 2023",GSW @ POR,W,31,2,12,0.167,0,8,0.0,3,4,0.75,0,2,2,8,1,1,4,1,7,14,1,
22023,201939,22300339,"DEC 16, 2023",GSW vs. BKN,W,35,14,22,0.636,6,8,0.75,3,3,1.0,0,3,3,1,0,3,3,1,37,7,1,
22023,201939,22300325,"DEC 14, 2023",GSW @ LAC,L,34,5,17,0.294,3,13,0.231,4,4,1.0,0,4,4,4,0,0,1,3,17,-3,1,
22023,201939,22300308,"DEC 12, 2023",GSW @ PHX,L,32,8,24,0.333,4,15,0.267,4,4,1.0,0,5,5,4,3,0,1,2,24,-15,1,
22023,201939,22301222,"DEC 08, 2023",GSW @ OKC,L,40,10,20,0.5,6,12,0.5,8,8,1.0,0,6,6,3,1,0,3,0,34,-5,1,
22023,201939,22301214,"DEC 06, 2023",GSW vs. POR,W,34,8,18,0.444,5,13,0.385,10,11,0.909,0,5,5,1,0,0,4,2,31,4,1,
22023,201939,22300280,"DEC 02, 2023",GSW @ LAC,L,37,7,18,0.389,4,9,0.444,4,4,1.0,1,3,4,11,0,0,2,0,22,2,1,
22023,201939,22300273,"NOV 30, 2023",GSW vs. LAC,W,33,8,15,0.533,3,9,0.333,7,9,0.778,0,7,7,8,1,1,2,2,26,-4,1,
22023,201939,22300060,"NOV 28, 2023",GSW @ SAC,L,37,8,20,0.4,4,12,0.333,9,9,1.0,3,7,10,6,0,1,5,5,29,7,1,
22023,201939,22300051,"NOV 24, 2023",GSW vs. SAS,W,35,11,20,0.55,7,14,0.5,6,6,1.0,0,3,3,6,1,0,6,2,35,4,1,
22023,201939,22300236,"NOV 22, 2023",GSW @ PHX,L,28,6,15,0.4,1,8,0.125,3,3,1.0,0,3,3,6,0,0,2,2,16,-17,1,
22023,201939,22300224,"NOV 20, 2023",GSW vs. HOU,W,35,8,14,0.571,5,9,0.556,11,12,0.917,0,5,5,1,0,0,4,2,32,-3,1,
22023,201939,22300207,"NOV 18, 2023",GSW vs. OKC,L,40,8,21,0.381,5,11,0.455,4,4,1.0,0,7,7,3,0,0,2,2,25,0,1,
22023,201939,22300186,"NOV 12, 2023",GSW vs. MIN,L,36,11,25,0.44,5,13,0.385,11,12,0.917,1,4,5,3,1,0,5,2,38,-4,1,
22023,201939,22300176,"NOV 11, 2023",GSW vs. CLE,L,33,9,24,0.375,4,14,0.286,8,8,1.0,1,2,3,2,1,1,4,1,30,-8,1,
22023,201939,22300169,"NOV 08, 2023",GSW @ DEN,L,34,6,17,0.353,6,13,0.462,5,5,1.0,1,4,5,4,1,0,3,2,23,-10,1,
22023,201939,22300145,"NOV 06, 2023",GSW @ DET,W,33,12,26,0.462,7,17,0.412,3,4,0.75,0,2,2,4,0,0,3,1,34,17,1,
22023,201939,22300142,"NOV 05, 2023",GSW @ CLE,L,31,8,16,0.5,7,11,0.636,5,6,0.833,0,2,2,4,1,0,6,0,28,-6,1,
22023,201939,22300005,"NOV 03, 2023",GSW @ OKC,W,31,9,15,0.6,5,10,0.5,7,7,1.0,3,5,8,7,2,0,3,1,30,5,1,
22023,201939,22300126,"NOV 01, 2023",GSW vs. SAC,W,32,7,15,0.467,4,10,0.4,3,3,1.0,1,4,5,3,0,0,7,3,21,-6,1,
22023,201939,22300108,"OCT 30, 2023",GSW @ NOP,W,30,15,22,0.682,7,13,0.538,5,7,0.714,0,5,5,5,2,0,3,1,42,13,1,
22023,201939,22300096,"OCT 29, 2023",GSW @ HOU,W,31,6,16,0.375,6,14,0.429,6,6,1.0,1,6,7,6,0,1,1,1,24,-2,1,
22023,201939,22300087,"OCT 27, 2023",GSW @ SAC,W,35,14,19,0.737,7,10,0.7,6,6,1.0,1,3,4,4,2,0,4,0,41,10,1,
22023,201939,22300062,"OCT 24, 2023",GSW vs. PHX,L,31,8,20,0.4,4,14,0.286,7,7,1.0,1,4,5,1,1,0,2,5,27,-9,1,
22023,201942,22300781,"FEB 14, 2024",CHI @ CLE,L,41,9,16,0.563,0,1,0.0,6,7,0.857,0,2,2,6,0,0,0,4,24,-1,1,
22023,201942,22300763,"FEB 12, 2024",CHI @ ATL,W,38,10,17,0.588,0,2,0.0,9,11,0.818,0,3,3,5,0,0,1,1,29,13,1,
22023,201942,22300752,"FEB 10, 2024",CHI @ ORL,L,44,11,24,0.458,1,4,0.25,5,6,0.833,1,3,4,4,0,0,1,3,28,-2,1,
22023,201942,22300737,"FEB 08, 2024",CHI @ MEM,W,38,11,17,0.647,3,3,1.0,5,5,1.0,1,7,8,1,0,0,2,3,30,3,1,
22023,201942,22300723,"FEB 06, 2024",CHI vs. MIN,W,43,8,19,0.421,0,1,0.0,17,18,0.944,2,1,3,5,4,0,1,2,33,12,1,
22023,201942,22300700,"FEB 03, 2024",CHI vs. SAC,L,39,5,14,0.357,0,2,0.0,14,15,0.933,1,6,7,6,4,0,3,2,24,4,1,
22023,201942,22300674,"JAN 31, 2024",CHI @ CHA,W,38,4,10,0.4,1,2,0.5,6,8,0.75,0,4,4,3,0,1,2,2,15,3,1,
22023,201942,22300672,"JAN 30, 2024",CHI vs. TOR,L,42,8,17,0.471,0,5,0.0,9,12,0.75,1,1,2,5,3,4,5,1,25,-14,1,
22023,201942,22300656,"JAN 28, 2024",CHI @ POR,W,40,8,14,0.571,1,2,0.5,3,3,1.0,0,7,7,6,1,0,0,2,20,11,1,
22023,201942,22300633,"JAN 25, 2024",CHI @ LAL,L,41,10,14,0.714,1,1,1.0,11,12,0.917,0,2,2,10,2,0,3,2,32,-7,1,
22023,201942,22300612,"JAN 22, 2024",CHI @ PHX,L,40,8,17,0.471,1,3,0.333,4,6,0.667,1,4,5,3,1,0,2,3,21,-10,1,
22023,201942,22300597,"JAN 20, 2024",CHI vs. MEM,W,37,7,20,0.35,1,4,0.25,3,4,0.75,1,3,4,8,1,1,1,0,18,23,1,
22023,201942,22300580,"JAN 18, 2024",CHI @ TOR,W,38,9,20,0.45,0,4,0.0,6,7,0.857,1,6,7,6,1,0,2,2,24,6,1,
22023,201942,22300561,"JAN 15, 2024",CHI @ CLE,L,38,3,8,0.375,0,1,0.0,0,0,0.0,0,6,6,3,2,1,2,3,6,-17,1,
22023,201942,22300548,"JAN 13, 2024",CHI @ SAS,W,34,8,19,0.421,2,5,0.4,2,2,1.0,0,4,4,4,0,0,0,1,20,6,1,
22023,201942,22300536,"JAN 12, 2024",CHI vs. GSW,L,41,15,21,0.714,2,5,0.4,7,8,0.875,1,6,7,5,0,0,1,5,39,4,1,
22023,201942,22300523,"JAN 10, 2024",CHI vs. HOU,W,43,5,19,0.263,3,6,0.5,6,6,1.0,0,4,4,4,0,0,1,2,19,-9,1,
22023,201942,22300506,"JAN 08, 2024",CHI @ CHA,W,44,7,16,0.438,1,3,0.333,3,4,0.75,0,7,7,7,3,1,3,0,18,14,1,
22023,201942,22300484,"JAN 05, 2024",CHI vs. CHA,W,38,6,10,0.6,0,2,0.0,5,5,1.0,0,1,1,6,3,0,3,4,17,18,1,
22023,201942,22300468,"JAN 03, 2024",CHI @ NYK,L,39,10,13,0.769,3,4,0.75,5,5,1.0,0,3,3,4,1,1,0,1,28,-25,1,
22023,201942,22300459,"JAN 02, 2024",CHI @ PHI,L,30,5,10,0.5,0,3,0.0,6,7,0.857,0,4,4,3,0,0,1,4,16,-24,1,
22023,201942,22300442,"DEC 30, 2023",CHI vs. PHI,W,37,9,17,0.529,0,2,0.0,6,7,0.857,0,6,6,5,0,0,2,0,24,19,1,
22023,201942,22300422,"DEC 28, 2023",CHI vs. IND,L,37,7,19,0.368,0,3,0.0,7,8,0.875,0,5,5,5,2,0,1,1,21,-18,1,
22023,201942,22300408,"DEC 26, 2023",CHI vs. ATL,W,40,8,17,0.471,2,3,0.667,7,7,1.0,0,2,2,6,1,0,1,3,25,8,1,
22023,201942,22300396,"DEC 23, 2023",CHI vs. CLE,L,40,6,14,0.429,1,3,0.333,8,9,0.889,0,5,5,8,3,0,2,4,21,-8,1,
22023,201942,22300376,"DEC 21, 2023",CHI vs. SAS,W,36,9,15,0.6,1,3,0.333,2,2,1.0,0,4,4,5,0,1,0,1,21,10,1,
22023,201942,22300370,"DEC 20, 2023",CHI vs. LAL,W,36,12,16,0.75,0,2,0.0,3,3,1.0,0,7,7,9,1,1,3,3,27,17,1,
22023,201942,22300351,"DEC 18, 2023",CHI @ PHI,W,37,5,15,0.333,0,0,0.0,5,6,0.833,0,4,4,5,4,1,2,1,15,-5,1,
22023,201942,22300337,"DEC 16, 2023",CHI @ MIA,L,42,9,13,0.692,1,2,0.5,8,9,0.889,1,2,3,5,2,3,3,1,27,5,1,
22023,201942,22300320,"DEC 14, 2023",CHI @ MIA,W,41,6,14,0.429,1,3,0.333,10,11,0.909,2,3,5,4,0,0,3,2,23,14,1,
22023,201942,22300307,"DEC 12, 2023",CHI vs. DEN,L,37,3,13,0.231,1,4,0.25,7,7,1.0,0,4,4,5,1,2,0,5,14,-7,1,
22023,201942,22300300,"DEC 11, 2023",CHI @ MIL,L,42,14,30,0.467,3,6,0.5,10,12,0.833,0,2,2,11,0,0,2,5,41,6,1,
22023,201942,22301223,"DEC 08, 2023",CHI @ SAS,W,39,7,24,0.292,0,2,0.0,6,10,0.6,1,5,6,10,3,0,2,2,20,13,1,
22023,201942,22301211,"DEC 06, 2023",CHI vs. CHA,W,37,8,20,0.4,1,3,0.333,12,14,0.857,0,6,6,3,0,1,2,1,29,17,1,
22023,201942,22300285,"DEC 02, 2023",CHI vs. NOP,W,40,10,18,0.556,2,4,0.5,2,2,1.0,0,5,5,10,0,0,2,3,24,2,1,
22023,201942,22300053,"NOV 28, 2023",CHI @ BOS,L,26,7,14,0.5,1,3,0.333,4,4,1.0,0,2,2,6,0,0,2,2,19,-20,1,
22023,201942,22300250,"NOV 26, 2023",CHI @ BKN,L,38,11,22,0.5,2,4,0.5,3,5,0.6,2,4,6,6,1,0,1,2,27,5,1,
22023,201942,22300046,"NOV 24, 2023",CHI @ TOR,L,39,7,16,0.438,0,1,0.0,5,9,0.556,0,3,3,4,1,1,2,3,19,-31,1,
22023,201942,22300234,"NOV 22, 2023",CHI @ OKC,L,37,6,17,0.353,0,2,0.0,13,13,1.0,1,1,2,6,2,1,1,3,25,-16,1,
22023,201942,22300220,"NOV 20, 2023",CHI vs. MIA,L,34,6,10,0.6,2,4,0.5,1,1,1.0,0,4,4,5,0,1,0,1,15,-15,1,
22023,201942,22300204,"NOV 18, 2023",CHI vs. MIA,W,40,6,12,0.5,2,4,0.5,9,13,0.692,1,3,4,4,1,0,3,1,23,-11,1,
22023,201942,22300033,"NOV 17, 2023",CHI vs. ORL,L,36,10,20,0.5,1,1,1.0,2,4,0.5,0,4,4,3,1,0,3,1,23,-6,1,
22023,201942,22300190,"NOV 13, 2023",CHI @ MIL,L,37,3,14,0.214,0,3,0.0,5,5,1.0,2,2,4,7,0,1,1,3,11,-2,1,
22023,201942,22300181,"NOV 12, 2023",CHI vs. DET,W,37,11,19,0.579,2,3,0.667,5,5,1.0,1,0,1,1,0,4,0,1,29,12,1,
22023,201942,22300162,"NOV 08, 2023",CHI vs. PHX,L,40,6,20,0.3,1,4,0.25,9,11,0.818,0,2,2,7,1,2,2,2,22,-3,1,
22023,201942,22300152,"NOV 06, 2023",CHI vs. UTA,W,30,8,13,0.615,1,1,1.0,4,5,0.8,3,2,5,4,4,0,1,3,21,2,1,
22023,201942,22300139,"NOV 04, 2023",CHI @ DEN,L,34,7,16,0.438,0,1,0.0,3,4,0.75,0,3,3,6,0,0,0,4,17,-18,1,
22023,201942,22300004,"NOV 03, 2023",CHI vs. BKN,L,33,9,20,0.45,2,4,0.5,4,4,1.0,1,0,1,4,0,0,0,0,24,-16,1,
22023,201942,22300124,"NOV 01, 2023",CHI @ DAL,L,33,5,13,0.385,0,1,0.0,6,6,1.0,1,2,3,7,1,0,2,3,16,-17,1,
22023,201942,22300102,"OCT 30, 2023",CHI @ IND,W,35,6,19,0.316,0,1,0.0,8,8,1.0,1,2,3,4,0,1,0,2,20,15,1,
22023,201942,22300088,"OCT 28, 2023",CHI @ DET,L,32,7,13,0.538,0,1,0.0,6,7,0.857,1,1,2,4,1,2,1,3,20,-11,1,
22023,201942,22300082,"OCT 27, 2023",CHI vs. TOR,W,41,11,22,0.5,1,3,0.333,10,14,0.714,1,3,4,3,4,1,2,2,33,0,1,
22023,201942,22300070,"OCT 25, 2023",CHI vs. OKC,L,33,9,20,0.45,1,3,0.333,1,3,0.333,2,3,5,2,1,1,0,1,20,-29,1,
22023,201949,22300564,"JAN 15, 2024",IND @ UTA,L,1,0,0,0.0,0,0,0.0,0,0,0.0,0,0,0,0,0,0,0,0,0,0,1,
22023,201949,22300480,"JAN 05, 2024",IND vs. ATL,W,8,1,3,0.333,0,1,0.0,0,0,0.0,0,1,1,1,3,0,1,2,2,-2,1,
22023,201949,22300365,"DEC 20, 2023",IND vs. CHA,W,6,1,1,1.0,0,0,0.0,0,0,0.0,0,0,0,2,0,0,0,0,2,5,1,
22023,201949,22300350,"DEC 18, 2023",IND vs. LAC,L,6,0,1,0.0,0,0,0.0,0,0,0.0,1,0,1,2,1,0,1,1,0,2,1,
22023,201949,22300338,"DEC 16, 2023",IND @ MIN,L,3,0,0,0.0,0,0,0.0,0,0,0.0,0,2,2,0,0,0,0,1,0,3,1,
22023,201950,22300780,"FEB 14, 2024",BOS vs. BKN,W,24,1,3,0.333,1,2,0.5,0,0,0.0,1,3,4,5,0,0,0,0,3,31,1,
22023,201950,22300771,"FEB 13, 2024",BOS @ BKN,W,35,6,10,0.6,2,4,0.5,0,0,0.0,0,5,5,12,2,0,3,5,14,18,1,
22023,201950,22300759,"FEB 11, 2024",BOS @ MIA,W,35,5,8,0.625,5,6,0.833,0,0,0.0,1,2,3,6,1,1,0,3,15,4,1,
22023,201950,22300743,"FEB 09, 2024",BOS vs. WAS,W,34,9,13,0.692,2,2,1.0,0,0,0.0,3,4,7,5,1,0,2,2,20,-11,1,
22023,201950,22300706,"FEB 04, 2024",BOS vs. MEM,W,27,2,6,0.333,1,3,0.333,2,2,1.0,0,3,3,4,1,0,2,1,7,11,1,
22023,201950,22300684,"FEB 01, 2024",BOS vs. LAL,L,29,4,9,0.444,0,2,0.0,0,0,0.0,2,5,7,7,0,0,4,3,8,-9,1,
22023,201950,22300670,"JAN 30, 2024",BOS vs. IND,W,39,6,8,0.75,3,3,1.0,2,2,1.0,0,5,5,4,1,3,1,0,17,2,1,
22023,201950,22300659,"JAN 29, 2024",BOS vs. NOP,W,33,7,11,0.636,3,5,0.6,3,4,0.75,2,1,3,2,1,0,1,1,20,-4,1,
22023,201950,22300646,"JAN 27, 2024",BOS vs. LAC,L,28,2,11,0.182,1,7,0.143,2,2,1.0,0,3,3,4,1,0,2,1,7,-28,1,
22023,201950,22300630,"JAN 25, 2024",BOS @ MIA,W,29,7,8,0.875,3,4,0.75,0,0,0.0,0,5,5,5,0,1,3,1,17,13,1,
22023,201950,22300611,"JAN 22, 2024",BOS @ DAL,W,38,6,13,0.462,5,12,0.417,0,0,0.0,0,7,7,6,0,1,1,2,17,19,1,
22023,201950,22300586,"JAN 19, 2024",BOS vs. DEN,L,30,3,7,0.429,1,3,0.333,0,0,0.0,1,1,2,3,0,0,1,0,7,-12,1,
22023,201950,22300571,"JAN 17, 2024",BOS vs. SAS,W,31,8,14,0.571,6,7,0.857,0,0,0.0,0,4,4,4,0,0,1,0,22,10,1,
22023,201950,22300563,"JAN 15, 2024",BOS @ TOR,W,34,7,14,0.5,4,6,0.667,4,4,1.0,1,5,6,7,1,2,1,2,22,4,1,
22023,201950,22300542,"JAN 13, 2024",BOS vs. HOU,W,26,4,10,0.4,1,4,0.25,2,2,1.0,2,4,6,3,0,0,1,2,11,22,1,
22023,201950,22300528,"JAN 11, 2024",BOS @ MIL,L,19,2,9,0.222,0,4,0.0,2,2,1.0,1,3,4,2,0,0,1,1,6,-31,1,
22023,201950,22300517,"JAN 10, 2024",BOS vs. MIN,W,40,5,15,0.333,2,10,0.2,0,0,0.0,1,4,5,4,2,1,2,3,12,8,1,
22023,201950,22300507,"JAN 08, 2024",BOS @ IND,L,38,9,16,0.563,3,6,0.5,0,0,0.0,1,5,6,6,1,0,3,2,21,0,1,
22023,201950,22300493,"JAN 06, 2024",BOS @ IND,W,37,3,9,0.333,1,5,0.2,1,2,0.5,1,5,6,5,1,0,2,2,8,6,1,
22023,201950,22300479,"JAN 05, 2024",BOS vs. UTA,W,24,6,8,0.75,2,3,0.667,0,0,0.0,1,5,6,1,0,2,2,1,14,22,1,
22023,201950,22300462,"JAN 02, 2024",BOS @ OKC,L,31,2,8,0.25,2,5,0.4,1,2,0.5,1,4,5,7,1,0,3,1,7,-15,1,
22023,201950,22300432,"DEC 29, 2023",BOS vs. TOR,W,32,5,15,0.333,3,5,0.6,2,4,0.5,0,2,2,3,0,0,1,1,15,8,1,
22023,201950,22300421,"DEC 28, 2023",BOS vs. DET,W,44,4,9,0.444,0,2,0.0,4,5,0.8,2,7,9,3,1,1,3,1,12,1,1,
22023,201950,22300403,"DEC 25, 2023",BOS @ LAL,W,38,7,10,0.7,3,5,0.6,1,1,1.0,2,5,7,7,1,1,2,1,18,15,1,
22023,201950,22300389,"DEC 23, 2023",BOS @ LAC,W,28,8,12,0.667,4,6,0.667,0,0,0.0,3,3,6,7,1,0,1,1,20,22,1,
22023,201950,22300373,"DEC 20, 2023",BOS @ SAC,W,34,7,13,0.538,4,6,0.667,3,3,1.0,2,6,8,10,2,1,3,1,21,17,1,
22023,201950,22300362,"DEC 19, 2023",BOS @ GSW,L,36,5,12,0.417,1,5,0.2,2,2,1.0,1,6,7,1,2,0,1,5,13,-14,1,
22023,201950,22300344,"DEC 17, 2023",BOS vs. ORL,W,34,6,12,0.5,2,5,0.4,0,0,0.0,1,5,6,0,0,2,3,2,14,17,1,
22023,201950,22300329,"DEC 15, 2023",BOS vs. ORL,W,28,2,7,0.286,2,3,0.667,0,0,0.0,1,3,4,4,2,1,0,2,6,12,1,
22023,201950,22300319,"DEC 14, 2023",BOS vs. CLE,W,37,7,11,0.636,1,3,0.333,0,0,0.0,2,1,3,4,0,0,2,2,15,11,1,
22023,201950,22300305,"DEC 12, 2023",BOS vs. CLE,W,34,4,7,0.571,3,5,0.6,0,0,0.0,2,2,4,2,3,1,1,3,11,2,1,
22023,201950,22301227,"DEC 08, 2023",BOS vs. NYK,W,35,7,11,0.636,1,3,0.333,1,1,1.0,0,6,6,5,2,1,1,1,16,7,1,
22023,201950,22301202,"DEC 04, 2023",BOS @ IND,L,38,3,9,0.333,1,5,0.2,2,2,1.0,1,5,6,3,1,1,1,1,9,-15,1,
22023,201950,22300275,"DEC 01, 2023",BOS vs. PHI,W,35,4,11,0.364,3,5,0.6,2,2,1.0,0,5,5,6,1,0,3,2,13,7,1,
22023,201950,22300053,"NOV 28, 2023",BOS vs. CHI,W,33,5,8,0.625,4,5,0.8,0,0,0.0,1,6,7,9,1,0,3,3,14,19,1,
22023,201950,22300228,"NOV 22, 2023",BOS vs. MIL,W,35,1,8,0.125,1,5,0.2,2,2,1.0,1,7,8,1,1,1,2,3,5,-1,1,
22023,201950,22300217,"NOV 20, 2023",BOS @ CHA,L,37,5,11,0.455,1,3,0.333,0,2,0.0,3,3,6,5,1,2,7,1,11,-4,1,
22023,201950,22300213,"NOV 19, 2023",BOS @ MEM,W,37,2,7,0.286,1,3,0.333,2,2,1.0,2,4,6,4,0,0,2,1,7,-9,1,
22023,201950,22300031,"NOV 17, 2023",BOS @ TOR,W,35,5,14,0.357,2,4,0.5,2,2,1.0,2,6,8,5,0,0,1,2,14,-2,1,
22023,201950,22300194,"NOV 15, 2023",BOS @ PHI,W,35,8,18,0.444,2,9,0.222,0,1,0.0,2,8,10,3,1,2,1,0,18,16,1,
22023,201950,22300188,"NOV 13, 2023",BOS vs. NYK,W,37,5,9,0.556,3,5,0.6,1,1,1.0,4,3,7,2,0,0,2,2,14,5,1,
22023,201950,22300174,"NOV 11, 2023",BOS vs. TOR,W,30,4,9,0.444,0,2,0.0,0,0,0.0,0,3,3,7,1,2,4,2,8,22,1,
22023,201950,22300010,"NOV 10, 2023",BOS vs. BKN,W,33,6,14,0.429,1,5,0.2,0,0,0.0,3,9,12,9,2,0,0,2,13,26,1,
22023,201950,22300159,"NOV 08, 2023",BOS @ PHI,L,35,4,9,0.444,2,3,0.667,2,2,1.0,1,4,5,5,1,0,2,1,12,13,1,
22023,201950,22300154,"NOV 06, 2023",BOS @ MIN,L,42,4,16,0.25,0,4,0.0,4,6,0.667,3,8,11,6,1,0,3,3,12,-19,1,
22023,201950,22300136,"NOV 04, 2023",BOS @ BKN,W,40,6,15,0.4,4,9,0.444,2,2,1.0,4,5,9,10,0,1,3,1,18,14,1,
22023,201950,22300118,"NOV 01, 2023",BOS vs. IND,W,25,6,9,0.667,3,4,0.75,0,0,0.0,0,7,7,4,0,1,1,0,15,20,1,
22023,201950,22300103,"OCT 30, 2023",BOS @ WAS,W,27,4,7,0.571,1,3,0.333,2,2,1.0,1,4,5,3,1,2,1,1,11,28,1,
22023,201950,22300080,"OCT 27, 2023",BOS vs. MIA,W,36,7,13,0.538,1,4,0.25,2,2,1.0,2,8,10,7,0,1,1,2,17,4,1,
22023,201950,22300065,"OCT 25, 2023",BOS @ NYK,W,35,4,10,0.4,1,5,0.2,0,0,0.0,2,2,4,2,0,3,2,3,9,3,1,
22023,201959,22300778,"FEB 14, 2024",NYK @ ORL,L,9,0,0,0.0,0,0,0.0,0,0,0.0,0,0,0,0,1,0,1,0,0,-4,1,
22023,201959,22300765,"FEB 12, 2024",NYK @ HOU,L,5,0,1,0.0,0,0,0.0,0,0,0.0,2,0,2,1,0,0,0,2,0,1,1,
22023,201959,22300755,"FEB 10, 2024",NYK vs. IND,L,19,0,4,0.0,0,0,0.0,0,0,0.0,0,3,3,1,0,0,0,2,0,-1,1,
22023,201959,22300736,"FEB 08, 2024",NYK vs. DAL,L,22,0,3,0.0,0,1,0.0,0,0,0.0,2,2,4,1,0,0,1,4,0,8,1,
22023,201959,22300722,"FEB 06, 2024",NYK vs. MEM,W,13,0,1,0.0,0,1,0.0,2,2,1.0,0,1,1,1,0,0,1,0,2,-2,1,
22023,201959,22300671,"JAN 30, 2024",NYK vs. UTA,W,0,0,0,0.0,0,0,0.0,0,0,0.0,0,0,0,0,0,0,0,0,0,0,1,
22023,201959,22300451,"JAN 01, 2024",NYK vs. MIN,W,0,0,0,0.0,0,0,0.0,0,0,0.0,0,0,0,0,0,0,0,1,0,-1,1,
22023,201959,22300441,"DEC 30, 2023",NYK @ IND,L,14,1,3,0.333,0,0,0.0,0,0,0.0,2,0,2,1,0,0,1,4,2,-13,1,
22023,201959,22300429,"DEC 29, 2023",NYK @ ORL,L,15,1,1,1.0,0,0,0.0,0,0,0.0,0,4,4,0,0,1,0,4,2,7,1,
22023,201959,22300419,"DEC 27, 2023",NYK @ OKC,L,10,2,2,1.0,0,0,0.0,0,0,0.0,1,1,2,0,0,0,0,2,4,-16,1,
22023,201959,22300401,"DEC 25, 2023",NYK vs. MIL,W,15,0,1,0.0,0,1,0.0,0,0,0.0,0,3,3,3,0,3,0,2,0,4,1,
22023,201959,22300388,"DEC 23, 2023",NYK vs. MIL,L,15,1,2,0.5,0,1,0.0,0,0,0.0,1,0,1,1,0,0,0,2,2,-5,1,
22023,201959,22300368,"DEC 20, 2023",NYK @ BKN,W,13,1,2,0.5,0,0,0.0,0,0,0.0,0,2,2,0,0,2,0,3,2,5,1,
22023,201959,22300359,"DEC 18, 2023",NYK @ LAL,W,6,0,0,0.0,0,0,0.0,0,0,0.0,1,2,3,0,0,0,1,2,0,-8,1,
22023,201959,22300343,"DEC 16, 2023",NYK @ LAC,L,6,1,3,0.333,0,2,0.0,0,0,0.0,1,0,1,0,1,0,0,0,2,2,1,
22023,201959,22300333,"DEC 15, 2023",NYK @ PHX,W,1,0,0,0.0,0,0,0.0,0,0,0.0,0,0,0,0,0,0,0,0,0,-1,1,
22023,201976,22300790,"FEB 15, 2024",MIL @ MEM,L,14,0,4,0.0,0,4,0.0,1,2,0.5,1,3,4,0,1,0,1,1,1,-16,1,
22023,201976,22300773,"FEB 13, 2024",MIL vs. MIA,L,13,1,3,0.333,1,1,1.0,0,0,0.0,0,2,2,2,1,0,2,1,3,-10,1,
22023,201976,22300767,"FEB 12, 2024",MIL vs. DEN,W,20,2,5,0.4,1,2,0.5,0,0,0.0,0,1,1,4,1,0,1,4,5,7,1,
22023,201976,22300745,"FEB 09, 2024",MIL vs. CHA,W,12,2,5,0.4,2,3,0.667,0,0,0.0,0,1,1,4,0,0,1,1,6,8,1,
22023,201976,22300727,"FEB 07, 2024",PHI vs. GSW,L,23,5,8,0.625,1,2,0.5,2,2,1.0,0,3,3,5,0,0,3,1,13,-17,1,
22023,201976,22300715,"FEB 05, 2024",PHI vs. DAL,L,21,3,8,0.375,1,3,0.333,0,0,0.0,2,1,3,2,0,0,1,1,7,-11,1,
22023,201976,22300698,"FEB 03, 2024",PHI vs. BKN,L,20,4,8,0.5,1,3,0.333,0,0,0.0,0,3,3,9,0,1,2,1,9,-15,1,
22023,201976,22300686,"FEB 01, 2024",PHI @ UTA,W,18,2,2,1.0,2,2,1.0,2,2,1.0,0,4,4,5,0,0,2,2,8,4,1,
22023,201976,22300673,"JAN 30, 2024",PHI @ GSW,L,28,4,12,0.333,2,4,0.5,2,2,1.0,2,3,5,2,2,1,1,4,12,-19,1,
22023,201976,22300668,"JAN 29, 2024",PHI @ POR,L,30,5,10,0.5,0,3,0.0,4,4,1.0,0,1,1,5,1,0,2,2,14,-25,1,
22023,201976,22300644,"JAN 27, 2024",PHI @ DEN,L,37,6,12,0.5,1,3,0.333,4,4,1.0,0,4,4,11,0,2,4,3,17,-14,1,
22023,201976,22300627,"JAN 25, 2024",PHI @ IND,L,19,1,6,0.167,0,3,0.0,2,3,0.667,0,3,3,5,0,1,2,3,4,-15,1,
22023,201976,22300585,"JAN 19, 2024",PHI @ ORL,W,28,2,7,0.286,1,3,0.333,0,0,0.0,1,5,6,4,1,2,1,1,5,7,1,
22023,201976,22300566,"JAN 16, 2024",PHI vs. DEN,W,27,3,7,0.429,2,3,0.667,0,0,0.0,0,2,2,2,2,0,0,2,8,4,1,
22023,201976,22300555,"JAN 15, 2024",PHI vs. HOU,W,29,3,8,0.375,1,4,0.25,4,6,0.667,0,5,5,6,1,1,3,2,11,15,1,
22023,201976,22300532,"JAN 12, 2024",PHI vs. SAC,W,27,2,8,0.25,0,4,0.0,0,0,0.0,0,9,9,7,0,0,3,2,4,13,1,
22023,201976,22300521,"JAN 10, 2024",PHI @ ATL,L,13,3,4,0.75,1,2,0.5,2,2,1.0,1,2,3,2,0,0,1,2,9,-15,1,
22023,201976,22300495,"JAN 06, 2024",PHI vs. UTA,L,34,5,13,0.385,2,6,0.333,0,0,0.0,2,2,4,7,0,0,0,0,12,-2,1,
22023,201976,22300483,"JAN 05, 2024",PHI vs. NYK,L,14,0,1,0.0,0,1,0.0,2,2,1.0,0,2,2,0,1,0,2,2,2,-12,1,
22023,201976,22300459,"JAN 02, 2024",PHI vs. CHI,W,14,1,1,1.0,1,1,1.0,0,0,0.0,0,1,1,2,0,0,1,1,3,15,1,
22023,201976,22300442,"DEC 30, 2023",PHI @ CHI,L,24,1,4,0.25,0,2,0.0,2,2,1.0,0,2,2,3,1,2,1,4,4,-7,1,
22023,201976,22300434,"DEC 29, 2023",PHI @ HOU,W,20,3,4,0.75,1,1,1.0,2,2,1.0,2,1,3,3,0,0,0,1,9,7,1,
22023,201976,22300415,"DEC 27, 2023",PHI @ ORL,W,17,4,7,0.571,0,1,0.0,2,2,1.0,0,4,4,2,1,1,1,2,10,3,1,
22023,201976,22300404,"DEC 25, 2023",PHI @ MIA,L,13,2,4,0.5,1,3,0.333,4,4,1.0,0,3,3,0,0,0,2,2,9,-18,1,
22023,201976,22300367,"DEC 20, 2023",PHI vs. MIN,W,18,2,5,0.4,1,2,0.5,0,0,0.0,0,3,3,3,0,1,0,0,5,7,1,
22023,201976,22300351,"DEC 18, 2023",PHI vs. CHI,L,19,2,6,0.333,0,2,0.0,0,0,0.0,0,3,3,1,0,0,1,1,4,-15,1,
22023,201976,22300335,"DEC 16, 2023",PHI @ CHA,W,8,0,1,0.0,0,1,0.0,3,4,0.75,0,0,0,2,0,0,0,1,3,14,1,
22023,201976,22300327,"DEC 15, 2023",PHI vs. DET,W,12,0,1,0.0,0,0,0.0,1,2,0.5,0,0,0,0,3,0,0,0,1,-6,1,
22023,201976,22300310,"DEC 13, 2023",PHI @ DET,W,13,1,3,0.333,1,2,0.5,0,2,0.0,0,1,1,1,0,0,0,2,3,17,1,
22023,201976,22300295,"DEC 11, 2023",PHI vs. WAS,W,11,4,6,0.667,3,4,0.75,1,1,1.0,1,1,2,2,0,0,0,2,12,22,1,
22023,201976,22301218,"DEC 08, 2023",PHI vs. ATL,W,18,2,6,0.333,0,3,0.0,1,1,1.0,1,0,1,1,0,0,1,0,5,4,1,
22023,201976,22301208,"DEC 06, 2023",PHI @ WAS,W,21,2,7,0.286,1,5,0.2,0,0,0.0,0,4,4,4,1,0,2,0,5,-7,1,
22023,201976,22300275,"DEC 01, 2023",PHI @ BOS,L,38,10,15,0.667,3,5,0.6,3,5,0.6,2,6,8,7,2,0,3,4,26,-12,1,
22023,201976,22300262,"NOV 29, 2023",PHI @ NOP,L,21,3,4,0.75,1,1,1.0,4,4,1.0,0,1,1,7,1,0,0,1,11,3,1,
22023,201976,22300255,"NOV 27, 2023",PHI vs. LAL,W,24,4,9,0.444,4,8,0.5,0,0,0.0,2,4,6,3,0,0,1,2,12,26,1,
22023,201976,22300239,"NOV 25, 2023",PHI @ OKC,W,21,2,5,0.4,1,3,0.333,1,2,0.5,2,2,4,4,0,0,0,1,6,-10,1,
22023,201976,22300232,"NOV 22, 2023",PHI @ MIN,L,16,1,2,0.5,0,1,0.0,0,0,0.0,0,0,0,2,0,0,2,2,2,-16,1,
22023,201976,22300040,"NOV 21, 2023",PHI vs. CLE,L,21,1,2,0.5,0,1,0.0,0,0,0.0,1,3,4,0,2,1,1,3,2,11,1,
22023,201976,22300208,"NOV 19, 2023",PHI @ BKN,W,12,1,4,0.25,0,1,0.0,0,0,0.0,0,1,1,2,0,0,1,1,2,1,1,
22023,201976,22300029,"NOV 17, 2023",PHI @ ATL,W,14,0,1,0.0,0,1,0.0,2,2,1.0,0,2,2,1,0,0,0,3,2,16,1,
22023,201976,22300194,"NOV 15, 2023",PHI vs. BOS,L,10,0,4,0.0,0,2,0.0,0,2,0.0,0,1,1,1,0,0,0,1,0,-17,1,
22023,201976,22300019,"NOV 14, 2023",PHI vs. IND,L,28,1,3,0.333,0,2,0.0,0,0,0.0,0,5,5,2,0,0,0,5,2,-9,1,
22023,201976,22300180,"NOV 12, 2023",PHI vs. IND,W,17,1,4,0.25,1,4,0.25,0,0,0.0,1,1,2,1,1,0,0,3,3,3,1,
22023,201976,22300008,"NOV 10, 2023",PHI @ DET,W,5,0,1,0.0,0,0,0.0,0,0,0.0,0,0,0,1,0,0,0,0,0,-8,1,
22023,201976,22300159,"NOV 08, 2023",PHI vs. BOS,W,15,1,2,0.5,0,1,0.0,0,0,0.0,0,5,5,4,0,0,0,2,2,4,1,
22023,201976,22300148,"NOV 06, 2023",PHI vs. WAS,W,12,2,3,0.667,1,2,0.5,1,1,1.0,2,2,4,5,1,1,1,0,6,27,1,
22023,201976,22300132,"NOV 04, 2023",PHI vs. PHX,W,12,0,1,0.0,0,1,0.0,0,0,0.0,1,3,4,1,0,0,0,1,0,-2,1,
22023,201976,22300128,"NOV 02, 2023",PHI vs. TOR,W,28,1,6,0.167,0,3,0.0,0,0,0.0,3,2,5,1,2,1,2,3,2,10,1,
22023,201976,22300098,"OCT 29, 2023",PHI vs. POR,W,20,2,3,0.667,0,0,0.0,0,0,0.0,1,1,2,2,1,3,1,3,4,8,1,
22023,201976,22300092,"OCT 28, 2023",PHI @ TOR,W,17,1,2,0.5,0,0,0.0,0,0,0.0,3,2,5,2,0,0,1,2,2,10,1,
22023,201976,22300075,"OCT 26, 2023",PHI @ MIL,L,14,1,1,1.0,0,0,0.0,0,0,0.0,0,2,2,2,0,0,0,2,2,6,1,
22023,201980,22300092,"OCT 28, 2023",PHI @ TOR,W,5,0,1,0.0,0,0,0.0,0,0,0.0,0,0,0,0,0,0,0,1,0,-2,1,
22023,201980,22300075,"OCT 26, 2023",PHI @ MIL,L,14,0,1,0.0,0,1,0.0,0,0,0.0,0,2,2,1,1,0,0,0,0,2,1,
22023,201988,22300729,"FEB 07, 2024",ATL @ BOS,L,10,0,2,0.0,0,1,0.0,0,0,0.0,0,2,2,1,1,0,0,0,0,2,1,
22023,201988,22300699,"FEB 03, 2024",ATL vs. GSW,W,7,0,0,0.0,0,0,0.0,0,0,0.0,0,0,0,0,0,0,0,0,0,6,1,
22023,201988,22300690,"FEB 02, 2024",ATL vs. PHX,W,10,1,4,0.25,0,3,0.0,0,0,0.0,0,2,2,0,1,0,0,0,2,9,1,
22023,201988,22300669,"JAN 30, 2024",ATL vs. LAL,W,2,0,1,0.0,0,1,0.0,0,0,0.0,0,0,0,0,0,0,0,0,0,1,1,
22023,201988,22300653,"JAN 28, 2024",ATL vs. TOR,W,15,0,2,0.0,0,2,0.0,0,0,0.0,2,1,3,1,1,0,1,1,0,-18,1,
22023,201988,22300634,"JAN 26, 2024",ATL vs. DAL,L,5,0,0,0.0,0,0,0.0,0,0,0.0,0,0,0,0,0,0,0,0,0,-8,1,
22023,201988,22300626,"JAN 24, 2024",ATL @ GSW,L,22,5,11,0.455,3,6,0.5,0,0,0.0,1,1,2,3,1,0,2,0,13,-13,1,
22023,201988,22300613,"JAN 22, 2024",ATL @ SAC,L,16,1,5,0.2,0,2,0.0,0,0,0.0,0,0,0,2,1,0,1,0,2,-2,1,
22023,201988,22300595,"JAN 20, 2024",ATL vs. CLE,L,10,2,3,0.667,2,3,0.667,0,0,0.0,0,0,0,0,1,0,0,1,6,3,1,
22023,201988,22300587,"JAN 19, 2024",ATL @ MIA,W,18,4,6,0.667,3,5,0.6,0,0,0.0,0,3,3,2,1,0,1,4,11,-7,1,
22023,201988,22300533,"JAN 12, 2024",ATL vs. IND,L,15,1,3,0.333,0,1,0.0,0,0,0.0,1,0,1,0,1,0,0,1,2,-11,1,
22023,201988,22300521,"JAN 10, 2024",ATL vs. PHI,W,6,0,0,0.0,0,0,0.0,0,0,0.0,0,0,0,0,0,0,0,2,0,0,1,
22023,201988,22300445,"DEC 31, 2023",ATL @ WAS,W,8,0,1,0.0,0,1,0.0,0,0,0.0,0,2,2,0,0,0,0,0,0,17,1,
22023,201988,22300431,"DEC 29, 2023",ATL vs. SAC,L,11,1,1,1.0,1,1,1.0,0,0,0.0,0,0,0,0,0,0,0,0,3,-11,1,
22023,201988,22300384,"DEC 22, 2023",ATL @ MIA,L,12,1,2,0.5,1,1,1.0,0,0,0.0,1,0,1,1,0,0,1,4,3,-2,1,
22023,201988,22300336,"DEC 16, 2023",ATL @ CLE,L,13,1,4,0.25,1,3,0.333,0,0,0.0,0,2,2,2,0,0,1,2,3,-1,1,
22023,201988,22300330,"DEC 15, 2023",ATL @ TOR,W,1,0,0,0.0,0,0,0.0,0,0,0.0,0,0,0,0,0,0,0,0,0,-3,1,
22023,201988,22301218,"DEC 08, 2023",ATL @ PHI,L,17,1,4,0.25,1,3,0.333,0,0,0.0,0,1,1,2,1,1,1,2,3,1,1,
22023,201988,22300241,"NOV 25, 2023",ATL @ WAS,W,5,1,2,0.5,1,1,1.0,0,0,0.0,0,1,1,0,0,0,0,0,3,-2,1,
22023,202066,22300756,"FEB 10, 2024",TOR vs. CLE,L,3,0,0,0.0,0,0,0.0,0,0,0.0,0,0,0,0,0,0,1,0,0,-3,1,
22023,202066,22300718,"FEB 05, 2024",TOR @ NOP,L,12,2,4,0.5,0,2,0.0,1,2,0.5,1,0,1,0,1,0,1,2,5,-4,1,
22023,202066,22300692,"FEB 02, 2024",TOR @ HOU,L,4,0,2,0.0,0,1,0.0,0,0,0.0,0,0,0,0,0,0,0,0,0,-1,1,
22023,202066,22300672,"JAN 30, 2024",TOR @ CHI,W,3,0,1,0.0,0,0,0.0,0,0,0.0,0,1,1,0,0,0,0,1,0,4,1,
22023,202066,22300637,"JAN 26, 2024",TOR vs. LAC,L,2,0,1,0.0,0,1,0.0,0,0,0.0,1,0,1,0,0,0,1,0,0,-4,1,
22023,202066,22300596,"JAN 20, 2024",TOR @ NYK,L,4,0,3,0.0,0,1,0.0,2,2,1.0,2,0,2,0,0,0,0,0,2,-2,1,
22023,202066,22300574,"JAN 17, 2024",TOR vs. MIA,W,2,0,1,0.0,0,1,0.0,0,0,0.0,0,1,1,0,1,0,0,0,0,-3,1,
22023,202066,22300540,"JAN 12, 2024",TOR @ UTA,L,8,0,1,0.0,0,1,0.0,0,0,0.0,1,0,1,2,0,0,1,1,0,-8,1,
22023,202066,22300526,"JAN 10, 2024",TOR @ LAC,L,8,1,2,0.5,1,1,1.0,0,0,0.0,0,2,2,1,0,0,0,2,3,4,1,
22023,202066,22300504,"JAN 07, 2024",TOR @ GSW,W,4,1,1,1.0,0,0,0.0,0,0,0.0,0,0,0,0,0,0,1,0,2,-5,1,
22023,202066,22300330,"DEC 15, 2023",TOR vs. ATL,L,3,0,0,0.0,0,0,0.0,0,0,0.0,0,0,0,1,0,0,0,0,0,1,1,
22023,202066,22300038,"NOV 21, 2023",TOR @ ORL,L,4,1,1,1.0,0,0,0.0,0,0,0.0,0,0,0,2,0,0,0,0,2,4,1,
22023,202066,22300195,"NOV 15, 2023",TOR vs. MIL,L,4,1,1,1.0,1,1,1.0,0,0,0.0,0,1,1,0,0,0,0,0,3,4,1,
22023,202066,22300174,"NOV 11, 2023",TOR @ BOS,L,4,1,2,0.5,0,0,0.0,0,0,0.0,0,1,1,0,1,0,0,0,2,6,1,
22023,202066,22300128,"NOV 02, 2023",TOR @ PHI,L,2,1,1,1.0,0,0,0.0,0,0,0.0,0,0,0,0,0,0,0,0,2,1,1,
22023,202066,22300116,"NOV 01, 2023",TOR vs. MIL,W,3,0,0,0.0,0,0,0.0,2,2,1.0,0,0,0,0,0,0,0,0,2,-4,1,
22023,202083,22300716,"FEB 05, 2024",ATL vs. LAC,L,6,1,1,1.0,1,1,1.0,0,0,0.0,0,1,1,1,1,0,0,0,3,0,1,
22023,202083,22300690,"FEB 02, 2024",ATL vs. PHX,W,13,2,6,0.333,2,5,0.4,0,0,0.0,0,1,1,0,0,0,0,2,6,4,1,
22023,202083,22300499,"JAN 07, 2024",ATL @ ORL,L,9,0,0,0.0,0,0,0.0,0,0,0.0,0,1,1,0,0,1,0,1,0,11,1,
22023,202083,22300408,"DEC 26, 2023",ATL @ CHI,L,6,0,0,0.0,0,0,0.0,0,0,0.0,0,0,0,1,0,1,1,1,0,-1,1,
22023,202083,22300384,"DEC 22, 2023",ATL @ MIA,L,7,0,1,0.0,0,1,0.0,0,0,0.0,0,1,1,0,0,0,0,1,0,-3,1,
22023,202083,22300371,"DEC 20, 2023",ATL @ HOU,W,8,0,2,0.0,0,1,0.0,1,2,0.5,0,2,2,0,0,0,0,1,1,2,1,
22023,202083,22300352,"DEC 18, 2023",ATL vs. DET,W,15,1,2,0.5,0,1,0.0,0,0,0.0,0,2,2,1,1,1,1,1,2,-9,1,
22023,202083,22300336,"DEC 16, 2023",ATL @ CLE,L,20,1,2,0.5,0,1,0.0,0,0,0.0,0,2,2,1,0,0,0,3,2,8,1,
22023,202083,22300313,"DEC 13, 2023",ATL @ TOR,L,14,1,6,0.167,1,4,0.25,2,2,1.0,1,1,2,1,2,0,0,3,5,-11,1,
22023,202083,22300296,"DEC 11, 2023",ATL vs. DEN,L,18,1,5,0.2,0,4,0.0,0,0,0.0,1,4,5,1,2,0,2,1,2,-2,1,
22023,202083,22301218,"DEC 08, 2023",ATL @ PHI,L,10,0,3,0.0,0,1,0.0,3,3,1.0,0,0,0,0,0,0,0,0,3,-13,1,
22023,202083,22301209,"DEC 06, 2023",ATL vs. BKN,L,11,0,1,0.0,0,1,0.0,4,4,1.0,0,1,1,0,1,0,0,2,4,-1,1,
22023,202083,22300286,"DEC 02, 2023",ATL @ MIL,L,12,0,2,0.0,0,2,0.0,1,2,0.5,0,1,1,0,2,0,0,0,1,-13,1,
22023,202083,22300272,"NOV 30, 2023",ATL @ SAS,W,15,1,1,1.0,1,1,1.0,0,0,0.0,0,0,0,2,0,1,0,1,3,1,1,
22023,202083,22300055,"NOV 28, 2023",ATL @ CLE,L,16,0,3,0.0,0,3,0.0,0,0,0.0,0,3,3,2,0,0,0,0,0,1,1,
22023,202083,22300246,"NOV 26, 2023",ATL @ BOS,L,8,1,3,0.333,0,2,0.0,0,0,0.0,0,0,0,0,0,0,0,1,2,-1,1,
22023,202083,22300241,"NOV 25, 2023",ATL @ WAS,W,8,0,1,0.0,0,1,0.0,0,0,0.0,0,0,0,1,0,0,0,0,0,-6,1,
22023,202083,22300039,"NOV 21, 2023",ATL vs. IND,L,9,1,2,0.5,1,2,0.5,0,0,0.0,0,1,1,1,0,0,1,3,3,1,1,
22023,202083,22300029,"NOV 17, 2023",ATL vs. PHI,L,10,0,2,0.0,0,2,0.0,2,4,0.5,0,0,0,0,0,0,0,2,2,-8,1,
22023,202083,22300193,"NOV 15, 2023",ATL vs. NYK,L,10,1,1,1.0,1,1,1.0,0,0,0.0,1,2,3,1,1,0,0,2,3,2,1,
22023,202083,22300175,"NOV 11, 2023",ATL vs. MIA,L,7,2,2,1.0,2,2,1.0,1,2,0.5,1,1,2,0,0,0,1,3,7,1,1,
22023,202330,22300414,"DEC 26, 2023",CHA @ LAC,L,24,3,8,0.375,0,2,0.0,2,2,1.0,1,1,2,5,1,0,1,2,8,-4,1,
22023,202330,22300390,"DEC 23, 2023",CHA vs. DEN,L,31,4,7,0.571,0,0,0.0,0,0,0.0,0,6,6,4,1,2,4,2,8,-3,1,
22023,202330,22300365,"DEC 20, 2023",CHA @ IND,L,24,3,5,0.6,1,1,1.0,4,6,0.667,0,1,1,3,0,0,2,0,11,-25,1,
22023,202330,22300326,"DEC 15, 2023",CHA vs. NOP,L,34,4,10,0.4,1,4,0.25,0,0,0.0,0,3,3,4,1,1,1,2,9,0,1,
22023,202330,22300312,"DEC 13, 2023",CHA @ MIA,L,35,7,12,0.583,1,2,0.5,5,5,1.0,1,4,5,7,0,0,4,2,20,1,1,
22023,202330,22300292,"DEC 11, 2023",CHA vs. MIA,L,32,7,12,0.583,1,3,0.333,2,4,0.5,0,6,6,7,1,0,0,4,17,-13,1,
22023,202330,22301216,"DEC 08, 2023",CHA vs. TOR,W,35,10,15,0.667,1,2,0.5,3,4,0.75,3,1,4,4,1,0,3,1,24,2,1,
22023,202330,22301211,"DEC 06, 2023",CHA @ CHI,L,35,10,18,0.556,2,4,0.5,5,5,1.0,2,2,4,4,3,1,5,2,27,2,1,
22023,202330,22300281,"DEC 02, 2023",CHA vs. MIN,L,31,7,11,0.636,1,2,0.5,2,2,1.0,0,1,1,3,2,0,2,1,17,-14,1,
22023,202330,22300266,"NOV 30, 2023",CHA @ BKN,W,32,8,14,0.571,2,4,0.5,4,4,1.0,2,4,6,6,0,0,2,1,22,3,1,
22023,202330,22300057,"NOV 28, 2023",CHA @ NYK,L,28,2,7,0.286,0,2,0.0,0,0,0.0,2,4,6,6,0,0,2,1,4,-3,1,
22023,202330,22300248,"NOV 26, 2023",CHA @ ORL,L,33,4,11,0.364,2,4,0.5,0,2,0.0,0,5,5,2,0,1,3,1,10,-15,1,
22023,202330,22300225,"NOV 22, 2023",CHA vs. WAS,W,30,2,8,0.25,0,1,0.0,0,0,0.0,1,8,9,6,0,0,3,1,4,-18,1,
22023,202330,22300217,"NOV 20, 2023",CHA vs. BOS,W,39,6,15,0.4,1,2,0.5,7,8,0.875,3,2,5,4,1,1,2,3,20,20,1,
22023,202330,22300202,"NOV 18, 2023",CHA vs. NYK,L,32,1,7,0.143,0,2,0.0,2,2,1.0,0,3,3,4,2,0,0,3,4,-18,1,
22023,202330,22300027,"NOV 17, 2023",CHA vs. MIL,L,29,1,9,0.111,0,3,0.0,0,0,0.0,0,4,4,0,0,0,0,2,2,-27,1,
22023,202330,22300177,"NOV 12, 2023",CHA @ NYK,L,29,3,9,0.333,0,1,0.0,0,0,0.0,0,1,1,2,0,0,2,3,6,-16,1,
22023,202330,22300009,"NOV 10, 2023",CHA @ WAS,W,36,10,20,0.5,1,4,0.25,6,8,0.75,0,5,5,9,4,1,0,0,27,16,1,
22023,202330,22300157,"NOV 08, 2023",CHA vs. WAS,L,32,6,14,0.429,2,4,0.5,4,6,0.667,1,6,7,4,3,0,3,2,18,-8,1,
22023,202330,22300143,"NOV 05, 2023",CHA @ DAL,L,34,9,23,0.391,1,4,0.25,1,4,0.25,2,2,4,8,1,0,1,2,20,-4,1,
22023,202330,22300133,"NOV 04, 2023",CHA @ IND,W,34,10,17,0.588,1,2,0.5,2,2,1.0,1,5,6,3,0,2,1,3,23,-3,1,
22023,202330,22300122,"NOV 01, 2023",CHA @ HOU,L,31,6,11,0.545,0,1,0.0,5,7,0.714,2,5,7,5,1,1,1,1,17,-3,1,
22023,202330,22300101,"OCT 30, 2023",CHA vs. BKN,L,31,6,11,0.545,2,2,1.0,1,1,1.0,0,0,0,5,2,1,0,4,15,-8,1,
22023,202330,22300077,"OCT 27, 2023",CHA vs. DET,L,34,6,15,0.4,2,4,0.5,5,6,0.833,1,8,9,4,3,0,3,2,19,-10,1,
22023,202330,22300063,"OCT 25, 2023",CHA vs. ATL,W,33,4,8,0.5,0,1,0.0,2,3,0.667,3,5,8,7,1,1,6,1,10,15,1,
22023,202331,22300789,"FEB 14, 2024",LAC @ GSW,W,33,8,17,0.471,1,7,0.143,7,8,0.875,0,5,5,5,2,1,2,6,24,0,2,
22023,202331,22300770,"FEB 12, 2024",LAC vs. MIN,L,30,5,16,0.313,2,8,0.25,6,6,1.0,0,6,6,3,1,0,0,2,18,-13,1,
22023,202331,22300749,"FEB 10, 2024",LAC vs. DET,W,36,14,24,0.583,4,13,0.308,1,1,1.0,0,5,5,3,3,0,1,3,33,2,1,
22023,202331,22300731,"FEB 07, 2024",LAC vs. NOP,L,28,3,15,0.2,0,8,0.0,1,1,1.0,0,1,1,4,2,0,3,2,7,-4,1,
22023,202331,22300716,"FEB 05, 2024",LAC @ ATL,W,32,7,13,0.538,3,5,0.6,1,2,0.5,0,3,3,5,2,0,1,3,18,12,1,
22023,202331,22300708,"FEB 04, 2024",LAC @ MIA,W,33,3,13,0.231,3,10,0.3,6,6,1.0,0,7,7,4,1,1,4,2,15,7,1,
22023,202331,22300688,"FEB 02, 2024",LAC @ DET,W,27,8,16,0.5,2,5,0.4,0,0,0.0,0,4,4,7,3,1,0,3,18,13,1,
22023,202331,22300658,"JAN 29, 2024",LAC @ CLE,L,27,3,11,0.273,0,5,0.0,7,8,0.875,1,4,5,3,2,1,2,6,13,4,1,
22023,202331,22300646,"JAN 27, 2024",LAC @ BOS,W,22,5,11,0.455,3,6,0.5,4,4,1.0,1,5,6,1,2,0,1,2,17,23,1,
22023,202331,22300637,"JAN 26, 2024",LAC @ TOR,W,28,6,15,0.4,3,9,0.333,6,7,0.857,0,2,2,1,1,2,2,0,21,13,1,
22023,202331,22300618,"JAN 23, 2024",LAC vs. LAL,W,30,8,12,0.667,1,2,0.5,0,0,0.0,1,4,5,3,0,1,4,2,17,7,1,
22023,202331,22300600,"JAN 21, 2024",LAC vs. BKN,W,36,5,17,0.294,2,7,0.286,0,0,0.0,1,6,7,1,1,0,1,3,12,17,1,
22023,202331,22300568,"JAN 16, 2024",LAC vs. OKC,W,34,15,24,0.625,6,12,0.5,2,4,0.5,0,7,7,5,3,0,0,2,38,13,1,
22023,202331,22300553,"JAN 14, 2024",LAC @ MIN,L,42,5,19,0.263,4,13,0.308,2,2,1.0,0,4,4,3,0,0,1,2,16,-6,1,
22023,202331,22300537,"JAN 12, 2024",LAC @ MEM,W,35,12,18,0.667,7,10,0.7,6,6,1.0,0,3,3,1,2,0,4,3,37,18,1,
22023,202331,22300526,"JAN 10, 2024",LAC vs. TOR,W,38,12,22,0.545,5,9,0.556,0,0,0.0,0,7,7,6,2,1,0,4,29,15,1,
22023,202331,22300511,"JAN 08, 2024",LAC vs. PHX,W,31,10,19,0.526,4,9,0.444,1,2,0.5,1,6,7,0,1,0,1,2,25,21,1,
22023,202331,22300505,"JAN 07, 2024",LAC @ LAL,L,38,8,18,0.444,4,11,0.364,2,2,1.0,0,4,4,3,5,1,3,4,22,3,1,
22023,202331,22300486,"JAN 05, 2024",LAC @ NOP,W,30,9,15,0.6,6,10,0.6,0,0,0.0,0,7,7,1,0,1,2,2,24,22,1,
22023,202331,22300473,"JAN 03, 2024",LAC @ PHX,W,37,8,14,0.571,5,10,0.5,12,14,0.857,2,5,7,3,2,0,1,3,33,12,1,
22023,202331,22300458,"JAN 01, 2024",LAC vs. MIA,W,34,7,14,0.5,3,8,0.375,6,6,1.0,0,3,3,2,1,0,3,4,23,14,1,
22023,202331,22300438,"DEC 29, 2023",LAC vs. MEM,W,36,8,21,0.381,2,8,0.25,5,6,0.833,1,6,7,3,1,0,4,6,23,2,1,
22023,202331,22300414,"DEC 26, 2023",LAC vs. CHA,W,37,10,25,0.4,5,11,0.455,0,0,0.0,2,2,4,4,0,0,3,4,25,9,1,
22023,202331,22300389,"DEC 23, 2023",LAC vs. BOS,L,30,9,17,0.529,3,7,0.429,0,0,0.0,1,2,3,2,1,2,1,1,21,-27,1,
22023,202331,22300379,"DEC 21, 2023",LAC @ OKC,L,29,7,14,0.5,5,8,0.625,3,3,1.0,0,4,4,4,1,1,1,4,22,-13,1,
22023,202331,22300350,"DEC 18, 2023",LAC @ IND,W,31,9,21,0.429,5,11,0.455,4,4,1.0,0,3,3,4,1,1,1,3,27,22,1,
22023,202331,22300343,"DEC 16, 2023",LAC vs. NYK,W,31,11,18,0.611,3,6,0.5,0,0,0.0,0,4,4,7,2,0,2,4,25,26,1,
22023,202331,22300309,"DEC 12, 2023",LAC vs. SAC,W,16,3,7,0.429,2,5,0.4,1,1,1.0,0,6,6,1,2,0,3,0,9,14,1,
22023,202331,22300304,"DEC 11, 2023",LAC vs. POR,W,41,7,17,0.412,2,8,0.25,4,4,1.0,3,5,8,8,1,1,1,4,20,3,1,
22023,202331,22301225,"DEC 08, 2023",LAC @ UTA,W,37,8,13,0.615,2,5,0.4,2,3,0.667,0,3,3,2,6,1,1,2,20,14,1,
22023,202331,22301215,"DEC 06, 2023",LAC vs. DEN,W,38,8,20,0.4,5,9,0.556,4,4,1.0,1,7,8,1,0,1,2,1,25,11,1,
22023,202331,22300280,"DEC 02, 2023",LAC vs. GSW,W,38,8,17,0.471,4,8,0.5,5,5,1.0,0,6,6,6,1,0,1,5,25,5,1,
22023,202331,22300273,"NOV 30, 2023",LAC @ GSW,L,37,6,18,0.333,3,10,0.3,0,0,0.0,0,1,1,10,0,0,1,5,15,-6,1,
22023,202331,22300264,"NOV 29, 2023",LAC @ SAC,W,40,7,18,0.389,4,9,0.444,1,2,0.5,0,3,3,7,0,0,1,1,19,14,1,
22023,202331,22300257,"NOV 27, 2023",LAC vs. DEN,L,37,2,13,0.154,0,4,0.0,2,2,1.0,3,5,8,4,1,1,3,5,6,-11,1,
22023,202331,22300244,"NOV 25, 2023",LAC vs. DAL,W,36,9,19,0.474,2,5,0.4,5,5,1.0,1,8,9,4,0,0,1,4,25,19,1,
22023,202331,22300052,"NOV 24, 2023",LAC vs. NOP,L,39,14,30,0.467,4,12,0.333,2,3,0.667,1,7,8,2,0,0,2,3,34,-9,1,
22023,202331,22300235,"NOV 22, 2023",LAC @ SAS,W,36,8,23,0.348,4,12,0.333,4,4,1.0,1,7,8,3,2,0,2,3,24,7,1,
22023,202331,22300223,"NOV 20, 2023",LAC @ SAS,W,32,11,16,0.688,4,8,0.5,2,2,1.0,0,5,5,6,1,0,2,1,28,23,1,
22023,202331,22300037,"NOV 17, 2023",LAC vs. HOU,W,40,8,22,0.364,4,10,0.4,3,3,1.0,1,7,8,3,2,1,3,2,23,9,1,
22023,202331,22300024,"NOV 14, 2023",LAC @ DEN,L,40,13,26,0.5,4,11,0.364,5,5,1.0,0,7,7,3,3,0,1,4,35,-5,1,
22023,202331,22300179,"NOV 12, 2023",LAC vs. MEM,L,37,8,16,0.5,3,7,0.429,7,9,0.778,1,6,7,7,2,0,7,5,26,2,1,
22023,202331,22300014,"NOV 10, 2023",LAC @ DAL,L,23,3,12,0.25,1,7,0.143,1,1,1.0,0,3,3,2,1,0,2,3,8,-14,1,
22023,202331,22300160,"NOV 08, 2023",LAC @ BKN,L,39,7,20,0.35,2,10,0.2,8,8,1.0,1,6,7,1,3,1,3,2,24,-7,1,
22023,202331,22300151,"NOV 06, 2023",LAC @ NYK,L,34,2,11,0.182,1,6,0.167,5,5,1.0,0,7,7,3,3,0,4,2,10,-7,1,
22023,202331,22300127,"NOV 01, 2023",LAC @ LAL,L,37,11,16,0.688,6,9,0.667,7,8,0.875,0,6,6,1,2,0,3,6,35,22,1,
22023,202331,22300114,"OCT 31, 2023",LAC vs. ORL,W,33,8,17,0.471,6,9,0.667,5,6,0.833,1,6,7,7,2,0,3,2,27,15,1,
22023,202331,22300099,"OCT 29, 2023",LAC vs. SAS,W,28,8,17,0.471,2,7,0.286,1,1,1.0,1,3,4,5,5,0,1,1,19,24,1,
22023,202331,22300085,"OCT 27, 2023",LAC @ UTA,L,38,9,17,0.529,3,9,0.333,15,15,1.0,1,3,4,1,0,0,2,1,36,3,1,
22023,202331,22300074,"OCT 25, 2023",LAC vs. POR,W,32,11,17,0.647,4,7,0.571,1,1,1.0,0,3,3,6,3,0,4,2,27,23,1,
22023,202397,22300726,"FEB 07, 2024",CHA vs. TOR,L,16,0,5,0.0,0,0,0.0,0,0,0.0,0,2,2,4,1,0,0,1,0,-1,1,
22023,202397,22300713,"FEB 05, 2024",CHA vs. LAL,L,34,4,9,0.444,0,0,0.0,0,0,0.0,0,2,2,6,2,0,2,2,8,-10,1,
22023,202397,22300707,"FEB 04, 2024",CHA vs. IND,L,26,1,3,0.333,1,1,1.0,0,0,0.0,0,3,3,4,0,0,2,3,3,-30,1,
22023,202397,22300695,"FEB 02, 2024",CHA @ OKC,L,16,1,4,0.25,0,0,0.0,0,0,0.0,0,1,1,3,1,0,1,1,2,-18,1,
22023,202397,22300674,"JAN 31, 2024",CHA vs. CHI,L,16,1,3,0.333,1,1,1.0,0,0,0.0,0,0,0,2,0,0,0,2,3,-1,1,
22023,202397,22300657,"JAN 29, 2024",CHA vs. NYK,L,11,0,1,0.0,0,0,0.0,0,0,0.0,0,0,0,3,0,0,0,1,0,-11,1,
22023,202397,22300647,"JAN 27, 2024",CHA vs. UTA,L,29,0,5,0.0,0,0,0.0,0,0,0.0,0,3,3,12,1,0,0,3,0,-11,1,
22023,202397,22300635,"JAN 26, 2024",CHA vs. HOU,L,20,0,3,0.0,0,0,0.0,0,0,0.0,0,5,5,2,0,0,1,3,0,-24,1,
22023,202397,22300619,"JAN 24, 2024",CHA @ DET,L,13,1,1,1.0,0,0,0.0,0,0,0.0,1,3,4,5,0,1,0,0,2,16,1,
22023,202397,22300610,"JAN 22, 2024",CHA @ MIN,W,11,3,3,1.0,0,0,0.0,0,0,0.0,0,1,1,1,2,0,0,2,6,-6,1,
22023,202397,22300593,"JAN 20, 2024",CHA vs. PHI,L,19,1,4,0.25,0,0,0.0,0,0,0.0,0,2,2,5,0,0,2,0,2,4,1,
22023,202397,22300575,"JAN 17, 2024",CHA @ NOP,L,11,1,1,1.0,0,0,0.0,0,0,0.0,0,1,1,2,0,1,0,0,2,-9,1,
22023,202397,22300551,"JAN 14, 2024",CHA @ MIA,L,12,0,1,0.0,0,0,0.0,1,2,0.5,1,1,2,0,0,0,0,0,1,-6,1,
22023,202397,22300541,"JAN 12, 2024",CHA @ SAS,L,22,0,4,0.0,0,0,0.0,0,0,0.0,0,2,2,6,1,0,2,0,0,-14,1,
22023,202397,22300518,"JAN 10, 2024",CHA vs. SAC,L,16,1,3,0.333,0,0,0.0,0,0,0.0,0,1,1,0,0,0,0,1,2,-5,1,
22023,202397,22300506,"JAN 08, 2024",CHA vs. CHI,L,15,1,4,0.25,0,0,0.0,0,0,0.0,0,0,0,1,0,0,0,1,2,1,1,
22023,202397,22300484,"JAN 05, 2024",CHA @ CHI,L,16,3,9,0.333,0,2,0.0,0,0,0.0,1,1,2,4,1,0,0,1,6,-8,1,
22023,202397,22300464,"JAN 02, 2024",CHA @ SAC,W,18,2,4,0.5,0,0,0.0,0,0,0.0,1,5,6,4,1,0,4,1,4,13,1,
22023,202397,22300455,"JAN 01, 2024",CHA @ DEN,L,29,5,12,0.417,0,0,0.0,0,0,0.0,1,2,3,4,0,0,4,2,10,-28,1,
22023,202397,22300436,"DEC 29, 2023",CHA @ PHX,L,13,0,1,0.0,0,0,0.0,0,0,0.0,0,1,1,6,0,0,0,1,0,-13,1,
22023,202397,22300428,"DEC 28, 2023",CHA @ LAL,L,14,3,4,0.75,0,0,0.0,0,0,0.0,0,3,3,4,0,0,1,1,6,-6,1,
22023,202397,22300414,"DEC 26, 2023",CHA @ LAC,L,16,2,4,0.5,0,0,0.0,0,0,0.0,0,1,1,4,0,0,1,1,4,0,1,
22023,202397,22300390,"DEC 23, 2023",CHA vs. DEN,L,26,1,4,0.25,0,0,0.0,2,2,1.0,1,2,3,8,0,0,2,2,4,-12,1,
22023,202397,22300365,"DEC 20, 2023",CHA @ IND,L,16,2,3,0.667,0,0,0.0,0,0,0.0,0,0,0,6,0,0,1,1,4,-5,1,
22023,202397,22300354,"DEC 18, 2023",CHA @ TOR,L,23,4,10,0.4,0,0,0.0,0,0,0.0,0,0,0,1,0,1,1,1,8,-21,1,
22023,202397,22300335,"DEC 16, 2023",CHA vs. PHI,L,18,3,7,0.429,0,0,0.0,0,0,0.0,0,1,1,4,1,0,0,0,6,-7,1,
22023,202397,22300326,"DEC 15, 2023",CHA vs. NOP,L,15,0,2,0.0,0,0,0.0,0,0,0.0,1,0,1,2,0,0,0,0,0,10,1,
22023,202397,22300312,"DEC 13, 2023",CHA @ MIA,L,17,3,5,0.6,0,1,0.0,0,0,0.0,0,2,2,4,0,0,3,3,6,-5,1,
22023,202397,22300292,"DEC 11, 2023",CHA vs. MIA,L,15,2,4,0.5,1,1,1.0,0,0,0.0,0,0,0,3,1,0,2,0,5,-3,1,
22023,202397,22301216,"DEC 08, 2023",CHA vs. TOR,W,14,1,1,1.0,0,0,0.0,0,0,0.0,0,0,0,4,0,0,1,0,2,1,1,
22023,202397,22301211,"DEC 06, 2023",CHA @ CHI,L,14,0,0,0.0,0,0,0.0,0,0,0.0,0,1,1,3,0,0,2,1,0,-6,1,
22023,202397,22300281,"DEC 02, 2023",CHA vs. MIN,L,16,3,3,1.0,0,0,0.0,0,0,0.0,1,3,4,5,0,0,0,0,6,3,1,
22023,202397,22300266,"NOV 30, 2023",CHA @ BKN,W,13,0,0,0.0,0,0,0.0,0,0,0.0,1,0,1,0,0,0,2,4,0,-2,1,
22023,202397,22300057,"NOV 28, 2023",CHA @ NYK,L,14,2,3,0.667,0,0,0.0,0,0,0.0,0,1,1,1,0,0,3,1,4,-17,1,
22023,202397,22300248,"NOV 26, 2023",CHA @ ORL,L,17,2,3,0.667,0,0,0.0,0,0,0.0,0,2,2,4,1,0,1,2,4,-13,1,
22023,202397,22300225,"NOV 22, 2023",CHA vs. WAS,W,20,0,1,0.0,0,0,0.0,0,0,0.0,0,0,0,4,1,0,1,1,0,14,1,
22023,202397,22300217,"NOV 20, 2023",CHA vs. BOS,W,20,3,4,0.75,0,0,0.0,0,0,0.0,0,2,2,3,0,0,1,0,6,-12,1,
22023,202397,22300202,"NOV 18, 2023",CHA vs. NYK,L,17,3,6,0.5,1,2,0.5,0,0,0.0,0,3,3,4,0,0,0,1,7,0,1,
22023,202397,22300027,"NOV 17, 2023",CHA vs. MIL,L,23,4,7,0.571,0,0,0.0,0,0,0.0,0,2,2,2,0,1,1,0,8,-6,1,
22023,202397,22300017,"NOV 14, 2023",CHA vs. MIA,L,19,1,3,0.333,0,0,0.0,0,0,0.0,1,1,2,3,0,0,3,1,2,-11,1,
22023,202397,22300177,"NOV 12, 2023",CHA @ NYK,L,17,2,4,0.5,0,0,0.0,0,0,0.0,1,4,5,2,2,0,0,1,4,-9,1,
22023,202397,22300157,"NOV 08, 2023",CHA vs. WAS,L,10,0,0,0.0,0,0,0.0,0,0,0.0,0,1,1,0,1,0,2,0,0,-8,1,
22023,202397,22300143,"NOV 05, 2023",CHA @ DAL,L,3,0,0,0.0,0,0,0.0,0,0,0.0,0,0,0,0,0,0,1,3,0,-4,1,
22023,202681,22300785,"FEB 14, 2024",DAL vs. SAS,W,33,15,22,0.682,4,9,0.444,0,0,0.0,1,8,9,7,2,1,1,1,34,17,1,
22023,202681,22300768,"FEB 12, 2024",DAL vs. WAS,W,43,10,19,0.526,2,7,0.286,4,6,0.667,1,6,7,4,0,2,2,3,26,3,1,
22023,202681,22300748,"FEB 10, 2024",DAL vs. OKC,W,33,11,19,0.579,2,7,0.286,1,2,0.5,1,5,6,8,1,0,1,2,25,32,1,
22023,202681,22300736,"FEB 08, 2024",DAL @ NYK,W,36,7,17,0.412,2,6,0.333,0,0,0.0,0,5,5,6,0,0,2,3,16,12,1,
22023,202681,22300720,"FEB 06, 2024",DAL @ BKN,W,40,15,24,0.625,6,10,0.6,0,0,0.0,0,2,2,5,2,0,3,1,36,15,1,
22023,202681,22300715,"FEB 05, 2024",DAL @ PHI,W,35,10,17,0.588,2,3,0.667,1,1,1.0,1,4,5,8,2,1,1,4,23,15,1,
22023,202681,22300611,"JAN 22, 2024",DAL vs. BOS,L,36,9,20,0.45,3,7,0.429,2,2,1.0,0,6,6,3,2,0,1,3,23,0,1,
22023,202681,22300577,"JAN 17, 2024",DAL @ LAL,L,32,4,16,0.25,1,5,0.2,3,3,1.0,0,5,5,6,0,0,2,2,12,-14,1,
22023,202681,22300556,"JAN 15, 2024",DAL vs. NOP,W,41,13,28,0.464,3,9,0.333,13,15,0.867,0,7,7,7,0,1,3,1,42,7,1,
22023,202681,22300547,"JAN 13, 2024",DAL vs. NOP,L,40,12,27,0.444,5,14,0.357,4,4,1.0,0,5,5,6,1,0,1,2,33,-8,1,
22023,202681,22300530,"JAN 11, 2024",DAL vs. NYK,W,40,15,26,0.577,6,10,0.6,8,9,0.889,0,4,4,10,2,0,5,3,44,9,1,
22023,202681,22300515,"JAN 09, 2024",DAL vs. MEM,L,40,11,25,0.44,2,7,0.286,9,10,0.9,4,4,8,4,4,1,3,3,33,-2,1,
22023,202681,22300501,"JAN 07, 2024",DAL vs. MIN,W,39,14,27,0.519,6,8,0.75,1,1,1.0,5,3,8,5,3,2,3,2,35,6,1,
22023,202681,22300487,"JAN 05, 2024",DAL vs. POR,W,29,10,18,0.556,3,7,0.429,1,1,1.0,0,9,9,5,2,2,1,0,24,27,1,
22023,202681,22300472,"JAN 03, 2024",DAL vs. POR,W,29,10,19,0.526,4,8,0.5,5,6,0.833,1,8,9,5,2,0,1,0,29,20,1,
22023,202681,22300457,"JAN 01, 2024",DAL @ UTA,L,32,6,14,0.429,2,3,0.667,0,1,0.0,1,8,9,4,0,1,1,3,14,-15,1,
22023,202681,22301226,"DEC 08, 2023",DAL @ POR,W,13,4,6,0.667,0,0,0.0,3,3,1.0,0,2,2,2,1,0,0,1,11,-10,1,
22023,202681,22301213,"DEC 06, 2023",DAL vs. UTA,W,27,11,16,0.688,4,7,0.571,0,0,0.0,0,3,3,4,3,0,1,2,26,26,1,
22023,202681,22300277,"DEC 01, 2023",DAL vs. MEM,L,36,3,15,0.2,0,5,0.0,4,5,0.8,0,5,5,5,0,0,1,2,10,-6,1,
22023,202681,22300059,"NOV 28, 2023",DAL vs. HOU,W,36,8,22,0.364,2,7,0.286,9,9,1.0,1,1,2,5,1,1,0,1,27,-9,1,
22023,202681,22300244,"NOV 25, 2023",DAL @ LAC,L,32,11,22,0.5,3,7,0.429,1,1,1.0,0,6,6,3,1,0,1,3,26,1,1,
22023,202681,22300238,"NOV 22, 2023",DAL @ LAL,W,35,11,22,0.5,4,8,0.5,2,2,1.0,1,5,6,2,2,0,2,0,28,14,1,
22023,202681,22300212,"NOV 19, 2023",DAL vs. SAC,L,33,8,17,0.471,2,6,0.333,5,5,1.0,0,2,2,1,0,0,1,2,23,-19,1,
22023,202681,22300205,"NOV 18, 2023",DAL @ MIL,L,34,16,29,0.552,3,10,0.3,4,4,1.0,1,3,4,6,1,0,2,4,39,13,1,
22023,202681,22300022,"NOV 14, 2023",DAL @ NOP,L,26,6,13,0.462,3,7,0.429,2,4,0.5,1,1,2,6,0,0,1,1,17,-14,1,
22023,202681,22300183,"NOV 12, 2023",DAL @ NOP,W,29,13,20,0.65,7,10,0.7,2,2,1.0,1,5,6,7,0,1,1,1,35,9,1,
22023,202681,22300014,"NOV 10, 2023",DAL vs. LAC,W,28,8,19,0.421,5,9,0.556,6,6,1.0,3,3,6,3,2,0,2,1,27,12,1,
22023,202681,22300168,"NOV 08, 2023",DAL vs. TOR,L,36,8,19,0.421,3,7,0.429,3,3,1.0,0,4,4,5,0,0,1,2,22,4,1,
22023,202681,22300147,"NOV 06, 2023",DAL @ ORL,W,37,8,20,0.4,2,6,0.333,3,5,0.6,1,5,6,10,3,0,3,2,21,18,1,
22023,202681,22300143,"NOV 05, 2023",DAL vs. CHA,W,34,6,14,0.429,2,6,0.333,4,4,1.0,0,3,3,10,1,1,2,3,18,8,1,
22023,202681,22300006,"NOV 03, 2023",DAL @ DEN,L,35,9,15,0.6,1,5,0.2,3,4,0.75,0,1,1,7,4,2,3,1,22,-12,1,
22023,202681,22300084,"OCT 27, 2023",DAL vs. BKN,W,34,6,17,0.353,1,4,0.25,4,4,1.0,1,6,7,6,0,0,0,2,17,-7,1,
22023,202681,22300073,"OCT 25, 2023",DAL @ SAS,W,36,10,24,0.417,1,8,0.125,1,1,1.0,0,2,2,6,1,0,2,3,22,1,1,
22023,202684,22300607,"JAN 22, 2024",CLE @ ORL,W,21,2,6,0.333,0,0,0.0,0,2,0.0,1,4,5,1,1,1,1,1,4,5,1,
22023,202684,22300595,"JAN 20, 2024",CLE @ ATL,W,14,3,4,0.75,0,1,0.0,0,0,0.0,0,5,5,2,0,1,0,0,6,14,1,
22023,202684,22300572,"JAN 17, 2024",CLE vs. MIL,W,20,3,4,0.75,0,0,0.0,0,0,0.0,2,7,9,3,0,0,2,0,6,10,1,
22023,202684,22300561,"JAN 15, 2024",CLE vs. CHI,W,14,2,4,0.5,0,0,0.0,0,0,0.0,1,1,2,1,0,0,0,0,4,-14,1,
22023,202684,22300527,"JAN 11, 2024",CLE vs. BKN,W,10,0,0,0.0,0,0,0.0,1,4,0.25,1,1,2,0,1,0,1,3,1,3,1,
22023,202684,22300497,"JAN 07, 2024",CLE vs. SAS,W,17,3,4,0.75,0,0,0.0,2,4,0.5,2,2,4,2,0,0,1,4,8,12,1,
22023,202684,22300482,"JAN 05, 2024",CLE vs. WAS,W,17,4,5,0.8,0,0,0.0,0,2,0.0,2,2,4,2,0,0,2,6,8,7,1,
22023,202684,22300465,"JAN 03, 2024",CLE vs. WAS,W,19,3,7,0.429,0,0,0.0,1,3,0.333,3,6,9,4,0,1,3,1,7,12,1,
22023,202684,22300452,"JAN 01, 2024",CLE @ TOR,L,14,0,0,0.0,0,0,0.0,0,0,0.0,2,1,3,1,0,0,0,3,0,-1,1,
22023,202684,22300433,"DEC 29, 2023",CLE vs. MIL,L,8,1,2,0.5,0,0,0.0,0,2,0.0,2,4,6,1,0,0,0,2,2,4,1,
22023,202684,22300420,"DEC 27, 2023",CLE @ DAL,W,13,1,3,0.333,0,0,0.0,0,0,0.0,1,0,1,0,0,0,2,4,2,-11,1,
22023,202684,22300396,"DEC 23, 2023",CLE @ CHI,W,13,3,4,0.75,0,0,0.0,0,0,0.0,4,2,6,1,0,0,1,1,6,8,1,
22023,202684,22300375,"DEC 21, 2023",CLE vs. NOP,L,21,3,5,0.6,0,0,0.0,0,0,0.0,4,3,7,3,0,0,0,2,6,-13,1,
22023,202684,22300364,"DEC 20, 2023",CLE vs. UTA,W,18,5,7,0.714,0,0,0.0,0,0,0.0,2,3,5,4,4,0,0,2,10,12,1,
22023,202684,22300349,"DEC 18, 2023",CLE vs. HOU,W,18,1,2,0.5,0,0,0.0,2,8,0.25,3,2,5,1,0,0,0,2,4,2,1,
22023,202684,22300336,"DEC 16, 2023",CLE vs. ATL,W,13,3,3,1.0,0,0,0.0,0,0,0.0,2,3,5,0,0,0,0,3,6,3,1,
22023,202684,22300319,"DEC 14, 2023",CLE @ BOS,L,3,1,1,1.0,0,0,0.0,0,0,0.0,1,1,2,0,0,0,1,1,2,-3,1,
22023,202684,22300305,"DEC 12, 2023",CLE @ BOS,L,12,1,1,1.0,0,0,0.0,0,0,0.0,3,1,4,1,0,0,0,0,2,-11,1,
22023,202684,22300294,"DEC 11, 2023",CLE @ ORL,L,29,5,7,0.714,0,0,0.0,0,0,0.0,4,9,13,2,0,2,1,1,10,8,1,
22023,202684,22301220,"DEC 08, 2023",CLE @ MIA,W,16,2,3,0.667,0,0,0.0,1,2,0.5,2,1,3,0,0,0,1,0,5,21,1,
22023,202684,22301205,"DEC 06, 2023",CLE vs. ORL,W,6,0,0,0.0,0,0,0.0,1,2,0.5,0,3,3,0,0,1,0,1,1,-3,1,
22023,202684,22300283,"DEC 02, 2023",CLE @ DET,W,3,0,1,0.0,0,0,0.0,0,0,0.0,1,1,2,0,0,0,0,0,0,0,1,
22023,202684,22300251,"NOV 26, 2023",CLE vs. TOR,W,7,2,2,1.0,0,0,0.0,0,0,0.0,4,0,4,4,0,0,1,0,4,7,1,
22023,202684,22300229,"NOV 22, 2023",CLE vs. MIA,L,13,2,3,0.667,0,0,0.0,0,2,0.0,2,1,3,0,0,1,0,1,4,2,1,
22023,202684,22300040,"NOV 21, 2023",CLE @ PHI,W,15,1,1,1.0,0,0,0.0,0,2,0.0,1,2,3,2,1,1,0,0,2,4,1,
22023,202684,22300210,"NOV 19, 2023",CLE vs. DEN,W,11,2,4,0.5,0,0,0.0,1,2,0.5,1,2,3,0,0,0,0,2,5,-23,1,
22023,202684,22300030,"NOV 17, 2023",CLE vs. DET,W,1,0,0,0.0,0,0,0.0,0,0,0.0,0,0,0,0,0,0,0,0,0,-2,1,
22023,202684,22300199,"NOV 15, 2023",CLE @ POR,W,2,0,0,0.0,0,0,0.0,0,0,0.0,0,1,1,0,0,0,0,0,0,0,1,
22023,202684,22300191,"NOV 13, 2023",CLE @ SAC,L,13,1,1,1.0,0,0,0.0,0,0,0.0,0,1,1,0,0,0,0,2,2,8,1,
22023,202684,22300176,"NOV 11, 2023",CLE @ GSW,W,2,0,0,0.0,0,0,0.0,0,0,0.0,0,0,0,0,0,0,0,0,0,-8,1,
22023,202684,22300167,"NOV 08, 2023",CLE @ OKC,L,13,0,0,0.0,0,0,0.0,1,2,0.5,0,2,2,2,1,0,2,2,1,-2,1,
22023,202684,22300142,"NOV 05, 2023",CLE vs. GSW,W,11,1,2,0.5,0,0,0.0,1,3,0.333,1,4,5,0,0,1,0,2,3,2,1,
22023,202684,22300001,"NOV 03, 2023",CLE @ IND,L,3,0,0,0.0,0,0,0.0,0,0,0.0,0,1,1,0,0,0,0,1,0,-8,1,
22023,202684,22300120,"NOV 01, 2023",CLE @ NYK,W,13,3,4,0.75,0,0,0.0,0,0,0.0,2,3,5,0,0,0,2,1,6,-2,1,
22023,202684,22300112,"OCT 31, 2023",CLE vs. NYK,L,19,1,1,1.0,0,0,0.0,2,2,1.0,1,1,2,1,0,2,2,2,4,-1,1,
22023,202684,22300091,"OCT 28, 2023",CLE vs. IND,L,8,2,3,0.667,0,0,0.0,0,0,0.0,4,1,5,2,0,0,0,0,4,1,1,
22023,202685,22300784,"FEB 14, 2024",NOP vs. WAS,W,15,5,6,0.833,0,0,0.0,0,0,0.0,2,3,5,3,0,1,1,1,10,-3,1,
22023,202685,22300766,"FEB 12, 2024",NOP @ MEM,W,18,1,4,0.25,0,1,0.0,4,6,0.667,2,4,6,3,0,1,1,3,6,-17,1,
22023,202685,22300758,"FEB 10, 2024",NOP @ POR,W,29,7,9,0.778,0,0,0.0,2,2,1.0,1,8,9,1,0,1,3,4,16,7,1,
22023,202685,22300747,"FEB 09, 2024",NOP @ LAL,L,23,4,6,0.667,0,0,0.0,2,2,1.0,2,8,10,2,0,2,2,2,10,3,1,
22023,202685,22300731,"FEB 07, 2024",NOP @ LAC,W,11,3,3,1.0,0,0,0.0,2,2,1.0,0,2,2,1,1,0,1,1,8,2,1,
22023,202685,22300718,"FEB 05, 2024",NOP vs. TOR,W,20,4,14,0.286,0,0,0.0,2,2,1.0,8,4,12,3,0,0,0,1,10,13,1,
22023,202685,22300696,"FEB 02, 2024",NOP @ SAS,W,27,9,12,0.75,0,0,0.0,0,0,0.0,3,6,9,4,0,0,0,2,18,-15,1,
22023,202685,22300679,"JAN 31, 2024",NOP @ HOU,W,33,10,15,0.667,0,1,0.0,5,9,0.556,4,10,14,2,0,1,3,5,25,13,1,
22023,202685,22300659,"JAN 29, 2024",NOP @ BOS,L,20,4,9,0.444,0,2,0.0,3,4,0.75,1,6,7,2,1,1,0,1,11,6,1,
22023,202685,22300648,"JAN 27, 2024",NOP @ MIL,L,24,6,8,0.75,1,3,0.333,0,0,0.0,1,9,10,6,0,0,0,3,13,-8,1,
22023,202685,22300640,"JAN 26, 2024",NOP vs. OKC,L,20,6,12,0.5,0,0,0.0,2,2,1.0,5,4,9,0,0,0,2,1,14,-7,1,
22023,202685,22300616,"JAN 23, 2024",NOP vs. UTA,W,23,7,13,0.538,1,5,0.2,2,4,0.5,3,9,12,3,0,0,1,2,17,20,1,
22023,202685,22300588,"JAN 19, 2024",NOP vs. PHX,L,26,5,10,0.5,0,2,0.0,6,6,1.0,4,7,11,3,0,0,2,3,16,-20,1,
22023,202685,22300575,"JAN 17, 2024",NOP vs. CHA,W,25,1,3,0.333,0,0,0.0,2,2,1.0,3,4,7,0,0,0,1,1,4,4,1,
22023,202685,22300556,"JAN 15, 2024",NOP @ DAL,L,19,2,5,0.4,0,0,0.0,2,2,1.0,4,2,6,2,0,2,3,4,6,-22,1,
22023,202685,22300547,"JAN 13, 2024",NOP @ DAL,W,28,4,6,0.667,0,0,0.0,6,9,0.667,5,7,12,7,0,2,0,4,14,-4,1,
22023,202685,22300539,"JAN 12, 2024",NOP @ DEN,L,26,5,11,0.455,1,3,0.333,6,6,1.0,2,4,6,1,0,0,0,3,17,-9,1,
22023,202685,22300525,"JAN 10, 2024",NOP @ GSW,W,21,9,13,0.692,2,3,0.667,1,2,0.5,4,5,9,2,2,1,0,4,21,18,1,
22023,202685,22300500,"JAN 07, 2024",NOP @ SAC,W,22,6,10,0.6,1,2,0.5,2,2,1.0,1,11,12,1,0,1,1,2,15,20,1,
22023,202685,22300486,"JAN 05, 2024",NOP vs. LAC,L,23,6,12,0.5,1,1,1.0,0,0,0.0,4,7,11,1,0,1,3,2,13,-7,1,
22023,202685,22300471,"JAN 03, 2024",NOP @ MIN,W,20,2,5,0.4,0,2,0.0,0,0,0.0,1,6,7,3,0,0,1,5,4,14,1,
22023,202685,22300461,"JAN 02, 2024",NOP vs. BKN,W,20,5,5,1.0,1,1,1.0,0,0,0.0,3,9,12,0,1,1,1,0,11,17,1,
22023,202685,22300446,"DEC 31, 2023",NOP vs. LAL,W,25,4,7,0.571,0,0,0.0,5,5,1.0,2,6,8,1,1,1,0,1,13,3,1,
22023,202685,22300424,"DEC 28, 2023",NOP vs. UTA,W,23,2,6,0.333,0,1,0.0,2,2,1.0,2,2,4,1,0,1,2,1,6,-9,1,
22023,202685,22300410,"DEC 26, 2023",NOP vs. MEM,L,36,8,14,0.571,0,1,0.0,1,3,0.333,3,10,13,0,1,1,1,5,17,-7,1,
22023,202685,22300392,"DEC 23, 2023",NOP vs. HOU,L,26,5,11,0.455,0,2,0.0,0,0,0.0,2,9,11,5,2,1,6,6,10,5,1,
22023,202685,22300375,"DEC 21, 2023",NOP @ CLE,W,28,6,9,0.667,1,3,0.333,0,0,0.0,1,6,7,5,1,1,2,3,13,-3,1,
22023,202685,22300360,"DEC 19, 2023",NOP vs. MEM,L,33,9,12,0.75,1,1,1.0,3,3,1.0,4,10,14,1,1,1,2,5,22,5,1,
22023,202685,22300345,"DEC 17, 2023",NOP @ SAS,W,23,6,12,0.5,1,4,0.25,2,3,0.667,3,12,15,3,1,1,1,3,15,25,1,
22023,202685,22300326,"DEC 15, 2023",NOP @ CHA,W,37,11,16,0.688,2,4,0.5,5,6,0.833,4,9,13,4,0,2,2,3,29,5,1,
22023,202685,22300311,"DEC 13, 2023",NOP @ WAS,W,33,6,9,0.667,1,1,1.0,3,4,0.75,3,15,18,3,1,1,4,4,16,13,1,
22023,202685,22300301,"DEC 11, 2023",NOP vs. MIN,W,35,5,9,0.556,0,1,0.0,4,7,0.571,3,10,13,4,2,2,3,3,14,13,1,
22023,202685,22301230,"DEC 07, 2023",NOP @ LAL,L,23,3,9,0.333,1,4,0.25,2,2,1.0,0,3,3,2,1,3,1,2,9,-25,1,
22023,202685,22301204,"DEC 04, 2023",NOP @ SAC,W,29,7,11,0.636,0,0,0.0,4,4,1.0,4,7,11,0,0,0,1,6,18,-7,1,
22023,202685,22300285,"DEC 02, 2023",NOP @ CHI,L,36,6,11,0.545,2,4,0.5,1,2,0.5,2,8,10,1,0,0,0,3,15,13,1,
22023,202685,22300278,"DEC 01, 2023",NOP vs. SAS,W,31,9,12,0.75,0,1,0.0,6,7,0.857,2,10,12,1,1,2,1,3,24,15,1,
22023,202685,22300262,"NOV 29, 2023",NOP vs. PHI,W,32,8,9,0.889,0,1,0.0,3,3,1.0,3,3,6,3,0,0,2,5,19,18,1,
22023,202685,22300256,"NOV 27, 2023",NOP @ UTA,L,30,5,10,0.5,0,1,0.0,4,6,0.667,5,8,13,2,0,1,0,3,14,3,1,
22023,202685,22300243,"NOV 25, 2023",NOP @ UTA,L,26,3,10,0.3,0,2,0.0,2,4,0.5,5,2,7,2,1,0,1,2,8,-17,1,
22023,202685,22300052,"NOV 24, 2023",NOP @ LAC,W,28,4,6,0.667,2,2,1.0,2,2,1.0,2,6,8,4,1,0,1,4,12,15,1,
22023,202685,22300233,"NOV 22, 2023",NOP vs. SAC,W,28,6,9,0.667,0,0,0.0,3,4,0.75,3,8,11,2,0,0,1,5,15,2,1,
22023,202685,22300222,"NOV 20, 2023",NOP vs. SAC,W,21,3,4,0.75,0,0,0.0,4,4,1.0,1,12,13,7,1,3,0,3,10,33,1,
22023,202685,22300203,"NOV 18, 2023",NOP vs. MIN,L,30,10,15,0.667,0,1,0.0,6,6,1.0,5,6,11,3,1,3,3,5,26,2,1,
22023,202685,22300034,"NOV 17, 2023",NOP vs. DEN,W,34,10,18,0.556,1,3,0.333,1,3,0.333,2,6,8,3,0,1,0,4,22,-8,1,
22023,202685,22300022,"NOV 14, 2023",NOP vs. DAL,W,22,3,5,0.6,0,2,0.0,0,0,0.0,0,3,3,4,1,2,0,1,6,22,1,
22023,202685,22300183,"NOV 12, 2023",NOP vs. DAL,L,21,6,11,0.545,3,5,0.6,0,0,0.0,2,8,10,3,0,2,0,0,15,-13,1,
22023,202685,22300011,"NOV 10, 2023",NOP @ HOU,L,29,7,12,0.583,1,1,1.0,0,1,0.0,3,6,9,2,0,4,2,6,15,1,1,
22023,202685,22300166,"NOV 08, 2023",NOP @ MIN,L,22,4,9,0.444,0,2,0.0,0,0,0.0,1,5,6,0,0,0,0,1,8,-29,1,
22023,202685,22300156,"NOV 06, 2023",NOP @ DEN,L,24,2,6,0.333,0,1,0.0,2,2,1.0,2,9,11,2,0,1,2,6,6,-10,1,
22023,202685,22300135,"NOV 04, 2023",NOP vs. ATL,L,21,3,6,0.5,0,0,0.0,0,0,0.0,2,5,7,0,1,1,3,1,6,-20,1,
22023,202685,22300129,"NOV 02, 2023",NOP vs. DET,W,33,9,16,0.563,2,3,0.667,3,4,0.75,4,9,13,5,0,3,2,5,23,20,1,
22023,202685,22300121,"NOV 01, 2023",NOP @ OKC,W,21,6,10,0.6,1,1,1.0,6,7,0.857,3,6,9,2,1,1,0,2,19,8,1,
22023,202685,22300108,"OCT 30, 2023",NOP vs. GSW,L,23,4,11,0.364,1,5,0.2,2,2,1.0,2,4,6,3,0,2,0,1,11,-17,1,
22023,202685,22300090,"OCT 28, 2023",NOP vs. NYK,W,21,3,7,0.429,0,1,0.0,2,2,1.0,0,4,4,0,0,0,4,4,8,5,1,
22023,202685,22300071,"OCT 25, 2023",NOP @ MEM,W,29,4,7,0.571,2,4,0.5,2,2,1.0,0,12,12,1,0,1,3,1,12,16,1,
22023,202687,22300515,"JAN 09, 2024",MEM @ DAL,W,18,1,2,0.5,0,0,0.0,0,0,0.0,1,1,2,4,0,0,2,2,2,3,1,
22023,202687,22300503,"JAN 07, 2024",MEM @ PHX,W,26,0,2,0.0,0,0,0.0,1,2,0.5,1,5,6,2,0,3,2,3,1,-5,1,
22023,202687,22300491,"JAN 05, 2024",MEM @ LAL,W,31,3,3,1.0,0,0,0.0,0,0,0.0,1,9,10,1,0,0,2,2,6,17,1,
22023,202687,22300460,"JAN 02, 2024",MEM vs. SAS,W,28,2,4,0.5,0,0,0.0,0,0,0.0,2,6,8,1,1,3,2,4,4,8,1,
22023,202687,22300449,"DEC 31, 2023",MEM vs. SAC,L,22,0,0,0.0,0,0,0.0,0,0,0.0,0,6,6,0,0,1,0,1,0,-14,1,
22023,202687,22300438,"DEC 29, 2023",MEM @ LAC,L,8,1,2,0.5,0,0,0.0,0,0,0.0,0,2,2,0,1,0,1,1,2,-4,1,
22023,202687,22300425,"DEC 28, 2023",MEM @ DEN,L,22,1,4,0.25,0,0,0.0,0,0,0.0,1,4,5,1,0,1,2,3,2,-28,1,
22023,202687,22300410,"DEC 26, 2023",MEM @ NOP,W,25,4,5,0.8,0,0,0.0,0,0,0.0,0,7,7,1,0,2,0,4,8,-4,1,
22023,202687,22300393,"DEC 23, 2023",MEM @ ATL,W,29,3,6,0.5,0,0,0.0,2,6,0.333,7,4,11,3,1,0,1,2,8,4,1,
22023,202687,22300377,"DEC 21, 2023",MEM vs. IND,W,17,1,4,0.25,0,0,0.0,0,1,0.0,1,2,3,1,0,1,0,2,2,0,1,
22023,202687,22300360,"DEC 19, 2023",MEM @ NOP,W,22,4,5,0.8,0,0,0.0,0,0,0.0,0,2,2,0,1,1,1,3,8,3,1,
22023,202687,22300332,"DEC 15, 2023",MEM vs. HOU,L,33,5,9,0.556,0,0,0.0,0,1,0.0,1,8,9,1,0,1,2,2,10,3,1,
22023,202687,22300314,"DEC 13, 2023",MEM @ HOU,L,24,1,2,0.5,0,0,0.0,1,6,0.167,1,5,6,1,0,0,2,5,3,-2,1,
22023,202687,22300299,"DEC 11, 2023",MEM vs. DAL,L,12,1,1,1.0,0,0,0.0,0,0,0.0,1,1,2,1,0,1,2,1,2,-10,1,
22023,202687,22301221,"DEC 08, 2023",MEM vs. MIN,L,20,1,2,0.5,0,0,0.0,0,0,0.0,0,3,3,2,0,0,0,4,2,-12,1,
22023,202687,22301206,"DEC 06, 2023",MEM @ DET,W,26,1,3,0.333,0,0,0.0,0,0,0.0,2,9,11,4,0,1,2,2,2,-1,1,
22023,202687,22300288,"DEC 02, 2023",MEM @ PHX,L,17,1,5,0.2,0,0,0.0,0,0,0.0,2,3,5,1,0,3,2,4,2,-3,1,
22023,202687,22300277,"DEC 01, 2023",MEM @ DAL,W,23,2,3,0.667,0,0,0.0,0,0,0.0,1,5,6,4,0,2,2,2,4,10,1,
22023,202687,22300261,"NOV 29, 2023",MEM vs. UTA,W,30,3,3,1.0,0,0,0.0,0,0,0.0,0,6,6,2,1,3,5,3,6,5,1,
22023,202687,22300249,"NOV 26, 2023",MEM vs. MIN,L,30,2,3,0.667,0,0,0.0,6,10,0.6,2,3,5,3,1,0,1,1,10,-16,1,
22023,202687,22300044,"NOV 24, 2023",MEM vs. PHX,L,29,3,5,0.6,0,0,0.0,0,0,0.0,1,3,4,1,0,1,1,3,6,-9,1,
22023,202687,22300231,"NOV 22, 2023",MEM @ HOU,L,31,2,4,0.5,0,0,0.0,1,2,0.5,0,5,5,2,1,2,1,0,5,-10,1,
22023,202687,22300213,"NOV 19, 2023",MEM vs. BOS,L,14,1,2,0.5,0,0,0.0,0,0,0.0,1,1,2,0,0,1,0,5,2,0,1,
22023,202687,22300206,"NOV 18, 2023",MEM @ SAS,W,31,7,9,0.778,0,0,0.0,0,1,0.0,1,8,9,4,0,0,1,4,14,6,1,
22023,202687,22300026,"NOV 14, 2023",MEM @ LAL,L,23,0,5,0.0,0,0,0.0,0,0,0.0,6,2,8,4,0,2,0,3,0,-21,1,
22023,202687,22300179,"NOV 12, 2023",MEM @ LAC,W,36,5,6,0.833,0,0,0.0,3,7,0.429,4,8,12,3,1,2,1,3,13,20,1,
22023,202687,22300012,"NOV 10, 2023",MEM vs. UTA,L,34,5,10,0.5,0,0,0.0,5,6,0.833,9,6,15,0,1,0,0,4,15,-5,1,
22023,202687,22300164,"NOV 08, 2023",MEM vs. MIA,L,30,4,4,1.0,0,0,0.0,1,2,0.5,6,4,10,0,1,0,1,4,9,-17,1,
22023,202687,22300144,"NOV 05, 2023",MEM @ POR,W,26,3,6,0.5,0,0,0.0,2,2,1.0,5,6,11,4,0,3,2,5,8,18,1,
22023,202687,22300007,"NOV 03, 2023",MEM @ POR,L,0,0,0,0.0,0,0,0.0,0,0,0.0,0,0,0,0,0,0,0,0,0,0,1,
22023,202691,22300576,"FEB 15, 2024",GSW @ UTA,W,28,13,22,0.591,7,13,0.538,2,2,1.0,0,6,6,2,0,0,0,0,35,7,1,
22023,202691,22300789,"FEB 14, 2024",GSW vs. LAC,L,30,4,14,0.286,1,9,0.111,3,3,1.0,0,3,3,1,0,1,1,3,12,-7,2,
22023,202691,22300769,"FEB 12, 2024",GSW @ UTA,W,30,11,19,0.579,3,7,0.429,1,1,1.0,1,5,6,2,0,0,1,0,26,1,1,
22023,202691,22300757,"FEB 10, 2024",GSW vs. PHX,W,24,2,10,0.2,1,7,0.143,0,0,0.0,0,2,2,1,1,1,1,0,5,-3,1,
22023,202691,22300727,"FEB 07, 2024",GSW @ PHI,W,28,6,12,0.5,4,5,0.8,2,2,1.0,1,2,3,1,0,1,0,1,18,24,1,
22023,202691,22300717,"FEB 05, 2024",GSW @ BKN,W,30,4,9,0.444,0,3,0.0,0,0,0.0,0,6,6,3,2,0,1,1,8,-1,1,
22023,202691,22300699,"FEB 03, 2024",GSW @ ATL,L,36,4,19,0.211,2,13,0.154,0,0,0.0,0,4,4,2,3,1,1,0,10,-10,1,
22023,202691,22300693,"FEB 02, 2024",GSW @ MEM,W,27,6,15,0.4,2,9,0.222,0,0,0.0,0,2,2,0,0,1,0,0,14,5,1,
22023,202691,22300650,"JAN 27, 2024",GSW vs. LAL,L,47,9,24,0.375,6,17,0.353,0,0,0.0,0,4,4,4,2,0,2,6,24,2,1,
22023,202691,22300632,"JAN 25, 2024",GSW vs. SAC,L,31,5,14,0.357,2,7,0.286,4,4,1.0,0,1,1,1,1,1,1,5,16,-1,1,
22023,202691,22300626,"JAN 24, 2024",GSW vs. ATL,W,30,8,18,0.444,5,10,0.5,3,3,1.0,1,1,2,3,0,1,2,2,24,11,1,
22023,202691,22300560,"JAN 15, 2024",GSW @ MEM,L,34,4,10,0.4,1,4,0.25,0,0,0.0,0,0,0,3,0,0,0,1,9,-22,1,
22023,202691,22300545,"JAN 13, 2024",GSW @ MIL,L,36,7,23,0.304,6,17,0.353,1,1,1.0,2,1,3,3,0,0,2,2,21,-8,1,
22023,202691,22300536,"JAN 12, 2024",GSW @ CHI,W,34,9,19,0.474,7,15,0.467,5,6,0.833,2,4,6,6,1,1,1,1,30,10,1,
22023,202691,22300525,"JAN 10, 2024",GSW vs. NOP,L,24,5,10,0.5,3,7,0.429,0,0,0.0,1,3,4,2,0,1,3,1,13,-17,1,
22023,202691,22300504,"JAN 07, 2024",GSW vs. TOR,L,28,10,15,0.667,5,7,0.714,0,0,0.0,0,0,0,3,0,0,2,0,25,-16,1,
22023,202691,22300490,"JAN 05, 2024",GSW vs. DET,W,35,6,18,0.333,3,9,0.333,4,4,1.0,1,2,3,4,1,2,2,2,19,14,1,
22023,202691,22300478,"JAN 04, 2024",GSW vs. DEN,L,35,9,18,0.5,4,10,0.4,2,2,1.0,0,3,3,3,1,1,0,2,24,-9,1,
22023,202691,22300463,"JAN 02, 2024",GSW vs. ORL,W,25,6,11,0.545,3,8,0.375,0,0,0.0,0,3,3,2,0,1,1,4,15,4,1,
22023,202691,22300444,"DEC 30, 2023",GSW vs. DAL,L,26,1,11,0.091,1,6,0.167,0,0,0.0,0,2,2,1,0,0,1,0,3,-7,1,
22023,202691,22300426,"DEC 28, 2023",GSW vs. MIA,L,25,4,11,0.364,2,6,0.333,3,4,0.75,0,0,0,5,2,0,0,2,13,-26,1,
22023,202691,22300402,"DEC 25, 2023",GSW @ DEN,L,32,3,12,0.25,3,10,0.3,0,0,0.0,0,6,6,1,1,1,3,1,9,-2,1,
22023,202691,22300399,"DEC 23, 2023",GSW vs. POR,W,31,11,16,0.688,6,10,0.6,0,0,0.0,1,2,3,0,0,0,3,1,28,14,1,
22023,202691,22300386,"DEC 22, 2023",GSW vs. WAS,W,27,8,17,0.471,4,10,0.4,0,0,0.0,0,3,3,2,0,0,2,0,20,7,1,
22023,202691,22300362,"DEC 19, 2023",GSW vs. BOS,W,40,9,21,0.429,6,15,0.4,0,0,0.0,0,4,4,4,1,1,1,0,24,7,1,
22023,202691,22300348,"DEC 17, 2023",GSW @ POR,W,29,11,16,0.688,5,10,0.5,1,1,1.0,0,4,4,1,1,0,1,3,28,-5,1,
22023,202691,22300339,"DEC 16, 2023",GSW vs. BKN,W,34,7,19,0.368,4,9,0.444,6,6,1.0,2,3,5,3,1,0,0,2,24,6,1,
22023,202691,22300325,"DEC 14, 2023",GSW @ LAC,L,32,9,15,0.6,8,12,0.667,4,4,1.0,0,1,1,5,2,0,0,1,30,-12,1,
22023,202691,22300308,"DEC 12, 2023",GSW @ PHX,L,27,2,10,0.2,1,8,0.125,2,2,1.0,0,5,5,0,0,0,1,1,7,4,1,
22023,202691,22301222,"DEC 08, 2023",GSW @ OKC,L,39,8,15,0.533,4,9,0.444,2,2,1.0,1,3,4,0,0,1,4,4,22,11,1,
22023,202691,22301214,"DEC 06, 2023",GSW vs. POR,W,27,3,13,0.231,1,8,0.125,4,4,1.0,0,5,5,1,0,0,0,0,11,-6,1,
22023,202691,22300280,"DEC 02, 2023",GSW @ LAC,L,33,5,13,0.385,4,11,0.364,3,4,0.75,1,5,6,2,1,0,2,3,17,-2,1,
22023,202691,22300273,"NOV 30, 2023",GSW vs. LAC,W,34,8,18,0.444,2,7,0.286,4,4,1.0,2,4,6,2,0,1,2,2,22,8,1,
22023,202691,22300060,"NOV 28, 2023",GSW @ SAC,L,36,6,14,0.429,3,9,0.333,5,6,0.833,0,9,9,2,1,2,3,2,20,-5,1,
22023,202691,22300051,"NOV 24, 2023",GSW vs. SAS,W,29,3,11,0.273,3,8,0.375,6,7,0.857,1,2,3,6,1,0,2,3,15,7,1,
22023,202691,22300236,"NOV 22, 2023",GSW @ PHX,L,25,8,17,0.471,6,10,0.6,1,1,1.0,1,2,3,1,0,1,2,3,23,-24,1,
22023,202691,22300224,"NOV 20, 2023",GSW vs. HOU,W,31,7,16,0.438,5,11,0.455,1,1,1.0,0,3,3,3,0,0,1,1,20,-3,1,
22023,202691,22300207,"NOV 18, 2023",GSW vs. OKC,L,37,5,13,0.385,3,9,0.333,3,3,1.0,0,2,2,4,0,1,4,4,16,4,1,
22023,202691,22300201,"NOV 16, 2023",GSW vs. OKC,L,27,1,10,0.1,1,6,0.167,2,2,1.0,0,2,2,3,1,0,2,1,5,-2,1,
22023,202691,22300025,"NOV 14, 2023",GSW vs. MIN,L,2,0,1,0.0,0,1,0.0,0,0,0.0,0,0,0,0,0,0,0,0,0,-2,1,
22023,202691,22300186,"NOV 12, 2023",GSW vs. MIN,L,33,5,16,0.313,3,10,0.3,3,3,1.0,0,5,5,3,1,0,1,1,16,4,1,
22023,202691,22300176,"NOV 11, 2023",GSW vs. CLE,L,28,5,16,0.313,2,5,0.4,2,2,1.0,1,4,5,1,0,1,3,3,14,-7,1,
22023,202691,22300169,"NOV 08, 2023",GSW @ DEN,L,32,5,12,0.417,2,8,0.25,3,6,0.5,0,6,6,1,1,0,2,1,15,-13,1,
22023,202691,22300145,"NOV 06, 2023",GSW @ DET,W,28,8,16,0.5,1,8,0.125,0,0,0.0,1,0,1,3,0,0,2,1,17,1,1,
22023,202691,22300142,"NOV 05, 2023",GSW @ CLE,L,32,5,14,0.357,3,9,0.333,2,2,1.0,2,1,3,2,1,0,2,2,15,-12,1,
22023,202691,22300005,"NOV 03, 2023",GSW @ OKC,W,33,6,10,0.6,4,6,0.667,2,2,1.0,0,3,3,1,0,0,1,4,18,0,1,
22023,202691,22300126,"NOV 01, 2023",GSW vs. SAC,W,29,6,15,0.4,1,4,0.25,1,1,1.0,1,1,2,2,0,3,2,3,14,10,1,
22023,202691,22300096,"OCT 29, 2023",GSW @ HOU,W,29,7,12,0.583,5,10,0.5,0,0,0.0,1,3,4,0,0,1,1,3,19,-2,1,
22023,202691,22300087,"OCT 27, 2023",GSW @ SAC,W,33,7,12,0.583,2,4,0.5,2,2,1.0,0,3,3,4,1,0,3,4,18,4,1,
22023,202691,22300062,"OCT 24, 2023",GSW vs. PHX,L,36,6,18,0.333,3,11,0.273,0,0,0.0,1,6,7,3,0,1,3,3,15,9,1,
22023,202692,22300778,"FEB 14, 2024",NYK @ ORL,L,30,5,16,0.313,2,6,0.333,1,2,0.5,1,2,3,0,0,0,1,3,13,-28,1,
22023,202692,22300765,"FEB 12, 2024",NYK @ HOU,L,17,1,8,0.125,1,5,0.2,2,2,1.0,1,0,1,2,0,0,1,1,5,-3,1,
22023,202692,22300755,"FEB 10, 2024",NYK vs. IND,L,22,7,14,0.5,4,7,0.571,4,4,1.0,0,2,2,1,0,0,3,1,22,-4,1,
22023,202692,22300732,"FEB 07, 2024",DET @ SAC,W,28,7,12,0.583,5,7,0.714,6,6,1.0,0,7,7,2,0,0,0,3,25,12,1,
22023,202692,22300704,"FEB 04, 2024",DET vs. ORL,L,20,3,7,0.429,1,3,0.333,3,3,1.0,0,3,3,1,1,0,1,0,10,-2,1,
22023,202692,22300688,"FEB 02, 2024",DET vs. LAC,L,21,2,10,0.2,1,7,0.143,1,1,1.0,1,1,2,1,1,1,1,0,6,-13,1,
22023,202692,22300675,"JAN 31, 2024",DET @ CLE,L,30,3,5,0.6,1,3,0.333,4,4,1.0,0,4,4,6,0,1,2,2,11,2,1,
22023,202692,22300654,"JAN 28, 2024",DET vs. OKC,W,26,3,5,0.6,2,3,0.667,2,2,1.0,0,6,6,2,3,0,3,1,10,18,1,
22023,202692,22300642,"JAN 27, 2024",DET vs. WAS,L,18,2,9,0.222,1,5,0.2,3,4,0.75,0,4,4,0,0,0,0,1,8,-11,1,
22023,202692,22300619,"JAN 24, 2024",DET vs. CHA,W,26,4,11,0.364,4,9,0.444,3,4,0.75,0,0,0,1,0,0,0,1,15,5,1,
22023,202692,22300606,"JAN 22, 2024",DET vs. MIL,L,28,3,12,0.25,3,9,0.333,0,0,0.0,0,2,2,3,0,0,1,4,9,0,1,
22023,202692,22300592,"JAN 20, 2024",DET vs. MIL,L,30,9,20,0.45,7,14,0.5,8,8,1.0,0,7,7,6,1,0,0,2,33,24,1,
22023,202692,22300569,"JAN 17, 2024",DET vs. MIN,L,20,3,10,0.3,1,4,0.25,5,5,1.0,1,0,1,1,2,0,0,1,12,-10,1,
22023,202692,22300558,"JAN 15, 2024",DET @ WAS,W,29,11,17,0.647,8,12,0.667,4,4,1.0,0,2,2,2,0,0,1,2,34,18,1,
22023,202692,22300534,"JAN 12, 2024",DET vs. HOU,L,30,7,14,0.5,5,9,0.556,0,0,0.0,0,0,0,1,0,2,2,3,19,-11,1,
22023,202692,22300519,"JAN 10, 2024",DET vs. SAS,L,20,5,13,0.385,1,5,0.2,4,4,1.0,0,2,2,2,0,0,1,1,15,-15,1,
22023,202692,22300512,"JAN 09, 2024",DET vs. SAC,L,20,5,11,0.455,3,7,0.429,3,5,0.6,0,3,3,1,1,0,2,0,16,-15,1,
22023,202692,22300502,"JAN 07, 2024",DET @ DEN,L,20,6,9,0.667,3,3,1.0,3,3,1.0,1,3,4,1,0,0,1,1,18,-16,1,
22023,202692,22300490,"JAN 05, 2024",DET @ GSW,L,21,5,14,0.357,3,10,0.3,0,0,0.0,1,3,4,2,0,1,2,2,13,9,1,
22023,202692,22300474,"JAN 03, 2024",DET @ UTA,L,34,9,17,0.529,5,9,0.556,4,5,0.8,0,4,4,1,0,0,2,4,27,-12,1,
22023,202692,22300453,"JAN 01, 2024",DET @ HOU,L,23,6,11,0.545,3,6,0.5,6,6,1.0,0,2,2,2,1,1,2,2,21,-10,1,
22023,202692,22300440,"DEC 30, 2023",DET vs. TOR,W,19,4,6,0.667,3,3,1.0,5,5,1.0,0,0,0,1,0,0,0,0,16,6,1,
22023,202692,22300421,"DEC 28, 2023",DET @ BOS,L,30,4,13,0.308,4,12,0.333,0,0,0.0,1,1,2,1,2,0,0,2,12,-15,1,
22023,202692,22300406,"DEC 26, 2023",DET vs. BKN,L,26,4,11,0.364,2,6,0.333,5,6,0.833,1,4,5,0,0,0,2,1,15,-25,1,
22023,202692,22300394,"DEC 23, 2023",DET @ BKN,L,16,2,8,0.25,1,5,0.2,0,0,0.0,0,1,1,2,1,0,1,2,5,-20,1,
22023,202692,22300374,"DEC 21, 2023",DET vs. UTA,L,9,1,4,0.25,0,3,0.0,3,3,1.0,0,1,1,0,0,1,0,1,5,-9,1,
22023,202692,22300352,"DEC 18, 2023",DET @ ATL,L,23,2,11,0.182,0,2,0.0,2,2,1.0,1,1,2,2,1,0,0,3,6,-5,1,
22023,202692,22300334,"DEC 16, 2023",DET @ MIL,L,4,0,2,0.0,0,2,0.0,1,2,0.5,0,1,1,0,0,0,0,0,1,-11,1,
22023,202692,22300327,"DEC 15, 2023",DET @ PHI,L,17,2,8,0.25,0,4,0.0,0,0,0.0,0,2,2,0,0,0,0,1,4,-17,1,
22023,202692,22300310,"DEC 13, 2023",DET vs. PHI,L,13,1,7,0.143,1,3,0.333,0,0,0.0,1,2,3,0,1,0,0,1,3,-8,1,
22023,202692,22300293,"DEC 11, 2023",DET vs. IND,L,13,4,6,0.667,2,3,0.667,4,4,1.0,0,0,0,0,1,0,1,0,14,-2,1,
22023,202692,22301217,"DEC 08, 2023",DET @ ORL,L,13,4,7,0.571,2,3,0.667,4,4,1.0,1,2,3,0,0,0,1,1,14,-3,1,
22023,202692,22301206,"DEC 06, 2023",DET vs. MEM,L,17,1,6,0.167,1,5,0.2,0,0,0.0,0,2,2,2,0,0,1,1,3,-5,1,
22023,202692,22300268,"NOV 30, 2023",DET @ NYK,L,11,0,3,0.0,0,3,0.0,1,1,1.0,0,0,0,1,0,0,0,0,1,3,1,
22023,202692,22300258,"NOV 29, 2023",DET vs. LAL,L,10,2,7,0.286,1,3,0.333,1,1,1.0,1,0,1,0,0,0,0,1,6,-8,1,
22023,202692,22300253,"NOV 27, 2023",DET vs. WAS,L,13,2,8,0.25,0,5,0.0,4,4,1.0,0,0,0,1,0,0,0,1,8,-12,1,
22023,202692,22300047,"NOV 24, 2023",DET @ IND,L,14,2,6,0.333,2,3,0.667,0,0,0.0,0,2,2,1,1,1,2,1,6,-8,1,
22023,202692,22300218,"NOV 20, 2023",DET vs. DEN,L,17,1,5,0.2,0,4,0.0,1,2,0.5,0,3,3,2,1,0,1,1,3,-13,1,
22023,202692,22300211,"NOV 19, 2023",DET @ TOR,L,22,3,9,0.333,1,3,0.333,7,8,0.875,1,3,4,1,0,0,1,3,14,-29,1,
22023,202692,22300030,"NOV 17, 2023",DET @ CLE,L,24,4,14,0.286,2,9,0.222,0,0,0.0,2,1,3,1,1,0,0,3,10,-15,1,
22023,202692,22300018,"NOV 14, 2023",DET vs. ATL,L,23,4,12,0.333,4,9,0.444,4,4,1.0,1,1,2,5,1,0,1,3,16,-16,1,
22023,202692,22300181,"NOV 12, 2023",DET @ CHI,L,21,3,7,0.429,2,6,0.333,8,9,0.889,1,2,3,4,0,0,0,2,16,6,1,
22023,202692,22300109,"OCT 30, 2023",DET @ OKC,L,21,4,9,0.444,3,4,0.75,0,0,0.0,1,1,2,7,0,0,0,3,11,-9,1,
22023,202692,22300088,"OCT 28, 2023",DET vs. CHI,W,26,6,12,0.5,6,10,0.6,0,1,0.0,0,2,2,0,0,1,0,1,18,19,1,
22023,202692,22300077,"OCT 27, 2023",DET @ CHA,W,31,5,10,0.5,3,7,0.429,11,12,0.917,0,4,4,2,1,1,0,1,24,28,1,
22023,202692,22300068,"OCT 25, 2023",DET @ MIA,L,25,2,8,0.25,2,5,0.4,1,2,0.5,0,5,5,0,0,1,0,1,7,9,1,
22023,202693,22300736,"FEB 08, 2024",DAL @ NYK,W,6,1,2,0.5,1,2,0.5,0,0,0.0,0,2,2,0,0,0,0,0,3,-1,1,
22023,202693,22300530,"JAN 11, 2024",DAL vs. NYK,W,4,0,1,0.0,0,0,0.0,2,2,1.0,0,0,0,0,0,0,0,0,2,6,1,
22023,202693,22300515,"JAN 09, 2024",DAL vs. MEM,L,6,0,0,0.0,0,0,0.0,0,0,0.0,0,1,1,0,0,0,0,0,0,-2,1,
22023,202693,22300472,"JAN 03, 2024",DAL vs. POR,W,12,1,3,0.333,1,1,1.0,0,0,0.0,0,3,3,1,1,0,1,2,3,1,1,
22023,202693,22300423,"DEC 28, 2023",DAL @ MIN,L,3,0,1,0.0,0,0,0.0,0,0,0.0,0,0,0,0,0,0,1,0,0,-7,1,
22023,202693,22300385,"DEC 22, 2023",DAL @ HOU,L,12,1,4,0.25,1,4,0.25,1,2,0.5,0,2,2,0,0,0,0,0,4,-13,1,
22023,202693,22300372,"DEC 20, 2023",DAL vs. LAC,L,5,0,1,0.0,0,0,0.0,0,0,0.0,1,1,2,0,0,0,0,1,0,-5,1,
22023,202693,22300356,"DEC 18, 2023",DAL @ DEN,L,13,1,3,0.333,0,2,0.0,0,0,0.0,0,3,3,0,0,0,0,1,2,-11,1,
22023,202693,22300341,"DEC 16, 2023",DAL @ POR,W,20,4,9,0.444,2,5,0.4,0,0,0.0,0,5,5,4,1,0,2,0,10,8,1,
22023,202693,22300321,"DEC 14, 2023",DAL vs. MIN,L,13,1,1,1.0,0,0,0.0,0,0,0.0,0,1,1,1,0,0,0,3,2,-6,1,
22023,202693,22300306,"DEC 12, 2023",DAL vs. LAL,W,6,0,2,0.0,0,2,0.0,0,0,0.0,0,2,2,1,1,0,0,0,0,-10,1,
22023,202693,22300299,"DEC 11, 2023",DAL @ MEM,W,21,2,5,0.4,2,4,0.5,0,0,0.0,1,2,3,2,2,1,2,1,6,5,1,
22023,202693,22301226,"DEC 08, 2023",DAL @ POR,W,7,1,1,1.0,0,0,0.0,0,0,0.0,0,1,1,0,0,0,3,1,2,1,1,
22023,202693,22301213,"DEC 06, 2023",DAL vs. UTA,W,6,1,3,0.333,1,2,0.5,0,0,0.0,0,1,1,0,0,0,0,0,3,4,1,
22023,202693,22300277,"DEC 01, 2023",DAL vs. MEM,L,14,2,7,0.286,2,4,0.5,0,0,0.0,2,1,3,1,0,0,0,2,6,-11,1,
22023,202693,22300212,"NOV 19, 2023",DAL vs. SAC,L,5,1,4,0.25,0,2,0.0,0,0,0.0,0,0,0,1,0,0,0,0,2,5,1,
22023,202693,22300183,"NOV 12, 2023",DAL @ NOP,W,4,0,2,0.0,0,2,0.0,0,0,0.0,0,1,1,0,0,0,0,0,0,-8,1,
22023,202694,22300715,"FEB 05, 2024",PHI vs. DAL,L,24,4,10,0.4,2,4,0.5,0,0,0.0,0,5,5,0,1,1,1,1,10,-3,1,
22023,202694,22300698,"FEB 03, 2024",PHI vs. BKN,L,19,2,5,0.4,0,1,0.0,0,0,0.0,0,3,3,1,1,0,1,1,4,-9,1,
22023,202694,22300668,"JAN 29, 2024",PHI @ POR,L,22,3,7,0.429,1,3,0.333,2,2,1.0,0,2,2,0,0,0,3,1,9,-2,1,
22023,202694,22300644,"JAN 27, 2024",PHI @ DEN,L,33,7,16,0.438,1,5,0.2,2,2,1.0,0,4,4,2,0,0,1,2,17,-7,1,
22023,202694,22300593,"JAN 20, 2024",PHI @ CHA,W,14,0,4,0.0,0,3,0.0,0,0,0.0,0,0,0,0,0,0,0,0,0,-5,1,
22023,202694,22300585,"JAN 19, 2024",PHI @ ORL,W,26,5,10,0.5,0,2,0.0,0,0,0.0,4,5,9,0,0,0,2,1,10,5,1,
22023,202694,22300566,"JAN 16, 2024",PHI vs. DEN,W,19,1,3,0.333,1,2,0.5,4,5,0.8,1,1,2,0,0,0,0,3,7,-3,1,
22023,202694,22300555,"JAN 15, 2024",PHI vs. HOU,W,14,3,3,1.0,2,2,1.0,0,0,0.0,0,5,5,1,0,0,0,1,8,26,1,
22023,202694,22300532,"JAN 12, 2024",PHI vs. SAC,W,17,0,5,0.0,0,0,0.0,0,0,0.0,0,4,4,0,0,0,1,0,0,2,1,
22023,202694,22300521,"JAN 10, 2024",PHI @ ATL,L,26,4,9,0.444,3,8,0.375,6,6,1.0,1,3,4,1,0,0,1,3,17,-10,1,
22023,202694,22300495,"JAN 06, 2024",PHI vs. UTA,L,28,5,12,0.417,3,7,0.429,2,2,1.0,2,4,6,1,2,2,0,2,15,-2,1,
22023,202694,22300483,"JAN 05, 2024",PHI vs. NYK,L,16,0,1,0.0,0,1,0.0,0,0,0.0,0,0,0,1,0,0,0,0,0,-24,1,
22023,202694,22300459,"JAN 02, 2024",PHI vs. CHI,W,11,0,3,0.0,0,0,0.0,2,4,0.5,1,1,2,0,1,0,1,0,2,-7,1,
22023,202694,22300442,"DEC 30, 2023",PHI @ CHI,L,17,2,5,0.4,0,2,0.0,0,0,0.0,0,2,2,1,0,0,1,3,4,-9,1,
22023,202694,22300434,"DEC 29, 2023",PHI @ HOU,W,27,4,8,0.5,2,5,0.4,4,5,0.8,1,4,5,1,1,1,1,5,14,10,1,
22023,202694,22300415,"DEC 27, 2023",PHI @ ORL,W,22,6,14,0.429,0,3,0.0,2,3,0.667,0,3,3,0,0,0,0,3,14,4,1,
22023,202694,22300404,"DEC 25, 2023",PHI @ MIA,L,11,0,4,0.0,0,3,0.0,0,0,0.0,0,1,1,0,0,0,0,1,0,-17,1,
22023,202694,22300382,"DEC 22, 2023",PHI vs. TOR,W,31,2,3,0.667,1,2,0.5,2,2,1.0,1,3,4,5,0,0,0,3,7,4,1,
22023,202694,22300367,"DEC 20, 2023",PHI vs. MIN,W,25,2,4,0.5,1,2,0.5,0,0,0.0,0,1,1,0,1,0,0,2,5,23,1,
22023,202694,22300335,"DEC 16, 2023",PHI @ CHA,W,16,3,7,0.429,0,2,0.0,0,0,0.0,0,4,4,1,0,0,0,1,6,11,1,
22023,202694,22300327,"DEC 15, 2023",PHI vs. DET,W,15,5,8,0.625,5,5,1.0,0,0,0.0,0,2,2,1,1,0,1,1,15,12,1,
22023,202694,22300310,"DEC 13, 2023",PHI @ DET,W,16,2,2,1.0,0,0,0.0,0,0,0.0,1,7,8,2,0,1,0,2,4,6,1,
22023,202694,22300295,"DEC 11, 2023",PHI vs. WAS,W,12,5,6,0.833,2,3,0.667,0,0,0.0,0,2,2,1,1,0,0,3,12,24,1,
22023,202694,22301218,"DEC 08, 2023",PHI vs. ATL,W,16,1,1,1.0,1,1,1.0,0,0,0.0,0,3,3,1,0,1,0,3,3,3,1,
22023,202694,22301208,"DEC 06, 2023",PHI @ WAS,W,15,1,4,0.25,0,1,0.0,2,2,1.0,1,2,3,0,0,0,0,0,4,-8,1,
22023,202694,22300275,"DEC 01, 2023",PHI @ BOS,L,28,5,12,0.417,2,3,0.667,1,1,1.0,1,6,7,1,1,1,0,1,13,-2,1,
22023,202694,22300262,"NOV 29, 2023",PHI @ NOP,L,17,3,7,0.429,1,3,0.333,0,0,0.0,1,2,3,2,1,1,1,4,7,-17,1,
22023,202694,22300255,"NOV 27, 2023",PHI vs. LAL,W,20,6,8,0.75,4,5,0.8,0,0,0.0,0,1,1,0,1,0,0,2,16,24,1,
22023,202694,22300239,"NOV 25, 2023",PHI @ OKC,W,15,0,2,0.0,0,2,0.0,0,0,0.0,1,2,3,0,0,0,1,3,0,-10,1,
22023,202694,22300232,"NOV 22, 2023",PHI @ MIN,L,16,6,12,0.5,3,5,0.6,1,1,1.0,2,2,4,2,1,2,2,5,16,-7,1,
22023,202694,22300040,"NOV 21, 2023",PHI vs. CLE,L,3,0,0,0.0,0,0,0.0,0,0,0.0,0,0,0,0,0,0,0,0,0,-1,1,
22023,202694,22300208,"NOV 19, 2023",PHI @ BKN,W,6,1,1,1.0,1,1,1.0,0,0,0.0,0,1,1,0,0,0,0,0,3,2,1,
22023,202694,22300029,"NOV 17, 2023",PHI @ ATL,W,2,0,0,0.0,0,0,0.0,0,0,0.0,0,1,1,0,0,0,0,1,0,2,1,
22023,202694,22300194,"NOV 15, 2023",PHI vs. BOS,L,8,0,3,0.0,0,2,0.0,0,0,0.0,0,0,0,0,0,0,1,0,0,-16,1,
22023,202694,22300019,"NOV 14, 2023",PHI vs. IND,L,18,1,4,0.25,0,2,0.0,0,0,0.0,0,3,3,1,0,0,0,1,2,-5,1,
22023,202694,22300008,"NOV 10, 2023",PHI @ DET,W,6,0,0,0.0,0,0,0.0,0,0,0.0,0,1,1,0,0,0,0,2,0,-10,1,
22023,202694,22300148,"NOV 06, 2023",PHI vs. WAS,W,6,1,2,0.5,0,0,0.0,1,1,1.0,0,1,1,0,0,1,0,0,3,7,1,
22023,202695,22300770,"FEB 12, 2024",LAC vs. MIN,L,30,8,17,0.471,1,3,0.333,1,1,1.0,4,0,4,1,1,0,3,2,18,-15,1,
22023,202695,22300749,"FEB 10, 2024",LAC vs. DET,W,35,7,18,0.389,3,7,0.429,7,7,1.0,0,4,4,5,2,0,3,2,24,2,1,
22023,202695,22300731,"FEB 07, 2024",LAC vs. NOP,L,33,4,10,0.4,1,3,0.333,6,8,0.75,1,5,6,4,2,1,3,0,15,-11,1,
22023,202695,22300716,"FEB 05, 2024",LAC @ ATL,W,37,13,20,0.65,5,8,0.625,5,5,1.0,1,1,2,5,1,1,1,2,36,8,1,
22023,202695,22300708,"FEB 04, 2024",LAC @ MIA,W,35,8,16,0.5,3,6,0.5,6,6,1.0,3,8,11,4,2,2,3,2,25,-6,1,
22023,202695,22300688,"FEB 02, 2024",LAC @ DET,W,32,12,17,0.706,6,8,0.75,3,3,1.0,0,4,4,3,0,1,0,2,33,18,1,
22023,202695,22300676,"JAN 31, 2024",LAC @ WAS,W,30,14,25,0.56,1,4,0.25,2,2,1.0,4,5,9,4,4,1,0,1,31,23,1,
22023,202695,22300658,"JAN 29, 2024",LAC @ CLE,L,37,13,25,0.52,2,7,0.286,2,2,1.0,3,5,8,3,2,0,1,2,30,-9,1,
22023,202695,22300646,"JAN 27, 2024",LAC @ BOS,W,29,10,15,0.667,3,5,0.6,3,3,1.0,1,6,7,2,2,2,2,1,26,27,1,
22023,202695,22300637,"JAN 26, 2024",LAC @ TOR,W,31,7,13,0.538,2,4,0.5,0,0,0.0,1,6,7,3,1,2,1,0,16,11,1,
22023,202695,22300618,"JAN 23, 2024",LAC vs. LAL,W,38,11,16,0.688,0,1,0.0,3,3,1.0,2,9,11,10,2,1,2,0,25,15,1,
22023,202695,22300600,"JAN 21, 2024",LAC vs. BKN,W,37,6,15,0.4,2,3,0.667,7,8,0.875,1,3,4,4,0,1,2,2,21,15,1,
22023,202695,22300568,"JAN 16, 2024",LAC vs. OKC,W,37,6,10,0.6,3,4,0.75,1,2,0.5,1,5,6,6,0,1,3,0,16,19,1,
22023,202695,22300553,"JAN 14, 2024",LAC @ MIN,L,37,9,19,0.474,2,3,0.667,6,6,1.0,0,9,9,4,2,0,1,4,26,-13,1,
22023,202695,22300537,"JAN 12, 2024",LAC @ MEM,W,29,10,16,0.625,2,5,0.4,0,0,0.0,0,7,7,4,2,2,1,3,22,11,1,
22023,202695,22300526,"JAN 10, 2024",LAC vs. TOR,W,38,10,18,0.556,2,4,0.5,7,7,1.0,2,1,3,7,1,2,0,3,29,-5,1,
22023,202695,22300511,"JAN 08, 2024",LAC vs. PHX,W,32,8,15,0.533,1,3,0.333,0,0,0.0,0,3,3,2,5,1,3,1,17,11,1,
22023,202695,22300505,"JAN 07, 2024",LAC @ LAL,L,35,6,17,0.353,2,7,0.286,1,2,0.5,0,8,8,2,3,2,3,4,15,4,1,
22023,202695,22300486,"JAN 05, 2024",LAC @ NOP,W,30,7,15,0.467,2,4,0.5,3,4,0.75,2,7,9,2,1,1,2,1,19,6,1,
22023,202695,22300473,"JAN 03, 2024",LAC @ PHX,W,40,9,16,0.563,4,6,0.667,8,8,1.0,2,6,8,3,2,2,2,1,30,11,1,
22023,202695,22300458,"JAN 01, 2024",LAC vs. MIA,W,34,10,19,0.526,2,5,0.4,2,3,0.667,1,5,6,5,4,1,2,0,24,24,1,
22023,202695,22300372,"DEC 20, 2023",LAC @ DAL,W,37,12,22,0.545,1,6,0.167,5,5,1.0,3,7,10,5,1,1,0,0,30,7,1,
22023,202695,22300350,"DEC 18, 2023",LAC @ IND,W,27,12,18,0.667,2,5,0.4,2,2,1.0,1,1,2,1,1,0,3,2,28,27,1,
22023,202695,22300343,"DEC 16, 2023",LAC vs. NYK,W,30,12,16,0.75,5,6,0.833,7,7,1.0,1,6,7,4,2,0,0,1,36,15,1,
22023,202695,22300325,"DEC 14, 2023",LAC vs. GSW,W,39,9,16,0.563,2,4,0.5,7,9,0.778,3,5,8,2,1,1,2,2,27,-1,1,
22023,202695,22300309,"DEC 12, 2023",LAC vs. SAC,W,31,11,14,0.786,2,3,0.667,7,7,1.0,0,4,4,3,1,1,1,0,31,21,1,
22023,202695,22300304,"DEC 11, 2023",LAC vs. POR,W,39,11,19,0.579,3,8,0.375,9,9,1.0,0,6,6,5,3,0,1,2,34,13,1,
22023,202695,22301225,"DEC 08, 2023",LAC @ UTA,W,38,14,23,0.609,6,8,0.75,7,7,1.0,3,2,5,5,0,1,2,1,41,18,1,
22023,202695,22301215,"DEC 06, 2023",LAC vs. DEN,W,38,8,16,0.5,1,3,0.333,0,0,0.0,1,3,4,5,1,1,2,2,17,-8,1,
22023,202695,22300280,"DEC 02, 2023",LAC vs. GSW,W,39,9,16,0.563,2,5,0.4,0,0,0.0,0,8,8,7,1,0,3,2,20,8,1,
22023,202695,22300273,"NOV 30, 2023",LAC @ GSW,L,35,9,17,0.529,2,2,1.0,3,4,0.75,1,6,7,0,2,0,0,2,23,2,1,
22023,202695,22300264,"NOV 29, 2023",LAC @ SAC,W,37,14,18,0.778,2,3,0.667,4,6,0.667,0,9,9,3,1,2,0,2,34,20,1,
22023,202695,22300257,"NOV 27, 2023",LAC vs. DEN,L,39,10,26,0.385,2,5,0.4,9,9,1.0,1,7,8,3,1,2,2,0,31,-5,1,
22023,202695,22300244,"NOV 25, 2023",LAC vs. DAL,W,29,2,12,0.167,0,5,0.0,4,4,1.0,0,6,6,3,0,2,2,1,8,24,1,
22023,202695,22300052,"NOV 24, 2023",LAC vs. NOP,L,34,8,17,0.471,1,7,0.143,3,4,0.75,1,7,8,3,1,1,1,0,20,-15,1,
22023,202695,22300235,"NOV 22, 2023",LAC @ SAS,W,36,10,17,0.588,2,6,0.333,4,4,1.0,0,4,4,4,2,0,1,3,26,-2,1,
22023,202695,22300223,"NOV 20, 2023",LAC @ SAS,W,28,8,17,0.471,2,6,0.333,3,3,1.0,2,2,4,3,1,1,0,0,21,17,1,
22023,202695,22300037,"NOV 17, 2023",LAC vs. HOU,W,37,8,16,0.5,3,6,0.5,7,8,0.875,1,7,8,2,5,1,3,3,26,18,1,
22023,202695,22300024,"NOV 14, 2023",LAC @ DEN,L,38,5,14,0.357,2,3,0.667,3,4,0.75,0,2,2,2,5,0,3,1,15,0,1,
22023,202695,22300179,"NOV 12, 2023",LAC vs. MEM,L,37,6,16,0.375,1,4,0.25,1,2,0.5,1,4,5,3,1,2,0,3,14,-18,1,
22023,202695,22300014,"NOV 10, 2023",LAC @ DAL,L,29,8,15,0.533,2,4,0.5,8,8,1.0,1,2,3,4,0,0,2,2,26,-8,1,
22023,202695,22300160,"NOV 08, 2023",LAC @ BKN,L,36,7,16,0.438,1,6,0.167,2,2,1.0,0,6,6,2,2,1,1,1,17,3,1,
22023,202695,22300151,"NOV 06, 2023",LAC @ NYK,L,32,8,16,0.5,2,6,0.333,0,0,0.0,2,3,5,3,0,0,0,2,18,-12,1,
22023,202695,22300127,"NOV 01, 2023",LAC @ LAL,L,41,15,28,0.536,5,11,0.455,3,6,0.5,1,5,6,5,2,0,2,2,38,4,1,
22023,202695,22300114,"OCT 31, 2023",LAC vs. ORL,W,33,3,11,0.273,0,3,0.0,2,2,1.0,2,6,8,3,2,0,1,1,8,18,1,
22023,202695,22300099,"OCT 29, 2023",LAC vs. SAS,W,28,6,13,0.462,3,7,0.429,6,7,0.857,0,3,3,4,2,0,3,2,21,24,1,
22023,202695,22300085,"OCT 27, 2023",LAC @ UTA,L,37,10,22,0.455,4,10,0.4,1,3,0.333,3,6,9,5,2,0,1,1,25,9,1,
22023,202695,22300074,"OCT 25, 2023",LAC vs. POR,W,29,9,17,0.529,5,5,1.0,0,0,0.0,1,4,5,6,1,1,4,2,23,25,1,
22023,202696,22300781,"FEB 14, 2024",CHI @ CLE,L,39,4,16,0.25,1,5,0.2,0,0,0.0,3,5,8,1,0,0,2,4,9,-11,1,
22023,202696,22300763,"FEB 12, 2024",CHI @ ATL,W,34,8,16,0.5,1,2,0.5,7,9,0.778,2,9,11,2,1,0,0,3,24,3,1,
22023,202696,22300752,"FEB 10, 2024",CHI @ ORL,L,43,12,25,0.48,1,7,0.143,1,2,0.5,9,8,17,4,3,1,0,3,26,1,1,
22023,202696,22300737,"FEB 08, 2024",CHI @ MEM,W,39,7,19,0.368,3,7,0.429,3,3,1.0,2,8,10,5,0,2,3,1,20,19,1,
22023,202696,22300723,"FEB 06, 2024",CHI vs. MIN,W,43,10,16,0.625,2,4,0.5,2,2,1.0,1,5,6,2,0,4,0,5,24,5,1,
22023,202696,22300700,"FEB 03, 2024",CHI vs. SAC,L,34,10,18,0.556,1,4,0.25,3,3,1.0,2,10,12,3,1,0,2,2,24,-3,1,
22023,202696,22300674,"JAN 31, 2024",CHI @ CHA,W,33,10,22,0.455,1,4,0.25,1,2,0.5,3,9,12,3,0,2,0,0,22,3,1,
22023,202696,22300672,"JAN 30, 2024",CHI vs. TOR,L,36,5,11,0.455,2,5,0.4,2,2,1.0,1,8,9,3,2,1,1,2,14,-11,1,
22023,202696,22300656,"JAN 28, 2024",CHI @ POR,W,34,6,14,0.429,0,4,0.0,2,2,1.0,0,7,7,3,0,3,0,2,14,4,1,
22023,202696,22300633,"JAN 25, 2024",CHI @ LAL,L,39,9,12,0.75,2,3,0.667,0,0,0.0,3,5,8,1,0,1,2,2,20,-7,1,
22023,202696,22300612,"JAN 22, 2024",CHI @ PHX,L,37,9,17,0.529,1,5,0.2,0,0,0.0,5,12,17,7,0,0,1,2,19,10,1,
22023,202696,22300597,"JAN 20, 2024",CHI vs. MEM,W,25,5,8,0.625,1,3,0.333,0,0,0.0,2,9,11,3,0,0,2,3,11,7,1,
22023,202696,22300580,"JAN 18, 2024",CHI @ TOR,W,35,12,20,0.6,0,3,0.0,0,0,0.0,5,9,14,7,2,1,0,1,24,23,1,
22023,202696,22300561,"JAN 15, 2024",CHI @ CLE,L,37,8,19,0.421,1,7,0.143,0,0,0.0,0,10,10,4,0,0,2,3,17,-8,1,
22023,202696,22300548,"JAN 13, 2024",CHI @ SAS,W,31,10,17,0.588,2,5,0.4,2,3,0.667,3,13,16,5,0,3,1,2,24,13,1,
22023,202696,22300536,"JAN 12, 2024",CHI vs. GSW,L,33,6,12,0.5,2,5,0.4,0,0,0.0,2,5,7,2,0,0,3,1,14,-7,1,
22023,202696,22300523,"JAN 10, 2024",CHI vs. HOU,W,41,9,17,0.529,0,5,0.0,0,0,0.0,3,12,15,3,0,1,0,4,18,16,1,
22023,202696,22300506,"JAN 08, 2024",CHI @ CHA,W,30,10,18,0.556,1,3,0.333,0,0,0.0,3,7,10,4,1,1,1,4,21,-9,1,
22023,202696,22300484,"JAN 05, 2024",CHI vs. CHA,W,25,5,12,0.417,1,5,0.2,0,0,0.0,0,7,7,3,0,0,1,3,11,5,1,
22023,202696,22300396,"DEC 23, 2023",CHI vs. CLE,L,34,7,11,0.636,2,5,0.4,4,4,1.0,1,11,12,4,1,1,1,1,20,-12,1,
22023,202696,22300376,"DEC 21, 2023",CHI vs. SAS,W,27,8,19,0.421,0,7,0.0,0,0,0.0,1,4,5,3,1,0,2,2,16,3,1,
22023,202696,22300370,"DEC 20, 2023",CHI vs. LAL,W,31,4,13,0.308,3,5,0.6,2,2,1.0,1,9,10,2,1,1,1,2,13,6,1,
22023,202696,22300351,"DEC 18, 2023",CHI @ PHI,W,34,10,18,0.556,3,7,0.429,0,0,0.0,3,5,8,4,0,2,2,4,23,-4,1,
22023,202696,22300337,"DEC 16, 2023",CHI @ MIA,L,32,3,13,0.231,1,4,0.25,5,6,0.833,4,7,11,3,1,0,2,1,12,-5,1,
22023,202696,22300320,"DEC 14, 2023",CHI @ MIA,W,36,10,21,0.476,2,5,0.4,2,2,1.0,2,10,12,7,2,0,0,2,24,12,1,
22023,202696,22300307,"DEC 12, 2023",CHI vs. DEN,L,33,12,21,0.571,1,4,0.25,1,1,1.0,4,12,16,5,0,2,3,1,26,-5,1,
22023,202696,22300300,"DEC 11, 2023",CHI @ MIL,L,39,6,16,0.375,2,5,0.4,0,0,0.0,1,9,10,5,1,1,1,5,14,-2,1,
22023,202696,22301223,"DEC 08, 2023",CHI @ SAS,W,36,9,22,0.409,0,2,0.0,3,3,1.0,10,6,16,2,0,1,0,2,21,15,1,
22023,202696,22301211,"DEC 06, 2023",CHI vs. CHA,W,34,8,17,0.471,2,3,0.667,2,2,1.0,6,6,12,3,0,1,2,0,20,2,1,
22023,202696,22300285,"DEC 02, 2023",CHI vs. NOP,W,33,3,12,0.25,0,5,0.0,0,0,0.0,3,4,7,4,0,3,1,1,6,8,1,
22023,202696,22300269,"NOV 30, 2023",CHI vs. MIL,W,40,11,21,0.524,2,4,0.5,5,6,0.833,1,9,10,6,1,0,4,2,29,-6,1,
22023,202696,22300053,"NOV 28, 2023",CHI @ BOS,L,25,4,11,0.364,0,2,0.0,0,0,0.0,0,8,8,2,2,1,1,1,8,-26,1,
22023,202696,22300250,"NOV 26, 2023",CHI @ BKN,L,37,3,9,0.333,0,3,0.0,0,0,0.0,1,8,9,5,1,1,2,5,6,2,1,
22023,202696,22300046,"NOV 24, 2023",CHI @ TOR,L,36,4,8,0.5,1,2,0.5,0,0,0.0,0,8,8,5,1,0,1,3,9,-4,1,
22023,202696,22300234,"NOV 22, 2023",CHI @ OKC,L,37,6,13,0.462,2,5,0.4,2,2,1.0,5,7,12,3,2,0,1,4,16,-3,1,
22023,202696,22300220,"NOV 20, 2023",CHI vs. MIA,L,32,7,16,0.438,0,4,0.0,4,4,1.0,2,6,8,2,0,0,2,4,18,-22,1,
22023,202696,22300204,"NOV 18, 2023",CHI vs. MIA,W,33,7,14,0.5,1,5,0.2,0,0,0.0,1,7,8,0,1,1,2,2,15,-5,1,
22023,202696,22300033,"NOV 17, 2023",CHI vs. ORL,L,30,4,16,0.25,0,3,0.0,2,2,1.0,3,7,10,6,0,0,1,4,10,-4,1,
22023,202696,22300196,"NOV 15, 2023",CHI vs. ORL,L,36,8,18,0.444,0,4,0.0,1,1,1.0,3,6,9,3,0,1,5,4,17,4,1,
22023,202696,22300190,"NOV 13, 2023",CHI @ MIL,L,36,11,24,0.458,2,7,0.286,2,3,0.667,6,6,12,5,1,1,1,5,26,-1,1,
22023,202696,22300181,"NOV 12, 2023",CHI vs. DET,W,33,8,17,0.471,3,7,0.429,2,2,1.0,2,10,12,4,2,1,1,2,21,6,1,
22023,202696,22300162,"NOV 08, 2023",CHI vs. PHX,L,41,11,19,0.579,2,5,0.4,2,3,0.667,2,4,6,3,1,1,2,5,26,-16,1,
22023,202696,22300152,"NOV 06, 2023",CHI vs. UTA,W,31,5,11,0.455,0,2,0.0,0,0,0.0,1,7,8,4,1,1,0,1,10,18,1,
22023,202696,22300139,"NOV 04, 2023",CHI @ DEN,L,30,8,17,0.471,1,2,0.5,2,2,1.0,2,5,7,3,0,0,2,3,19,-27,1,
22023,202696,22300004,"NOV 03, 2023",CHI vs. BKN,L,36,6,13,0.462,1,1,1.0,0,0,0.0,6,7,13,3,0,0,0,1,13,8,1,
22023,202696,22300124,"NOV 01, 2023",CHI @ DAL,L,36,10,17,0.588,1,3,0.333,0,0,0.0,5,15,20,1,2,0,3,2,21,-6,1,
22023,202696,22300102,"OCT 30, 2023",CHI @ IND,W,34,10,19,0.526,0,1,0.0,4,6,0.667,5,12,17,3,1,0,1,3,24,0,1,
22023,202696,22300088,"OCT 28, 2023",CHI @ DET,L,32,5,11,0.455,1,2,0.5,1,1,1.0,0,4,4,1,0,0,1,5,12,-11,1,
22023,202696,22300082,"OCT 27, 2023",CHI vs. TOR,W,40,4,15,0.267,1,5,0.2,2,3,0.667,3,9,12,1,0,1,3,2,11,0,1,
22023,202696,22300070,"OCT 25, 2023",CHI vs. OKC,L,32,5,8,0.625,0,2,0.0,1,1,1.0,1,8,9,4,3,2,4,2,11,-19,1,
22023,202699,22300753,"FEB 10, 2024",PHI @ WAS,W,33,4,14,0.286,0,2,0.0,3,4,0.75,1,6,7,3,3,1,4,1,11,-8,1,
22023,202699,22300742,"FEB 09, 2024",PHI vs. ATL,L,39,7,16,0.438,2,4,0.5,5,6,0.833,0,6,6,7,0,0,1,2,21,-4,1,
22023,202699,22300727,"FEB 07, 2024",PHI vs. GSW,L,29,6,14,0.429,0,1,0.0,1,1,1.0,0,7,7,3,0,1,1,1,13,-22,1,
22023,202699,22300715,"FEB 05, 2024",PHI vs. DAL,L,35,8,11,0.727,1,1,1.0,0,0,0.0,0,6,6,6,2,1,1,2,17,-18,1,
22023,202699,22300686,"FEB 01, 2024",PHI @ UTA,W,39,13,21,0.619,0,5,0.0,2,2,1.0,2,3,5,7,1,1,0,3,28,5,1,
22023,202699,22300673,"JAN 30, 2024",PHI @ GSW,L,38,10,18,0.556,2,4,0.5,4,4,1.0,6,4,10,2,2,0,2,2,26,-15,1,
22023,202699,22300668,"JAN 29, 2024",PHI @ POR,L,20,3,9,0.333,0,3,0.0,3,4,0.75,1,3,4,1,0,0,0,0,9,-12,1,
22023,202699,22300608,"JAN 22, 2024",PHI vs. SAS,W,35,5,11,0.455,0,5,0.0,4,4,1.0,0,2,2,6,0,0,0,3,14,21,1,
22023,202699,22300593,"JAN 20, 2024",PHI @ CHA,W,36,7,15,0.467,1,3,0.333,6,7,0.857,1,4,5,6,0,0,2,0,21,18,1,
22023,202699,22300585,"JAN 19, 2024",PHI @ ORL,W,35,3,11,0.273,1,3,0.333,5,5,1.0,2,4,6,3,3,1,0,3,12,6,1,
22023,202699,22300566,"JAN 16, 2024",PHI vs. DEN,W,38,8,10,0.8,2,4,0.5,6,6,1.0,0,5,5,4,1,2,0,2,24,13,1,
22023,202699,22300555,"JAN 15, 2024",PHI vs. HOU,W,31,3,7,0.429,2,3,0.667,2,2,1.0,0,3,3,2,0,0,1,2,10,-1,1,
22023,202699,22300532,"JAN 12, 2024",PHI vs. SAC,W,36,14,25,0.56,3,7,0.429,6,6,1.0,3,4,7,3,3,0,3,0,37,19,1,
22023,202699,22300521,"JAN 10, 2024",PHI @ ATL,L,41,12,24,0.5,1,2,0.5,7,7,1.0,2,8,10,4,0,1,1,2,32,1,1,
22023,202699,22300483,"JAN 05, 2024",PHI vs. NYK,L,24,2,6,0.333,1,2,0.5,0,1,0.0,0,3,3,4,0,0,0,2,5,-1,1,
22023,202699,22300459,"JAN 02, 2024",PHI vs. CHI,W,30,9,13,0.692,1,4,0.25,1,3,0.333,1,7,8,2,0,2,1,0,20,32,1,
22023,202699,22300442,"DEC 30, 2023",PHI @ CHI,L,34,6,16,0.375,0,3,0.0,3,4,0.75,3,4,7,4,0,1,0,1,15,-20,1,
22023,202699,22300434,"DEC 29, 2023",PHI @ HOU,W,35,10,18,0.556,2,6,0.333,0,0,0.0,1,3,4,7,4,3,3,3,22,5,1,
22023,202699,22300415,"DEC 27, 2023",PHI @ ORL,W,33,10,23,0.435,1,5,0.2,1,1,1.0,1,6,7,2,1,0,0,0,22,20,1,
22023,202699,22300404,"DEC 25, 2023",PHI @ MIA,L,42,10,18,0.556,4,7,0.571,3,3,1.0,1,6,7,6,1,0,2,3,27,2,1,
22023,202699,22300382,"DEC 22, 2023",PHI vs. TOR,W,38,12,23,0.522,5,9,0.556,4,4,1.0,0,8,8,7,1,0,2,2,33,8,1,
22023,202699,22300367,"DEC 20, 2023",PHI vs. MIN,W,37,4,10,0.4,0,1,0.0,1,1,1.0,1,4,5,3,1,0,1,5,9,-2,1,
22023,202699,22300351,"DEC 18, 2023",PHI vs. CHI,L,32,1,3,0.333,1,1,1.0,0,0,0.0,0,5,5,2,0,3,2,1,3,6,1,
22023,202699,22300335,"DEC 16, 2023",PHI @ CHA,W,25,6,10,0.6,1,3,0.333,2,2,1.0,1,4,5,4,0,1,1,0,15,36,1,
22023,202699,22300327,"DEC 15, 2023",PHI vs. DET,W,24,4,8,0.5,1,3,0.333,4,4,1.0,2,5,7,2,3,1,2,3,13,24,1,
22023,202699,22300310,"DEC 13, 2023",PHI @ DET,W,26,7,10,0.7,3,5,0.6,4,4,1.0,1,6,7,1,0,1,1,0,21,20,1,
22023,202699,22300295,"DEC 11, 2023",PHI vs. WAS,W,30,2,5,0.4,1,2,0.5,5,6,0.833,0,4,4,6,0,0,0,1,10,21,1,
22023,202699,22301218,"DEC 08, 2023",PHI vs. ATL,W,34,5,9,0.556,0,1,0.0,3,3,1.0,2,6,8,2,1,0,2,3,13,8,1,
22023,202699,22301208,"DEC 06, 2023",PHI @ WAS,W,35,3,9,0.333,0,1,0.0,0,0,0.0,2,4,6,1,2,0,0,2,6,10,1,
22023,202699,22300275,"DEC 01, 2023",PHI @ BOS,L,38,6,16,0.375,1,1,1.0,1,3,0.333,3,2,5,3,4,0,4,1,14,-5,1,
22023,202699,22300262,"NOV 29, 2023",PHI @ NOP,L,29,5,10,0.5,0,2,0.0,2,2,1.0,0,4,4,2,0,0,5,2,12,-14,1,
22023,202699,22300255,"NOV 27, 2023",PHI vs. LAL,W,23,3,12,0.25,0,4,0.0,2,2,1.0,0,5,5,0,0,0,1,1,8,7,1,
22023,202699,22300239,"NOV 25, 2023",PHI @ OKC,W,31,6,13,0.462,1,5,0.2,3,3,1.0,0,5,5,6,0,0,3,3,16,20,1,
22023,202699,22300232,"NOV 22, 2023",PHI @ MIN,L,32,4,11,0.364,0,3,0.0,7,8,0.875,1,5,6,2,0,1,1,1,15,-15,1,
22023,202699,22300040,"NOV 21, 2023",PHI vs. CLE,L,43,7,13,0.538,3,5,0.6,6,6,1.0,0,2,2,2,2,0,0,3,23,-6,1,
22023,202699,22300208,"NOV 19, 2023",PHI @ BKN,W,32,5,13,0.385,0,4,0.0,0,0,0.0,1,4,5,1,2,0,0,0,10,14,1,
22023,202699,22300029,"NOV 17, 2023",PHI @ ATL,W,38,12,20,0.6,3,5,0.6,2,2,1.0,1,9,10,4,1,0,1,1,29,-4,1,
22023,202699,22300194,"NOV 15, 2023",PHI vs. BOS,L,38,6,12,0.5,1,2,0.5,3,3,1.0,0,7,7,3,0,0,1,0,16,-1,1,
22023,202699,22300019,"NOV 14, 2023",PHI vs. IND,L,37,11,17,0.647,0,1,0.0,0,1,0.0,0,7,7,3,1,0,1,3,22,-8,1,
22023,202699,22300180,"NOV 12, 2023",PHI vs. IND,W,36,9,20,0.45,0,3,0.0,0,0,0.0,4,5,9,4,0,0,1,2,18,12,1,
22023,202699,22300008,"NOV 10, 2023",PHI @ DET,W,38,8,15,0.533,2,3,0.667,6,6,1.0,1,4,5,2,0,1,3,1,24,10,1,
22023,202699,22300159,"NOV 08, 2023",PHI vs. BOS,W,38,5,12,0.417,1,4,0.25,6,6,1.0,2,7,9,3,0,0,2,1,17,3,1,
22023,202699,22300148,"NOV 06, 2023",PHI vs. WAS,W,31,6,11,0.545,0,2,0.0,6,6,1.0,1,4,5,5,1,0,2,1,18,8,1,
22023,202699,22300132,"NOV 04, 2023",PHI vs. PHX,W,34,7,10,0.7,0,1,0.0,4,4,1.0,2,8,10,2,1,0,3,4,18,20,1,
22023,202699,22300128,"NOV 02, 2023",PHI vs. TOR,W,40,10,17,0.588,2,6,0.333,1,2,0.5,0,7,7,3,3,0,2,1,23,6,1,
22023,202699,22300098,"OCT 29, 2023",PHI vs. POR,W,38,8,11,0.727,2,4,0.5,6,7,0.857,0,5,5,2,1,2,3,3,24,31,1,
22023,202699,22300092,"OCT 28, 2023",PHI @ TOR,W,36,4,10,0.4,1,4,0.25,6,7,0.857,1,1,2,2,2,2,2,1,15,0,1,
22023,202699,22300075,"OCT 26, 2023",PHI @ MIL,L,37,8,9,0.889,3,3,1.0,1,2,0.5,0,7,7,2,0,0,2,2,20,-14,1,
22023,202704,22300786,"FEB 14, 2024",DEN vs. SAC,L,29,6,13,0.462,0,1,0.0,0,0,0.0,2,3,5,9,1,0,1,1,12,3,1,
22023,202704,22300767,"FEB 12, 2024",DEN @ MIL,L,22,3,7,0.429,1,2,0.5,0,0,0.0,0,1,1,3,0,0,0,0,7,-1,1,
22023,202704,22300746,"FEB 09, 2024",DEN @ SAC,L,16,3,5,0.6,0,0,0.0,2,2,1.0,0,1,1,4,1,0,3,2,8,-9,1,
22023,202704,22300740,"FEB 08, 2024",DEN @ LAL,W,26,3,8,0.375,1,4,0.25,0,0,0.0,3,1,4,3,0,0,0,1,7,-10,1,
22023,202704,22300712,"FEB 04, 2024",DEN vs. POR,W,21,3,11,0.273,1,4,0.25,0,0,0.0,0,4,4,1,1,0,0,2,7,6,1,
22023,202704,22300697,"FEB 02, 2024",DEN vs. POR,W,24,5,9,0.556,1,3,0.333,2,3,0.667,0,0,0,3,0,0,0,3,13,-9,1,
22023,202704,22300682,"JAN 31, 2024",DEN @ OKC,L,30,5,12,0.417,2,3,0.667,4,4,1.0,0,4,4,3,0,1,1,2,16,-12,1,
22023,202704,22300667,"JAN 29, 2024",DEN vs. MIL,W,20,3,7,0.429,1,2,0.5,2,2,1.0,1,1,2,5,0,0,0,4,9,15,1,
22023,202704,22300644,"JAN 27, 2024",DEN vs. PHI,W,18,1,6,0.167,1,4,0.25,0,0,0.0,0,3,3,0,0,0,0,0,3,-14,1,
22023,202704,22300631,"JAN 25, 2024",DEN @ NYK,L,24,1,7,0.143,0,1,0.0,0,0,0.0,1,0,1,3,0,0,0,2,2,-16,1,
22023,202704,22300614,"JAN 23, 2024",DEN @ IND,W,24,6,11,0.545,1,4,0.25,0,0,0.0,0,2,2,2,2,1,2,3,13,-14,1,
22023,202704,22300602,"JAN 21, 2024",DEN @ WAS,W,21,1,4,0.25,1,2,0.5,0,0,0.0,0,1,1,3,0,0,0,1,3,5,1,
22023,202704,22300586,"JAN 19, 2024",DEN @ BOS,W,21,2,4,0.5,0,2,0.0,0,0,0.0,1,1,2,2,0,0,2,0,4,10,1,
22023,202704,22300566,"JAN 16, 2024",DEN @ PHI,L,20,3,6,0.5,2,3,0.667,2,2,1.0,0,2,2,2,1,0,1,0,10,4,1,
22023,202704,22300550,"JAN 14, 2024",DEN vs. IND,W,23,3,3,1.0,0,0,0.0,3,4,0.75,0,0,0,4,1,0,3,1,9,4,1,
22023,202704,22300539,"JAN 12, 2024",DEN vs. NOP,W,24,5,10,0.5,2,5,0.4,0,0,0.0,0,2,2,0,1,0,3,1,12,4,1,
22023,202704,22300524,"JAN 10, 2024",DEN @ UTA,L,20,2,7,0.286,1,4,0.25,0,0,0.0,0,0,0,2,0,0,0,2,5,3,1,
22023,202704,22300502,"JAN 07, 2024",DEN vs. DET,W,21,5,7,0.714,1,1,1.0,2,2,1.0,2,1,3,9,1,0,1,5,13,14,1,
22023,202704,22300488,"JAN 05, 2024",DEN vs. ORL,L,17,5,12,0.417,1,5,0.2,0,0,0.0,1,2,3,3,0,0,1,0,11,1,1,
22023,202704,22300478,"JAN 04, 2024",DEN @ GSW,W,16,1,6,0.167,0,0,0.0,0,0,0.0,0,0,0,3,0,0,1,0,2,-6,1,
22023,202704,22300455,"JAN 01, 2024",DEN vs. CHA,W,17,6,11,0.545,2,3,0.667,1,2,0.5,0,4,4,4,1,0,0,2,15,-2,1,
22023,202704,22300435,"DEC 29, 2023",DEN vs. OKC,L,15,3,10,0.3,2,5,0.4,0,0,0.0,0,2,2,3,1,0,0,0,8,1,1,
22023,202704,22300425,"DEC 28, 2023",DEN vs. MEM,W,17,3,7,0.429,1,1,1.0,2,2,1.0,1,1,2,7,1,0,3,1,9,15,1,
22023,202704,22300402,"DEC 25, 2023",DEN vs. GSW,W,15,0,2,0.0,0,0,0.0,2,2,1.0,0,0,0,3,0,0,4,1,2,-14,1,
22023,202704,22300390,"DEC 23, 2023",DEN @ CHA,W,15,1,9,0.111,0,3,0.0,0,0,0.0,0,3,3,4,1,0,2,3,2,0,1,
22023,202704,22300383,"DEC 22, 2023",DEN @ BKN,W,16,4,13,0.308,0,5,0.0,0,0,0.0,0,2,2,3,0,0,1,4,8,-15,1,
22023,202704,22300369,"DEC 20, 2023",DEN @ TOR,W,17,3,7,0.429,0,3,0.0,1,2,0.5,1,1,2,4,0,0,1,1,7,-5,1,
22023,202704,22300356,"DEC 18, 2023",DEN vs. DAL,W,19,9,12,0.75,1,3,0.333,1,1,1.0,0,1,1,4,0,0,0,2,20,14,1,
22023,202704,22300340,"DEC 16, 2023",DEN vs. OKC,L,22,3,10,0.3,1,4,0.25,0,0,0.0,1,2,3,3,0,0,1,4,7,4,1,
22023,202704,22300322,"DEC 14, 2023",DEN vs. BKN,W,23,4,13,0.308,2,4,0.5,2,2,1.0,0,0,0,4,2,0,1,3,12,8,1,
22023,202704,22300307,"DEC 12, 2023",DEN @ CHI,W,32,9,16,0.563,5,8,0.625,2,2,1.0,0,2,2,6,0,0,2,4,25,13,1,
22023,202704,22300296,"DEC 11, 2023",DEN @ ATL,W,19,5,10,0.5,1,5,0.2,1,1,1.0,0,1,1,6,0,0,1,0,12,-5,1,
22023,202704,22301224,"DEC 08, 2023",DEN vs. HOU,L,25,2,8,0.25,0,4,0.0,2,2,1.0,1,2,3,6,0,0,0,2,6,4,1,
22023,202704,22301215,"DEC 06, 2023",DEN @ LAC,L,19,4,10,0.4,3,4,0.75,3,4,0.75,0,1,1,3,1,0,2,1,14,-11,1,
22023,202704,22300290,"DEC 02, 2023",DEN @ SAC,L,33,9,18,0.5,2,6,0.333,0,0,0.0,0,1,1,8,1,0,2,3,20,-14,1,
22023,202704,22300279,"DEC 01, 2023",DEN @ PHX,W,29,8,11,0.727,3,4,0.75,1,2,0.5,0,2,2,4,0,0,1,3,20,0,1,
22023,202704,22300263,"NOV 29, 2023",DEN vs. HOU,W,24,6,14,0.429,2,7,0.286,0,0,0.0,0,2,2,2,0,1,0,3,14,-1,1,
22023,202704,22300257,"NOV 27, 2023",DEN @ LAC,W,40,15,19,0.789,3,4,0.75,2,4,0.5,1,4,5,13,2,0,2,3,35,25,1,
22023,202704,22300252,"NOV 26, 2023",DEN vs. SAS,W,28,7,10,0.7,3,3,1.0,3,3,1.0,2,5,7,6,1,0,4,5,20,15,1,
22023,202704,22300048,"NOV 24, 2023",DEN @ HOU,L,25,1,7,0.143,0,2,0.0,0,0,0.0,2,2,4,3,0,1,6,0,2,-26,1,
22023,202704,22300226,"NOV 22, 2023",DEN @ ORL,L,34,5,15,0.333,3,7,0.429,1,1,1.0,1,3,4,9,0,0,1,1,14,-8,1,
22023,202704,22300218,"NOV 20, 2023",DEN @ DET,W,32,9,15,0.6,1,3,0.333,2,3,0.667,0,3,3,6,1,1,0,2,21,3,1,
22023,202704,22300210,"NOV 19, 2023",DEN @ CLE,L,21,3,5,0.6,1,1,1.0,0,0,0.0,0,0,0,1,2,0,2,2,7,-28,1,
22023,202704,22300034,"NOV 17, 2023",DEN @ NOP,L,33,6,12,0.5,2,7,0.286,0,0,0.0,1,1,2,3,0,0,4,2,14,-4,1,
22023,202704,22300024,"NOV 14, 2023",DEN vs. LAC,W,30,7,11,0.636,0,1,0.0,4,6,0.667,0,3,3,4,0,1,2,3,18,9,1,
22023,202704,22300182,"NOV 12, 2023",DEN @ HOU,L,28,6,12,0.5,2,5,0.4,0,0,0.0,0,4,4,2,0,0,1,2,14,-3,1,
22023,202704,22300169,"NOV 08, 2023",DEN vs. GSW,W,32,8,17,0.471,3,7,0.429,1,2,0.5,0,2,2,6,0,0,0,5,20,13,1,
22023,202704,22300156,"NOV 06, 2023",DEN vs. NOP,W,24,2,8,0.25,1,4,0.25,2,2,1.0,0,1,1,4,0,0,0,1,7,16,1,
22023,202704,22300139,"NOV 04, 2023",DEN vs. CHI,W,25,6,10,0.6,3,5,0.6,1,2,0.5,0,1,1,3,0,1,1,0,16,14,1,
22023,202704,22300006,"NOV 03, 2023",DEN vs. DAL,W,20,3,10,0.3,1,4,0.25,1,2,0.5,0,1,1,2,4,0,3,1,8,5,1,
22023,202704,22300123,"NOV 01, 2023",DEN @ MIN,L,19,1,4,0.25,0,1,0.0,0,0,0.0,0,0,0,5,2,1,1,0,2,-4,1,
22023,202704,22300110,"OCT 30, 2023",DEN vs. UTA,W,19,2,6,0.333,0,3,0.0,0,1,0.0,1,3,4,1,0,0,1,2,4,9,1,
22023,202704,22300095,"OCT 29, 2023",DEN @ OKC,W,22,2,3,0.667,1,2,0.5,0,0,0.0,0,0,0,6,2,0,2,4,5,13,1,
22023,202704,22300078,"OCT 27, 2023",DEN @ MEM,W,22,7,13,0.538,2,5,0.4,0,0,0.0,0,2,2,6,0,1,0,0,16,-4,1,
22023,202704,22300061,"OCT 24, 2023",DEN vs. LAL,W,24,3,8,0.375,2,5,0.4,0,0,0.0,0,3,3,1,1,0,2,0,8,11,1,
22023,202709,22300727,"FEB 07, 2024",GSW @ PHI,W,5,3,4,0.75,2,3,0.667,0,0,0.0,0,1,1,1,0,0,0,0,8,4,1,
22023,202709,22300673,"JAN 30, 2024",GSW vs. PHI,W,13,1,4,0.25,0,2,0.0,0,0,0.0,1,0,1,2,0,0,1,3,2,-10,1,
22023,202709,22300650,"JAN 27, 2024",GSW vs. LAL,L,15,1,2,0.5,1,2,0.5,0,0,0.0,0,2,2,2,0,0,0,1,3,0,1,
22023,202709,22300632,"JAN 25, 2024",GSW vs. SAC,L,17,2,3,0.667,2,2,1.0,0,0,0.0,1,4,5,0,0,0,0,1,6,3,1,
22023,202709,22300626,"JAN 24, 2024",GSW vs. ATL,W,21,3,3,1.0,2,2,1.0,0,0,0.0,0,2,2,1,0,0,0,1,8,12,1,
22023,202709,22300560,"JAN 15, 2024",GSW @ MEM,L,7,0,1,0.0,0,1,0.0,0,0,0.0,0,0,0,1,0,0,0,0,0,-7,1,
22023,202709,22300545,"JAN 13, 2024",GSW @ MIL,L,18,1,2,0.5,1,2,0.5,0,0,0.0,0,3,3,2,0,1,1,1,3,-11,1,
22023,202709,22300536,"JAN 12, 2024",GSW @ CHI,W,13,1,3,0.333,0,1,0.0,0,0,0.0,0,1,1,2,0,0,0,1,2,4,1,
22023,202709,22300525,"JAN 10, 2024",GSW vs. NOP,L,17,1,3,0.333,0,2,0.0,0,0,0.0,2,1,3,2,0,0,2,2,2,-22,1,
22023,202709,22300504,"JAN 07, 2024",GSW vs. TOR,L,14,0,2,0.0,0,1,0.0,0,0,0.0,0,0,0,2,0,0,1,1,0,-3,1,
22023,202709,22300490,"JAN 05, 2024",GSW vs. DET,W,9,1,2,0.5,1,2,0.5,0,0,0.0,0,0,0,2,0,0,0,0,3,3,1,
22023,202709,22300426,"DEC 28, 2023",GSW vs. MIA,L,2,0,0,0.0,0,0,0.0,0,0,0.0,0,0,0,0,0,0,0,1,0,3,1,
22023,202709,22300399,"DEC 23, 2023",GSW vs. POR,W,4,0,1,0.0,0,1,0.0,0,0,0.0,0,0,0,1,0,0,1,0,0,1,1,
22023,202709,22300386,"DEC 22, 2023",GSW vs. WAS,W,14,0,3,0.0,0,1,0.0,0,0,0.0,0,1,1,0,1,0,1,3,0,-7,1,
22023,202709,22300362,"DEC 19, 2023",GSW vs. BOS,W,6,2,3,0.667,0,1,0.0,0,0,0.0,0,1,1,0,0,1,0,0,4,2,1,
22023,202709,22301222,"DEC 08, 2023",GSW @ OKC,L,13,1,3,0.333,0,1,0.0,0,0,0.0,0,1,1,3,0,0,0,0,2,3,1,
22023,202709,22300280,"DEC 02, 2023",GSW @ LAC,L,16,0,2,0.0,0,2,0.0,0,0,0.0,0,0,0,3,0,0,0,2,0,1,1,
22023,202709,22300273,"NOV 30, 2023",GSW vs. LAC,W,22,0,2,0.0,0,2,0.0,1,2,0.5,0,2,2,2,0,0,0,1,1,12,1,
22023,202709,22300060,"NOV 28, 2023",GSW @ SAC,L,8,1,2,0.5,0,0,0.0,2,2,1.0,0,3,3,3,0,0,0,0,4,1,1,
22023,202709,22300236,"NOV 22, 2023",GSW @ PHX,L,16,1,3,0.333,0,2,0.0,1,2,0.5,0,0,0,4,2,0,1,3,3,12,1,
22023,202709,22300201,"NOV 16, 2023",GSW vs. OKC,L,20,1,7,0.143,1,6,0.167,0,0,0.0,1,1,2,2,0,1,0,0,3,-16,1,
22023,202709,22300025,"NOV 14, 2023",GSW vs. MIN,L,13,2,6,0.333,2,3,0.667,0,1,0.0,0,0,0,4,0,0,2,1,6,6,1,
22023,202709,22300176,"NOV 11, 2023",GSW vs. CLE,L,2,1,2,0.5,1,2,0.5,0,0,0.0,0,0,0,1,0,0,2,1,3,6,1,
22023,202709,22300142,"NOV 05, 2023",GSW @ CLE,L,3,0,0,0.0,0,0,0.0,0,0,0.0,0,0,0,0,1,0,0,0,0,3,1,
22023,202709,22300108,"OCT 30, 2023",GSW @ NOP,W,5,0,1,0.0,0,1,0.0,0,0,0.0,0,1,1,1,0,0,0,2,0,0,1,
22023,202709,22300062,"OCT 24, 2023",GSW vs. PHX,L,4,0,0,0.0,0,0,0.0,0,0,0.0,1,0,1,1,0,0,0,0,0,-12,1,
22023,202710,22300730,"FEB 07, 2024",MIA vs. SAS,W,34,5,12,0.417,1,3,0.333,6,6,1.0,1,10,11,11,3,1,0,0,17,17,1,
22023,202710,22300721,"FEB 06, 2024",MIA vs. ORL,W,34,6,9,0.667,2,4,0.5,9,12,0.75,0,8,8,8,3,0,5,0,23,11,1,
22023,202710,22300708,"FEB 04, 2024",MIA vs. LAC,L,36,8,19,0.421,2,5,0.4,3,3,1.0,3,1,4,3,2,0,1,1,21,1,1,
22023,202710,22300689,"FEB 02, 2024",MIA @ WAS,W,36,7,10,0.7,1,1,1.0,9,13,0.692,4,5,9,3,1,0,2,0,24,8,1,
22023,202710,22300678,"JAN 31, 2024",MIA vs. SAC,W,35,10,14,0.714,2,3,0.667,9,12,0.75,1,6,7,6,1,0,1,2,31,-1,1,
22023,202710,22300661,"JAN 29, 2024",MIA vs. PHX,L,37,7,12,0.583,2,2,1.0,10,10,1.0,5,3,8,4,1,0,0,1,26,-17,1,
22023,202710,22300643,"JAN 27, 2024",MIA @ NYK,L,36,11,20,0.55,1,3,0.333,5,6,0.833,4,4,8,4,3,0,0,2,28,-7,1,
22023,202710,22300630,"JAN 25, 2024",MIA vs. BOS,L,29,7,11,0.636,2,3,0.667,1,1,1.0,1,2,3,4,2,0,1,1,17,-24,1,
22023,202710,22300621,"JAN 24, 2024",MIA vs. MEM,L,35,4,10,0.4,1,2,0.5,6,8,0.75,3,1,4,3,2,0,4,1,15,-4,1,
22023,202710,22300601,"JAN 21, 2024",MIA @ ORL,L,29,5,10,0.5,3,5,0.6,2,2,1.0,0,4,4,2,0,0,0,1,15,-10,1,
22023,202710,22300587,"JAN 19, 2024",MIA vs. ATL,L,36,8,10,0.8,0,0,0.0,9,10,0.9,4,1,5,6,2,0,4,2,25,0,1,
22023,202710,22300574,"JAN 17, 2024",MIA @ TOR,L,31,6,11,0.545,0,0,0.0,4,5,0.8,2,3,5,5,2,0,1,0,16,-8,1,
22023,202710,22300562,"JAN 15, 2024",MIA @ BKN,W,40,8,12,0.667,0,0,0.0,15,16,0.938,2,3,5,4,2,0,1,2,31,6,1,
22023,202710,22300439,"DEC 30, 2023",MIA @ UTA,L,23,2,3,0.667,0,0,0.0,4,4,1.0,0,2,2,1,0,1,2,2,8,4,1,
22023,202710,22300353,"DEC 18, 2023",MIA vs. MIN,L,34,5,12,0.417,1,3,0.333,4,6,0.667,2,3,5,5,0,0,1,1,15,5,1,
22023,202710,22300337,"DEC 16, 2023",MIA vs. CHI,W,35,9,18,0.5,0,2,0.0,10,11,0.909,1,3,4,2,2,0,2,3,28,12,1,
22023,202710,22300320,"DEC 14, 2023",MIA vs. CHI,L,36,6,15,0.4,0,1,0.0,8,10,0.8,2,4,6,7,0,0,1,0,20,-10,1,
22023,202710,22300312,"DEC 13, 2023",MIA vs. CHA,W,29,4,8,0.5,0,0,0.0,7,7,1.0,2,5,7,10,1,0,4,1,15,19,1,
22023,202710,22300292,"DEC 11, 2023",MIA @ CHA,W,36,7,12,0.583,1,1,1.0,8,9,0.889,2,2,4,8,1,1,3,4,23,13,1,
22023,202710,22301220,"DEC 08, 2023",MIA vs. CLE,L,36,5,15,0.333,0,2,0.0,6,7,0.857,3,2,5,2,1,0,2,1,16,-5,1,
22023,202710,22301207,"DEC 06, 2023",MIA @ TOR,W,35,7,16,0.438,1,1,1.0,4,5,0.8,0,2,2,8,1,0,0,2,19,5,1,
22023,202710,22300284,"DEC 02, 2023",MIA vs. IND,L,37,12,23,0.522,0,1,0.0,9,9,1.0,2,3,5,5,0,0,1,1,33,-17,1,
22023,202710,22300267,"NOV 30, 2023",MIA vs. IND,W,38,9,19,0.474,0,1,0.0,18,20,0.9,4,7,11,3,0,0,3,1,36,-3,1,
22023,202710,22300045,"NOV 24, 2023",MIA @ NYK,L,37,7,14,0.5,3,5,0.6,6,6,1.0,0,2,2,3,1,0,2,1,23,7,1,
22023,202710,22300229,"NOV 22, 2023",MIA @ CLE,W,28,3,12,0.25,1,5,0.2,3,4,0.75,1,3,4,9,2,2,1,0,10,23,1,
22023,202710,22300220,"NOV 20, 2023",MIA @ CHI,W,29,4,11,0.364,0,2,0.0,8,9,0.889,0,3,3,6,1,0,1,2,16,17,1,
22023,202710,22300204,"NOV 18, 2023",MIA @ CHI,L,33,8,16,0.5,2,6,0.333,7,7,1.0,0,3,3,2,1,0,2,2,25,7,1,
22023,202710,22300200,"NOV 16, 2023",MIA vs. BKN,W,35,12,19,0.632,2,5,0.4,10,11,0.909,2,3,5,3,1,3,4,0,36,9,1,
22023,202710,22300017,"NOV 14, 2023",MIA @ CHA,W,34,10,14,0.714,1,1,1.0,11,14,0.786,3,1,4,5,2,0,3,1,32,2,1,
22023,202710,22300184,"NOV 12, 2023",MIA @ SAS,W,37,5,14,0.357,1,3,0.333,8,9,0.889,2,4,6,4,0,1,2,1,19,14,1,
22023,202710,22300164,"NOV 08, 2023",MIA @ MEM,W,35,5,13,0.385,2,4,0.5,3,3,1.0,1,2,3,2,2,0,1,1,15,12,1,
22023,202710,22300150,"NOV 06, 2023",MIA vs. LAL,W,37,9,15,0.6,3,4,0.75,7,7,1.0,2,2,4,6,2,0,3,0,28,-1,1,
22023,202710,22300003,"NOV 03, 2023",MIA vs. WAS,W,31,7,11,0.636,1,2,0.5,5,6,0.833,0,7,7,2,3,0,2,1,20,6,1,
22023,202710,22300119,"NOV 01, 2023",MIA vs. BKN,L,34,7,16,0.438,0,2,0.0,6,8,0.75,4,3,7,3,1,0,1,1,20,-3,1,
22023,202710,22300107,"OCT 30, 2023",MIA @ MIL,L,29,4,11,0.364,1,2,0.5,4,4,1.0,2,2,4,4,0,1,1,0,13,-13,1,
22023,202710,22300080,"OCT 27, 2023",MIA @ BOS,L,34,3,11,0.273,0,0,0.0,8,9,0.889,2,3,5,3,1,1,1,1,14,0,1,
22023,202710,22300068,"OCT 25, 2023",MIA vs. DET,W,34,6,18,0.333,0,0,0.0,7,9,0.778,8,5,13,4,2,0,0,0,19,-3,1,
22023,202711,22300765,"FEB 12, 2024",NYK @ HOU,L,23,7,13,0.538,1,5,0.2,0,1,0.0,0,4,4,0,0,1,1,2,15,-13,1,
22023,202711,22300755,"FEB 10, 2024",NYK vs. IND,L,33,3,10,0.3,2,6,0.333,3,4,0.75,0,3,3,1,1,0,0,2,11,-10,1,
22023,202711,22300704,"FEB 04, 2024",DET vs. ORL,L,33,3,12,0.25,1,7,0.143,4,4,1.0,0,5,5,2,0,1,2,1,11,-11,1,
22023,202711,22300688,"FEB 02, 2024",DET vs. LAC,L,30,9,13,0.692,6,9,0.667,2,2,1.0,0,1,1,3,0,0,4,2,26,-8,1,
22023,202711,22300675,"JAN 31, 2024",DET @ CLE,L,30,5,12,0.417,4,8,0.5,3,4,0.75,0,2,2,0,1,0,4,1,17,-26,1,
22023,202711,22300654,"JAN 28, 2024",DET vs. OKC,W,32,6,15,0.4,1,5,0.2,4,4,1.0,0,1,1,2,0,0,1,0,17,4,1,
22023,202711,22300642,"JAN 27, 2024",DET vs. WAS,L,36,10,19,0.526,4,10,0.4,6,7,0.857,0,3,3,3,1,0,2,1,30,12,1,
22023,202711,22300619,"JAN 24, 2024",DET vs. CHA,W,33,12,23,0.522,5,10,0.5,5,6,0.833,0,4,4,4,0,0,2,1,34,0,1,
22023,202711,22300606,"JAN 22, 2024",DET vs. MIL,L,23,6,12,0.5,2,4,0.5,1,2,0.5,0,1,1,1,0,1,0,3,15,-13,1,
22023,202711,22300592,"JAN 20, 2024",DET vs. MIL,L,32,5,15,0.333,3,7,0.429,6,8,0.75,0,1,1,2,0,0,1,5,19,-29,1,
22023,202711,22300569,"JAN 17, 2024",DET vs. MIN,L,32,7,13,0.538,3,7,0.429,3,4,0.75,0,5,5,3,0,1,1,2,20,-4,1,
22023,202711,22300519,"JAN 10, 2024",DET vs. SAS,L,33,8,13,0.615,3,5,0.6,0,0,0.0,0,2,2,2,1,0,4,1,19,-16,1,
22023,202711,22300512,"JAN 09, 2024",DET vs. SAC,L,33,10,14,0.714,4,7,0.571,2,3,0.667,1,4,5,2,3,0,3,1,26,-19,1,
22023,202711,22300502,"JAN 07, 2024",DET @ DEN,L,27,6,12,0.5,2,4,0.5,0,0,0.0,0,1,1,1,3,0,3,2,14,-4,1,
22023,202711,22300490,"JAN 05, 2024",DET @ GSW,L,36,5,19,0.263,2,8,0.25,0,0,0.0,2,3,5,3,2,0,1,0,12,-7,1,
22023,202711,22300474,"JAN 03, 2024",DET @ UTA,L,43,13,26,0.5,8,15,0.533,2,2,1.0,1,6,7,5,1,0,1,6,36,-5,1,
22023,202711,22300453,"JAN 01, 2024",DET @ HOU,L,27,4,11,0.364,3,6,0.5,3,4,0.75,1,1,2,2,0,0,4,0,14,-21,1,
22023,202711,22300440,"DEC 30, 2023",DET vs. TOR,W,37,7,14,0.5,2,6,0.333,3,5,0.6,0,7,7,3,0,0,4,2,19,-4,1,
22023,202711,22300421,"DEC 28, 2023",DET @ BOS,L,44,8,21,0.381,1,7,0.143,0,0,0.0,2,10,12,6,0,0,2,3,17,-6,1,
22023,202711,22300406,"DEC 26, 2023",DET vs. BKN,L,39,9,19,0.474,3,9,0.333,2,3,0.667,0,3,3,2,0,0,4,6,23,-3,1,
22023,202711,22300394,"DEC 23, 2023",DET @ BKN,L,39,5,13,0.385,2,7,0.286,7,9,0.778,2,6,8,4,2,0,4,4,19,0,1,
22023,202711,22300374,"DEC 21, 2023",DET vs. UTA,L,35,3,12,0.25,2,7,0.286,0,0,0.0,0,1,1,1,0,1,1,4,8,-1,1,
22023,202711,22300352,"DEC 18, 2023",DET @ ATL,L,39,9,17,0.529,5,9,0.556,2,3,0.667,1,1,2,2,0,0,2,3,25,4,1,
22023,202711,22300334,"DEC 16, 2023",DET @ MIL,L,31,8,15,0.533,2,6,0.333,6,6,1.0,1,1,2,2,0,0,2,3,24,-16,1,
22023,202711,22300327,"DEC 15, 2023",DET @ PHI,L,26,6,12,0.5,2,5,0.4,3,4,0.75,1,2,3,2,0,0,3,1,17,-28,1,
22023,202711,22300310,"DEC 13, 2023",DET vs. PHI,L,33,11,19,0.579,5,9,0.556,6,8,0.75,0,1,1,2,1,0,1,1,33,-10,1,
22023,202711,22300293,"DEC 11, 2023",DET vs. IND,L,34,5,14,0.357,3,9,0.333,4,7,0.571,0,1,1,2,3,0,2,2,17,-12,1,
22023,202711,22301217,"DEC 08, 2023",DET @ ORL,L,29,4,10,0.4,1,3,0.333,0,1,0.0,0,3,3,1,1,0,2,1,9,-18,1,
22023,202711,22301206,"DEC 06, 2023",DET vs. MEM,L,32,8,15,0.533,4,8,0.5,2,2,1.0,0,4,4,7,3,0,2,0,22,-1,1,
22023,202711,22300283,"DEC 02, 2023",DET vs. CLE,L,27,7,15,0.467,3,10,0.3,5,6,0.833,1,1,2,2,1,0,1,1,22,-8,1,
22023,202722,22300777,"FEB 14, 2024",CHA vs. ATL,W,13,1,4,0.25,1,4,0.25,0,0,0.0,0,1,1,1,0,0,0,1,3,13,1,
22023,202722,22300761,"FEB 12, 2024",CHA vs. IND,W,12,1,6,0.167,1,6,0.167,0,0,0.0,0,0,0,0,0,0,0,1,3,-8,1,
22023,202722,22300751,"FEB 10, 2024",CHA vs. MEM,W,12,3,5,0.6,3,5,0.6,0,0,0.0,0,2,2,1,2,0,0,1,9,10,1,
22023,202722,22300682,"JAN 31, 2024",OKC vs. DEN,W,0,0,0,0.0,0,0,0.0,0,0,0.0,0,0,0,0,0,0,0,0,0,0,1,
22023,202722,22300622,"JAN 24, 2024",OKC @ SAS,W,5,1,1,1.0,1,1,1.0,0,0,0.0,0,0,0,1,1,0,0,0,3,-4,1,
22023,202722,22300617,"JAN 23, 2024",OKC vs. POR,W,3,0,1,0.0,0,1,0.0,0,0,0.0,0,0,0,0,0,1,0,0,0,-3,1,
22023,202722,22300481,"JAN 05, 2024",OKC @ BKN,L,1,0,1,0.0,0,1,0.0,0,0,0.0,0,0,0,0,0,0,0,0,0,0,1,
22023,202722,22300419,"DEC 27, 2023",OKC vs. NYK,W,1,1,2,0.5,1,1,1.0,0,0,0.0,1,0,1,0,0,0,0,0,3,1,1,
22023,202722,22300397,"DEC 23, 2023",OKC vs. LAL,L,10,1,2,0.5,1,2,0.5,0,0,0.0,0,1,1,1,0,0,0,0,3,5,1,
22023,202722,22300324,"DEC 14, 2023",OKC @ SAC,L,5,0,1,0.0,0,1,0.0,0,0,0.0,1,2,3,1,0,0,1,1,0,-3,1,
22023,202722,22300302,"DEC 11, 2023",OKC vs. UTA,W,9,1,2,0.5,1,2,0.5,0,0,0.0,0,0,0,1,0,1,0,1,3,-17,1,
22023,202722,22301222,"DEC 08, 2023",OKC vs. GSW,W,0,0,0,0.0,0,0,0.0,0,0,0.0,0,0,0,0,0,0,0,0,0,2,1,
22023,202722,22300287,"DEC 02, 2023",OKC @ DAL,W,11,3,3,1.0,3,3,1.0,6,6,1.0,0,1,1,1,1,0,0,3,15,16,1,
22023,202722,22300239,"NOV 25, 2023",OKC vs. PHI,L,10,1,3,0.333,1,2,0.5,2,3,0.667,0,1,1,1,0,0,0,2,5,9,1,
22023,202722,22300215,"NOV 19, 2023",OKC @ POR,W,11,1,5,0.2,1,5,0.2,0,0,0.0,0,2,2,2,0,1,0,0,3,11,1,
22023,202722,22300185,"NOV 12, 2023",OKC @ PHX,W,3,0,0,0.0,0,0,0.0,0,0,0.0,0,0,0,0,0,0,0,0,0,-5,1,
22023,202722,22300167,"NOV 08, 2023",OKC vs. CLE,W,10,0,3,0.0,0,3,0.0,3,3,1.0,0,0,0,1,1,0,0,2,3,4,1,
22023,202722,22300109,"OCT 30, 2023",OKC vs. DET,W,13,1,2,0.5,1,2,0.5,3,3,1.0,0,1,1,0,0,0,0,1,6,8,1,
22023,203076,22300788,"FEB 14, 2024",LAL @ UTA,W,38,13,25,0.52,1,3,0.333,10,13,0.769,3,12,15,1,0,2,2,0,37,24,1,
22023,203076,22300776,"FEB 13, 2024",LAL vs. DET,W,28,6,12,0.5,1,3,0.333,7,7,1.0,3,11,14,4,0,6,1,1,20,12,1,
22023,203076,22300747,"FEB 09, 2024",LAL vs. NOP,W,29,7,11,0.636,0,1,0.0,6,7,0.857,0,6,6,6,1,1,3,4,20,0,1,
22023,203076,22300740,"FEB 08, 2024",LAL vs. DEN,L,38,14,27,0.519,0,3,0.0,4,6,0.667,1,8,9,3,3,4,1,0,32,-11,1,
22023,203076,22300713,"FEB 05, 2024",LAL @ CHA,W,37,12,16,0.75,0,2,0.0,2,2,1.0,3,12,15,11,0,3,2,1,26,16,1,
22023,203076,22300701,"FEB 03, 2024",LAL @ NYK,W,36,4,12,0.333,0,1,0.0,4,4,1.0,2,16,18,5,1,4,0,2,12,6,1,
22023,203076,22300662,"JAN 29, 2024",LAL @ HOU,L,29,10,20,0.5,3,3,1.0,0,1,0.0,2,5,7,2,2,1,3,2,23,-10,1,
22023,203076,22300650,"JAN 27, 2024",LAL @ GSW,W,45,11,24,0.458,0,4,0.0,7,9,0.778,3,10,13,3,0,4,2,4,29,-2,1,
22023,203076,22300633,"JAN 25, 2024",LAL vs. CHI,W,36,10,18,0.556,0,1,0.0,2,5,0.4,5,6,11,6,0,1,0,1,22,13,1,
22023,203076,22300618,"JAN 23, 2024",LAL @ LAC,L,36,12,20,0.6,0,1,0.0,2,2,1.0,4,8,12,2,0,0,1,2,26,-9,1,
22023,203076,22300605,"JAN 21, 2024",LAL vs. POR,W,26,4,7,0.571,0,1,0.0,6,6,1.0,3,11,14,3,0,0,0,0,14,3,1,
22023,203076,22300591,"JAN 19, 2024",LAL vs. BKN,L,35,9,13,0.692,0,1,0.0,8,11,0.727,4,8,12,6,3,2,1,1,26,-12,1,
22023,203076,22300577,"JAN 17, 2024",LAL vs. DAL,W,33,12,17,0.706,0,0,0.0,4,5,0.8,5,7,12,9,1,1,1,2,28,21,1,
22023,203076,22300565,"JAN 15, 2024",LAL vs. OKC,W,38,9,17,0.529,0,1,0.0,9,10,0.9,3,12,15,5,2,1,2,3,27,8,1,
22023,203076,22300549,"JAN 13, 2024",LAL @ UTA,L,39,5,21,0.238,0,1,0.0,5,6,0.833,2,13,15,11,1,4,6,1,15,-12,1,
22023,203076,22300531,"JAN 11, 2024",LAL vs. PHX,L,32,6,11,0.545,0,2,0.0,1,1,1.0,0,5,5,1,1,2,3,4,13,-24,1,
22023,203076,22300516,"JAN 09, 2024",LAL vs. TOR,W,40,13,17,0.765,2,2,1.0,13,14,0.929,1,10,11,6,0,1,3,4,41,0,1,
22023,203076,22300505,"JAN 07, 2024",LAL vs. LAC,W,39,10,15,0.667,0,1,0.0,2,4,0.5,1,9,10,1,3,1,3,1,22,-4,1,
22023,203076,22300491,"JAN 05, 2024",LAL vs. MEM,L,41,13,22,0.591,0,3,0.0,5,7,0.714,3,3,6,4,0,2,4,4,31,-10,1,
22023,203076,22300475,"JAN 03, 2024",LAL vs. MIA,L,43,10,17,0.588,0,1,0.0,9,10,0.9,3,14,17,6,3,5,5,2,29,-13,1,
22023,203076,22300446,"DEC 31, 2023",LAL @ NOP,L,35,7,15,0.467,0,2,0.0,6,8,0.75,2,8,10,3,0,5,3,4,20,-17,1,
22023,203076,22300443,"DEC 30, 2023",LAL @ MIN,L,39,12,17,0.706,1,2,0.5,8,10,0.8,4,13,17,8,4,2,2,3,33,-6,1,
22023,203076,22300428,"DEC 28, 2023",LAL vs. CHA,W,26,11,19,0.579,0,1,0.0,4,4,1.0,2,6,8,2,2,4,2,4,26,6,1,
22023,203076,22300403,"DEC 25, 2023",LAL vs. BOS,L,39,15,26,0.577,2,4,0.5,8,10,0.8,5,8,13,4,0,1,2,2,40,-6,1,
22023,203076,22300397,"DEC 23, 2023",LAL @ OKC,W,42,11,21,0.524,1,1,1.0,3,6,0.5,3,8,11,7,1,2,3,2,26,3,1,
22023,203076,22300380,"DEC 21, 2023",LAL @ MIN,L,39,11,20,0.55,1,1,1.0,8,9,0.889,1,7,8,4,0,3,1,2,31,3,1,
22023,203076,22300370,"DEC 20, 2023",LAL @ CHI,L,38,7,15,0.467,0,2,0.0,5,8,0.625,2,12,14,3,2,2,1,1,19,-3,1,
22023,203076,22300359,"DEC 18, 2023",LAL vs. NYK,L,35,14,22,0.636,1,1,1.0,3,3,1.0,2,12,14,2,1,2,2,2,32,-6,1,
22023,203076,22300316,"DEC 13, 2023",LAL @ SAS,W,38,13,23,0.565,2,3,0.667,9,12,0.75,1,9,10,1,4,0,2,3,37,5,1,
22023,203076,22300306,"DEC 12, 2023",LAL @ DAL,L,37,15,21,0.714,1,2,0.5,6,10,0.6,5,6,11,0,0,2,2,2,37,0,1,
22023,203076,22301230,"DEC 07, 2023",LAL vs. NOP,W,31,5,10,0.5,0,2,0.0,6,8,0.75,5,10,15,5,2,2,2,1,16,35,1,
22023,203076,22301203,"DEC 05, 2023",LAL vs. PHX,W,39,10,26,0.385,0,0,0.0,7,8,0.875,9,6,15,1,0,2,0,1,27,-1,1,
22023,203076,22300291,"DEC 02, 2023",LAL vs. HOU,W,37,10,22,0.455,0,0,0.0,7,9,0.778,6,8,14,3,0,5,1,2,27,12,1,
22023,203076,22300271,"NOV 30, 2023",LAL @ OKC,L,36,11,18,0.611,0,1,0.0,9,10,0.9,1,13,14,2,2,0,0,1,31,-12,1,
22023,203076,22300258,"NOV 29, 2023",LAL @ DET,W,29,9,15,0.6,0,0,0.0,10,13,0.769,4,12,16,4,1,3,0,1,28,29,1,
22023,203076,22300255,"NOV 27, 2023",LAL @ PHI,L,32,7,14,0.5,0,0,0.0,3,5,0.6,3,8,11,2,1,1,2,4,17,-13,1,
22023,203076,22300242,"NOV 25, 2023",LAL @ CLE,W,38,13,20,0.65,0,0,0.0,6,7,0.857,5,8,13,3,2,3,5,3,32,3,1,
22023,203076,22300238,"NOV 22, 2023",LAL vs. DAL,L,36,4,10,0.4,0,0,0.0,2,2,1.0,2,11,13,4,1,1,3,3,10,0,1,
22023,203076,22300042,"NOV 21, 2023",LAL vs. UTA,W,29,11,14,0.786,0,0,0.0,4,5,0.8,5,11,16,4,2,0,2,1,26,34,1,
22023,203076,22300216,"NOV 19, 2023",LAL vs. HOU,W,33,11,15,0.733,0,0,0.0,5,7,0.714,4,6,10,3,2,1,4,6,27,-8,1,
22023,203076,22300036,"NOV 17, 2023",LAL @ POR,W,35,8,19,0.421,0,1,0.0,0,1,0.0,4,10,14,2,3,5,6,5,16,1,1,
22023,203076,22300198,"NOV 15, 2023",LAL vs. SAC,L,35,3,9,0.333,0,1,0.0,3,3,1.0,0,9,9,0,0,4,5,4,9,-13,1,
22023,203076,22300026,"NOV 14, 2023",LAL vs. MEM,W,27,7,11,0.636,0,0,0.0,5,6,0.833,4,7,11,5,0,6,2,1,19,21,1,
22023,203076,22300187,"NOV 12, 2023",LAL vs. POR,W,41,10,20,0.5,0,1,0.0,10,12,0.833,2,11,13,6,0,3,1,0,30,17,1,
22023,203076,22300015,"NOV 10, 2023",LAL @ PHX,W,36,5,14,0.357,0,0,0.0,8,8,1.0,4,7,11,4,0,1,1,3,18,-5,1,
22023,203076,22300150,"NOV 06, 2023",LAL @ MIA,L,25,4,7,0.571,0,0,0.0,1,1,1.0,0,6,6,4,0,1,1,2,9,-9,1,
22023,203076,22300134,"NOV 04, 2023",LAL @ ORL,L,32,10,15,0.667,0,0,0.0,8,8,1.0,6,7,13,3,0,7,4,5,28,-24,1,
22023,203076,22300127,"NOV 01, 2023",LAL vs. LAC,W,48,10,18,0.556,0,0,0.0,7,9,0.778,4,6,10,3,1,4,0,3,27,11,1,
22023,203076,22300111,"OCT 30, 2023",LAL vs. ORL,W,38,12,18,0.667,0,1,0.0,2,3,0.667,2,17,19,5,1,3,1,3,26,-2,1,
22023,203076,22300100,"OCT 29, 2023",LAL @ SAC,L,42,11,22,0.5,1,2,0.5,7,8,0.875,6,10,16,2,2,3,0,5,30,-10,1,
22023,203076,22300076,"OCT 26, 2023",LAL vs. PHX,W,39,10,17,0.588,1,2,0.5,9,10,0.9,3,9,12,2,3,3,2,2,30,7,1,
22023,203076,22300061,"OCT 24, 2023",LAL @ DEN,L,34,6,17,0.353,1,2,0.5,4,4,1.0,1,7,8,4,0,2,2,3,17,-17,1,
22023,203078,22300774,"FEB 13, 2024",PHX vs. SAC,W,5,2,2,1.0,1,1,1.0,0,0,0.0,0,1,1,0,0,0,0,0,5,3,1,
22023,203078,22300757,"FEB 10, 2024",PHX @ GSW,L,34,7,16,0.438,1,4,0.25,0,0,0.0,2,4,6,5,2,0,2,4,15,2,1,
22023,203078,22300739,"FEB 08, 2024",PHX vs. UTA,W,37,11,21,0.524,6,9,0.667,2,2,1.0,1,1,2,7,1,0,5,2,30,7,1,
22023,203078,22300725,"FEB 06, 2024",PHX vs. MIL,W,38,10,22,0.455,2,8,0.25,3,5,0.6,2,8,10,3,3,0,4,3,25,9,1,
22023,203078,22300705,"FEB 04, 2024",PHX @ WAS,W,31,16,21,0.762,4,5,0.8,7,7,1.0,0,2,2,6,2,0,2,1,43,17,1,
22023,203078,22300690,"FEB 02, 2024",PHX @ ATL,L,40,5,16,0.313,0,7,0.0,4,4,1.0,1,3,4,10,0,0,4,2,14,-6,1,
22023,203078,22300677,"JAN 31, 2024",PHX @ BKN,W,37,3,8,0.375,1,3,0.333,5,6,0.833,1,3,4,5,0,0,3,1,12,1,1,
22023,203078,22300661,"JAN 29, 2024",PHX @ MIA,W,39,8,21,0.381,2,9,0.222,1,1,1.0,0,5,5,7,1,0,1,3,19,2,1,
22023,203078,22300655,"JAN 28, 2024",PHX @ ORL,L,35,4,13,0.308,0,5,0.0,1,4,0.25,1,4,5,6,1,0,4,4,9,-16,1,
22023,203078,22300636,"JAN 26, 2024",PHX @ IND,L,34,5,13,0.385,1,5,0.2,1,1,1.0,1,3,4,3,1,1,6,5,12,-4,1,
22023,203078,22300625,"JAN 24, 2024",PHX @ DAL,W,36,8,15,0.533,3,7,0.429,1,2,0.5,2,5,7,7,1,1,2,4,20,9,1,
22023,203078,22300612,"JAN 22, 2024",PHX vs. CHI,W,38,7,17,0.412,2,4,0.5,2,2,1.0,0,4,4,5,0,0,1,0,18,6,1,
22023,203078,22300604,"JAN 21, 2024",PHX vs. IND,W,38,11,16,0.688,0,1,0.0,3,3,1.0,1,3,4,3,1,0,2,4,25,11,1,
22023,203078,22300588,"JAN 19, 2024",PHX @ NOP,W,31,6,12,0.5,1,4,0.25,0,0,0.0,1,6,7,5,0,0,0,4,13,19,1,
22023,203078,22300567,"JAN 16, 2024",PHX vs. SAC,W,38,6,14,0.429,0,4,0.0,1,2,0.5,1,2,3,5,2,0,1,2,13,-12,1,
22023,203078,22300554,"JAN 14, 2024",PHX @ POR,W,37,9,13,0.692,4,6,0.667,1,3,0.333,0,4,4,5,2,0,4,4,23,4,1,
22023,203078,22300531,"JAN 11, 2024",PHX @ LAL,W,32,14,21,0.667,8,10,0.8,1,1,1.0,2,4,6,4,1,0,3,3,37,25,1,
22023,203078,22300511,"JAN 08, 2024",PHX @ LAC,L,35,7,15,0.467,0,2,0.0,1,2,0.5,0,3,3,2,2,0,2,4,15,-7,1,
22023,203078,22300503,"JAN 07, 2024",PHX vs. MEM,L,37,5,12,0.417,0,1,0.0,2,4,0.5,3,3,6,5,0,0,1,3,12,-8,1,
22023,203078,22300489,"JAN 05, 2024",PHX vs. MIA,W,37,11,18,0.611,2,6,0.333,1,1,1.0,1,7,8,9,0,0,2,2,25,27,1,
22023,203078,22300473,"JAN 03, 2024",PHX vs. LAC,L,41,7,20,0.35,0,6,0.0,7,7,1.0,2,3,5,4,1,1,3,5,21,-8,1,
22023,203078,22300456,"JAN 01, 2024",PHX vs. POR,W,34,8,16,0.5,1,3,0.333,4,4,1.0,0,4,4,1,1,1,4,2,21,22,1,
22023,203078,22300450,"DEC 31, 2023",PHX vs. ORL,W,35,10,13,0.769,1,2,0.5,4,4,1.0,0,1,1,2,1,1,1,1,25,-1,1,
22023,203078,22300436,"DEC 29, 2023",PHX vs. CHA,W,30,3,8,0.375,0,2,0.0,0,0,0.0,0,3,3,7,0,1,2,2,6,-1,1,
22023,203078,22300333,"DEC 15, 2023",PHX vs. NYK,L,5,2,2,1.0,1,1,1.0,1,1,1.0,0,0,0,1,0,0,0,0,6,3,1,
22023,203078,22300317,"DEC 13, 2023",PHX vs. BKN,L,34,6,9,0.667,2,2,1.0,0,0,0.0,0,1,1,4,1,0,2,1,14,-11,1,
22023,203078,22300308,"DEC 12, 2023",PHX vs. GSW,W,27,5,12,0.417,1,3,0.333,5,7,0.714,0,3,3,3,1,1,3,3,16,-15,1,
22023,203078,22300185,"NOV 12, 2023",PHX vs. OKC,L,30,6,17,0.353,0,5,0.0,3,6,0.5,1,7,8,5,0,0,5,5,15,-18,1,
22023,203078,22300015,"NOV 10, 2023",PHX vs. LAL,L,32,9,17,0.529,2,4,0.5,4,6,0.667,2,2,4,2,2,0,2,4,24,-14,1,
22023,203078,22300162,"NOV 08, 2023",PHX @ CHI,W,24,3,12,0.25,3,6,0.5,4,4,1.0,0,4,4,4,0,1,2,0,13,16,1,
22023,203081,22300790,"FEB 15, 2024",MIL @ MEM,L,35,7,21,0.333,3,13,0.231,7,7,1.0,2,3,5,7,1,0,4,2,24,10,1,
22023,203081,22300773,"FEB 13, 2024",MIL vs. MIA,L,32,5,14,0.357,2,7,0.286,4,4,1.0,0,2,2,5,0,0,3,1,16,-25,1,
22023,203081,22300767,"FEB 12, 2024",MIL vs. DEN,W,23,6,15,0.4,2,5,0.4,4,4,1.0,1,2,3,5,0,0,2,3,18,12,1,
22023,203081,22300745,"FEB 09, 2024",MIL vs. CHA,W,29,9,18,0.5,2,8,0.25,6,6,1.0,0,4,4,8,3,0,0,1,26,33,1,
22023,203081,22300711,"FEB 04, 2024",MIL @ UTA,L,38,5,18,0.278,1,8,0.125,1,2,0.5,0,0,0,6,1,2,3,5,12,-21,1,
22023,203081,22300702,"FEB 03, 2024",MIL @ DAL,W,38,10,11,0.909,5,5,1.0,5,6,0.833,0,3,3,8,0,1,6,3,30,16,1,
22023,203081,22300683,"JAN 31, 2024",MIL @ POR,L,40,9,23,0.391,3,13,0.231,4,4,1.0,2,4,6,7,1,0,4,2,25,6,1,
22023,203081,22300667,"JAN 29, 2024",MIL @ DEN,L,35,5,13,0.385,2,4,0.5,6,6,1.0,2,1,3,5,0,1,4,2,18,1,1,
22023,203081,22300648,"JAN 27, 2024",MIL vs. NOP,W,29,7,14,0.5,3,7,0.429,9,10,0.9,0,6,6,9,2,0,0,1,26,23,1,
22023,203081,22300639,"JAN 26, 2024",MIL vs. CLE,L,38,7,24,0.292,2,10,0.2,6,6,1.0,1,3,4,3,1,0,4,0,22,-7,1,
22023,203081,22300624,"JAN 24, 2024",MIL vs. CLE,W,35,8,21,0.381,2,9,0.222,10,11,0.909,0,1,1,4,2,0,2,1,28,8,1,
22023,203081,22300606,"JAN 22, 2024",MIL @ DET,W,37,4,15,0.267,2,10,0.2,7,8,0.875,0,5,5,8,1,0,2,0,17,20,1,
22023,203081,22300592,"JAN 20, 2024",MIL @ DET,W,37,12,22,0.545,5,11,0.455,16,16,1.0,0,6,6,11,1,0,1,3,45,18,1,
22023,203081,22300572,"JAN 17, 2024",MIL @ CLE,L,25,7,20,0.35,1,5,0.2,2,3,0.667,1,1,2,5,2,0,1,1,17,-26,1,
22023,203081,22300552,"JAN 14, 2024",MIL vs. SAC,W,41,9,23,0.391,5,13,0.385,6,6,1.0,0,4,4,8,0,0,4,0,29,-6,1,
22023,203081,22300545,"JAN 13, 2024",MIL vs. GSW,W,38,9,19,0.474,2,5,0.4,7,7,1.0,0,6,6,7,2,0,1,1,27,21,1,
22023,203081,22300528,"JAN 11, 2024",MIL vs. BOS,W,27,6,12,0.5,3,8,0.375,6,6,1.0,0,4,4,4,0,0,0,1,21,25,1,
22023,203081,22300496,"JAN 06, 2024",MIL @ HOU,L,38,5,16,0.313,1,8,0.125,7,10,0.7,0,2,2,8,2,0,1,1,18,-11,1,
22023,203081,22300477,"JAN 04, 2024",MIL @ SAS,W,39,10,19,0.526,1,6,0.167,4,4,1.0,1,3,4,10,1,0,0,3,25,11,1,
22023,203081,22300466,"JAN 03, 2024",MIL @ IND,L,36,6,18,0.333,2,8,0.25,9,10,0.9,1,1,2,5,3,0,2,3,23,-22,1,
22023,203081,22300454,"JAN 01, 2024",MIL vs. IND,L,38,3,16,0.188,1,9,0.111,6,6,1.0,1,6,7,5,0,0,1,3,13,4,1,
22023,203081,22300433,"DEC 29, 2023",MIL @ CLE,W,34,9,16,0.563,2,6,0.333,11,11,1.0,0,2,2,4,0,0,2,3,31,14,1,
22023,203081,22300417,"DEC 27, 2023",MIL @ BKN,W,29,4,10,0.4,3,9,0.333,1,1,1.0,0,3,3,4,0,0,4,0,12,2,1,
22023,203081,22300401,"DEC 25, 2023",MIL @ NYK,L,38,10,21,0.476,4,13,0.308,8,9,0.889,0,1,1,8,1,0,4,2,32,-6,1,
22023,203081,22300388,"DEC 23, 2023",MIL @ NYK,W,34,6,16,0.375,3,7,0.429,4,5,0.8,3,6,9,7,1,0,3,3,19,3,1,
22023,203081,22300378,"DEC 21, 2023",MIL vs. ORL,W,35,5,17,0.294,4,8,0.5,10,10,1.0,0,5,5,8,0,0,3,1,24,9,1,
22023,203081,22300361,"DEC 19, 2023",MIL vs. SAS,W,35,14,22,0.636,7,12,0.583,5,5,1.0,0,3,3,4,3,0,1,0,40,26,1,
22023,203081,22300346,"DEC 17, 2023",MIL vs. HOU,W,37,11,19,0.579,5,8,0.625,12,13,0.923,0,5,5,11,3,0,3,2,39,10,1,
22023,203081,22300334,"DEC 16, 2023",MIL vs. DET,W,30,11,22,0.5,6,14,0.429,5,5,1.0,0,4,4,5,0,1,2,3,33,26,1,
22023,203081,22300315,"DEC 13, 2023",MIL vs. IND,W,36,6,14,0.429,2,8,0.25,7,9,0.778,0,4,4,6,1,0,4,2,21,15,1,
22023,203081,22300300,"DEC 11, 2023",MIL vs. CHI,W,41,3,17,0.176,2,9,0.222,6,7,0.857,0,4,4,9,0,1,2,2,14,0,1,
22023,203081,22301229,"DEC 07, 2023",MIL vs. IND,L,42,7,20,0.35,4,9,0.444,6,6,1.0,0,7,7,7,1,1,3,2,24,6,1,
22023,203081,22301201,"DEC 05, 2023",MIL vs. NYK,W,34,8,13,0.615,5,7,0.714,7,8,0.875,1,2,3,7,1,1,3,4,28,17,1,
22023,203081,22300286,"DEC 02, 2023",MIL vs. ATL,W,38,10,16,0.625,3,6,0.5,2,2,1.0,1,5,6,9,1,0,4,3,25,14,1,
22023,203081,22300269,"NOV 30, 2023",MIL @ CHI,L,43,7,16,0.438,1,6,0.167,3,4,0.75,1,4,5,13,2,1,7,1,18,9,1,
22023,203081,22300056,"NOV 28, 2023",MIL @ MIA,W,37,9,18,0.5,4,9,0.444,10,10,1.0,2,2,4,9,0,0,1,1,32,13,1,
22023,203081,22300245,"NOV 26, 2023",MIL vs. POR,W,37,7,21,0.333,4,12,0.333,13,14,0.929,1,4,5,4,2,0,3,2,31,15,1,
22023,203081,22300049,"NOV 24, 2023",MIL vs. WAS,W,37,11,18,0.611,2,5,0.4,7,8,0.875,1,5,6,10,0,0,1,1,31,1,1,
22023,203081,22300228,"NOV 22, 2023",MIL @ BOS,L,38,11,24,0.458,3,10,0.3,2,2,1.0,0,5,5,5,2,0,3,2,27,9,1,
22023,203081,22300219,"NOV 20, 2023",MIL @ WAS,W,33,5,14,0.357,3,6,0.5,9,11,0.818,1,4,5,7,0,0,1,1,22,6,1,
22023,203081,22300205,"NOV 18, 2023",MIL vs. DAL,W,38,7,18,0.389,4,11,0.364,9,10,0.9,0,3,3,12,1,0,1,2,27,-6,1,
22023,203081,22300027,"NOV 17, 2023",MIL @ CHA,W,31,9,18,0.5,5,10,0.5,4,4,1.0,0,5,5,5,1,0,2,2,27,10,1,
22023,203081,22300195,"NOV 15, 2023",MIL @ TOR,W,31,9,18,0.5,4,10,0.4,15,16,0.938,0,4,4,13,2,0,4,1,37,25,1,
22023,203081,22300190,"NOV 13, 2023",MIL vs. CHI,W,32,3,17,0.176,1,9,0.111,5,5,1.0,2,1,3,5,0,0,5,0,12,-6,1,
22023,203081,22300165,"NOV 08, 2023",MIL vs. DET,W,34,10,25,0.4,2,12,0.167,12,13,0.923,0,2,2,3,3,0,1,1,34,5,1,
22023,203081,22300149,"NOV 06, 2023",MIL @ BKN,W,34,5,15,0.333,2,8,0.25,9,10,0.9,2,4,6,7,1,0,1,1,21,-14,1,
22023,203081,22300002,"NOV 03, 2023",MIL vs. NYK,W,36,7,15,0.467,4,7,0.571,12,12,1.0,0,4,4,4,1,1,4,0,30,2,1,
22023,203081,22300116,"NOV 01, 2023",MIL @ TOR,L,31,4,9,0.444,1,4,0.25,6,7,0.857,0,2,2,6,0,0,2,1,15,-26,1,
22023,203081,22300107,"OCT 30, 2023",MIL vs. MIA,W,35,7,14,0.5,2,7,0.286,9,11,0.818,1,4,5,4,1,0,4,2,25,2,1,
22023,203081,22300097,"OCT 29, 2023",MIL vs. ATL,L,29,2,12,0.167,2,8,0.25,0,0,0.0,1,3,4,5,2,0,6,2,6,-29,1,
22023,203081,22300075,"OCT 26, 2023",MIL vs. PHI,W,37,9,20,0.45,4,12,0.333,17,17,1.0,0,8,8,4,0,0,0,2,39,12,1,
22023,203083,22300781,"FEB 14, 2024",CHI @ CLE,L,28,4,9,0.444,0,0,0.0,2,2,1.0,4,11,15,0,1,1,3,2,10,8,1,
22023,203083,22300763,"FEB 12, 2024",CHI @ ATL,W,16,3,7,0.429,0,1,0.0,1,2,0.5,3,8,11,0,0,0,0,2,7,4,1,
22023,203083,22300752,"FEB 10, 2024",CHI @ ORL,L,17,1,3,0.333,0,0,0.0,2,4,0.5,2,3,5,0,2,0,3,4,4,-11,1,
22023,203083,22300737,"FEB 08, 2024",CHI @ MEM,W,31,10,11,0.909,0,0,0.0,1,3,0.333,3,10,13,1,1,1,1,1,21,7,1,
22023,203083,22300723,"FEB 06, 2024",CHI vs. MIN,W,35,7,13,0.538,0,0,0.0,2,4,0.5,6,10,16,0,0,4,1,4,16,4,1,
22023,203083,22300700,"FEB 03, 2024",CHI vs. SAC,L,14,1,4,0.25,0,0,0.0,0,0,0.0,4,4,8,0,0,0,0,0,2,-5,1,
22023,203083,22300674,"JAN 31, 2024",CHI @ CHA,W,15,5,8,0.625,0,0,0.0,0,1,0.0,3,5,8,1,0,0,0,2,10,4,1,
22023,203083,22300672,"JAN 30, 2024",CHI vs. TOR,L,14,3,4,0.75,0,0,0.0,1,2,0.5,3,4,7,0,1,1,0,0,7,4,1,
22023,203083,22300656,"JAN 28, 2024",CHI @ POR,W,17,6,11,0.545,0,0,0.0,3,3,1.0,4,3,7,0,1,1,0,3,15,3,1,
22023,203083,22300633,"JAN 25, 2024",CHI @ LAL,L,17,5,7,0.714,0,0,0.0,1,2,0.5,5,4,9,1,1,0,1,0,11,0,1,
22023,203083,22300612,"JAN 22, 2024",CHI @ PHX,L,11,2,4,0.5,0,0,0.0,2,4,0.5,3,2,5,0,0,0,1,0,6,-12,1,
22023,203083,22300597,"JAN 20, 2024",CHI vs. MEM,W,19,7,11,0.636,0,0,0.0,1,2,0.5,5,5,10,1,4,0,0,2,15,18,1,
22023,203083,22300580,"JAN 18, 2024",CHI @ TOR,W,10,1,1,1.0,0,0,0.0,3,4,0.75,0,4,4,0,0,1,1,1,5,-12,1,
22023,203083,22300561,"JAN 15, 2024",CHI @ CLE,L,22,3,3,1.0,0,0,0.0,2,4,0.5,3,7,10,1,2,2,2,2,8,4,1,
22023,203083,22300548,"JAN 13, 2024",CHI @ SAS,W,17,3,7,0.429,0,0,0.0,1,3,0.333,4,6,10,1,1,1,0,2,7,-7,1,
22023,203083,22300536,"JAN 12, 2024",CHI vs. GSW,L,12,2,2,1.0,0,0,0.0,1,2,0.5,0,4,4,1,0,1,0,0,5,-6,1,
22023,203083,22300523,"JAN 10, 2024",CHI vs. HOU,W,13,2,2,1.0,0,0,0.0,0,0,0.0,0,0,0,1,2,0,3,1,4,-11,1,
22023,203083,22300506,"JAN 08, 2024",CHI @ CHA,W,23,9,12,0.75,0,0,0.0,3,3,1.0,5,10,15,0,0,0,2,1,21,16,1,
22023,203083,22300484,"JAN 05, 2024",CHI vs. CHA,W,23,3,7,0.429,0,0,0.0,1,2,0.5,3,7,10,0,1,3,2,1,7,8,1,
22023,203083,22300468,"JAN 03, 2024",CHI @ NYK,L,30,5,12,0.417,0,0,0.0,3,6,0.5,8,8,16,0,2,1,1,3,13,-15,1,
22023,203083,22300459,"JAN 02, 2024",CHI @ PHI,L,28,5,13,0.385,0,1,0.0,1,4,0.25,10,7,17,0,1,1,2,2,11,-31,1,
22023,203083,22300442,"DEC 30, 2023",CHI vs. PHI,W,30,6,8,0.75,0,0,0.0,3,10,0.3,3,20,23,2,2,3,3,4,15,16,1,
22023,203083,22300422,"DEC 28, 2023",CHI vs. IND,L,21,3,9,0.333,0,0,0.0,1,4,0.25,7,9,16,0,1,0,1,4,7,-8,1,
22023,203083,22300408,"DEC 26, 2023",CHI vs. ATL,W,38,11,13,0.846,0,0,0.0,2,2,1.0,10,15,25,1,3,2,2,4,24,4,1,
22023,203083,22300396,"DEC 23, 2023",CHI vs. CLE,L,13,0,0,0.0,0,0,0.0,1,2,0.5,2,4,6,0,1,0,1,4,1,-10,1,
22023,203083,22300376,"DEC 21, 2023",CHI vs. SAS,W,19,5,10,0.5,0,0,0.0,2,3,0.667,4,4,8,1,5,2,1,0,12,17,1,
22023,203083,22300370,"DEC 20, 2023",CHI vs. LAL,W,16,4,5,0.8,0,0,0.0,3,4,0.75,0,7,7,1,1,0,2,2,11,12,1,
22023,203083,22300351,"DEC 18, 2023",CHI @ PHI,W,14,2,3,0.667,0,0,0.0,1,2,0.5,3,5,8,0,1,1,0,0,5,8,1,
22023,203083,22300337,"DEC 16, 2023",CHI @ MIA,L,11,1,2,0.5,0,0,0.0,2,2,1.0,0,4,4,0,1,0,1,1,4,-3,1,
22023,203083,22300320,"DEC 14, 2023",CHI @ MIA,W,12,3,4,0.75,0,0,0.0,1,2,0.5,1,4,5,0,0,0,0,3,7,-4,1,
22023,203083,22300307,"DEC 12, 2023",CHI vs. DEN,L,14,3,4,0.75,0,0,0.0,2,3,0.667,1,3,4,0,2,2,1,1,8,-5,1,
22023,203083,22300300,"DEC 11, 2023",CHI @ MIL,L,14,3,12,0.25,0,0,0.0,3,3,1.0,11,5,16,1,1,0,0,1,9,-2,1,
22023,203083,22301223,"DEC 08, 2023",CHI @ SAS,W,12,3,7,0.429,0,0,0.0,1,4,0.25,6,2,8,0,0,0,0,2,7,-6,1,
22023,203083,22301211,"DEC 06, 2023",CHI vs. CHA,W,14,3,8,0.375,0,0,0.0,1,2,0.5,5,4,9,1,1,0,3,3,7,10,1,
22023,203083,22300285,"DEC 02, 2023",CHI vs. NOP,W,15,3,7,0.429,0,0,0.0,1,2,0.5,3,5,8,1,0,1,1,2,7,0,1,
22023,203083,22300269,"NOV 30, 2023",CHI vs. MIL,W,13,2,2,1.0,0,0,0.0,6,8,0.75,5,9,14,1,1,0,2,1,10,13,1,
22023,203083,22300053,"NOV 28, 2023",CHI @ BOS,L,13,2,5,0.4,0,0,0.0,1,6,0.167,2,4,6,0,0,1,0,1,5,-11,1,
22023,203083,22300250,"NOV 26, 2023",CHI @ BKN,L,11,1,2,0.5,0,0,0.0,2,3,0.667,2,3,5,0,1,0,2,3,4,-11,1,
22023,203083,22300046,"NOV 24, 2023",CHI @ TOR,L,6,1,4,0.25,0,0,0.0,0,0,0.0,3,2,5,0,0,0,0,2,2,-10,1,
22023,203083,22300234,"NOV 22, 2023",CHI @ OKC,L,11,1,3,0.333,0,0,0.0,0,0,0.0,1,4,5,1,0,0,0,2,2,-11,1,
22023,203083,22300220,"NOV 20, 2023",CHI vs. MIA,L,14,1,3,0.333,0,0,0.0,0,0,0.0,1,4,5,1,0,1,1,1,2,-2,1,
22023,203083,22300204,"NOV 18, 2023",CHI vs. MIA,W,15,2,3,0.667,0,0,0.0,2,2,1.0,3,6,9,0,1,1,1,3,6,10,1,
22023,203083,22300033,"NOV 17, 2023",CHI vs. ORL,L,18,1,2,0.5,0,1,0.0,3,4,0.75,2,4,6,0,2,1,2,1,5,-2,1,
22023,203083,22300196,"NOV 15, 2023",CHI vs. ORL,L,12,3,5,0.6,0,0,0.0,3,4,0.75,5,9,14,1,1,0,2,3,9,-6,1,
22023,203083,22300190,"NOV 13, 2023",CHI @ MIL,L,12,2,5,0.4,0,0,0.0,0,0,0.0,1,2,3,0,2,0,1,2,4,-8,1,
22023,203083,22300181,"NOV 12, 2023",CHI vs. DET,W,15,5,8,0.625,0,0,0.0,1,2,0.5,5,8,13,1,2,0,1,2,11,5,1,
22023,203083,22300162,"NOV 08, 2023",CHI vs. PHX,L,12,1,1,1.0,0,0,0.0,0,0,0.0,1,2,3,1,1,0,2,2,2,15,1,
22023,203083,22300152,"NOV 06, 2023",CHI vs. UTA,W,14,5,10,0.5,0,0,0.0,2,3,0.667,5,2,7,1,1,1,2,2,12,4,1,
22023,203083,22300139,"NOV 04, 2023",CHI @ DEN,L,15,2,3,0.667,0,0,0.0,1,2,0.5,4,7,11,0,1,0,0,1,5,7,1,
22023,203083,22300004,"NOV 03, 2023",CHI vs. BKN,L,12,3,3,1.0,0,0,0.0,1,4,0.25,0,4,4,0,1,0,1,1,7,-9,1,
22023,203083,22300124,"NOV 01, 2023",CHI @ DAL,L,12,4,5,0.8,0,0,0.0,0,0,0.0,1,2,3,0,2,0,0,2,8,-3,1,
22023,203083,22300102,"OCT 30, 2023",CHI @ IND,W,14,2,4,0.5,0,0,0.0,1,2,0.5,2,1,3,2,1,0,1,0,5,7,1,
22023,203083,22300088,"OCT 28, 2023",CHI @ DET,L,14,1,6,0.167,0,0,0.0,0,0,0.0,3,2,5,2,3,1,0,0,2,-5,1,
22023,203083,22300082,"OCT 27, 2023",CHI vs. TOR,W,12,3,6,0.5,0,0,0.0,2,2,1.0,2,0,2,0,0,0,2,2,8,1,1,
22023,203083,22300070,"OCT 25, 2023",CHI vs. OKC,L,16,3,4,0.75,0,0,0.0,0,0,0.0,3,2,5,1,1,0,1,1,6,-1,1,
22023,203084,22300786,"FEB 14, 2024",SAC @ DEN,W,33,6,9,0.667,3,6,0.5,5,6,0.833,0,5,5,0,0,1,1,2,20,8,1,
22023,203084,22300774,"FEB 13, 2024",SAC @ PHX,L,37,4,8,0.5,1,4,0.25,0,0,0.0,1,4,5,0,0,0,0,3,9,-3,1,
22023,203084,22300760,"FEB 11, 2024",SAC @ OKC,L,21,4,7,0.571,1,4,0.25,5,5,1.0,0,1,1,0,0,0,0,3,14,-27,1,
22023,203084,22300746,"FEB 09, 2024",SAC vs. DEN,W,21,3,6,0.5,2,4,0.5,1,1,1.0,1,1,2,2,1,0,0,0,9,10,1,
22023,203084,22300732,"FEB 07, 2024",SAC vs. DET,L,24,4,10,0.4,0,4,0.0,0,0,0.0,0,4,4,0,1,0,0,0,8,-17,1,
22023,203084,22300714,"FEB 05, 2024",SAC @ CLE,L,30,8,15,0.533,6,10,0.6,0,0,0.0,0,1,1,0,1,0,0,1,22,-9,1,
22023,203084,22300700,"FEB 03, 2024",SAC @ CHI,W,35,4,10,0.4,1,5,0.2,2,2,1.0,0,1,1,0,1,0,1,1,11,8,1,
22023,203084,22300691,"FEB 02, 2024",SAC @ IND,W,37,9,14,0.643,4,7,0.571,0,2,0.0,1,3,4,1,3,0,3,2,22,7,1,
22023,203084,22300678,"JAN 31, 2024",SAC @ MIA,L,37,4,13,0.308,0,6,0.0,1,2,0.5,2,3,5,1,0,0,1,1,9,1,1,
22023,203084,22300663,"JAN 29, 2024",SAC @ MEM,W,35,5,15,0.333,2,10,0.2,0,0,0.0,0,3,3,4,0,0,1,1,12,15,1,
22023,203084,22300651,"JAN 27, 2024",SAC @ DAL,W,38,6,11,0.545,4,7,0.571,4,5,0.8,1,5,6,3,1,1,0,1,20,-10,1,
22023,203084,22300632,"JAN 25, 2024",SAC @ GSW,W,40,14,24,0.583,7,12,0.583,4,4,1.0,1,3,4,0,2,1,1,0,39,2,1,
22023,203084,22300613,"JAN 22, 2024",SAC vs. ATL,W,30,10,20,0.5,4,8,0.5,8,8,1.0,2,2,4,0,1,0,0,2,32,9,1,
22023,203084,22300583,"JAN 18, 2024",SAC vs. IND,L,22,1,2,0.5,0,1,0.0,0,0,0.0,0,1,1,1,0,0,1,1,2,0,1,
22023,203084,22300567,"JAN 16, 2024",SAC @ PHX,L,34,3,9,0.333,2,6,0.333,0,0,0.0,0,3,3,3,0,0,2,2,8,-11,1,
22023,203084,22300552,"JAN 14, 2024",SAC @ MIL,L,32,6,9,0.667,1,4,0.25,1,1,1.0,0,1,1,1,1,0,0,0,14,-1,1,
22023,203084,22300532,"JAN 12, 2024",SAC @ PHI,L,21,1,5,0.2,0,4,0.0,2,2,1.0,2,0,2,0,1,0,1,1,4,-11,1,
22023,203084,22300518,"JAN 10, 2024",SAC @ CHA,W,22,2,4,0.5,2,4,0.5,0,0,0.0,1,1,2,1,0,0,1,0,6,-3,1,
22023,203084,22300512,"JAN 09, 2024",SAC @ DET,W,14,0,1,0.0,0,0,0.0,0,2,0.0,0,1,1,1,0,0,0,0,0,-9,1,
22023,203084,22300500,"JAN 07, 2024",SAC vs. NOP,L,22,4,9,0.444,2,5,0.4,0,0,0.0,1,0,1,0,1,0,0,1,10,-13,1,
22023,203084,22300492,"JAN 05, 2024",SAC vs. TOR,W,34,5,12,0.417,5,8,0.625,1,2,0.5,3,1,4,2,0,0,1,3,16,2,1,
22023,203084,22300476,"JAN 03, 2024",SAC vs. ORL,W,36,5,9,0.556,4,6,0.667,3,5,0.6,1,2,3,1,1,0,0,4,17,1,1,
22023,203084,22300464,"JAN 02, 2024",SAC vs. CHA,L,24,1,2,0.5,1,2,0.5,0,0,0.0,0,1,1,1,2,0,1,2,3,1,1,
22023,203084,22300449,"DEC 31, 2023",SAC @ MEM,W,20,4,8,0.5,2,5,0.4,1,1,1.0,0,2,2,0,0,1,1,2,11,8,1,
22023,203084,22300431,"DEC 29, 2023",SAC @ ATL,W,12,0,2,0.0,0,2,0.0,2,2,1.0,0,0,0,0,0,0,0,1,2,-4,1,
22023,203084,22300413,"DEC 26, 2023",SAC @ POR,L,36,3,8,0.375,0,3,0.0,3,3,1.0,2,3,5,1,1,0,2,2,9,-9,1,
22023,203084,22300400,"DEC 23, 2023",SAC vs. MIN,L,31,3,6,0.5,0,2,0.0,6,6,1.0,0,3,3,1,0,0,0,3,12,-12,1,
22023,203084,22300387,"DEC 22, 2023",SAC vs. PHX,W,37,5,10,0.5,4,8,0.5,5,6,0.833,0,1,1,0,2,1,0,2,19,16,1,
22023,203084,22300373,"DEC 20, 2023",SAC vs. BOS,L,30,3,5,0.6,2,2,1.0,2,4,0.5,1,3,4,3,0,0,0,1,10,-21,1,
22023,203084,22300358,"DEC 18, 2023",SAC vs. WAS,W,34,8,11,0.727,2,4,0.5,1,1,1.0,0,0,0,0,1,0,1,1,19,22,1,
22023,203084,22300342,"DEC 16, 2023",SAC vs. UTA,W,33,6,11,0.545,3,5,0.6,1,1,1.0,2,2,4,2,1,0,0,1,16,5,1,
22023,203084,22300324,"DEC 14, 2023",SAC vs. OKC,W,21,2,7,0.286,1,4,0.25,0,0,0.0,2,1,3,2,0,0,2,1,5,-9,1,
22023,203084,22300309,"DEC 12, 2023",SAC @ LAC,L,19,1,3,0.333,0,2,0.0,0,0,0.0,0,1,1,1,0,0,0,2,2,-13,1,
22023,203084,22300303,"DEC 11, 2023",SAC vs. BKN,W,27,5,7,0.714,3,4,0.75,1,1,1.0,0,2,2,1,0,1,1,1,14,22,1,
22023,203084,22301228,"DEC 08, 2023",SAC @ PHX,W,32,3,11,0.273,1,4,0.25,2,3,0.667,4,4,8,2,1,0,0,0,9,8,1,
22023,203084,22301204,"DEC 04, 2023",SAC vs. NOP,L,34,1,3,0.333,1,3,0.333,1,2,0.5,1,3,4,1,1,1,2,0,4,-11,1,
22023,203084,22300290,"DEC 02, 2023",SAC vs. DEN,W,33,5,9,0.556,1,2,0.5,0,0,0.0,2,1,3,0,0,0,0,1,11,11,1,
22023,203084,22300264,"NOV 29, 2023",SAC vs. LAC,L,34,3,7,0.429,1,3,0.333,2,2,1.0,1,4,5,4,1,0,0,3,9,-9,1,
22023,203084,22300060,"NOV 28, 2023",SAC vs. GSW,W,26,5,8,0.625,2,5,0.4,0,0,0.0,0,4,4,1,1,1,1,1,12,-10,1,
22023,203084,22300050,"NOV 24, 2023",SAC @ MIN,W,33,7,11,0.636,2,4,0.5,2,2,1.0,0,4,4,2,1,0,2,0,18,5,1,
22023,203084,22300233,"NOV 22, 2023",SAC @ NOP,L,41,6,13,0.462,4,9,0.444,6,6,1.0,2,1,3,0,0,0,0,2,22,-6,1,
22023,203084,22300222,"NOV 20, 2023",SAC @ NOP,L,30,4,9,0.444,3,6,0.5,5,6,0.833,0,4,4,0,1,0,0,0,16,-23,1,
22023,203084,22300212,"NOV 19, 2023",SAC @ DAL,W,34,4,11,0.364,1,7,0.143,3,3,1.0,2,2,4,6,1,0,3,1,12,17,1,
22023,203084,22300032,"NOV 17, 2023",SAC @ SAS,W,26,2,7,0.286,1,6,0.167,2,3,0.667,0,2,2,1,1,0,1,2,7,5,1,
22023,203084,22300198,"NOV 15, 2023",SAC @ LAL,W,39,5,10,0.5,3,6,0.5,0,0,0.0,0,1,1,2,4,0,2,3,13,16,1,
22023,203084,22300191,"NOV 13, 2023",SAC vs. CLE,W,22,2,4,0.5,0,2,0.0,0,0,0.0,2,3,5,3,0,0,1,0,4,8,1,
22023,203084,22300016,"NOV 10, 2023",SAC vs. OKC,W,26,1,8,0.125,0,4,0.0,2,2,1.0,2,2,4,1,0,0,1,1,4,7,1,
22023,203084,22300170,"NOV 08, 2023",SAC vs. POR,W,36,5,8,0.625,2,5,0.4,0,0,0.0,1,4,5,0,1,0,1,3,12,-1,1,
22023,203084,22300153,"NOV 06, 2023",SAC @ HOU,L,22,1,6,0.167,0,4,0.0,1,2,0.5,0,0,0,1,0,0,0,0,3,-21,1,
22023,203084,22300137,"NOV 04, 2023",SAC @ HOU,L,32,3,7,0.429,3,4,0.75,4,5,0.8,0,3,3,0,0,0,0,0,13,-19,1,
22023,203084,22300126,"NOV 01, 2023",SAC @ GSW,L,31,4,8,0.5,4,7,0.571,2,2,1.0,1,0,1,1,1,0,1,0,14,2,1,
22023,203084,22300100,"OCT 29, 2023",SAC vs. LAL,W,39,3,9,0.333,0,4,0.0,2,2,1.0,0,2,2,2,0,1,0,1,8,-4,1,
22023,203084,22300087,"OCT 27, 2023",SAC vs. GSW,L,30,4,5,0.8,1,2,0.5,1,4,0.25,1,3,4,1,1,0,0,1,10,-9,1,
22023,203084,22300072,"OCT 25, 2023",SAC @ UTA,W,33,11,16,0.688,5,7,0.714,6,6,1.0,0,4,4,2,1,0,1,2,33,10,1,
22023,203095,22300787,"FEB 14, 2024",DET @ PHX,L,26,4,12,0.333,2,7,0.286,0,0,0.0,1,3,4,1,1,1,3,2,10,-7,1,
22023,203095,22300776,"FEB 13, 2024",DET @ LAL,L,25,4,9,0.444,2,5,0.4,3,4,0.75,1,3,4,1,2,0,2,3,13,-10,1,
22023,203095,22300579,"JAN 18, 2024",NYK vs. WAS,W,6,0,4,0.0,0,3,0.0,0,0,0.0,0,1,1,0,0,0,0,2,0,-4,1,
22023,203095,22300441,"DEC 30, 2023",NYK @ IND,L,17,3,10,0.3,2,8,0.25,2,2,1.0,0,2,2,2,3,0,1,0,10,-13,1,
22023,203095,22300028,"NOV 17, 2023",NYK @ WAS,W,16,1,6,0.167,0,4,0.0,0,0,0.0,0,1,1,1,1,0,0,2,2,6,1,
22023,203109,22300790,"FEB 15, 2024",MIL @ MEM,L,24,2,4,0.5,0,2,0.0,0,0,0.0,1,4,5,0,1,0,1,2,4,-5,1,
22023,203109,22300773,"FEB 13, 2024",MIL vs. MIA,L,18,1,1,1.0,0,0,0.0,0,0,0.0,1,0,1,1,0,0,1,0,2,-15,1,
22023,203109,22300767,"FEB 12, 2024",MIL vs. DEN,W,23,1,4,0.25,0,2,0.0,0,0,0.0,0,1,1,1,2,0,1,0,2,3,1,
22023,203109,22300745,"FEB 09, 2024",MIL vs. CHA,W,30,1,7,0.143,1,6,0.167,2,3,0.667,0,2,2,3,0,0,0,1,5,39,1,
22023,203109,22300738,"FEB 08, 2024",MIL vs. MIN,L,37,7,11,0.636,4,5,0.8,3,3,1.0,1,7,8,5,1,0,0,2,21,-15,1,
22023,203109,22300725,"FEB 06, 2024",MIL @ PHX,L,40,4,9,0.444,0,4,0.0,2,2,1.0,0,6,6,3,2,1,1,4,10,-8,1,
22023,203109,22300711,"FEB 04, 2024",MIL @ UTA,L,40,2,10,0.2,2,7,0.286,0,0,0.0,0,2,2,3,1,0,0,2,6,-19,1,
22023,203109,22300702,"FEB 03, 2024",MIL @ DAL,W,21,4,6,0.667,0,1,0.0,0,0,0.0,0,2,2,2,2,0,0,3,8,-18,1,
22023,203109,22300683,"JAN 31, 2024",MIL @ POR,L,19,2,6,0.333,1,5,0.2,1,2,0.5,2,3,5,2,0,1,0,1,6,-11,1,
22023,203109,22300667,"JAN 29, 2024",MIL @ DEN,L,19,1,3,0.333,1,3,0.333,0,0,0.0,0,0,0,1,1,0,0,1,3,-9,1,
22023,203109,22300648,"JAN 27, 2024",MIL vs. NOP,W,22,2,5,0.4,1,4,0.25,0,0,0.0,1,3,4,1,0,0,0,3,5,18,1,
22023,203109,22300639,"JAN 26, 2024",MIL vs. CLE,L,22,2,4,0.5,2,4,0.5,0,0,0.0,0,3,3,0,0,0,0,2,6,-5,1,
22023,203109,22300624,"JAN 24, 2024",MIL vs. CLE,W,18,1,2,0.5,1,2,0.5,0,0,0.0,1,2,3,1,0,0,3,2,3,-2,1,
22023,203109,22300606,"JAN 22, 2024",MIL @ DET,W,12,1,6,0.167,1,4,0.25,0,0,0.0,0,2,2,1,0,0,1,1,3,-6,1,
22023,203109,22300592,"JAN 20, 2024",MIL @ DET,W,14,1,3,0.333,0,2,0.0,0,0,0.0,0,2,2,0,1,0,0,2,2,-13,1,
22023,203109,22300572,"JAN 17, 2024",MIL @ CLE,L,19,5,13,0.385,4,10,0.4,1,2,0.5,0,1,1,0,1,0,0,1,15,-3,1,
22023,203109,22300173,"NOV 11, 2023",MIL @ ORL,L,17,0,1,0.0,0,1,0.0,1,2,0.5,0,2,2,0,0,0,0,0,1,-13,1,
22023,203109,22300171,"NOV 09, 2023",MIL @ IND,L,29,2,2,1.0,1,1,1.0,0,0,0.0,0,4,4,1,1,0,0,2,5,-5,1,
22023,203109,22300165,"NOV 08, 2023",MIL vs. DET,W,37,3,6,0.5,2,4,0.5,2,3,0.667,0,5,5,2,1,0,0,2,10,-2,1,
22023,203109,22300149,"NOV 06, 2023",MIL @ BKN,W,30,5,10,0.5,4,9,0.444,1,2,0.5,2,3,5,0,1,0,2,1,15,-6,1,
22023,203109,22300002,"NOV 03, 2023",MIL vs. NYK,W,24,5,8,0.625,4,6,0.667,0,0,0.0,0,6,6,2,1,0,0,1,14,3,1,
22023,203109,22300116,"NOV 01, 2023",MIL @ TOR,L,25,3,5,0.6,2,3,0.667,1,3,0.333,1,0,1,3,0,1,0,2,9,-5,1,
22023,203109,22300107,"OCT 30, 2023",MIL vs. MIA,W,25,3,7,0.429,2,3,0.667,0,0,0.0,1,4,5,2,1,1,1,2,8,-11,1,
22023,203109,22300097,"OCT 29, 2023",MIL vs. ATL,L,26,1,4,0.25,0,3,0.0,0,0,0.0,0,3,3,3,0,1,0,1,2,-27,1,
22023,203109,22300075,"OCT 26, 2023",MIL vs. PHI,W,27,3,4,0.75,1,1,1.0,2,2,1.0,0,4,4,2,2,0,1,3,9,11,1,
22023,203110,22300576,"FEB 15, 2024",GSW @ UTA,W,29,9,14,0.643,3,5,0.6,2,4,0.5,0,5,5,5,4,2,0,4,23,-6,1,
22023,203110,22300789,"FEB 14, 2024",GSW vs. LAC,L,31,4,12,0.333,1,2,0.5,0,0,0.0,1,9,10,4,1,0,1,5,9,-12,2,
22023,203110,22300769,"FEB 12, 2024",GSW @ UTA,W,23,5,7,0.714,2,4,0.5,0,0,0.0,2,8,10,8,1,1,1,4,12,11,1,
22023,203110,22300757,"FEB 10, 2024",GSW vs. PHX,W,29,7,9,0.778,1,3,0.333,0,0,0.0,2,5,7,9,0,0,4,4,15,3,1,
22023,203110,22300733,"FEB 08, 2024",GSW @ IND,W,28,4,8,0.5,0,1,0.0,0,0,0.0,2,6,8,5,2,0,5,3,8,13,1,
22023,203110,22300727,"FEB 07, 2024",GSW @ PHI,W,18,2,4,0.5,0,1,0.0,0,1,0.0,1,5,6,3,1,1,2,3,4,14,1,
22023,203110,22300717,"FEB 05, 2024",GSW @ BKN,W,30,4,6,0.667,0,0,0.0,0,0,0.0,2,8,10,7,0,2,3,2,8,11,1,
22023,203110,22300699,"FEB 03, 2024",GSW @ ATL,L,35,3,9,0.333,1,3,0.333,0,0,0.0,1,5,6,8,0,1,3,2,7,-7,1,
22023,203110,22300693,"FEB 02, 2024",GSW @ MEM,W,28,4,7,0.571,1,2,0.5,0,0,0.0,2,10,12,6,0,3,4,4,9,10,1,
22023,203110,22300673,"JAN 30, 2024",GSW vs. PHI,W,29,3,8,0.375,2,4,0.5,1,1,1.0,1,5,6,6,0,1,2,3,9,18,1,
22023,203110,22300650,"JAN 27, 2024",GSW vs. LAL,L,46,4,9,0.444,0,4,0.0,0,0,0.0,0,14,14,11,3,2,2,5,8,31,1,
22023,203110,22300632,"JAN 25, 2024",GSW vs. SAC,L,31,0,3,0.0,0,1,0.0,5,8,0.625,0,4,4,11,3,1,2,3,5,14,1,
22023,203110,22300626,"JAN 24, 2024",GSW vs. ATL,W,23,5,6,0.833,2,3,0.667,0,0,0.0,1,4,5,3,2,1,2,3,12,19,1,
22023,203110,22300560,"JAN 15, 2024",GSW @ MEM,L,24,2,4,0.5,1,1,1.0,2,2,1.0,0,7,7,4,1,0,3,4,7,1,1,
22023,203110,22300308,"DEC 12, 2023",GSW @ PHX,L,17,1,3,0.333,0,2,0.0,0,0,0.0,0,2,2,2,0,0,3,3,2,-15,1,
22023,203110,22301222,"DEC 08, 2023",GSW @ OKC,L,35,5,7,0.714,1,2,0.5,1,2,0.5,1,4,5,13,0,1,4,6,12,-2,1,
22023,203110,22301214,"DEC 06, 2023",GSW vs. POR,W,31,3,7,0.429,0,2,0.0,4,4,1.0,6,4,10,9,0,2,4,3,10,-1,1,
22023,203110,22300280,"DEC 02, 2023",GSW @ LAC,L,32,8,15,0.533,4,8,0.5,1,2,0.5,1,8,9,4,0,1,3,2,21,-6,1,
22023,203110,22300273,"NOV 30, 2023",GSW vs. LAC,W,29,4,8,0.5,2,4,0.5,3,4,0.75,1,4,5,5,0,0,2,5,13,-11,1,
22023,203110,22300060,"NOV 28, 2023",GSW @ SAC,L,33,3,8,0.375,2,4,0.5,0,0,0.0,0,6,6,3,0,2,4,4,8,5,1,
22023,203110,22300025,"NOV 14, 2023",GSW vs. MIN,L,2,0,0,0.0,0,0,0.0,0,0,0.0,0,2,2,0,0,0,1,1,0,-2,1,
22023,203110,22300186,"NOV 12, 2023",GSW vs. MIN,L,24,3,7,0.429,1,3,0.333,2,2,1.0,2,7,9,7,1,0,2,5,9,-11,1,
22023,203110,22300176,"NOV 11, 2023",GSW vs. CLE,L,18,3,4,0.75,2,3,0.667,0,0,0.0,2,3,5,4,0,0,1,3,8,-1,1,
22023,203110,22300145,"NOV 06, 2023",GSW @ DET,W,28,2,4,0.5,0,1,0.0,2,2,1.0,3,6,9,8,0,0,1,2,6,1,1,
22023,203110,22300142,"NOV 05, 2023",GSW @ CLE,L,29,5,11,0.455,2,3,0.667,6,6,1.0,0,3,3,8,3,1,1,0,18,-6,1,
22023,203110,22300005,"NOV 03, 2023",GSW @ OKC,W,29,5,11,0.455,2,4,0.5,3,3,1.0,2,3,5,3,0,1,3,5,15,-1,1,
22023,203110,22300126,"NOV 01, 2023",GSW vs. SAC,W,28,4,7,0.571,2,4,0.5,3,4,0.75,2,0,2,9,2,2,2,1,13,-5,1,
22023,203110,22300108,"OCT 30, 2023",GSW @ NOP,W,22,3,8,0.375,0,2,0.0,0,0,0.0,1,5,6,7,0,1,1,2,6,6,1,
22023,203110,22300096,"OCT 29, 2023",GSW @ HOU,W,21,2,4,0.5,0,0,0.0,0,1,0.0,1,4,5,5,0,0,4,3,4,2,1,
22023,203114,22300725,"FEB 06, 2024",MIL @ PHX,L,8,2,3,0.667,1,1,1.0,1,2,0.5,0,3,3,1,1,0,1,1,6,-1,1,
22023,203114,22300702,"FEB 03, 2024",MIL @ DAL,W,38,5,15,0.333,1,4,0.25,2,2,1.0,1,2,3,8,1,0,2,5,13,24,1,
22023,203114,22300683,"JAN 31, 2024",MIL @ POR,L,34,9,13,0.692,3,5,0.6,0,0,0.0,0,2,2,8,0,1,1,3,21,7,1,
22023,203114,22300667,"JAN 29, 2024",MIL @ DEN,L,30,6,10,0.6,2,6,0.333,0,0,0.0,0,8,8,3,0,1,4,5,14,2,1,
22023,203114,22300639,"JAN 26, 2024",MIL vs. CLE,L,36,5,16,0.313,2,6,0.333,2,2,1.0,2,6,8,8,2,0,3,3,14,-19,1,
22023,203114,22300624,"JAN 24, 2024",MIL vs. CLE,W,32,8,15,0.533,1,4,0.25,7,8,0.875,2,3,5,5,2,0,0,3,24,16,1,
22023,203114,22300606,"JAN 22, 2024",MIL @ DET,W,31,9,14,0.643,2,5,0.4,6,6,1.0,0,2,2,2,2,0,1,2,26,9,1,
22023,203114,22300592,"JAN 20, 2024",MIL @ DET,W,33,5,12,0.417,3,7,0.429,4,6,0.667,0,5,5,4,1,2,1,4,17,7,1,
22023,203114,22300572,"JAN 17, 2024",MIL @ CLE,L,20,1,10,0.1,0,3,0.0,0,0,0.0,0,2,2,2,0,1,3,3,2,-40,1,
22023,203114,22300545,"JAN 13, 2024",MIL vs. GSW,W,33,10,13,0.769,3,5,0.6,1,2,0.5,1,2,3,10,1,1,3,2,24,-2,1,
22023,203114,22300528,"JAN 11, 2024",MIL vs. BOS,W,20,2,9,0.222,1,5,0.2,0,0,0.0,0,2,2,7,1,0,0,2,5,25,1,
22023,203114,22300510,"JAN 08, 2024",MIL vs. UTA,L,34,7,16,0.438,3,6,0.5,6,6,1.0,0,3,3,8,2,1,3,1,23,-8,1,
22023,203114,22300496,"JAN 06, 2024",MIL @ HOU,L,33,3,9,0.333,0,5,0.0,4,6,0.667,0,3,3,5,1,0,3,5,10,7,1,
22023,203114,22300477,"JAN 04, 2024",MIL @ SAS,W,15,5,8,0.625,2,3,0.667,0,0,0.0,0,3,3,5,1,0,1,0,12,7,1,
22023,203114,22300466,"JAN 03, 2024",MIL @ IND,L,32,7,13,0.538,4,7,0.571,1,1,1.0,1,5,6,7,0,2,4,2,19,-15,1,
22023,203114,22300454,"JAN 01, 2024",MIL vs. IND,L,32,9,13,0.692,2,5,0.4,1,2,0.5,1,2,3,6,1,0,4,5,21,5,1,
22023,203114,22300433,"DEC 29, 2023",MIL @ CLE,W,33,4,10,0.4,1,3,0.333,4,4,1.0,0,3,3,11,3,0,4,1,13,7,1,
22023,203114,22300417,"DEC 27, 2023",MIL @ BKN,W,32,11,18,0.611,3,7,0.429,2,2,1.0,1,2,3,10,0,2,3,2,27,5,1,
22023,203114,22300401,"DEC 25, 2023",MIL @ NYK,L,33,10,20,0.5,4,9,0.444,0,0,0.0,0,2,2,6,1,0,2,4,24,9,1,
22023,203114,22300388,"DEC 23, 2023",MIL @ NYK,W,33,9,16,0.563,2,4,0.5,0,0,0.0,1,4,5,5,0,0,3,4,20,17,1,
22023,203114,22300378,"DEC 21, 2023",MIL vs. ORL,W,29,5,11,0.455,2,7,0.286,2,2,1.0,0,4,4,3,0,1,1,2,14,11,1,
22023,203114,22300361,"DEC 19, 2023",MIL vs. SAS,W,28,7,15,0.467,3,6,0.5,0,0,0.0,0,3,3,4,1,0,1,2,17,12,1,
22023,203114,22300346,"DEC 17, 2023",MIL vs. HOU,W,29,7,15,0.467,1,5,0.2,5,5,1.0,0,3,3,2,0,0,4,3,20,7,1,
22023,203114,22300315,"DEC 13, 2023",MIL vs. IND,W,29,6,11,0.545,1,3,0.333,1,1,1.0,1,8,9,7,1,0,1,3,14,14,1,
22023,203114,22300300,"DEC 11, 2023",MIL vs. CHI,W,33,5,11,0.455,0,3,0.0,3,4,0.75,1,12,13,6,1,0,4,4,13,0,1,
22023,203114,22301229,"DEC 07, 2023",MIL vs. IND,L,30,7,13,0.538,4,5,0.8,2,2,1.0,1,6,7,4,2,0,4,2,20,-3,1,
22023,203114,22301201,"DEC 05, 2023",MIL vs. NYK,W,26,6,12,0.5,2,3,0.667,0,0,0.0,2,2,4,7,1,0,2,1,14,11,1,
22023,203114,22300286,"DEC 02, 2023",MIL vs. ATL,W,25,5,9,0.556,2,4,0.5,0,0,0.0,0,5,5,3,1,0,1,0,12,-8,1,
22023,203114,22300269,"NOV 30, 2023",MIL @ CHI,L,27,3,10,0.3,1,4,0.25,2,5,0.4,0,3,3,3,2,0,3,3,9,-8,1,
22023,203114,22300056,"NOV 28, 2023",MIL @ MIA,W,23,7,13,0.538,1,3,0.333,2,2,1.0,1,7,8,2,0,0,0,3,17,20,1,
22023,203114,22300049,"NOV 24, 2023",MIL vs. WAS,W,13,3,8,0.375,1,3,0.333,0,0,0.0,0,1,1,5,0,0,1,1,7,5,1,
22023,203114,22300228,"NOV 22, 2023",MIL @ BOS,L,29,4,14,0.286,2,5,0.4,2,2,1.0,2,3,5,7,1,0,0,4,12,-6,1,
22023,203114,22300219,"NOV 20, 2023",MIL @ WAS,W,23,6,12,0.5,0,2,0.0,6,7,0.857,1,5,6,7,0,0,4,3,18,23,1,
22023,203114,22300027,"NOV 17, 2023",MIL @ CHA,W,22,4,11,0.364,2,7,0.286,2,2,1.0,1,5,6,1,1,0,1,3,12,16,1,
22023,203114,22300195,"NOV 15, 2023",MIL @ TOR,W,20,5,9,0.556,1,2,0.5,0,0,0.0,1,4,5,4,2,0,4,3,11,12,1,
22023,203114,22300190,"NOV 13, 2023",MIL vs. CHI,W,19,6,10,0.6,1,5,0.2,0,0,0.0,1,5,6,2,1,0,2,2,13,0,1,
22023,203114,22300173,"NOV 11, 2023",MIL @ ORL,L,20,4,8,0.5,2,4,0.5,0,0,0.0,0,0,0,7,0,1,1,1,10,-3,1,
22023,203114,22300171,"NOV 09, 2023",MIL @ IND,L,20,7,13,0.538,2,6,0.333,3,4,0.75,1,1,2,4,0,0,2,1,19,-5,1,
22023,203114,22300149,"NOV 06, 2023",MIL @ BKN,W,21,6,10,0.6,1,4,0.25,2,2,1.0,0,3,3,4,0,0,0,1,15,9,1,
22023,203114,22300002,"NOV 03, 2023",MIL vs. NYK,W,21,5,10,0.5,2,3,0.667,0,0,0.0,3,6,9,4,0,0,0,1,12,-2,1,
22023,203114,22300116,"NOV 01, 2023",MIL @ TOR,L,17,4,10,0.4,1,4,0.25,2,2,1.0,0,3,3,0,1,0,4,2,11,-13,1,
22023,203114,22300107,"OCT 30, 2023",MIL vs. MIA,W,17,1,4,0.25,0,2,0.0,3,4,0.75,0,2,2,5,1,0,1,2,5,14,1,
22023,203114,22300075,"OCT 26, 2023",MIL vs. PHI,W,16,2,5,0.4,1,3,0.333,1,2,0.5,0,3,3,4,2,0,2,0,6,14,1,
22023,203200,22300786,"FEB 14, 2024",DEN vs. SAC,L,35,2,8,0.25,2,5,0.4,2,2,1.0,1,3,4,2,1,0,1,3,8,1,1,
22023,203200,22300767,"FEB 12, 2024",DEN @ MIL,L,19,2,6,0.333,1,5,0.2,0,0,0.0,0,2,2,1,0,0,0,2,5,-11,1,
22023,203200,22300746,"FEB 09, 2024",DEN @ SAC,L,37,3,10,0.3,3,9,0.333,1,2,0.5,0,3,3,2,2,0,1,1,10,-15,1,
22023,203200,22300740,"FEB 08, 2024",DEN @ LAL,W,22,1,1,1.0,0,0,0.0,0,0,0.0,1,0,1,1,0,0,0,6,2,11,1,
22023,203200,22300697,"FEB 02, 2024",DEN vs. POR,W,12,0,2,0.0,0,1,0.0,0,0,0.0,0,0,0,1,1,0,0,0,0,1,1,
22023,203200,22300682,"JAN 31, 2024",DEN @ OKC,L,11,2,3,0.667,1,2,0.5,0,0,0.0,0,1,1,0,1,1,0,3,5,-7,1,
22023,203200,22300631,"JAN 25, 2024",DEN @ NYK,L,12,2,4,0.5,0,2,0.0,0,0,0.0,0,1,1,0,1,0,0,2,4,-6,1,
22023,203200,22300586,"JAN 19, 2024",DEN @ BOS,W,3,0,0,0.0,0,0,0.0,0,0,0.0,0,0,0,0,0,0,0,0,0,-1,1,
22023,203200,22300550,"JAN 14, 2024",DEN vs. IND,W,0,0,0,0.0,0,0,0.0,0,0,0.0,0,0,0,0,0,0,0,0,0,0,1,
22023,203200,22300539,"JAN 12, 2024",DEN vs. NOP,W,2,0,0,0.0,0,0,0.0,0,0,0.0,0,0,0,0,0,0,1,0,0,-6,1,
22023,203200,22300524,"JAN 10, 2024",DEN @ UTA,L,12,1,3,0.333,1,3,0.333,0,0,0.0,0,0,0,1,1,0,0,2,3,11,1,
22023,203200,22300502,"JAN 07, 2024",DEN vs. DET,W,4,0,0,0.0,0,0,0.0,0,0,0.0,0,0,0,0,0,0,0,0,0,-3,1,
22023,203200,22300488,"JAN 05, 2024",DEN vs. ORL,L,10,0,1,0.0,0,1,0.0,0,0,0.0,0,1,1,1,0,0,0,1,0,4,1,
22023,203200,22300435,"DEC 29, 2023",DEN vs. OKC,L,16,0,3,0.0,0,2,0.0,0,0,0.0,0,1,1,2,0,0,0,1,0,-19,1,
22023,203200,22300425,"DEC 28, 2023",DEN vs. MEM,W,18,3,5,0.6,2,3,0.667,0,0,0.0,0,2,2,1,2,0,0,2,8,1,1,
22023,203200,22300356,"DEC 18, 2023",DEN vs. DAL,W,5,0,2,0.0,0,0,0.0,0,0,0.0,0,1,1,0,0,1,0,1,0,-6,1,
22023,203200,22300340,"DEC 16, 2023",DEN vs. OKC,L,25,2,4,0.5,2,3,0.667,0,0,0.0,0,1,1,2,0,0,1,0,6,-8,1,
22023,203200,22300322,"DEC 14, 2023",DEN vs. BKN,W,27,1,6,0.167,0,5,0.0,0,0,0.0,0,1,1,2,4,0,1,2,2,20,1,
22023,203200,22300307,"DEC 12, 2023",DEN @ CHI,W,23,3,4,0.75,2,3,0.667,0,0,0.0,1,0,1,2,0,0,0,3,8,4,1,
22023,203200,22301224,"DEC 08, 2023",DEN vs. HOU,L,6,1,1,1.0,0,0,0.0,0,0,0.0,0,0,0,0,1,0,0,1,2,-12,1,
22023,203200,22300290,"DEC 02, 2023",DEN @ SAC,L,12,0,1,0.0,0,0,0.0,0,0,0.0,0,3,3,0,0,0,0,2,0,-3,1,
22023,203200,22300279,"DEC 01, 2023",DEN @ PHX,W,25,6,8,0.75,3,5,0.6,0,0,0.0,1,1,2,4,1,0,0,2,15,8,1,
22023,203200,22300263,"NOV 29, 2023",DEN vs. HOU,W,27,4,7,0.571,3,5,0.6,0,0,0.0,1,2,3,4,2,0,0,2,11,27,1,
22023,203200,22300257,"NOV 27, 2023",DEN @ LAC,W,34,5,8,0.625,2,4,0.5,0,0,0.0,1,5,6,1,1,0,3,2,12,5,1,
22023,203200,22300252,"NOV 26, 2023",DEN vs. SAS,W,27,2,5,0.4,1,4,0.25,0,0,0.0,0,2,2,3,1,0,0,2,5,15,1,
22023,203200,22300048,"NOV 24, 2023",DEN @ HOU,L,13,1,2,0.5,1,2,0.5,0,0,0.0,0,0,0,0,1,0,0,2,3,9,1,
22023,203200,22300226,"NOV 22, 2023",DEN @ ORL,L,0,0,0,0.0,0,0,0.0,0,0,0.0,0,0,0,0,0,0,0,0,0,0,1,
22023,203200,22300210,"NOV 19, 2023",DEN @ CLE,L,17,2,3,0.667,2,3,0.667,0,0,0.0,0,1,1,1,0,0,0,2,6,1,1,
22023,203200,22300024,"NOV 14, 2023",DEN vs. LAC,W,2,0,0,0.0,0,0,0.0,0,0,0.0,0,0,0,1,0,0,0,0,0,-1,1,
22023,203200,22300169,"NOV 08, 2023",DEN vs. GSW,W,8,1,2,0.5,1,2,0.5,0,0,0.0,0,3,3,0,0,0,0,1,3,2,1,
22023,203200,22300123,"NOV 01, 2023",DEN @ MIN,L,6,1,2,0.5,1,2,0.5,0,0,0.0,0,1,1,0,0,0,0,0,3,2,1,
22023,203200,22300095,"OCT 29, 2023",DEN @ OKC,W,3,0,0,0.0,0,0,0.0,0,0,0.0,0,0,0,0,0,0,0,0,0,0,1,
22023,203458,22300786,"FEB 14, 2024",SAC @ DEN,W,6,1,1,1.0,0,0,0.0,0,0,0.0,1,2,3,0,0,1,1,2,2,-3,1,
22023,203458,22300774,"FEB 13, 2024",SAC @ PHX,L,7,0,0,0.0,0,0,0.0,0,0,0.0,1,2,3,0,1,0,0,1,0,-1,1,
22023,203458,22300760,"FEB 11, 2024",SAC @ OKC,L,3,0,1,0.0,0,0,0.0,0,0,0.0,0,1,1,1,1,0,1,1,0,3,1,
22023,203458,22300746,"FEB 09, 2024",SAC vs. DEN,W,15,4,5,0.8,0,1,0.0,3,5,0.6,2,0,2,1,1,0,1,3,11,13,1,
22023,203458,22300714,"FEB 05, 2024",SAC @ CLE,L,3,0,0,0.0,0,0,0.0,0,0,0.0,0,0,0,1,0,0,0,0,0,-2,1,
22023,203458,22300583,"JAN 18, 2024",SAC vs. IND,L,5,0,1,0.0,0,0,0.0,0,0,0.0,0,0,0,0,0,0,2,1,0,-5,1,
22023,203458,22300567,"JAN 16, 2024",SAC @ PHX,L,8,0,0,0.0,0,0,0.0,0,0,0.0,0,0,0,0,0,0,2,3,0,3,1,
22023,203458,22300552,"JAN 14, 2024",SAC @ MIL,L,11,2,4,0.5,0,1,0.0,0,0,0.0,3,2,5,1,0,0,0,3,4,-7,1,
22023,203458,22300532,"JAN 12, 2024",SAC @ PHI,L,8,1,1,1.0,0,0,0.0,0,0,0.0,2,2,4,1,0,0,0,1,2,-1,1,
22023,203458,22300518,"JAN 10, 2024",SAC @ CHA,W,16,4,6,0.667,0,0,0.0,0,0,0.0,4,6,10,1,1,1,1,2,8,28,1,
22023,203458,22300512,"JAN 09, 2024",SAC @ DET,W,10,3,3,1.0,0,0,0.0,0,1,0.0,1,2,3,0,0,1,1,1,6,-7,1,
22023,203458,22300500,"JAN 07, 2024",SAC vs. NOP,L,10,0,2,0.0,0,0,0.0,0,0,0.0,1,0,1,3,1,0,0,1,0,14,1,
22023,203458,22300464,"JAN 02, 2024",SAC vs. CHA,L,13,1,1,1.0,0,0,0.0,1,2,0.5,0,4,4,3,0,0,1,2,3,-1,1,
22023,203458,22300449,"DEC 31, 2023",SAC @ MEM,W,12,0,1,0.0,0,0,0.0,0,0,0.0,4,5,9,1,0,1,2,3,0,10,1,
22023,203458,22300431,"DEC 29, 2023",SAC @ ATL,W,13,1,2,0.5,0,0,0.0,0,0,0.0,1,3,4,4,0,0,0,0,2,11,1,
22023,203458,22300413,"DEC 26, 2023",SAC @ POR,L,2,0,0,0.0,0,0,0.0,0,0,0.0,0,0,0,0,0,0,0,0,0,2,1,
22023,203458,22300191,"NOV 13, 2023",SAC vs. CLE,W,6,1,2,0.5,0,0,0.0,0,0,0.0,0,0,0,3,0,0,0,0,2,4,1,
22023,203458,22300016,"NOV 10, 2023",SAC vs. OKC,W,10,1,1,1.0,0,0,0.0,1,2,0.5,3,3,6,0,0,2,2,1,3,-1,1,
22023,203458,22300170,"NOV 08, 2023",SAC vs. POR,W,13,4,4,1.0,0,0,0.0,2,5,0.4,3,3,6,1,1,2,0,1,10,8,1,
22023,203458,22300153,"NOV 06, 2023",SAC @ HOU,L,8,0,1,0.0,0,1,0.0,0,0,0.0,1,2,3,1,0,1,0,0,0,10,1,
22023,203458,22300137,"NOV 04, 2023",SAC @ HOU,L,3,0,0,0.0,0,0,0.0,0,0,0.0,0,1,1,0,0,0,0,0,0,1,1,
22023,203458,22300072,"OCT 25, 2023",SAC @ UTA,W,2,0,0,0.0,0,0,0.0,0,0,0.0,0,0,0,0,0,0,0,0,0,-2,1,
22023,203468,22300784,"FEB 14, 2024",NOP vs. WAS,W,33,9,17,0.529,3,9,0.333,5,5,1.0,0,3,3,6,1,0,0,2,26,-11,1,
22023,203468,22300766,"FEB 12, 2024",NOP @ MEM,W,33,4,15,0.267,3,8,0.375,0,0,0.0,0,5,5,2,1,0,2,1,11,9,1,
22023,203468,22300758,"FEB 10, 2024",NOP @ POR,W,32,2,14,0.143,1,9,0.111,3,4,0.75,0,3,3,7,1,1,1,2,8,22,1,
22023,203468,22300747,"FEB 09, 2024",NOP @ LAL,L,30,8,16,0.5,3,9,0.333,0,0,0.0,1,3,4,3,0,0,0,3,19,-18,1,
22023,203468,22300731,"FEB 07, 2024",NOP @ LAC,W,36,10,17,0.588,5,11,0.455,0,0,0.0,0,7,7,4,1,0,3,3,25,4,1,
22023,203468,22300718,"FEB 05, 2024",NOP vs. TOR,W,23,7,12,0.583,6,10,0.6,0,0,0.0,1,5,6,3,2,0,0,1,20,15,1,
22023,203468,22300696,"FEB 02, 2024",NOP @ SAS,W,39,8,17,0.471,3,10,0.3,2,4,0.5,1,3,4,4,1,1,2,3,21,13,1,
22023,203468,22300679,"JAN 31, 2024",NOP @ HOU,W,36,7,15,0.467,3,7,0.429,2,2,1.0,0,5,5,3,1,2,3,1,19,3,1,
22023,203468,22300659,"JAN 29, 2024",NOP @ BOS,L,37,7,14,0.5,1,5,0.2,1,1,1.0,0,2,2,2,0,1,4,3,16,-1,1,
22023,203468,22300648,"JAN 27, 2024",NOP @ MIL,L,23,2,7,0.286,1,4,0.25,2,2,1.0,0,1,1,4,0,1,2,2,7,-30,1,
22023,203468,22300640,"JAN 26, 2024",NOP vs. OKC,L,35,4,15,0.267,2,7,0.286,2,2,1.0,1,5,6,3,2,0,4,4,12,-20,1,
22023,203468,22300616,"JAN 23, 2024",NOP vs. UTA,W,29,11,17,0.647,9,13,0.692,2,3,0.667,1,4,5,2,1,1,2,3,33,17,1,
22023,203468,22300588,"JAN 19, 2024",NOP vs. PHX,L,31,5,13,0.385,1,7,0.143,2,3,0.667,0,4,4,4,0,2,1,1,13,-8,1,
22023,203468,22300575,"JAN 17, 2024",NOP vs. CHA,W,29,8,15,0.533,4,9,0.444,2,2,1.0,2,3,5,6,0,2,1,2,22,4,1,
22023,203468,22300556,"JAN 15, 2024",NOP @ DAL,L,29,9,17,0.529,3,7,0.429,2,2,1.0,0,6,6,4,1,0,0,5,23,15,1,
22023,203468,22300539,"JAN 12, 2024",NOP @ DEN,L,30,4,10,0.4,3,8,0.375,1,2,0.5,0,5,5,7,1,0,2,2,12,-13,1,
22023,203468,22300525,"JAN 10, 2024",NOP @ GSW,W,26,5,13,0.385,2,7,0.286,2,2,1.0,0,3,3,8,2,1,0,0,14,22,1,
22023,203468,22300500,"JAN 07, 2024",NOP @ SAC,W,27,11,16,0.688,7,10,0.7,1,2,0.5,1,6,7,4,0,2,3,0,30,31,1,
22023,203468,22300486,"JAN 05, 2024",NOP vs. LAC,L,31,4,13,0.308,4,9,0.444,0,0,0.0,1,5,6,3,1,0,1,3,12,-10,1,
22023,203468,22300471,"JAN 03, 2024",NOP @ MIN,W,30,8,16,0.5,4,6,0.667,4,4,1.0,0,3,3,5,0,1,2,2,24,12,1,
22023,203468,22300461,"JAN 02, 2024",NOP vs. BKN,W,25,6,11,0.545,4,8,0.5,0,0,0.0,2,4,6,5,0,0,2,0,16,12,1,
22023,203468,22300446,"DEC 31, 2023",NOP vs. LAL,W,36,8,19,0.421,6,11,0.545,0,0,0.0,0,5,5,9,1,1,1,2,22,15,1,
22023,203468,22300424,"DEC 28, 2023",NOP vs. UTA,W,32,8,16,0.5,4,10,0.4,2,3,0.667,1,2,3,6,2,0,2,2,22,8,1,
22023,203468,22300410,"DEC 26, 2023",NOP vs. MEM,L,39,6,14,0.429,3,8,0.375,1,4,0.25,0,2,2,2,1,1,1,4,16,-9,1,
22023,203468,22300392,"DEC 23, 2023",NOP vs. HOU,L,34,4,10,0.4,2,7,0.286,3,4,0.75,1,4,5,2,1,1,4,4,13,-2,1,
22023,203468,22300375,"DEC 21, 2023",NOP @ CLE,W,34,7,15,0.467,2,8,0.25,2,2,1.0,0,6,6,4,4,1,2,2,18,13,1,
22023,203468,22300360,"DEC 19, 2023",NOP vs. MEM,L,41,6,11,0.545,6,9,0.667,0,0,0.0,0,3,3,6,1,1,1,2,18,9,1,
22023,203468,22300345,"DEC 17, 2023",NOP @ SAS,W,26,10,15,0.667,6,7,0.857,3,3,1.0,0,2,2,2,1,0,3,2,29,21,1,
22023,203468,22300326,"DEC 15, 2023",NOP @ CHA,W,35,7,18,0.389,3,9,0.333,2,2,1.0,2,3,5,4,1,1,2,0,19,4,1,
22023,203468,22300311,"DEC 13, 2023",NOP @ WAS,W,32,8,14,0.571,4,6,0.667,2,2,1.0,0,3,3,6,0,0,0,3,22,13,1,
22023,203468,22300301,"DEC 11, 2023",NOP vs. MIN,W,29,8,15,0.533,4,7,0.571,3,3,1.0,0,4,4,4,1,1,1,2,23,21,1,
22023,203468,22301230,"DEC 07, 2023",NOP @ LAL,L,25,4,14,0.286,1,4,0.25,0,0,0.0,1,3,4,2,2,0,1,2,9,-38,1,
22023,203468,22301204,"DEC 04, 2023",NOP @ SAC,W,36,7,14,0.5,3,5,0.6,0,0,0.0,0,2,2,7,2,2,2,2,17,-4,1,
22023,203468,22300278,"DEC 01, 2023",NOP vs. SAS,W,38,8,18,0.444,1,8,0.125,2,2,1.0,1,2,3,8,2,1,1,1,19,16,1,
22023,203468,22300262,"NOV 29, 2023",NOP vs. PHI,W,28,7,16,0.438,3,8,0.375,3,3,1.0,1,3,4,5,2,1,2,3,20,19,1,
22023,203468,22300135,"NOV 04, 2023",NOP vs. ATL,L,33,5,12,0.417,1,6,0.167,2,3,0.667,0,1,1,6,2,3,0,3,13,-19,1,
22023,203468,22300129,"NOV 02, 2023",NOP vs. DET,W,35,10,23,0.435,3,10,0.3,10,11,0.909,1,3,4,5,0,0,4,3,33,-17,1,
22023,203468,22300121,"NOV 01, 2023",NOP @ OKC,W,37,10,17,0.588,5,8,0.625,4,7,0.571,1,10,11,5,0,1,1,2,29,16,1,
22023,203468,22300108,"OCT 30, 2023",NOP vs. GSW,L,33,7,21,0.333,2,8,0.25,3,4,0.75,2,4,6,5,1,0,0,1,19,-19,1,
22023,203468,22300090,"OCT 28, 2023",NOP vs. NYK,W,30,4,11,0.364,2,7,0.286,2,4,0.5,0,3,3,7,4,0,1,2,12,18,1,
22023,203468,22300071,"OCT 25, 2023",NOP @ MEM,W,37,8,16,0.5,6,11,0.545,2,2,1.0,1,3,4,6,2,1,2,3,24,-1,1,
22023,203471,22300780,"FEB 14, 2024",BKN @ BOS,L,18,2,8,0.25,0,1,0.0,0,0,0.0,0,3,3,1,0,0,1,1,4,-27,1,
22023,203471,22300771,"FEB 13, 2024",BKN vs. BOS,L,32,3,10,0.3,2,7,0.286,1,3,0.333,0,5,5,3,0,0,3,1,9,3,1,
22023,203471,22300750,"FEB 10, 2024",BKN vs. SAS,W,27,6,13,0.462,3,5,0.6,0,0,0.0,0,3,3,12,0,0,2,4,15,10,1,
22023,203471,22300726,"FEB 07, 2024",TOR @ CHA,W,27,4,9,0.444,3,6,0.5,5,7,0.714,0,4,4,5,0,0,2,2,16,9,1,
22023,203471,22300718,"FEB 05, 2024",TOR @ NOP,L,18,0,4,0.0,0,2,0.0,0,0,0.0,0,0,0,5,0,1,2,0,0,-25,1,
22023,203471,22300710,"FEB 04, 2024",TOR @ OKC,L,36,5,16,0.313,3,6,0.5,6,6,1.0,2,6,8,4,1,0,0,1,19,-23,1,
22023,203471,22300692,"FEB 02, 2024",TOR @ HOU,L,22,4,10,0.4,0,5,0.0,0,0,0.0,0,2,2,1,1,0,1,1,8,-18,1,
22023,203471,22300672,"JAN 30, 2024",TOR @ CHI,W,34,5,11,0.455,0,1,0.0,6,7,0.857,1,2,3,10,2,1,6,2,16,6,1,
22023,203471,22300653,"JAN 28, 2024",TOR @ ATL,L,29,5,12,0.417,1,4,0.25,3,4,0.75,0,3,3,6,4,0,4,6,14,7,1,
22023,203471,22300637,"JAN 26, 2024",TOR vs. LAC,L,28,4,9,0.444,1,4,0.25,4,5,0.8,0,4,4,5,2,1,1,2,13,4,1,
22023,203471,22300609,"JAN 22, 2024",TOR vs. MEM,L,22,3,9,0.333,1,3,0.333,4,4,1.0,1,1,2,3,1,0,2,1,11,-15,1,
22023,203471,22300596,"JAN 20, 2024",TOR @ NYK,L,23,1,5,0.2,0,1,0.0,0,0,0.0,0,1,1,3,0,0,0,1,2,-13,1,
22023,203471,22300580,"JAN 18, 2024",TOR vs. CHI,L,26,3,7,0.429,1,4,0.25,0,0,0.0,0,0,0,5,0,0,0,1,7,4,1,
22023,203471,22300574,"JAN 17, 2024",TOR vs. MIA,W,27,3,6,0.5,3,5,0.6,0,0,0.0,0,1,1,6,1,0,1,1,9,31,1,
22023,203471,22300563,"JAN 15, 2024",TOR vs. BOS,L,33,5,9,0.556,1,3,0.333,2,2,1.0,0,7,7,2,0,0,2,4,13,-15,1,
22023,203471,22300540,"JAN 12, 2024",TOR @ UTA,L,23,4,9,0.444,4,7,0.571,0,0,0.0,0,0,0,4,1,0,1,2,12,-9,1,
22023,203471,22300526,"JAN 10, 2024",TOR @ LAC,L,34,8,13,0.615,1,5,0.2,5,5,1.0,0,1,1,4,0,0,2,1,22,-1,1,
22023,203471,22300516,"JAN 09, 2024",TOR @ LAL,L,30,3,6,0.5,2,3,0.667,2,2,1.0,1,1,2,6,0,0,2,2,10,-2,1,
22023,203471,22300504,"JAN 07, 2024",TOR @ GSW,W,28,6,10,0.6,1,3,0.333,0,1,0.0,0,3,3,4,0,0,0,5,13,14,1,
22023,203471,22300492,"JAN 05, 2024",TOR @ SAC,L,32,7,11,0.636,0,4,0.0,4,5,0.8,1,1,2,3,1,1,0,1,18,12,1,
22023,203471,22300470,"JAN 03, 2024",TOR @ MEM,W,29,6,11,0.545,1,3,0.333,3,4,0.75,0,7,7,5,0,0,0,0,16,5,1,
22023,203471,22300452,"JAN 01, 2024",TOR vs. CLE,W,30,3,7,0.429,1,5,0.2,5,7,0.714,0,3,3,8,0,0,1,2,12,12,1,
22023,203471,22300440,"DEC 30, 2023",TOR @ DET,L,37,11,18,0.611,3,6,0.5,5,5,1.0,0,0,0,9,0,0,1,1,30,4,1,
22023,203471,22300432,"DEC 29, 2023",TOR @ BOS,L,35,6,12,0.5,2,5,0.4,1,2,0.5,2,0,2,9,0,1,0,2,15,2,1,
22023,203471,22300416,"DEC 27, 2023",TOR @ WAS,W,28,4,6,0.667,1,2,0.5,0,0,0.0,0,4,4,10,0,0,3,1,9,29,1,
22023,203471,22300395,"DEC 23, 2023",TOR vs. UTA,L,33,4,9,0.444,1,3,0.333,2,3,0.667,1,2,3,7,3,0,4,2,11,-1,1,
22023,203471,22300382,"DEC 22, 2023",TOR @ PHI,L,34,2,8,0.25,0,2,0.0,2,2,1.0,1,2,3,6,2,0,0,0,6,-16,1,
22023,203471,22300369,"DEC 20, 2023",TOR vs. DEN,L,31,3,8,0.375,1,2,0.5,0,0,0.0,0,2,2,7,1,0,2,2,7,-17,1,
22023,203471,22300354,"DEC 18, 2023",TOR vs. CHA,W,34,4,6,0.667,3,5,0.6,2,2,1.0,0,0,0,5,0,0,3,2,13,12,1,
22023,203471,22300330,"DEC 15, 2023",TOR vs. ATL,L,31,3,7,0.429,0,2,0.0,0,0,0.0,0,2,2,4,2,0,1,5,6,-20,1,
22023,203471,22300313,"DEC 13, 2023",TOR vs. ATL,W,37,5,11,0.455,3,4,0.75,4,4,1.0,0,3,3,7,1,1,2,5,17,15,1,
22023,203471,22300297,"DEC 11, 2023",TOR @ NYK,L,33,6,12,0.5,2,4,0.5,6,7,0.857,0,2,2,10,4,0,0,2,20,-5,1,
22023,203471,22301216,"DEC 08, 2023",TOR @ CHA,L,30,3,10,0.3,0,4,0.0,1,1,1.0,0,1,1,5,1,0,2,4,7,-9,1,
22023,203471,22301207,"DEC 06, 2023",TOR vs. MIA,L,35,4,18,0.222,1,5,0.2,0,0,0.0,2,3,5,5,0,0,3,5,9,-6,1,
22023,203471,22300276,"DEC 01, 2023",TOR vs. NYK,L,37,3,10,0.3,1,6,0.167,3,4,0.75,0,1,1,9,0,0,2,1,10,-10,1,
22023,203471,22300260,"NOV 29, 2023",TOR vs. PHX,W,34,3,11,0.273,1,2,0.5,1,1,1.0,1,5,6,12,1,0,0,2,8,-2,1,
22023,203471,22300054,"NOV 28, 2023",TOR @ BKN,L,32,5,15,0.333,2,5,0.4,2,3,0.667,1,4,5,9,1,0,0,3,14,-2,1,
22023,203471,22300251,"NOV 26, 2023",TOR @ CLE,L,29,5,11,0.455,2,5,0.4,3,3,1.0,0,2,2,4,2,0,1,5,15,10,1,
22023,203471,22300046,"NOV 24, 2023",TOR vs. CHI,W,34,6,16,0.375,1,9,0.111,4,4,1.0,0,0,0,5,0,0,3,2,17,9,1,
22023,203471,22300230,"NOV 22, 2023",TOR @ IND,W,32,10,16,0.625,2,5,0.4,4,4,1.0,0,6,6,5,1,0,4,3,26,-2,1,
22023,203471,22300038,"NOV 21, 2023",TOR @ ORL,L,27,8,13,0.615,4,4,1.0,4,4,1.0,0,1,1,1,0,0,2,2,24,-11,1,
22023,203471,22300211,"NOV 19, 2023",TOR vs. DET,W,26,8,15,0.533,0,4,0.0,1,2,0.5,0,2,2,7,1,0,0,0,17,19,1,
22023,203471,22300031,"NOV 17, 2023",TOR vs. BOS,L,35,9,19,0.474,5,11,0.455,0,0,0.0,0,7,7,6,0,0,2,2,23,1,1,
22023,203471,22300195,"NOV 15, 2023",TOR vs. MIL,L,23,2,9,0.222,1,4,0.25,4,4,1.0,0,3,3,5,2,0,2,3,9,-29,1,
22023,203471,22300189,"NOV 13, 2023",TOR vs. WAS,W,35,1,12,0.083,0,4,0.0,2,2,1.0,1,3,4,6,0,0,3,2,4,2,1,
22023,203471,22300174,"NOV 11, 2023",TOR @ BOS,L,25,3,7,0.429,1,3,0.333,7,7,1.0,0,1,1,4,1,0,1,3,14,-2,1,
22023,203471,22300168,"NOV 08, 2023",TOR @ DAL,W,30,7,13,0.538,1,4,0.25,3,4,0.75,0,2,2,5,2,1,2,4,18,1,1,
22023,203471,22300141,"NOV 05, 2023",TOR @ SAS,W,38,10,19,0.526,1,8,0.125,3,4,0.75,2,1,3,6,2,1,2,1,24,1,1,
22023,203471,22300128,"NOV 02, 2023",TOR @ PHI,L,31,4,9,0.444,1,2,0.5,4,6,0.667,0,3,3,10,1,0,3,0,13,-7,1,
22023,203471,22300116,"NOV 01, 2023",TOR vs. MIL,W,29,9,13,0.692,2,4,0.5,4,4,1.0,1,3,4,11,1,0,2,2,24,21,1,
22023,203471,22300105,"OCT 30, 2023",TOR vs. POR,L,32,4,10,0.4,1,3,0.333,1,1,1.0,0,1,1,8,1,0,1,1,10,1,1,
22023,203471,22300092,"OCT 28, 2023",TOR vs. PHI,L,35,5,14,0.357,4,6,0.667,1,2,0.5,3,1,4,10,2,0,1,1,15,-5,1,
22023,203471,22300082,"OCT 27, 2023",TOR @ CHI,L,35,3,11,0.273,2,5,0.4,2,3,0.667,0,2,2,10,0,0,2,1,10,-6,1,
22023,203471,22300069,"OCT 25, 2023",TOR vs. MIN,W,33,8,17,0.471,4,8,0.5,2,2,1.0,1,2,3,7,0,0,2,1,22,10,1,
22023,203482,22300782,"FEB 14, 2024",TOR vs. IND,L,7,0,1,0.0,0,1,0.0,0,0,0.0,0,2,2,0,0,0,0,3,0,-1,1,
22023,203482,22300764,"FEB 12, 2024",TOR vs. SAS,L,21,6,10,0.6,1,4,0.25,4,4,1.0,0,5,5,2,3,0,1,3,17,-20,1,
22023,203482,22300756,"FEB 10, 2024",TOR vs. CLE,L,22,4,10,0.4,1,2,0.5,2,2,1.0,4,2,6,3,3,1,2,0,11,-19,1,
22023,203482,22300724,"FEB 06, 2024",UTA vs. OKC,W,16,4,6,0.667,0,0,0.0,2,2,1.0,2,2,4,7,0,0,0,2,10,-2,1,
22023,203482,22300711,"FEB 04, 2024",UTA vs. MIL,W,21,2,5,0.4,1,2,0.5,3,4,0.75,2,5,7,6,0,0,0,3,8,24,1,
22023,203482,22300686,"FEB 01, 2024",UTA vs. PHI,L,19,3,4,0.75,1,2,0.5,7,7,1.0,0,3,3,3,0,0,0,1,14,-5,1,
22023,203482,22300671,"JAN 30, 2024",UTA @ NYK,L,21,0,3,0.0,0,1,0.0,1,2,0.5,1,4,5,3,0,0,1,2,1,-16,1,
22023,203482,22300660,"JAN 29, 2024",UTA @ BKN,L,16,1,1,1.0,0,0,0.0,3,4,0.75,0,4,4,4,0,0,2,0,5,-8,1,
22023,203482,22300647,"JAN 27, 2024",UTA @ CHA,W,18,2,2,1.0,1,1,1.0,1,2,0.5,1,8,9,8,1,0,4,2,6,1,1,
22023,203482,22300628,"JAN 25, 2024",UTA @ WAS,W,21,8,11,0.727,3,4,0.75,0,0,0.0,2,2,4,2,0,0,1,3,19,13,1,
22023,203482,22300616,"JAN 23, 2024",UTA @ NOP,L,14,4,5,0.8,0,1,0.0,1,2,0.5,0,3,3,2,0,0,1,3,9,-9,1,
22023,203482,22300598,"JAN 20, 2024",UTA @ HOU,L,16,3,5,0.6,0,1,0.0,0,0,0.0,0,3,3,1,1,0,1,4,6,-8,1,
22023,203482,22300581,"JAN 18, 2024",UTA vs. OKC,L,17,3,7,0.429,0,2,0.0,1,1,1.0,0,2,2,4,1,0,1,3,7,-5,1,
22023,203482,22300564,"JAN 15, 2024",UTA vs. IND,W,17,1,3,0.333,0,0,0.0,2,2,1.0,1,5,6,4,0,1,3,4,4,-5,1,
22023,203482,22300549,"JAN 13, 2024",UTA vs. LAL,W,15,2,8,0.25,0,1,0.0,0,0,0.0,1,4,5,2,0,0,2,1,4,-10,1,
22023,203482,22300540,"JAN 12, 2024",UTA vs. TOR,W,21,4,7,0.571,1,2,0.5,2,4,0.5,2,8,10,5,1,0,1,3,11,14,1,
22023,203482,22300524,"JAN 10, 2024",UTA vs. DEN,W,19,4,5,0.8,1,1,1.0,0,0,0.0,0,3,3,5,2,1,1,2,9,0,1,
22023,203482,22300510,"JAN 08, 2024",UTA @ MIL,W,17,4,6,0.667,2,2,1.0,3,4,0.75,2,4,6,3,0,0,2,4,13,9,1,
22023,203482,22300495,"JAN 06, 2024",UTA @ PHI,W,15,2,3,0.667,1,1,1.0,0,0,0.0,0,1,1,4,0,0,3,3,5,5,1,
22023,203482,22300479,"JAN 05, 2024",UTA @ BOS,L,14,0,2,0.0,0,1,0.0,6,8,0.75,0,1,1,1,1,0,0,3,6,-22,1,
22023,203482,22300474,"JAN 03, 2024",UTA vs. DET,W,20,3,5,0.6,0,1,0.0,3,3,1.0,2,3,5,4,1,0,2,3,9,0,1,
22023,203482,22300457,"JAN 01, 2024",UTA vs. DAL,W,19,3,3,1.0,1,1,1.0,0,0,0.0,0,5,5,6,3,0,1,3,7,28,1,
22023,203482,22300439,"DEC 30, 2023",UTA vs. MIA,W,28,8,12,0.667,0,1,0.0,3,3,1.0,3,3,6,10,1,1,3,5,19,11,1,
22023,203482,22300424,"DEC 28, 2023",UTA @ NOP,L,19,3,5,0.6,0,1,0.0,0,0,0.0,2,1,3,3,1,0,2,0,6,-10,1,
22023,203482,22300412,"DEC 26, 2023",UTA @ SAS,W,23,2,6,0.333,1,3,0.333,2,2,1.0,2,3,5,6,0,1,0,1,7,-4,1,
22023,203482,22300395,"DEC 23, 2023",UTA @ TOR,W,17,3,5,0.6,1,3,0.333,0,0,0.0,0,4,4,7,0,1,0,4,7,-9,1,
22023,203482,22300374,"DEC 21, 2023",UTA @ DET,W,35,10,16,0.625,3,6,0.5,4,4,1.0,0,3,3,6,4,0,4,2,27,-4,1,
22023,203482,22300364,"DEC 20, 2023",UTA @ CLE,L,20,2,3,0.667,0,1,0.0,1,2,0.5,1,1,2,6,1,2,3,0,5,-14,1,
22023,203482,22300357,"DEC 18, 2023",UTA vs. BKN,W,20,1,2,0.5,0,1,0.0,0,0,0.0,1,4,5,3,1,0,0,4,2,2,1,
22023,203482,22300342,"DEC 16, 2023",UTA @ SAC,L,29,4,7,0.571,1,2,0.5,0,0,0.0,0,5,5,13,1,1,1,3,9,-18,1,
22023,203482,22300323,"DEC 14, 2023",UTA @ POR,W,24,1,6,0.167,0,3,0.0,0,0,0.0,1,9,10,7,0,0,0,1,2,27,1,
22023,203482,22300318,"DEC 13, 2023",UTA vs. NYK,W,30,3,9,0.333,1,2,0.5,2,2,1.0,1,9,10,8,0,0,3,3,9,-1,1,
22023,203482,22300302,"DEC 11, 2023",UTA @ OKC,L,21,1,5,0.2,0,2,0.0,0,0,0.0,0,6,6,3,0,0,2,2,2,-19,1,
22023,203482,22301225,"DEC 08, 2023",UTA vs. LAC,L,18,4,5,0.8,1,1,1.0,4,4,1.0,0,4,4,2,1,0,0,3,13,6,1,
22023,203482,22300270,"NOV 30, 2023",UTA @ MIN,L,14,3,5,0.6,2,2,1.0,0,0,0.0,1,3,4,3,0,0,2,3,8,2,1,
22023,203482,22300261,"NOV 29, 2023",UTA @ MEM,L,18,2,2,1.0,1,1,1.0,0,0,0.0,0,2,2,2,2,0,1,3,5,-13,1,
22023,203482,22300256,"NOV 27, 2023",UTA vs. NOP,W,19,0,1,0.0,0,0,0.0,4,4,1.0,0,4,4,4,0,0,0,5,4,4,1,
22023,203482,22300243,"NOV 25, 2023",UTA vs. NOP,W,24,4,6,0.667,3,3,1.0,2,2,1.0,1,5,6,3,1,1,3,0,13,11,1,
22023,203482,22300237,"NOV 22, 2023",UTA @ POR,L,32,5,5,1.0,0,0,0.0,3,3,1.0,3,6,9,5,1,1,3,1,13,-8,1,
22023,203482,22300042,"NOV 21, 2023",UTA @ LAL,L,24,1,6,0.167,0,4,0.0,2,4,0.5,2,3,5,5,0,0,2,3,4,-17,1,
22023,203482,22300214,"NOV 19, 2023",UTA vs. PHX,L,20,1,4,0.25,0,2,0.0,4,4,1.0,3,2,5,5,0,0,4,6,6,2,1,
22023,203482,22300035,"NOV 17, 2023",UTA vs. PHX,L,20,3,4,0.75,1,2,0.5,0,0,0.0,1,3,4,7,0,0,1,2,7,-2,1,
22023,203482,22300023,"NOV 14, 2023",UTA vs. POR,W,24,4,8,0.5,2,3,0.667,2,2,1.0,6,6,12,3,1,0,3,1,12,11,1,
22023,203482,22300012,"NOV 10, 2023",UTA @ MEM,W,21,2,3,0.667,0,0,0.0,2,2,1.0,2,6,8,2,1,1,2,3,6,5,1,
22023,203482,22300158,"NOV 08, 2023",UTA @ IND,L,21,2,4,0.5,0,2,0.0,0,0,0.0,1,4,5,0,1,0,2,5,4,-19,1,
22023,203482,22300152,"NOV 06, 2023",UTA @ CHI,L,23,5,7,0.714,2,3,0.667,1,1,1.0,0,7,7,8,0,0,1,1,13,-8,1,
22023,203482,22300138,"NOV 04, 2023",UTA @ MIN,L,18,0,4,0.0,0,2,0.0,0,0,0.0,2,2,4,1,0,0,2,4,0,-11,1,
22023,203482,22300130,"NOV 02, 2023",UTA vs. ORL,L,19,2,4,0.5,0,1,0.0,0,0,0.0,1,1,2,3,3,0,2,5,4,-3,1,
22023,203482,22300125,"NOV 01, 2023",UTA vs. MEM,W,26,5,7,0.714,3,4,0.75,1,2,0.5,3,5,8,5,1,0,3,1,14,38,1,
22023,203482,22300110,"OCT 30, 2023",UTA @ DEN,L,18,0,2,0.0,0,2,0.0,3,4,0.75,2,2,4,5,3,0,1,4,3,-8,1,
22023,203482,22300094,"OCT 28, 2023",UTA @ PHX,L,16,4,5,0.8,0,1,0.0,1,1,1.0,2,4,6,3,0,0,1,2,9,-5,1,
22023,203482,22300085,"OCT 27, 2023",UTA vs. LAC,W,27,5,6,0.833,2,2,1.0,3,3,1.0,3,1,4,3,1,1,3,3,15,-4,1,
22023,203482,22300072,"OCT 25, 2023",UTA vs. SAC,L,17,2,3,0.667,0,0,0.0,1,1,1.0,3,3,6,4,1,0,1,3,5,-5,1,
22023,203484,22300767,"FEB 12, 2024",DEN @ MIL,L,9,0,3,0.0,0,1,0.0,1,1,1.0,0,2,2,2,0,0,0,0,1,1,1,
22023,203484,22300712,"FEB 04, 2024",DEN vs. POR,W,31,3,9,0.333,2,5,0.4,3,3,1.0,0,3,3,0,1,0,1,0,11,-5,1,
22023,203484,22300697,"FEB 02, 2024",DEN vs. POR,W,34,4,8,0.5,1,2,0.5,7,7,1.0,0,1,1,2,0,1,0,3,16,22,1,
22023,203484,22300682,"JAN 31, 2024",DEN @ OKC,L,36,3,10,0.3,3,9,0.333,2,2,1.0,1,5,6,3,1,0,3,4,11,13,1,
22023,203484,22300667,"JAN 29, 2024",DEN vs. MIL,W,34,5,9,0.556,0,3,0.0,2,2,1.0,0,1,1,2,1,0,0,1,12,-3,1,
22023,203484,22300644,"JAN 27, 2024",DEN vs. PHI,W,33,2,8,0.25,0,3,0.0,4,4,1.0,0,1,1,2,0,0,0,3,8,7,1,
22023,203484,22300631,"JAN 25, 2024",DEN @ NYK,L,22,2,6,0.333,1,3,0.333,0,0,0.0,0,0,0,0,0,0,1,4,5,-21,1,
22023,203484,22300614,"JAN 23, 2024",DEN @ IND,W,35,5,12,0.417,2,6,0.333,2,2,1.0,2,3,5,0,1,0,1,3,14,7,1,
22023,203484,22300602,"JAN 21, 2024",DEN @ WAS,W,35,4,9,0.444,1,5,0.2,1,2,0.5,0,3,3,3,3,0,2,2,10,10,1,
22023,203484,22300586,"JAN 19, 2024",DEN @ BOS,W,37,2,6,0.333,1,3,0.333,0,0,0.0,1,4,5,1,0,0,0,1,5,0,1,
22023,203484,22300566,"JAN 16, 2024",DEN @ PHI,L,33,5,13,0.385,2,7,0.286,1,1,1.0,0,5,5,2,1,0,0,2,13,-3,1,
22023,203484,22300550,"JAN 14, 2024",DEN vs. IND,W,37,3,4,0.75,2,3,0.667,3,3,1.0,0,2,2,1,2,0,1,2,11,11,1,
22023,203484,22300539,"JAN 12, 2024",DEN vs. NOP,W,31,4,9,0.444,3,6,0.5,0,0,0.0,0,2,2,3,2,0,0,0,11,9,1,
22023,203484,22300524,"JAN 10, 2024",DEN @ UTA,L,28,4,9,0.444,2,5,0.4,2,2,1.0,0,1,1,1,4,1,1,2,12,-20,1,
22023,203484,22300502,"JAN 07, 2024",DEN vs. DET,W,36,6,10,0.6,3,6,0.5,3,3,1.0,0,4,4,0,2,1,3,2,18,12,1,
22023,203484,22300488,"JAN 05, 2024",DEN vs. ORL,L,29,1,4,0.25,0,3,0.0,4,4,1.0,1,2,3,2,1,1,3,1,6,2,1,
22023,203484,22300478,"JAN 04, 2024",DEN @ GSW,W,35,4,8,0.5,0,2,0.0,0,0,0.0,1,2,3,4,1,1,1,0,8,4,1,
22023,203484,22300455,"JAN 01, 2024",DEN vs. CHA,W,29,2,6,0.333,0,3,0.0,1,1,1.0,0,3,3,4,1,0,0,3,5,28,1,
22023,203484,22300435,"DEC 29, 2023",DEN vs. OKC,L,27,3,5,0.6,2,3,0.667,0,1,0.0,0,0,0,2,1,0,1,3,8,-16,1,
22023,203484,22300425,"DEC 28, 2023",DEN vs. MEM,W,25,5,10,0.5,2,5,0.4,0,0,0.0,2,0,2,3,0,1,0,2,12,27,1,
22023,203484,22300402,"DEC 25, 2023",DEN vs. GSW,W,37,6,13,0.462,4,9,0.444,0,0,0.0,1,3,4,5,2,0,0,1,16,15,1,
22023,203484,22300390,"DEC 23, 2023",DEN @ CHA,W,32,1,3,0.333,1,2,0.5,0,0,0.0,0,3,3,2,2,4,0,1,3,11,1,
22023,203484,22300383,"DEC 22, 2023",DEN @ BKN,W,30,1,6,0.167,1,2,0.5,0,0,0.0,1,4,5,4,2,0,1,3,3,15,1,
22023,203484,22300369,"DEC 20, 2023",DEN @ TOR,W,32,4,5,0.8,2,3,0.667,0,0,0.0,0,2,2,3,2,2,0,2,10,15,1,
22023,203484,22300356,"DEC 18, 2023",DEN vs. DAL,W,26,4,6,0.667,1,2,0.5,0,0,0.0,1,2,3,2,0,0,0,0,9,17,1,
22023,203484,22300307,"DEC 12, 2023",DEN @ CHI,W,13,2,4,0.5,0,0,0.0,0,0,0.0,0,1,1,0,0,0,0,2,4,10,1,
22023,203484,22300296,"DEC 11, 2023",DEN @ ATL,W,30,1,6,0.167,0,2,0.0,6,8,0.75,0,3,3,2,0,1,2,2,8,9,1,
22023,203484,22301224,"DEC 08, 2023",DEN vs. HOU,L,25,5,6,0.833,2,3,0.667,2,2,1.0,0,0,0,0,0,1,0,1,14,-16,1,
22023,203484,22301215,"DEC 06, 2023",DEN @ LAC,L,34,1,4,0.25,1,3,0.333,0,0,0.0,0,1,1,3,1,0,0,1,3,2,1,
22023,203484,22300290,"DEC 02, 2023",DEN @ SAC,L,38,4,12,0.333,0,3,0.0,1,2,0.5,0,5,5,3,4,0,4,1,9,9,1,
22023,203484,22300279,"DEC 01, 2023",DEN @ PHX,W,35,6,10,0.6,3,6,0.5,0,0,0.0,0,1,1,6,3,0,0,2,15,6,1,
22023,203484,22300263,"NOV 29, 2023",DEN vs. HOU,W,32,4,6,0.667,2,3,0.667,0,0,0.0,0,1,1,2,0,0,0,0,10,21,1,
22023,203484,22300257,"NOV 27, 2023",DEN @ LAC,W,38,3,14,0.214,0,1,0.0,6,6,1.0,2,1,3,2,1,0,0,2,12,15,1,
22023,203484,22300252,"NOV 26, 2023",DEN vs. SAS,W,31,5,7,0.714,2,4,0.5,4,4,1.0,0,1,1,6,1,0,3,3,16,6,1,
22023,203484,22300048,"NOV 24, 2023",DEN @ HOU,L,39,7,15,0.467,1,5,0.2,5,5,1.0,3,2,5,3,3,0,2,4,20,-7,1,
22023,203484,22300226,"NOV 22, 2023",DEN @ ORL,L,34,3,8,0.375,2,5,0.4,2,2,1.0,0,1,1,2,0,0,2,2,10,5,1,
22023,203484,22300218,"NOV 20, 2023",DEN @ DET,W,36,8,17,0.471,2,5,0.4,2,2,1.0,1,2,3,3,2,1,3,2,20,3,1,
22023,203484,22300210,"NOV 19, 2023",DEN @ CLE,L,31,2,9,0.222,1,5,0.2,4,4,1.0,2,0,2,2,1,1,1,1,9,-13,1,
22023,203484,22300034,"NOV 17, 2023",DEN @ NOP,L,35,3,7,0.429,2,4,0.5,0,0,0.0,0,1,1,8,1,2,0,0,8,4,1,
22023,203484,22300024,"NOV 14, 2023",DEN vs. LAC,W,39,2,3,0.667,2,3,0.667,3,5,0.6,0,1,1,4,1,0,1,3,9,3,1,
22023,203484,22300182,"NOV 12, 2023",DEN @ HOU,L,38,2,5,0.4,1,2,0.5,0,0,0.0,0,0,0,1,1,0,1,3,5,6,1,
22023,203484,22300169,"NOV 08, 2023",DEN vs. GSW,W,35,3,8,0.375,0,3,0.0,4,4,1.0,1,2,3,3,1,0,0,3,10,13,1,
22023,203484,22300156,"NOV 06, 2023",DEN vs. NOP,W,33,5,10,0.5,3,7,0.429,2,2,1.0,0,1,1,7,1,0,2,4,15,23,1,
22023,203484,22300139,"NOV 04, 2023",DEN vs. CHI,W,30,4,8,0.5,2,4,0.5,0,0,0.0,0,0,0,2,1,0,1,1,10,29,1,
22023,203484,22300006,"NOV 03, 2023",DEN vs. DAL,W,37,3,7,0.429,2,3,0.667,0,0,0.0,0,5,5,1,2,0,1,0,8,15,1,
22023,203484,22300123,"NOV 01, 2023",DEN @ MIN,L,26,2,4,0.5,1,1,1.0,1,1,1.0,0,0,0,0,1,1,1,2,6,-20,1,
22023,203484,22300110,"OCT 30, 2023",DEN vs. UTA,W,33,3,5,0.6,2,4,0.5,0,0,0.0,0,3,3,0,1,2,2,4,8,11,1,
22023,203484,22300095,"OCT 29, 2023",DEN @ OKC,W,30,2,5,0.4,1,4,0.25,2,2,1.0,0,3,3,1,2,0,1,2,7,21,1,
22023,203484,22300078,"OCT 27, 2023",DEN @ MEM,W,35,3,10,0.3,2,6,0.333,0,0,0.0,0,2,2,1,5,1,0,1,8,6,1,
22023,203484,22300061,"OCT 24, 2023",DEN vs. LAL,W,36,8,12,0.667,2,3,0.667,2,2,1.0,1,1,2,1,3,1,3,5,20,10,1,
22023,203486,22300789,"FEB 14, 2024",LAC @ GSW,W,16,3,6,0.5,0,0,0.0,2,3,0.667,2,4,6,3,1,0,1,3,8,-5,2,
22023,203486,22300770,"FEB 12, 2024",LAC vs. MIN,L,9,1,1,1.0,0,0,0.0,0,0,0.0,0,3,3,2,0,0,2,0,2,0,1,
22023,203486,22300749,"FEB 10, 2024",LAC vs. DET,W,12,1,2,0.5,0,0,0.0,4,4,1.0,0,5,5,0,0,1,1,1,6,1,1,
22023,203486,22300731,"FEB 07, 2024",LAC vs. NOP,L,15,4,4,1.0,0,0,0.0,3,3,1.0,1,2,3,1,0,0,2,6,11,-16,1,
22023,203486,22300716,"FEB 05, 2024",LAC @ ATL,W,21,3,5,0.6,0,0,0.0,2,4,0.5,2,7,9,3,1,1,0,0,8,6,1,
22023,203486,22300708,"FEB 04, 2024",LAC @ MIA,W,26,1,2,0.5,0,0,0.0,3,4,0.75,2,7,9,0,0,0,0,0,5,11,1,
22023,203486,22300688,"FEB 02, 2024",LAC @ DET,W,26,5,7,0.714,0,0,0.0,2,3,0.667,3,6,9,2,1,0,1,3,12,-4,1,
22023,203486,22300676,"JAN 31, 2024",LAC @ WAS,W,19,2,5,0.4,0,0,0.0,1,1,1.0,5,6,11,1,0,0,1,2,5,23,1,
22023,203486,22300658,"JAN 29, 2024",LAC @ CLE,L,22,1,1,1.0,0,0,0.0,3,4,0.75,1,4,5,0,0,1,1,2,5,-11,1,
22023,203486,22300646,"JAN 27, 2024",LAC @ BOS,W,21,4,4,1.0,0,0,0.0,0,0,0.0,2,5,7,0,0,1,0,2,8,27,1,
22023,203486,22300637,"JAN 26, 2024",LAC @ TOR,W,25,6,12,0.5,0,0,0.0,0,0,0.0,4,8,12,3,0,0,1,1,12,19,1,
22023,203486,22300618,"JAN 23, 2024",LAC vs. LAL,W,19,0,1,0.0,0,0,0.0,0,0,0.0,0,2,2,2,0,0,1,0,0,4,1,
22023,203486,22300600,"JAN 21, 2024",LAC vs. BKN,W,15,1,3,0.333,0,0,0.0,5,6,0.833,1,7,8,1,0,0,0,2,7,-7,1,
22023,203486,22300568,"JAN 16, 2024",LAC vs. OKC,W,28,5,5,1.0,0,0,0.0,4,7,0.571,2,3,5,2,0,3,0,2,14,13,1,
22023,203486,22300553,"JAN 14, 2024",LAC @ MIN,L,16,4,5,0.8,0,0,0.0,0,0,0.0,0,3,3,0,1,0,0,4,8,3,1,
22023,203486,22300511,"JAN 08, 2024",LAC vs. PHX,W,5,0,0,0.0,0,0,0.0,1,2,0.5,0,2,2,3,0,0,0,0,1,2,1,
22023,203486,22300486,"JAN 05, 2024",LAC @ NOP,W,7,2,2,1.0,0,0,0.0,4,5,0.8,1,1,2,0,0,0,0,1,8,-15,1,
22023,203486,22300151,"NOV 06, 2023",LAC @ NYK,L,11,1,1,1.0,0,0,0.0,0,0,0.0,0,2,2,1,1,0,1,0,2,10,1,
22023,203486,22300127,"NOV 01, 2023",LAC @ LAL,L,19,1,3,0.333,0,0,0.0,3,6,0.5,0,6,6,0,3,0,1,0,5,-9,1,
22023,203486,22300114,"OCT 31, 2023",LAC vs. ORL,W,22,5,7,0.714,0,0,0.0,0,2,0.0,2,5,7,2,0,1,2,4,10,-5,1,
22023,203486,22300099,"OCT 29, 2023",LAC vs. SAS,W,21,2,3,0.667,0,0,0.0,0,0,0.0,2,4,6,1,0,0,0,0,4,7,1,
22023,203486,22300085,"OCT 27, 2023",LAC @ UTA,L,12,1,1,1.0,0,0,0.0,1,2,0.5,1,3,4,0,0,0,1,2,3,-11,1,
22023,203486,22300074,"OCT 25, 2023",LAC vs. POR,W,18,2,4,0.5,0,0,0.0,2,4,0.5,3,5,8,2,0,0,0,0,6,-6,1,
22023,203488,22300787,"FEB 14, 2024",DET @ PHX,L,15,1,6,0.167,0,3,0.0,1,2,0.5,2,1,3,2,1,0,0,1,3,25,1,
22023,203488,22300776,"FEB 13, 2024",DET @ LAL,L,5,0,2,0.0,0,2,0.0,0,0,0.0,0,0,0,0,1,0,0,0,0,6,1,
22023,203488,22300749,"FEB 10, 2024",DET @ LAC,L,10,0,2,0.0,0,2,0.0,0,0,0.0,0,1,1,0,0,0,0,1,0,-9,1,
22023,203488,22300741,"FEB 08, 2024",DET @ POR,W,17,2,5,0.4,2,3,0.667,0,0,0.0,2,1,3,2,0,1,1,0,6,-15,1,
22023,203488,22300732,"FEB 07, 2024",DET @ SAC,W,25,3,8,0.375,3,6,0.5,0,0,0.0,0,3,3,0,0,0,0,1,9,8,1,
22023,203488,22300704,"FEB 04, 2024",DET vs. ORL,L,14,0,0,0.0,0,0,0.0,0,0,0.0,1,0,1,0,0,0,0,1,0,-1,1,
22023,203488,22300675,"JAN 31, 2024",DET @ CLE,L,4,1,2,0.5,1,2,0.5,0,0,0.0,0,1,1,0,0,0,0,1,3,0,1,
22023,203488,22300654,"JAN 28, 2024",DET vs. OKC,W,11,1,1,1.0,1,1,1.0,0,0,0.0,0,3,3,0,0,0,0,0,3,14,1,
22023,203488,22300642,"JAN 27, 2024",DET vs. WAS,L,12,0,4,0.0,0,3,0.0,0,0,0.0,0,1,1,1,0,1,0,3,0,-10,1,
22023,203488,22300619,"JAN 24, 2024",DET vs. CHA,W,13,2,5,0.4,1,4,0.25,0,0,0.0,2,3,5,1,0,0,0,1,5,2,1,
22023,203488,22300606,"JAN 22, 2024",DET vs. MIL,L,16,1,1,1.0,1,1,1.0,0,0,0.0,2,2,4,1,0,1,0,2,3,1,1,
22023,203488,22300592,"JAN 20, 2024",DET vs. MIL,L,14,4,4,1.0,4,4,1.0,1,2,0.5,0,1,1,1,1,0,1,2,13,19,1,
22023,203488,22300569,"JAN 17, 2024",DET vs. MIN,L,15,0,4,0.0,0,3,0.0,0,0,0.0,1,2,3,2,0,2,0,0,0,6,1,
22023,203488,22300520,"JAN 10, 2024",WAS @ IND,L,11,2,4,0.5,0,2,0.0,0,0,0.0,3,1,4,0,0,0,1,4,4,-5,1,
22023,203488,22300508,"JAN 08, 2024",WAS vs. OKC,L,8,0,1,0.0,0,0,0.0,0,0,0.0,1,0,1,0,1,0,1,1,0,-5,1,
22023,203488,22300494,"JAN 06, 2024",WAS vs. NYK,L,14,0,4,0.0,0,3,0.0,1,2,0.5,3,3,6,0,0,0,1,0,1,-13,1,
22023,203488,22300482,"JAN 05, 2024",WAS @ CLE,L,18,0,3,0.0,0,2,0.0,0,0,0.0,1,5,6,0,0,0,1,2,0,-5,1,
22023,203488,22300465,"JAN 03, 2024",WAS @ CLE,L,21,5,9,0.556,2,5,0.4,0,0,0.0,2,2,4,2,0,0,0,0,12,-22,1,
22023,203488,22300445,"DEC 31, 2023",WAS vs. ATL,L,20,4,8,0.5,2,5,0.4,0,0,0.0,0,4,4,3,0,0,0,1,10,-16,1,
22023,203488,22300430,"DEC 29, 2023",WAS vs. BKN,W,31,4,9,0.444,3,7,0.429,0,0,0.0,0,3,3,3,0,2,0,3,11,21,1,
22023,203488,22300416,"DEC 27, 2023",WAS vs. TOR,L,7,0,3,0.0,0,0,0.0,0,0,0.0,2,4,6,0,0,0,1,0,0,-2,1,
22023,203488,22300386,"DEC 22, 2023",WAS @ GSW,L,14,1,5,0.2,0,1,0.0,0,0,0.0,2,4,6,0,0,0,1,2,2,-18,1,
22023,203488,22300381,"DEC 21, 2023",WAS @ POR,W,14,2,5,0.4,1,3,0.333,0,2,0.0,0,1,1,1,1,0,0,2,5,-7,1,
22023,203488,22300358,"DEC 18, 2023",WAS @ SAC,L,23,2,3,0.667,1,1,1.0,6,6,1.0,1,5,6,2,1,1,2,3,11,15,1,
22023,203488,22300347,"DEC 17, 2023",WAS @ PHX,L,10,1,4,0.25,0,2,0.0,2,2,1.0,2,2,4,0,0,0,0,1,4,-4,1,
22023,203488,22300328,"DEC 15, 2023",WAS vs. IND,W,19,0,1,0.0,0,1,0.0,0,0,0.0,0,0,0,2,0,1,0,1,0,-3,1,
22023,203488,22300311,"DEC 13, 2023",WAS vs. NOP,L,4,0,2,0.0,0,2,0.0,0,0,0.0,0,1,1,0,0,0,0,0,0,8,1,
22023,203488,22300295,"DEC 11, 2023",WAS @ PHI,L,20,0,4,0.0,0,3,0.0,0,2,0.0,3,1,4,1,0,0,0,3,0,-25,1,
22023,203488,22301219,"DEC 08, 2023",WAS @ BKN,L,15,2,3,0.667,2,3,0.667,2,2,1.0,0,0,0,0,1,0,1,1,8,-4,1,
22023,203488,22301208,"DEC 06, 2023",WAS vs. PHI,L,6,2,3,0.667,0,1,0.0,0,0,0.0,0,0,0,0,0,0,0,0,4,6,1,
22023,203488,22300241,"NOV 25, 2023",WAS vs. ATL,L,18,2,3,0.667,1,2,0.5,0,0,0.0,0,6,6,4,0,2,1,0,5,-8,1,
22023,203488,22300189,"NOV 13, 2023",WAS @ TOR,L,7,1,2,0.5,0,0,0.0,2,2,1.0,1,1,2,0,0,0,3,0,4,-1,1,
22023,203488,22300148,"NOV 06, 2023",WAS @ PHI,L,3,0,1,0.0,0,0,0.0,0,0,0.0,0,0,0,0,0,0,0,1,0,-3,1,
22023,203488,22300003,"NOV 03, 2023",WAS @ MIA,L,12,2,5,0.4,1,4,0.25,0,0,0.0,0,1,1,1,0,0,1,1,5,-11,1,
22023,203488,22300117,"NOV 01, 2023",WAS @ ATL,L,22,2,7,0.286,1,4,0.25,2,2,1.0,1,3,4,1,1,1,2,3,7,-22,1,
22023,203488,22300089,"OCT 28, 2023",WAS vs. MEM,W,11,1,1,1.0,0,0,0.0,0,0,0.0,0,3,3,2,0,0,0,2,2,-2,1,
22023,203488,22300064,"OCT 25, 2023",WAS @ IND,L,8,0,0,0.0,0,0,0.0,0,0,0.0,0,3,3,0,0,0,0,0,0,-8,1,
22023,203490,22300440,"DEC 30, 2023",TOR @ DET,L,7,0,0,0.0,0,0,0.0,0,0,0.0,0,0,0,1,0,0,0,2,0,-3,1,
22023,203490,22300432,"DEC 29, 2023",TOR @ BOS,L,8,0,1,0.0,0,1,0.0,0,0,0.0,0,0,0,2,0,0,0,0,0,-5,1,
22023,203490,22300416,"DEC 27, 2023",TOR @ WAS,W,13,3,3,1.0,0,0,0.0,0,0,0.0,0,2,2,2,1,1,0,2,6,12,1,
22023,203490,22300382,"DEC 22, 2023",TOR @ PHI,L,15,1,3,0.333,1,3,0.333,2,2,1.0,0,3,3,0,0,0,0,3,5,-10,1,
22023,203490,22301216,"DEC 08, 2023",TOR @ CHA,L,6,0,1,0.0,0,1,0.0,0,0,0.0,0,0,0,1,0,0,0,0,0,-7,1,
22023,203490,22301207,"DEC 06, 2023",TOR vs. MIA,L,14,0,2,0.0,0,2,0.0,0,0,0.0,0,2,2,1,1,1,1,2,0,14,1,
22023,203490,22300251,"NOV 26, 2023",TOR @ CLE,L,5,0,1,0.0,0,1,0.0,0,0,0.0,1,0,1,0,0,0,0,0,0,-4,1,
22023,203490,22300230,"NOV 22, 2023",TOR @ IND,W,11,1,1,1.0,1,1,1.0,0,0,0.0,1,3,4,0,0,0,0,2,3,14,1,
22023,203490,22300038,"NOV 21, 2023",TOR @ ORL,L,5,2,2,1.0,1,1,1.0,0,0,0.0,1,1,2,0,0,0,1,1,5,4,1,
22023,203490,22300195,"NOV 15, 2023",TOR vs. MIL,L,11,0,0,0.0,0,0,0.0,0,0,0.0,0,1,1,0,0,0,0,0,0,0,1,
22023,203490,22300189,"NOV 13, 2023",TOR vs. WAS,W,14,2,6,0.333,0,1,0.0,1,1,1.0,1,0,1,0,1,1,0,0,5,-13,1,
22023,203490,22300174,"NOV 11, 2023",TOR @ BOS,L,14,1,2,0.5,1,2,0.5,0,0,0.0,0,3,3,0,1,0,0,1,3,-9,1,
22023,203490,22300168,"NOV 08, 2023",TOR @ DAL,W,15,0,3,0.0,0,2,0.0,0,0,0.0,0,3,3,0,1,0,0,1,0,9,1,
22023,203490,22300141,"NOV 05, 2023",TOR @ SAS,W,19,2,4,0.5,2,4,0.5,0,0,0.0,0,4,4,0,0,1,0,2,6,9,1,
22023,203490,22300116,"NOV 01, 2023",TOR vs. MIL,W,16,2,4,0.5,2,4,0.5,0,0,0.0,2,1,3,1,0,1,0,3,6,11,1,
22023,203493,22300754,"FEB 10, 2024",HOU @ ATL,L,15,1,3,0.333,1,3,0.333,0,0,0.0,0,2,2,0,0,0,0,1,3,1,1,
22023,203493,22300744,"FEB 09, 2024",HOU @ TOR,L,11,2,2,1.0,2,2,1.0,0,0,0.0,0,3,3,0,0,0,0,1,6,7,1,
22023,203493,22300709,"FEB 04, 2024",HOU @ MIN,L,5,0,0,0.0,0,0,0.0,0,0,0.0,1,2,3,0,0,0,0,0,0,5,1,
22023,203493,22300692,"FEB 02, 2024",HOU vs. TOR,W,10,1,4,0.25,1,3,0.333,0,0,0.0,0,1,1,1,1,0,0,0,3,3,1,
22023,203493,22300635,"JAN 26, 2024",HOU @ CHA,W,8,2,3,0.667,1,2,0.5,0,0,0.0,0,0,0,0,1,0,1,0,5,0,1,
22023,203493,22300542,"JAN 13, 2024",HOU @ BOS,L,8,1,1,1.0,1,1,1.0,0,0,0.0,0,3,3,1,0,1,0,1,3,-8,1,
22023,203493,22300534,"JAN 12, 2024",HOU @ DET,W,21,1,3,0.333,1,3,0.333,0,0,0.0,0,4,4,1,1,0,1,0,3,-1,1,
22023,203493,22300485,"JAN 05, 2024",HOU vs. MIN,L,8,2,4,0.5,1,2,0.5,0,0,0.0,0,1,1,0,0,0,0,1,5,-5,1,
22023,203493,22300469,"JAN 03, 2024",HOU vs. BKN,W,8,0,2,0.0,0,1,0.0,0,0,0.0,0,1,1,1,0,0,0,0,0,-13,1,
22023,203493,22300453,"JAN 01, 2024",HOU vs. DET,W,14,3,5,0.6,1,2,0.5,0,0,0.0,0,2,2,2,0,0,1,0,7,-3,1,
22023,203493,22300418,"DEC 27, 2023",HOU vs. PHX,L,7,0,0,0.0,0,0,0.0,0,0,0.0,0,0,0,1,0,0,0,0,0,2,1,
22023,203493,22300332,"DEC 15, 2023",HOU @ MEM,W,4,0,1,0.0,0,0,0.0,0,0,0.0,0,0,0,0,0,0,0,0,0,3,1,
22023,203493,22300314,"DEC 13, 2023",HOU vs. MEM,W,6,2,4,0.5,2,4,0.5,0,0,0.0,0,0,0,0,0,0,0,0,6,6,1,
22023,203493,22301212,"DEC 06, 2023",HOU vs. OKC,W,6,1,2,0.5,0,1,0.0,1,1,1.0,0,0,0,0,0,0,0,0,3,4,1,
22023,203493,22300263,"NOV 29, 2023",HOU @ DEN,L,12,2,2,1.0,2,2,1.0,0,0,0.0,1,0,1,0,0,0,0,3,6,-1,1,
22023,203493,22300231,"NOV 22, 2023",HOU vs. MEM,W,4,0,1,0.0,0,1,0.0,0,0,0.0,0,0,0,0,0,0,0,0,0,-3,1,
22023,203493,22300224,"NOV 20, 2023",HOU @ GSW,L,8,0,2,0.0,0,2,0.0,0,0,0.0,1,4,5,0,0,0,0,0,0,-2,1,
22023,203493,22300163,"NOV 08, 2023",HOU vs. LAL,W,12,1,3,0.333,1,2,0.5,0,0,0.0,0,1,1,1,0,0,0,0,3,6,1,
22023,203493,22300153,"NOV 06, 2023",HOU vs. SAC,W,12,0,1,0.0,0,1,0.0,0,0,0.0,0,1,1,2,0,0,0,1,0,-12,1,
22023,203493,22300096,"OCT 29, 2023",HOU vs. GSW,L,6,0,2,0.0,0,2,0.0,0,0,0.0,0,1,1,0,0,0,1,1,0,-15,1,
22023,203493,22300083,"OCT 27, 2023",HOU @ SAS,L,11,0,1,0.0,0,1,0.0,0,0,0.0,0,3,3,0,0,0,1,1,0,3,1,
22023,203493,22300066,"OCT 25, 2023",HOU @ ORL,L,11,1,1,1.0,1,1,1.0,0,0,0.0,0,1,1,0,1,1,0,1,3,-5,1,
22023,203496,22300442,"DEC 30, 2023",PHI @ CHI,L,5,0,1,0.0,0,1,0.0,0,0,0.0,0,1,1,0,0,0,0,0,0,1,1,
22023,203496,22300434,"DEC 29, 2023",PHI @ HOU,W,16,3,5,0.6,0,1,0.0,1,1,1.0,2,2,4,0,3,0,0,4,7,3,1,
22023,203496,22300415,"DEC 27, 2023",PHI @ ORL,W,11,1,2,0.5,0,1,0.0,0,1,0.0,0,1,1,2,2,0,1,2,2,0,1,
22023,203496,22300382,"DEC 22, 2023",PHI vs. TOR,W,24,0,1,0.0,0,1,0.0,0,0,0.0,0,3,3,2,1,1,0,4,0,15,1,
22023,203496,22300351,"DEC 18, 2023",PHI vs. CHI,L,15,1,3,0.333,0,0,0.0,0,0,0.0,1,1,2,0,2,1,0,2,2,-15,1,
22023,203496,22300335,"DEC 16, 2023",PHI @ CHA,W,14,0,0,0.0,0,0,0.0,0,0,0.0,0,3,3,0,0,1,1,2,0,9,1,
22023,203496,22300327,"DEC 15, 2023",PHI vs. DET,W,13,0,2,0.0,0,1,0.0,0,0,0.0,1,2,3,0,1,0,1,0,0,10,1,
22023,203496,22300310,"DEC 13, 2023",PHI @ DET,W,17,2,4,0.5,0,2,0.0,1,1,1.0,0,6,6,2,0,0,1,2,5,1,1,
22023,203496,22300295,"DEC 11, 2023",PHI vs. WAS,W,14,2,3,0.667,2,3,0.667,2,2,1.0,1,3,4,0,1,0,0,1,8,18,1,
22023,203496,22301208,"DEC 06, 2023",PHI @ WAS,W,4,0,0,0.0,0,0,0.0,0,0,0.0,0,1,1,0,0,0,1,1,0,-3,1,
22023,203496,22300275,"DEC 01, 2023",PHI @ BOS,L,30,4,9,0.444,3,6,0.5,7,7,1.0,3,2,5,1,5,1,2,4,18,-9,1,
22023,203496,22300262,"NOV 29, 2023",PHI @ NOP,L,30,4,5,0.8,4,4,1.0,0,0,0.0,2,5,7,1,0,1,0,3,12,11,1,
22023,203496,22300255,"NOV 27, 2023",PHI vs. LAL,W,18,0,3,0.0,0,2,0.0,0,0,0.0,3,4,7,2,0,1,0,1,0,14,1,
22023,203496,22300239,"NOV 25, 2023",PHI @ OKC,W,21,3,5,0.6,2,3,0.667,1,2,0.5,0,1,1,0,1,1,0,5,9,-8,1,
22023,203496,22300232,"NOV 22, 2023",PHI @ MIN,L,20,2,4,0.5,0,1,0.0,1,2,0.5,1,5,6,0,0,2,0,2,5,6,1,
22023,203496,22300040,"NOV 21, 2023",PHI vs. CLE,L,14,1,3,0.333,1,2,0.5,0,0,0.0,3,4,7,1,2,2,1,0,3,-3,1,
22023,203496,22300208,"NOV 19, 2023",PHI @ BKN,W,11,2,2,1.0,0,0,0.0,0,0,0.0,0,2,2,0,1,1,0,1,4,3,1,
22023,203496,22300029,"NOV 17, 2023",PHI @ ATL,W,20,2,4,0.5,2,2,1.0,0,0,0.0,4,3,7,3,1,1,1,4,6,3,1,
22023,203496,22300194,"NOV 15, 2023",PHI vs. BOS,L,37,6,13,0.462,0,5,0.0,4,4,1.0,3,3,6,0,2,0,0,1,16,-10,1,
22023,203496,22300019,"NOV 14, 2023",PHI vs. IND,L,16,1,3,0.333,0,2,0.0,0,0,0.0,0,1,1,1,0,1,0,2,2,-1,1,
22023,203496,22300180,"NOV 12, 2023",PHI vs. IND,W,16,1,5,0.2,0,2,0.0,0,0,0.0,2,3,5,2,0,0,0,1,2,-1,1,
22023,203496,22300008,"NOV 10, 2023",PHI @ DET,W,14,1,3,0.333,1,3,0.333,0,0,0.0,0,0,0,0,4,0,0,0,3,3,1,
22023,203496,22300159,"NOV 08, 2023",PHI vs. BOS,W,15,2,4,0.5,1,2,0.5,0,0,0.0,2,1,3,0,2,0,0,2,5,6,1,
22023,203496,22300148,"NOV 06, 2023",PHI vs. WAS,W,4,2,2,1.0,1,1,1.0,2,2,1.0,0,0,0,0,3,1,0,2,7,0,1,
22023,203496,22300132,"NOV 04, 2023",PHI vs. PHX,W,18,0,3,0.0,0,3,0.0,2,2,1.0,1,3,4,0,2,1,2,3,2,8,1,
22023,203496,22300128,"NOV 02, 2023",PHI vs. TOR,W,1,0,0,0.0,0,0,0.0,0,0,0.0,0,0,0,0,0,0,0,0,0,-2,1,
22023,203496,22300099,"OCT 29, 2023",LAC vs. SAS,W,26,0,1,0.0,0,1,0.0,0,0,0.0,1,2,3,3,1,1,0,1,0,25,1,
22023,203496,22300085,"OCT 27, 2023",LAC @ UTA,L,20,1,3,0.333,1,3,0.333,1,2,0.5,0,1,1,2,2,0,0,4,4,-6,1,
22023,203496,22300074,"OCT 25, 2023",LAC vs. POR,W,23,2,5,0.4,1,4,0.25,0,0,0.0,1,3,4,2,3,1,0,2,5,26,1,
22023,203497,22300791,"FEB 15, 2024",MIN @ POR,W,26,4,7,0.571,0,0,0.0,3,4,0.75,2,10,12,2,0,2,3,4,11,19,1,
22023,203497,22300775,"FEB 13, 2024",MIN @ POR,W,37,7,10,0.7,0,0,0.0,2,4,0.5,6,9,15,1,0,1,1,3,16,12,1,
22023,203497,22300770,"FEB 12, 2024",MIN @ LAC,W,33,6,11,0.545,0,0,0.0,5,5,1.0,6,5,11,0,0,4,2,4,17,9,1,
22023,203497,22300738,"FEB 08, 2024",MIN @ MIL,W,35,8,9,0.889,0,0,0.0,0,1,0.0,3,8,11,4,1,0,0,3,16,13,1,
22023,203497,22300723,"FEB 06, 2024",MIN @ CHI,L,44,3,6,0.5,0,0,0.0,6,10,0.6,7,9,16,1,1,1,1,5,12,-8,1,
22023,203497,22300709,"FEB 04, 2024",MIN vs. HOU,W,31,7,9,0.778,0,0,0.0,3,5,0.6,3,10,13,1,1,4,0,1,17,32,1,
22023,203497,22300694,"FEB 02, 2024",MIN vs. ORL,L,39,6,7,0.857,0,0,0.0,10,11,0.909,3,13,16,2,0,2,1,5,22,0,1,
22023,203497,22300680,"JAN 31, 2024",MIN vs. DAL,W,28,5,9,0.556,0,0,0.0,7,12,0.583,2,4,6,0,0,2,2,4,17,18,1,
22023,203497,22300664,"JAN 29, 2024",MIN @ OKC,W,36,6,6,1.0,0,0,0.0,0,1,0.0,4,14,18,1,1,1,3,0,12,11,1,
22023,203497,22300649,"JAN 27, 2024",MIN @ SAS,L,37,8,9,0.889,0,0,0.0,3,4,0.75,2,5,7,1,1,1,1,4,19,-4,1,
22023,203497,22300629,"JAN 25, 2024",MIN @ BKN,W,33,4,9,0.444,0,0,0.0,2,2,1.0,1,12,13,1,1,2,1,3,10,3,1,
22023,203497,22300620,"JAN 24, 2024",MIN @ WAS,W,35,7,11,0.636,0,0,0.0,5,6,0.833,7,9,16,1,0,4,0,4,19,9,1,
22023,203497,22300610,"JAN 22, 2024",MIN vs. CHA,L,39,6,6,1.0,0,0,0.0,1,2,0.5,2,9,11,1,0,0,0,3,13,-10,1,
22023,203497,22300599,"JAN 20, 2024",MIN vs. OKC,L,33,1,6,0.167,0,0,0.0,5,8,0.625,4,14,18,2,0,0,2,4,7,-4,1,
22023,203497,22300582,"JAN 18, 2024",MIN vs. MEM,W,39,5,10,0.5,0,1,0.0,7,10,0.7,3,7,10,4,0,6,3,3,17,20,1,
22023,203497,22300569,"JAN 17, 2024",MIN @ DET,W,38,8,11,0.727,0,0,0.0,3,4,0.75,5,11,16,2,0,1,1,4,19,12,1,
22023,203497,22300553,"JAN 14, 2024",MIN vs. LAC,W,37,4,5,0.8,0,0,0.0,7,14,0.5,3,15,18,0,0,4,1,4,15,-1,1,
22023,203497,22300538,"JAN 12, 2024",MIN vs. POR,W,28,9,11,0.818,0,0,0.0,6,8,0.75,5,12,17,0,0,2,1,2,24,33,1,
22023,203497,22300513,"JAN 09, 2024",MIN @ ORL,W,34,8,10,0.8,0,0,0.0,5,6,0.833,1,11,12,1,1,3,2,3,21,13,1,
22023,203497,22300501,"JAN 07, 2024",MIN @ DAL,L,34,4,9,0.444,0,0,0.0,1,4,0.25,6,11,17,1,1,0,5,4,9,1,1,
22023,203497,22300485,"JAN 05, 2024",MIN @ HOU,W,33,6,7,0.857,0,0,0.0,1,3,0.333,3,9,12,1,2,2,1,2,13,22,1,
22023,203497,22300471,"JAN 03, 2024",MIN vs. NOP,L,24,2,3,0.667,0,0,0.0,1,2,0.5,1,4,5,0,0,1,1,4,5,-16,1,
22023,203497,22300451,"JAN 01, 2024",MIN @ NYK,L,38,3,8,0.375,0,0,0.0,4,6,0.667,2,13,15,1,0,0,1,2,10,-11,1,
22023,203497,22300443,"DEC 30, 2023",MIN vs. LAL,W,38,6,7,0.857,0,0,0.0,1,1,1.0,4,9,13,0,2,1,4,3,13,19,1,
22023,203497,22300423,"DEC 28, 2023",MIN vs. DAL,W,38,7,7,1.0,0,0,0.0,6,7,0.857,2,9,11,2,0,3,2,2,20,3,1,
22023,203497,22300411,"DEC 26, 2023",MIN @ OKC,L,29,2,6,0.333,0,1,0.0,6,8,0.75,0,5,5,0,0,0,1,1,10,-14,1,
22023,203497,22300400,"DEC 23, 2023",MIN @ SAC,W,39,10,13,0.769,0,0,0.0,1,2,0.5,6,11,17,1,0,2,1,3,21,27,1,
22023,203497,22300380,"DEC 21, 2023",MIN vs. LAL,W,37,6,11,0.545,0,0,0.0,3,6,0.5,5,8,13,3,1,3,2,3,15,-1,1,
22023,203497,22300367,"DEC 20, 2023",MIN @ PHI,L,24,3,4,0.75,0,0,0.0,2,2,1.0,2,7,9,1,2,0,0,4,8,6,1,
22023,203497,22300353,"DEC 18, 2023",MIN @ MIA,W,35,3,8,0.375,0,0,0.0,3,4,0.75,3,13,16,2,2,2,1,2,9,4,1,
22023,203497,22300338,"DEC 16, 2023",MIN vs. IND,W,25,2,3,0.667,0,0,0.0,1,4,0.25,2,5,7,1,1,1,2,1,5,3,1,
22023,203497,22300321,"DEC 14, 2023",MIN @ DAL,W,30,3,4,0.75,0,0,0.0,2,6,0.333,2,10,12,5,3,1,2,4,8,11,1,
22023,203497,22300301,"DEC 11, 2023",MIN @ NOP,L,25,4,8,0.5,0,0,0.0,0,0,0.0,2,6,8,0,0,2,2,4,8,-20,1,
22023,203497,22301221,"DEC 08, 2023",MIN @ MEM,W,36,6,9,0.667,0,0,0.0,4,4,1.0,9,11,20,1,1,6,2,4,16,25,1,
22023,203497,22301210,"DEC 06, 2023",MIN vs. SAS,W,30,7,8,0.875,0,0,0.0,2,2,1.0,5,15,20,2,0,2,1,3,16,31,1,
22023,203497,22300281,"DEC 02, 2023",MIN @ CHA,W,39,10,12,0.833,0,0,0.0,6,9,0.667,2,10,12,0,0,3,1,1,26,10,1,
22023,203497,22300270,"NOV 30, 2023",MIN vs. UTA,W,37,6,11,0.545,0,0,0.0,3,4,0.75,3,10,13,0,0,3,0,4,15,15,1,
22023,203497,22300058,"NOV 28, 2023",MIN vs. OKC,W,36,6,10,0.6,0,0,0.0,5,6,0.833,6,10,16,0,1,4,1,1,17,-1,1,
22023,203497,22300249,"NOV 26, 2023",MIN @ MEM,W,25,5,7,0.714,0,0,0.0,3,4,0.75,1,3,4,0,0,2,2,5,13,16,1,
22023,203497,22300050,"NOV 24, 2023",MIN vs. SAC,L,36,5,8,0.625,0,0,0.0,2,2,1.0,3,8,11,0,0,2,3,5,12,4,1,
22023,203497,22300232,"NOV 22, 2023",MIN vs. PHI,W,31,6,8,0.75,0,0,0.0,1,2,0.5,3,8,11,3,0,3,2,3,13,1,1,
22023,203497,22300221,"NOV 20, 2023",MIN vs. NYK,W,26,7,7,1.0,0,0,0.0,2,7,0.286,3,4,7,1,0,2,1,2,16,16,1,
22023,203497,22300203,"NOV 18, 2023",MIN @ NOP,W,34,5,7,0.714,0,0,0.0,7,10,0.7,2,9,11,1,2,1,1,2,17,-7,1,
22023,203497,22300197,"NOV 15, 2023",MIN @ PHX,L,25,2,5,0.4,0,0,0.0,0,0,0.0,4,4,8,2,1,2,2,2,4,-25,1,
22023,203497,22300025,"NOV 14, 2023",MIN @ GSW,W,35,2,8,0.25,0,0,0.0,5,6,0.833,6,7,13,2,0,3,2,4,9,8,1,
22023,203497,22300186,"NOV 12, 2023",MIN @ GSW,W,35,4,7,0.571,0,0,0.0,2,8,0.25,4,6,10,3,1,5,2,3,10,-1,1,
22023,203497,22300013,"NOV 10, 2023",MIN @ SAS,W,34,5,10,0.5,0,0,0.0,1,1,1.0,4,6,10,1,1,0,1,3,11,1,1,
22023,203497,22300166,"NOV 08, 2023",MIN vs. NOP,W,32,4,5,0.8,0,0,0.0,9,12,0.75,5,16,21,1,0,2,4,2,17,24,1,
22023,203497,22300154,"NOV 06, 2023",MIN vs. BOS,W,41,6,6,1.0,0,0,0.0,2,11,0.182,2,10,12,1,0,1,2,4,14,24,1,
22023,203497,22300138,"NOV 04, 2023",MIN vs. UTA,W,29,5,10,0.5,0,0,0.0,1,2,0.5,4,6,10,1,0,4,1,3,11,10,1,
22023,203497,22300123,"NOV 01, 2023",MIN vs. DEN,W,32,0,7,0.0,0,0,0.0,4,4,1.0,2,10,12,1,1,2,1,3,4,15,1,
22023,203497,22300104,"OCT 30, 2023",MIN @ ATL,L,31,3,7,0.429,0,0,0.0,8,11,0.727,6,7,13,1,1,2,0,2,14,-13,1,
22023,203497,22300093,"OCT 28, 2023",MIN vs. MIA,W,31,7,9,0.778,0,0,0.0,0,0,0.0,4,10,14,1,1,0,2,1,14,14,1,
22023,203497,22300069,"OCT 25, 2023",MIN @ TOR,L,32,6,12,0.5,0,0,0.0,3,5,0.6,5,8,13,1,2,4,2,3,15,-11,1,
22023,203501,22300785,"FEB 14, 2024",DAL vs. SAS,W,26,3,7,0.429,2,4,0.5,0,0,0.0,0,2,2,5,1,0,3,2,8,11,1,
22023,203501,22300768,"FEB 12, 2024",DAL vs. WAS,W,22,2,13,0.154,1,7,0.143,0,0,0.0,0,3,3,1,1,1,1,3,5,-4,1,
22023,203501,22300748,"FEB 10, 2024",DAL vs. OKC,W,25,4,9,0.444,2,6,0.333,0,0,0.0,0,1,1,1,1,0,1,2,10,28,1,
22023,203501,22300736,"FEB 08, 2024",DAL @ NYK,W,30,7,14,0.5,5,10,0.5,0,0,0.0,0,2,2,2,0,0,0,1,19,11,1,
22023,203501,22300720,"FEB 06, 2024",DAL @ BKN,W,25,4,10,0.4,3,7,0.429,3,3,1.0,1,6,7,3,0,0,0,1,14,-1,1,
22023,203501,22300715,"FEB 05, 2024",DAL @ PHI,W,22,0,8,0.0,0,5,0.0,0,0,0.0,0,2,2,0,0,1,0,2,0,0,1,
22023,203501,22300702,"FEB 03, 2024",DAL vs. MIL,L,38,6,15,0.4,4,8,0.5,2,2,1.0,1,1,2,2,2,0,1,4,18,-6,1,
22023,203501,22300680,"JAN 31, 2024",DAL @ MIN,L,32,5,16,0.313,2,10,0.2,2,2,1.0,0,3,3,2,2,0,1,0,14,-32,1,
22023,203501,22300666,"JAN 29, 2024",DAL vs. ORL,W,37,11,17,0.647,5,9,0.556,9,11,0.818,0,8,8,1,1,0,1,2,36,13,1,
22023,203501,22300651,"JAN 27, 2024",DAL vs. SAC,L,36,8,17,0.471,3,9,0.333,0,0,0.0,0,4,4,1,0,0,1,2,19,-2,1,
22023,203501,22300634,"JAN 26, 2024",DAL @ ATL,W,32,3,12,0.25,3,9,0.333,4,4,1.0,1,3,4,3,0,0,2,2,13,-5,1,
22023,203501,22300625,"JAN 24, 2024",DAL vs. PHX,L,34,6,16,0.375,4,10,0.4,1,2,0.5,0,5,5,2,2,0,1,1,17,-21,1,
22023,203501,22300611,"JAN 22, 2024",DAL vs. BOS,L,32,8,13,0.615,4,7,0.571,0,0,0.0,0,2,2,1,0,0,0,2,20,-3,1,
22023,203501,22300577,"JAN 17, 2024",DAL @ LAL,L,28,5,17,0.294,0,7,0.0,2,2,1.0,2,2,4,1,1,0,4,2,12,-10,1,
22023,203501,22300556,"JAN 15, 2024",DAL vs. NOP,W,41,11,23,0.478,9,15,0.6,10,10,1.0,0,2,2,2,1,0,4,0,41,-1,1,
22023,203501,22300547,"JAN 13, 2024",DAL vs. NOP,L,39,8,17,0.471,3,8,0.375,5,6,0.833,0,4,4,0,0,0,0,3,24,-6,1,
22023,203501,22300530,"JAN 11, 2024",DAL vs. NYK,W,39,10,20,0.5,6,13,0.462,6,7,0.857,2,4,6,4,2,0,2,2,32,12,1,
22023,203501,22300515,"JAN 09, 2024",DAL vs. MEM,L,30,3,6,0.5,2,3,0.667,1,1,1.0,0,3,3,2,0,0,1,3,9,-26,1,
22023,203501,22300501,"JAN 07, 2024",DAL vs. MIN,W,32,4,13,0.308,2,8,0.25,2,2,1.0,0,4,4,1,0,0,0,2,12,14,1,
22023,203501,22300487,"JAN 05, 2024",DAL vs. POR,W,27,8,14,0.571,3,7,0.429,0,1,0.0,0,2,2,4,1,1,2,3,19,21,1,
22023,203501,22300472,"JAN 03, 2024",DAL vs. POR,W,23,5,10,0.5,2,5,0.4,2,2,1.0,0,3,3,0,0,0,0,2,14,8,1,
22023,203501,22300457,"JAN 01, 2024",DAL @ UTA,L,23,3,9,0.333,0,6,0.0,0,0,0.0,0,2,2,0,0,0,1,1,6,-16,1,
22023,203501,22300444,"DEC 30, 2023",DAL @ GSW,W,29,5,12,0.417,2,8,0.25,4,5,0.8,0,6,6,5,0,0,0,2,16,9,1,
22023,203501,22300423,"DEC 28, 2023",DAL @ MIN,L,32,11,19,0.579,5,11,0.455,5,7,0.714,0,3,3,3,2,0,1,2,32,5,1,
22023,203501,22300420,"DEC 27, 2023",DAL vs. CLE,L,30,4,13,0.308,1,5,0.2,5,6,0.833,0,4,4,1,0,0,0,2,14,-5,1,
22023,203501,22300405,"DEC 25, 2023",DAL @ PHX,W,38,6,14,0.429,3,9,0.333,3,3,1.0,0,7,7,2,1,0,1,4,18,10,1,
22023,203501,22300398,"DEC 23, 2023",DAL vs. SAS,W,30,9,20,0.45,5,11,0.455,0,0,0.0,0,6,6,3,0,0,0,1,23,28,1,
22023,203501,22300385,"DEC 22, 2023",DAL @ HOU,L,26,6,20,0.3,2,8,0.25,2,2,1.0,1,2,3,1,0,0,1,0,16,-27,1,
22023,203501,22300372,"DEC 20, 2023",DAL vs. LAC,L,37,8,21,0.381,3,11,0.273,2,2,1.0,1,2,3,3,3,0,1,2,21,1,1,
22023,203501,22300356,"DEC 18, 2023",DAL @ DEN,L,22,3,12,0.25,2,9,0.222,0,0,0.0,0,2,2,1,0,0,2,2,8,-7,1,
22023,203501,22300341,"DEC 16, 2023",DAL @ POR,W,36,8,21,0.381,5,15,0.333,4,4,1.0,0,6,6,1,1,0,1,0,25,12,1,
22023,203501,22300321,"DEC 14, 2023",DAL vs. MIN,L,32,4,15,0.267,0,7,0.0,2,3,0.667,0,4,4,0,0,0,2,2,10,-30,1,
22023,203501,22300306,"DEC 12, 2023",DAL vs. LAL,W,37,10,21,0.476,5,10,0.5,7,8,0.875,1,2,3,3,1,0,0,2,32,-6,1,
22023,203501,22301226,"DEC 08, 2023",DAL @ POR,W,37,7,12,0.583,4,9,0.444,2,2,1.0,0,4,4,0,0,0,1,4,20,15,1,
22023,203501,22301213,"DEC 06, 2023",DAL vs. UTA,W,22,5,14,0.357,4,12,0.333,3,4,0.75,1,3,4,2,0,0,0,1,17,8,1,
22023,203501,22300059,"NOV 28, 2023",DAL vs. HOU,W,22,4,12,0.333,3,8,0.375,0,0,0.0,1,0,1,0,0,0,0,0,11,1,1,
22023,203501,22300244,"NOV 25, 2023",DAL @ LAC,L,29,5,14,0.357,2,9,0.222,0,0,0.0,0,3,3,0,0,0,1,2,12,-9,1,
22023,203501,22300238,"NOV 22, 2023",DAL @ LAL,W,30,2,10,0.2,2,8,0.25,1,2,0.5,1,1,2,3,1,0,0,0,7,11,1,
22023,203501,22300212,"NOV 19, 2023",DAL vs. SAC,L,27,5,11,0.455,2,4,0.5,2,2,1.0,0,2,2,2,0,0,0,3,14,-10,1,
22023,203501,22300205,"NOV 18, 2023",DAL @ MIL,L,26,6,14,0.429,4,10,0.4,1,1,1.0,0,2,2,2,0,0,1,0,17,0,1,
22023,203501,22300192,"NOV 15, 2023",DAL @ WAS,W,27,11,20,0.55,7,11,0.636,2,5,0.4,0,4,4,3,0,0,1,1,31,17,1,
22023,203501,22300022,"NOV 14, 2023",DAL @ NOP,L,21,5,11,0.455,3,9,0.333,4,4,1.0,0,0,0,1,0,0,1,2,17,-26,1,
22023,203501,22300183,"NOV 12, 2023",DAL @ NOP,W,28,4,14,0.286,3,10,0.3,4,4,1.0,0,9,9,2,0,0,0,1,15,14,1,
22023,203501,22300014,"NOV 10, 2023",DAL vs. LAC,W,27,6,13,0.462,2,8,0.25,3,3,1.0,0,3,3,3,0,0,0,0,17,20,1,
22023,203501,22300168,"NOV 08, 2023",DAL vs. TOR,L,26,6,11,0.545,5,9,0.556,0,0,0.0,1,1,2,1,0,0,3,0,17,-19,1,
22023,203501,22300147,"NOV 06, 2023",DAL @ ORL,W,31,8,16,0.5,4,11,0.364,1,1,1.0,0,6,6,0,0,0,0,0,21,3,1,
22023,203501,22300143,"NOV 05, 2023",DAL vs. CHA,W,32,5,17,0.294,4,12,0.333,2,2,1.0,0,2,2,1,0,0,0,0,16,1,1,
22023,203501,22300006,"NOV 03, 2023",DAL @ DEN,L,27,3,8,0.375,1,5,0.2,2,2,1.0,0,3,3,2,1,0,2,3,9,-10,1,
22023,203501,22300124,"NOV 01, 2023",DAL vs. CHI,W,27,8,15,0.533,7,13,0.538,1,1,1.0,0,3,3,2,1,0,2,0,24,-9,1,
22023,203501,22300106,"OCT 30, 2023",DAL @ MEM,W,29,8,14,0.571,3,7,0.429,2,2,1.0,0,5,5,0,0,0,1,1,21,6,1,
22023,203501,22300084,"OCT 27, 2023",DAL vs. BKN,W,30,6,17,0.353,3,7,0.429,4,4,1.0,1,3,4,1,0,0,1,2,19,13,1,
22023,203501,22300073,"OCT 25, 2023",DAL @ SAS,W,28,5,14,0.357,3,10,0.3,4,4,1.0,2,4,6,4,1,0,1,0,17,9,1,
22023,203507,22300790,"FEB 15, 2024",MIL @ MEM,L,37,15,17,0.882,0,0,0.0,5,9,0.556,0,4,4,12,0,0,1,5,35,-14,1,
22023,203507,22300773,"FEB 13, 2024",MIL vs. MIA,L,34,11,18,0.611,1,2,0.5,0,0,0.0,2,9,11,8,0,2,5,0,23,-23,1,
22023,203507,22300767,"FEB 12, 2024",MIL vs. DEN,W,30,14,19,0.737,0,0,0.0,8,14,0.571,4,14,18,5,3,2,2,2,36,18,1,
22023,203507,22300745,"FEB 09, 2024",MIL vs. CHA,W,24,5,10,0.5,0,1,0.0,5,7,0.714,1,13,14,3,1,1,0,5,15,28,1,
22023,203507,22300738,"FEB 08, 2024",MIL vs. MIN,L,27,7,14,0.5,0,2,0.0,3,7,0.429,1,2,3,7,1,0,3,1,17,-18,1,
22023,203507,22300725,"FEB 06, 2024",MIL @ PHX,L,39,13,24,0.542,1,3,0.333,7,13,0.538,4,6,10,6,0,0,5,5,34,1,1,
22023,203507,22300711,"FEB 04, 2024",MIL @ UTA,L,40,11,15,0.733,0,2,0.0,11,15,0.733,2,5,7,13,0,1,5,3,33,-8,1,
22023,203507,22300702,"FEB 03, 2024",MIL @ DAL,W,40,20,28,0.714,2,5,0.4,6,10,0.6,1,5,6,10,5,1,1,3,48,15,1,
22023,203507,22300683,"JAN 31, 2024",MIL @ POR,L,38,10,16,0.625,0,2,0.0,7,11,0.636,3,5,8,4,3,1,6,5,27,6,1,
22023,203507,22300667,"JAN 29, 2024",MIL @ DEN,L,37,11,19,0.579,1,1,1.0,6,11,0.545,2,10,12,4,1,1,2,4,29,-3,1,
22023,203507,22300648,"JAN 27, 2024",MIL vs. NOP,W,29,11,16,0.688,1,1,1.0,7,11,0.636,1,11,12,4,2,0,1,3,30,23,1,
22023,203507,22300639,"JAN 26, 2024",MIL vs. CLE,L,36,9,13,0.692,0,0,0.0,4,9,0.444,2,9,11,9,1,1,6,5,22,8,1,
22023,203507,22300624,"JAN 24, 2024",MIL vs. CLE,W,35,16,24,0.667,1,1,1.0,2,3,0.667,2,16,18,10,0,2,2,3,35,11,1,
22023,203507,22300606,"JAN 22, 2024",MIL @ DET,W,36,11,25,0.44,1,5,0.2,8,12,0.667,3,14,17,10,3,2,2,3,31,12,1,
22023,203507,22300592,"JAN 20, 2024",MIL @ DET,W,38,10,16,0.625,0,1,0.0,11,22,0.5,3,7,10,9,2,1,5,1,31,13,1,
22023,203507,22300552,"JAN 14, 2024",MIL vs. SAC,W,40,9,16,0.563,0,2,0.0,9,14,0.643,1,9,10,10,3,0,4,4,27,-13,1,
22023,203507,22300545,"JAN 13, 2024",MIL vs. GSW,W,37,13,22,0.591,1,3,0.333,6,8,0.75,3,6,9,5,0,0,4,3,33,1,1,
22023,203507,22300528,"JAN 11, 2024",MIL vs. BOS,W,26,10,13,0.769,0,0,0.0,4,5,0.8,5,7,12,6,1,1,4,2,24,38,1,
22023,203507,22300510,"JAN 08, 2024",MIL vs. UTA,L,38,10,20,0.5,0,2,0.0,5,9,0.556,4,6,10,11,0,0,4,5,25,-14,1,
22023,203507,22300496,"JAN 06, 2024",MIL @ HOU,L,39,16,25,0.64,1,2,0.5,15,21,0.714,3,14,17,2,0,1,2,4,48,-1,1,
22023,203507,22300477,"JAN 04, 2024",MIL @ SAS,W,40,19,28,0.679,2,3,0.667,4,6,0.667,3,11,14,7,2,1,1,3,44,11,1,
22023,203507,22300466,"JAN 03, 2024",MIL @ IND,L,36,8,13,0.615,1,2,0.5,9,13,0.692,0,11,11,8,3,1,3,2,26,-12,1,
22023,203507,22300454,"JAN 01, 2024",MIL vs. IND,L,37,11,20,0.55,0,3,0.0,8,11,0.727,3,15,18,11,1,2,4,3,30,3,1,
22023,203507,22300433,"DEC 29, 2023",MIL @ CLE,W,37,14,22,0.636,0,1,0.0,6,7,0.857,2,14,16,5,1,0,3,2,34,12,1,
22023,203507,22300417,"DEC 27, 2023",MIL @ BKN,W,30,10,12,0.833,0,0,0.0,12,17,0.706,2,8,10,8,0,2,2,2,32,8,1,
22023,203507,22300401,"DEC 25, 2023",MIL @ NYK,L,39,13,24,0.542,1,2,0.5,5,9,0.556,5,8,13,6,1,2,2,4,32,-5,1,
22023,203507,22300388,"DEC 23, 2023",MIL @ NYK,W,32,11,17,0.647,0,0,0.0,6,8,0.75,2,5,7,7,1,1,5,4,28,3,1,
22023,203507,22300378,"DEC 21, 2023",MIL vs. ORL,W,37,11,25,0.44,0,3,0.0,15,19,0.789,2,8,10,6,0,2,5,4,37,9,1,
22023,203507,22300361,"DEC 19, 2023",MIL vs. SAS,W,34,4,12,0.333,0,2,0.0,3,6,0.5,2,12,14,16,2,1,3,1,11,13,1,
22023,203507,22300346,"DEC 17, 2023",MIL vs. HOU,W,39,10,22,0.455,1,3,0.333,5,11,0.455,6,11,17,3,0,0,6,3,26,11,1,
22023,203507,22300334,"DEC 16, 2023",MIL vs. DET,W,26,7,9,0.778,0,0,0.0,8,13,0.615,1,7,8,6,1,0,0,1,22,22,1,
22023,203507,22300315,"DEC 13, 2023",MIL vs. IND,W,37,20,28,0.714,0,3,0.0,24,32,0.75,3,11,14,3,4,1,4,1,64,29,1,
22023,203507,22300300,"DEC 11, 2023",MIL vs. CHI,W,41,9,13,0.692,0,0,0.0,14,18,0.778,1,11,12,6,2,0,2,2,32,13,1,
22023,203507,22301229,"DEC 07, 2023",MIL vs. IND,L,41,13,19,0.684,0,1,0.0,11,13,0.846,1,9,10,2,0,2,1,3,37,-5,1,
22023,203507,22301201,"DEC 05, 2023",MIL vs. NYK,W,34,15,22,0.682,1,1,1.0,4,9,0.444,3,5,8,10,3,0,4,3,35,19,1,
22023,203507,22300286,"DEC 02, 2023",MIL vs. ATL,W,36,14,20,0.7,0,1,0.0,4,5,0.8,2,9,11,10,2,1,5,1,32,8,1,
22023,203507,22300269,"NOV 30, 2023",MIL @ CHI,L,39,11,17,0.647,0,1,0.0,4,4,1.0,6,8,14,5,2,5,5,5,26,-8,1,
22023,203507,22300056,"NOV 28, 2023",MIL @ MIA,W,40,11,16,0.688,1,2,0.5,10,13,0.769,2,8,10,5,3,1,4,3,33,18,1,
22023,203507,22300245,"NOV 26, 2023",MIL vs. POR,W,39,11,21,0.524,0,1,0.0,11,18,0.611,6,10,16,6,1,3,4,5,33,9,1,
22023,203507,22300049,"NOV 24, 2023",MIL vs. WAS,W,37,11,19,0.579,0,0,0.0,9,12,0.75,3,6,9,3,3,1,3,2,31,-10,1,
22023,203507,22300228,"NOV 22, 2023",MIL @ BOS,L,37,7,20,0.35,0,3,0.0,7,10,0.7,3,10,13,5,2,0,3,4,21,6,1,
22023,203507,22300219,"NOV 20, 2023",MIL @ WAS,W,34,20,23,0.87,0,0,0.0,2,6,0.333,6,7,13,8,1,1,5,2,42,10,1,
22023,203507,22300205,"NOV 18, 2023",MIL vs. DAL,W,38,18,26,0.692,1,3,0.333,3,5,0.6,2,13,15,7,2,1,3,3,40,-7,1,
22023,203507,22300027,"NOV 17, 2023",MIL @ CHA,W,28,6,10,0.6,0,0,0.0,4,7,0.571,0,8,8,9,1,0,4,5,16,6,1,
22023,203507,22300190,"NOV 13, 2023",MIL vs. CHI,W,35,13,22,0.591,1,3,0.333,8,14,0.571,3,8,11,2,0,0,3,4,35,13,1,
22023,203507,22300173,"NOV 11, 2023",MIL @ ORL,L,37,15,22,0.682,0,1,0.0,5,12,0.417,2,8,10,7,4,2,6,4,35,-11,1,
22023,203507,22300171,"NOV 09, 2023",MIL @ IND,L,36,19,25,0.76,0,1,0.0,16,18,0.889,2,10,12,3,0,0,8,4,54,6,1,
22023,203507,22300165,"NOV 08, 2023",MIL vs. DET,W,22,6,16,0.375,0,2,0.0,3,6,0.5,0,9,9,5,0,3,1,1,15,5,1,
22023,203507,22300149,"NOV 06, 2023",MIL @ BKN,W,35,15,27,0.556,1,7,0.143,5,6,0.833,2,10,12,3,1,2,3,1,36,15,1,
22023,203507,22300002,"NOV 03, 2023",MIL vs. NYK,W,36,6,10,0.6,3,3,1.0,7,13,0.538,1,7,8,6,0,1,7,3,22,13,1,
22023,203507,22300116,"NOV 01, 2023",MIL @ TOR,L,28,5,11,0.455,0,0,0.0,6,9,0.667,3,1,4,2,1,0,3,3,16,-10,1,
22023,203507,22300107,"OCT 30, 2023",MIL vs. MIA,W,32,12,21,0.571,1,3,0.333,8,11,0.727,1,6,7,2,0,1,2,3,33,18,1,
22023,203507,22300097,"OCT 29, 2023",MIL vs. ATL,L,29,9,14,0.643,0,1,0.0,8,10,0.8,5,6,11,3,1,2,3,2,26,-11,1,
22023,203507,22300075,"OCT 26, 2023",MIL vs. PHI,W,35,10,21,0.476,0,3,0.0,3,9,0.333,4,8,12,3,2,2,7,4,23,-13,1,
22023,203552,22300777,"FEB 14, 2024",CHA vs. ATL,W,17,4,8,0.5,1,4,0.25,0,0,0.0,0,0,0,1,0,0,0,0,9,-8,1,
22023,203552,22300761,"FEB 12, 2024",CHA vs. IND,W,19,7,11,0.636,2,5,0.4,2,2,1.0,0,2,2,2,1,0,0,0,18,15,1,
22023,203552,22300751,"FEB 10, 2024",CHA vs. MEM,W,20,1,3,0.333,1,3,0.333,0,0,0.0,1,1,2,1,2,1,1,0,3,4,1,
22023,203552,22300680,"JAN 31, 2024",DAL @ MIN,L,17,3,8,0.375,0,3,0.0,3,3,1.0,1,2,3,3,0,0,2,0,9,-11,1,
22023,203552,22300666,"JAN 29, 2024",DAL vs. ORL,W,5,0,0,0.0,0,0,0.0,0,0,0.0,0,0,0,0,0,0,0,0,0,3,1,
22023,203552,22300651,"JAN 27, 2024",DAL vs. SAC,L,11,3,5,0.6,1,3,0.333,0,0,0.0,1,1,2,1,0,0,0,1,7,7,1,
22023,203552,22300577,"JAN 17, 2024",DAL @ LAL,L,5,0,2,0.0,0,1,0.0,0,0,0.0,0,0,0,0,0,0,0,0,0,-9,1,
22023,203552,22300556,"JAN 15, 2024",DAL vs. NOP,W,7,0,2,0.0,0,1,0.0,0,0,0.0,0,0,0,0,0,0,0,1,0,-2,1,
22023,203552,22300547,"JAN 13, 2024",DAL vs. NOP,L,12,1,3,0.333,1,2,0.5,0,0,0.0,0,0,0,0,1,0,0,3,3,1,1,
22023,203552,22300530,"JAN 11, 2024",DAL vs. NYK,W,10,0,1,0.0,0,1,0.0,0,0,0.0,0,1,1,0,0,0,1,0,0,2,1,
22023,203552,22300515,"JAN 09, 2024",DAL vs. MEM,L,10,1,2,0.5,0,1,0.0,0,0,0.0,0,0,0,0,0,0,1,1,2,-8,1,
22023,203552,22300501,"JAN 07, 2024",DAL vs. MIN,W,12,0,3,0.0,0,2,0.0,0,0,0.0,0,3,3,0,1,0,1,1,0,0,1,
22023,203552,22300487,"JAN 05, 2024",DAL vs. POR,W,20,4,9,0.444,1,4,0.25,0,0,0.0,1,1,2,1,0,0,0,2,9,12,1,
22023,203552,22300472,"JAN 03, 2024",DAL vs. POR,W,15,0,1,0.0,0,0,0.0,0,0,0.0,0,1,1,2,0,0,0,0,0,28,1,
22023,203552,22300423,"DEC 28, 2023",DAL @ MIN,L,30,3,8,0.375,2,4,0.5,3,4,0.75,0,2,2,3,0,0,3,2,11,6,1,
22023,203552,22300420,"DEC 27, 2023",DAL vs. CLE,L,28,6,11,0.545,5,9,0.556,2,2,1.0,1,3,4,1,2,0,0,1,19,0,1,
22023,203552,22300405,"DEC 25, 2023",DAL @ PHX,W,6,0,0,0.0,0,0,0.0,0,0,0.0,1,0,1,0,0,0,0,0,0,4,1,
22023,203552,22300385,"DEC 22, 2023",DAL @ HOU,L,18,0,7,0.0,0,2,0.0,0,0,0.0,0,2,2,0,2,0,2,1,0,-23,1,
22023,203552,22300356,"DEC 18, 2023",DAL @ DEN,L,7,0,0,0.0,0,0,0.0,0,0,0.0,0,0,0,0,0,0,0,2,0,-1,1,
22023,203552,22300341,"DEC 16, 2023",DAL @ POR,W,14,2,6,0.333,2,3,0.667,1,1,1.0,0,2,2,1,0,0,1,3,7,17,1,
22023,203552,22300306,"DEC 12, 2023",DAL vs. LAL,W,12,1,2,0.5,1,2,0.5,0,0,0.0,1,1,2,0,0,1,0,0,3,4,1,
22023,203552,22300299,"DEC 11, 2023",DAL @ MEM,W,20,2,5,0.4,1,3,0.333,1,1,1.0,1,2,3,2,1,0,0,1,6,8,1,
22023,203552,22301226,"DEC 08, 2023",DAL @ POR,W,18,2,5,0.4,2,4,0.5,1,1,1.0,1,1,2,1,0,0,1,1,7,14,1,
22023,203552,22301213,"DEC 06, 2023",DAL vs. UTA,W,19,4,7,0.571,2,3,0.667,0,0,0.0,1,1,2,2,2,0,0,0,10,26,1,
22023,203552,22300287,"DEC 02, 2023",DAL vs. OKC,L,36,4,15,0.267,4,9,0.444,0,0,0.0,3,2,5,3,1,1,0,2,12,14,1,
22023,203552,22300277,"DEC 01, 2023",DAL vs. MEM,L,16,5,10,0.5,2,4,0.5,0,0,0.0,0,2,2,2,1,0,0,2,12,-5,1,
22023,203552,22300059,"NOV 28, 2023",DAL vs. HOU,W,0,0,0,0.0,0,0,0.0,0,0,0.0,0,0,0,0,0,0,0,0,0,2,1,
22023,203552,22300244,"NOV 25, 2023",DAL @ LAC,L,8,1,5,0.2,1,4,0.25,0,0,0.0,0,0,0,0,0,0,0,2,3,-4,1,
22023,203552,22300238,"NOV 22, 2023",DAL @ LAL,W,0,0,0,0.0,0,0,0.0,0,0,0.0,0,0,0,0,0,0,0,0,0,2,1,
22023,203552,22300205,"NOV 18, 2023",DAL @ MIL,L,9,1,2,0.5,0,1,0.0,0,0,0.0,0,1,1,0,0,0,0,0,2,-10,1,
22023,203552,22300192,"NOV 15, 2023",DAL @ WAS,W,20,6,6,1.0,2,2,1.0,1,1,1.0,0,2,2,2,1,0,0,1,15,-3,1,
22023,203552,22300022,"NOV 14, 2023",DAL @ NOP,L,13,0,4,0.0,0,4,0.0,3,3,1.0,0,3,3,2,3,0,1,1,3,4,1,
22023,203552,22300183,"NOV 12, 2023",DAL @ NOP,W,6,0,2,0.0,0,1,0.0,0,0,0.0,1,0,1,0,0,0,0,0,0,-11,1,
22023,203552,22300014,"NOV 10, 2023",DAL vs. LAC,W,7,1,2,0.5,1,2,0.5,2,3,0.667,0,0,0,0,0,0,0,0,5,-2,1,
22023,203552,22300006,"NOV 03, 2023",DAL @ DEN,L,5,0,1,0.0,0,1,0.0,0,0,0.0,0,1,1,1,1,0,0,1,0,4,1,
22023,203552,22300124,"NOV 01, 2023",DAL vs. CHI,W,12,2,5,0.4,0,1,0.0,0,0,0.0,2,1,3,0,0,0,1,0,4,-5,1,
22023,203552,22300106,"OCT 30, 2023",DAL @ MEM,W,15,1,5,0.2,1,3,0.333,0,0,0.0,0,2,2,2,1,1,1,2,3,14,1,
22023,203552,22300084,"OCT 27, 2023",DAL vs. BKN,W,9,1,1,1.0,0,0,0.0,0,0,0.0,0,0,0,1,0,0,1,1,2,1,1,
22023,203552,22300073,"OCT 25, 2023",DAL @ SAS,W,4,0,0,0.0,0,0,0.0,0,0,0.0,0,0,0,0,0,0,0,0,0,4,1,
22023,203648,22300773,"FEB 13, 2024",MIL vs. MIA,L,8,1,1,1.0,0,0,0.0,0,0,0.0,0,0,0,1,0,0,0,1,2,3,1,
22023,203648,22300767,"FEB 12, 2024",MIL vs. DEN,W,5,0,1,0.0,0,0,0.0,0,0,0.0,0,0,0,1,1,0,1,2,0,-1,1,
22023,203648,22300745,"FEB 09, 2024",MIL vs. CHA,W,11,2,3,0.667,0,1,0.0,0,0,0.0,1,0,1,1,0,1,0,2,4,-3,1,
22023,203648,22300738,"FEB 08, 2024",MIL vs. MIN,L,5,1,2,0.5,0,0,0.0,0,0,0.0,0,0,0,0,0,0,0,1,2,-1,1,
22023,203648,22300648,"JAN 27, 2024",MIL vs. NOP,W,3,0,0,0.0,0,0,0.0,0,0,0.0,0,0,0,0,0,0,1,0,0,-5,1,
22023,203648,22300624,"JAN 24, 2024",MIL vs. CLE,W,1,0,0,0.0,0,0,0.0,0,0,0.0,0,0,0,0,0,0,0,0,0,0,1,
22023,203648,22300572,"JAN 17, 2024",MIL @ CLE,L,6,0,0,0.0,0,0,0.0,0,0,0.0,0,0,0,1,0,1,1,1,0,-11,1,
22023,203648,22300528,"JAN 11, 2024",MIL vs. BOS,W,9,3,5,0.6,0,0,0.0,0,0,0.0,1,0,1,1,0,1,2,4,6,-2,1,
22023,203648,22300510,"JAN 08, 2024",MIL vs. UTA,L,1,0,0,0.0,0,0,0.0,0,0,0.0,0,0,0,0,0,0,0,0,0,0,1,
22023,203648,22300466,"JAN 03, 2024",MIL @ IND,L,2,0,0,0.0,0,0,0.0,0,0,0.0,0,1,1,0,0,0,0,2,0,5,1,
22023,203648,22300417,"DEC 27, 2023",MIL @ BKN,W,1,0,0,0.0,0,0,0.0,0,0,0.0,0,0,0,2,0,0,0,0,0,6,1,
22023,203648,22300361,"DEC 19, 2023",MIL vs. SAS,W,1,0,0,0.0,0,0,0.0,0,0,0.0,0,0,0,1,0,0,0,0,0,-2,1,
22023,203648,22300346,"DEC 17, 2023",MIL vs. HOU,W,0,0,0,0.0,0,0,0.0,0,0,0.0,0,0,0,0,0,0,0,0,0,-3,1,
22023,203648,22300334,"DEC 16, 2023",MIL vs. DET,W,5,0,0,0.0,0,0,0.0,0,0,0.0,0,1,1,0,0,0,0,0,0,-4,1,
22023,203648,22300315,"DEC 13, 2023",MIL vs. IND,W,1,0,0,0.0,0,0,0.0,0,0,0.0,0,0,0,0,0,0,1,0,0,-9,1,
22023,203648,22301201,"DEC 05, 2023",MIL vs. NYK,W,2,1,1,1.0,0,0,0.0,0,0,0.0,1,0,1,0,1,0,0,0,2,4,1,
22023,203648,22300245,"NOV 26, 2023",MIL vs. POR,W,4,0,0,0.0,0,0,0.0,0,0,0.0,0,2,2,0,0,0,0,0,0,-2,1,
22023,203648,22300219,"NOV 20, 2023",MIL @ WAS,W,1,0,0,0.0,0,0,0.0,0,0,0.0,0,0,0,0,0,0,0,0,0,-5,1,
22023,203648,22300027,"NOV 17, 2023",MIL @ CHA,W,3,1,1,1.0,0,0,0.0,0,0,0.0,0,0,0,0,0,0,0,0,2,11,1,
22023,203648,22300195,"NOV 15, 2023",MIL @ TOR,W,15,1,5,0.2,0,0,0.0,0,0,0.0,2,0,2,0,0,0,0,3,2,-13,1,
22023,203648,22300173,"NOV 11, 2023",MIL @ ORL,L,10,0,0,0.0,0,0,0.0,0,0,0.0,0,0,0,2,0,1,1,2,0,6,1,
22023,203648,22300116,"NOV 01, 2023",MIL @ TOR,L,4,0,1,0.0,0,0,0.0,0,0,0.0,0,0,0,0,0,0,0,0,0,4,1,
22023,203648,22300097,"OCT 29, 2023",MIL vs. ATL,L,8,1,1,1.0,0,0,0.0,0,0,0.0,0,0,0,2,1,0,3,2,2,14,1,
22023,203897,22300580,"JAN 18, 2024",CHI @ TOR,W,24,3,7,0.429,1,3,0.333,1,1,1.0,0,2,2,3,0,0,2,4,8,-4,1,
22023,203897,22300561,"JAN 15, 2024",CHI @ CLE,L,35,7,14,0.5,3,6,0.5,0,0,0.0,0,4,4,4,0,0,3,3,17,-18,1,
22023,203897,22300548,"JAN 13, 2024",CHI @ SAS,W,36,3,8,0.375,1,5,0.2,3,4,0.75,0,6,6,7,1,0,2,3,10,12,1,
22023,203897,22300536,"JAN 12, 2024",CHI vs. GSW,L,35,9,15,0.6,4,8,0.5,3,3,1.0,0,8,8,7,0,1,1,3,25,2,1,
22023,203897,22300523,"JAN 10, 2024",CHI vs. HOU,W,41,8,15,0.533,4,8,0.5,5,6,0.833,1,12,13,7,3,1,4,5,25,15,1,
22023,203897,22300506,"JAN 08, 2024",CHI @ CHA,W,36,2,8,0.25,2,6,0.333,3,4,0.75,1,2,3,5,0,2,2,1,9,-5,1,
22023,203897,22300484,"JAN 05, 2024",CHI vs. CHA,W,30,6,11,0.545,1,5,0.2,2,3,0.667,0,5,5,4,0,0,2,1,15,4,1,
22023,203897,22300053,"NOV 28, 2023",CHI @ BOS,L,25,1,9,0.111,0,3,0.0,0,0,0.0,1,1,2,4,2,0,0,1,2,-22,1,
22023,203897,22300250,"NOV 26, 2023",CHI @ BKN,L,39,8,18,0.444,1,5,0.2,3,4,0.75,0,6,6,4,0,0,0,1,20,1,1,
22023,203897,22300046,"NOV 24, 2023",CHI @ TOR,L,38,16,23,0.696,4,8,0.5,0,0,0.0,0,4,4,3,1,0,5,4,36,-2,1,
22023,203897,22300220,"NOV 20, 2023",CHI vs. MIA,L,35,5,9,0.556,2,6,0.333,1,1,1.0,0,3,3,5,0,0,1,1,13,-24,1,
22023,203897,22300204,"NOV 18, 2023",CHI vs. MIA,W,35,5,10,0.5,3,7,0.429,0,0,0.0,0,8,8,6,3,1,1,2,13,-2,1,
22023,203897,22300033,"NOV 17, 2023",CHI vs. ORL,L,41,12,20,0.6,4,11,0.364,6,7,0.857,0,6,6,3,1,0,3,4,34,2,1,
22023,203897,22300196,"NOV 15, 2023",CHI vs. ORL,L,36,6,16,0.375,4,7,0.571,3,4,0.75,0,6,6,3,1,0,3,2,19,3,1,
22023,203897,22300190,"NOV 13, 2023",CHI @ MIL,L,39,5,19,0.263,2,10,0.2,8,8,1.0,1,7,8,5,1,1,1,1,20,-6,1,
22023,203897,22300181,"NOV 12, 2023",CHI vs. DET,W,34,6,14,0.429,1,6,0.167,6,6,1.0,0,3,3,2,1,0,0,1,19,1,1,
22023,203897,22300162,"NOV 08, 2023",CHI vs. PHX,L,41,7,13,0.538,3,6,0.5,5,7,0.714,1,7,8,8,1,0,3,2,22,-14,1,
22023,203897,22300152,"NOV 06, 2023",CHI vs. UTA,W,31,8,17,0.471,2,5,0.4,6,7,0.857,0,2,2,3,1,0,2,3,24,18,1,
22023,203897,22300139,"NOV 04, 2023",CHI @ DEN,L,31,4,12,0.333,1,5,0.2,3,4,0.75,0,4,4,4,1,0,3,2,12,-27,1,
22023,203897,22300004,"NOV 03, 2023",CHI vs. BKN,L,38,10,21,0.476,1,6,0.167,3,4,0.75,1,6,7,5,1,1,2,2,24,8,1,
22023,203897,22300124,"NOV 01, 2023",CHI @ DAL,L,36,7,17,0.412,5,9,0.556,3,3,1.0,0,2,2,1,2,0,0,2,22,-6,1,
22023,203897,22300102,"OCT 30, 2023",CHI @ IND,W,36,6,17,0.353,1,6,0.167,10,11,0.909,0,5,5,1,0,0,1,1,23,2,1,
22023,203897,22300088,"OCT 28, 2023",CHI @ DET,L,37,19,33,0.576,7,13,0.538,6,8,0.75,2,3,5,0,1,0,4,2,51,-8,1,
22023,203897,22300082,"OCT 27, 2023",CHI vs. TOR,W,38,3,14,0.214,0,6,0.0,2,2,1.0,0,5,5,1,0,1,3,3,8,-23,1,
22023,203897,22300070,"OCT 25, 2023",CHI vs. OKC,L,25,4,16,0.25,2,9,0.222,6,6,1.0,0,4,4,3,0,0,4,3,16,1,1,
22023,203903,22300576,"FEB 15, 2024",UTA vs. GSW,L,33,3,8,0.375,1,5,0.2,6,7,0.857,2,0,2,9,0,0,3,2,13,-12,1,
22023,203903,22300788,"FEB 14, 2024",UTA vs. LAL,L,32,6,14,0.429,3,8,0.375,2,2,1.0,0,3,3,5,0,0,4,2,17,-17,1,
22023,203903,22300769,"FEB 12, 2024",UTA vs. GSW,L,33,7,17,0.412,4,7,0.571,4,4,1.0,2,2,4,1,0,1,1,3,22,-8,1,
22023,203903,22300739,"FEB 08, 2024",UTA @ PHX,L,32,4,12,0.333,3,8,0.375,2,2,1.0,1,0,1,4,0,0,0,0,13,-8,1,
22023,203903,22300724,"FEB 06, 2024",UTA vs. OKC,W,27,5,12,0.417,1,6,0.167,1,2,0.5,0,2,2,2,2,0,5,2,12,-3,1,
22023,203903,22300711,"FEB 04, 2024",UTA vs. MIL,W,26,3,11,0.273,0,4,0.0,6,7,0.857,1,4,5,5,0,0,1,2,12,10,1,
22023,203903,22300686,"FEB 01, 2024",UTA vs. PHI,L,34,5,15,0.333,1,7,0.143,5,7,0.714,0,2,2,10,0,0,1,1,16,-4,1,
22023,203903,22300671,"JAN 30, 2024",UTA @ NYK,L,31,5,12,0.417,1,5,0.2,0,0,0.0,0,1,1,1,0,0,3,2,11,-19,1,
22023,203903,22300660,"JAN 29, 2024",UTA @ BKN,L,23,5,10,0.5,0,4,0.0,3,4,0.75,0,1,1,1,0,0,4,1,13,-20,1,
22023,203903,22300647,"JAN 27, 2024",UTA @ CHA,W,31,6,15,0.4,1,5,0.2,1,1,1.0,1,0,1,2,0,0,0,3,14,7,1,
22023,203903,22300628,"JAN 25, 2024",UTA @ WAS,W,30,7,17,0.412,1,4,0.25,4,4,1.0,0,3,3,8,0,0,4,1,19,16,1,
22023,203903,22300616,"JAN 23, 2024",UTA @ NOP,L,22,4,9,0.444,0,3,0.0,1,1,1.0,0,1,1,1,0,0,2,0,9,-22,1,
22023,203903,22300598,"JAN 20, 2024",UTA @ HOU,L,38,12,25,0.48,4,10,0.4,5,5,1.0,2,10,12,4,0,0,3,1,33,-7,1,
22023,203903,22300581,"JAN 18, 2024",UTA vs. OKC,L,35,7,18,0.389,3,5,0.6,1,1,1.0,2,0,2,5,0,0,1,1,18,-3,1,
22023,203903,22300564,"JAN 15, 2024",UTA vs. IND,W,27,6,13,0.462,0,3,0.0,5,6,0.833,0,3,3,2,2,0,2,1,17,6,1,
22023,203903,22300549,"JAN 13, 2024",UTA vs. LAL,W,31,6,18,0.333,1,6,0.167,8,8,1.0,2,2,4,4,0,1,2,2,21,-2,1,
22023,203903,22300540,"JAN 12, 2024",UTA vs. TOR,W,31,8,16,0.5,5,9,0.556,0,0,0.0,0,1,1,5,0,0,0,1,21,17,1,
22023,203903,22300524,"JAN 10, 2024",UTA vs. DEN,W,33,12,19,0.632,3,8,0.375,0,1,0.0,0,2,2,9,0,0,3,1,27,8,1,
22023,203903,22300510,"JAN 08, 2024",UTA @ MIL,W,31,7,14,0.5,2,3,0.667,5,5,1.0,1,3,4,6,0,1,1,0,21,13,1,
22023,203903,22300495,"JAN 06, 2024",UTA @ PHI,W,31,5,14,0.357,0,6,0.0,8,9,0.889,0,5,5,6,1,0,5,0,18,1,1,
22023,203903,22300479,"JAN 05, 2024",UTA @ BOS,L,17,1,7,0.143,0,2,0.0,0,0,0.0,1,1,2,2,1,0,4,0,2,-23,1,
22023,203903,22300474,"JAN 03, 2024",UTA vs. DET,W,38,11,20,0.55,4,5,0.8,10,11,0.909,1,5,6,3,1,0,5,1,36,5,1,
22023,203903,22300457,"JAN 01, 2024",UTA vs. DAL,W,28,8,16,0.5,1,6,0.167,3,3,1.0,2,8,10,11,1,0,4,4,20,36,1,
22023,203903,22300439,"DEC 30, 2023",UTA vs. MIA,W,25,3,10,0.3,1,5,0.2,2,2,1.0,0,2,2,3,0,0,0,0,9,4,1,
22023,203903,22300424,"DEC 28, 2023",UTA @ NOP,L,24,3,11,0.273,1,5,0.2,3,3,1.0,0,2,2,6,0,0,6,0,10,-8,1,
22023,203903,22300412,"DEC 26, 2023",UTA @ SAS,W,27,7,17,0.412,2,8,0.25,8,8,1.0,1,5,6,8,0,0,3,6,24,16,1,
22023,203903,22300395,"DEC 23, 2023",UTA @ TOR,W,30,11,22,0.5,4,9,0.444,4,4,1.0,1,2,3,6,1,0,2,1,30,19,1,
22023,203903,22300302,"DEC 11, 2023",UTA @ OKC,L,22,3,13,0.231,0,4,0.0,2,2,1.0,2,2,4,5,1,1,2,1,8,-25,1,
22023,203903,22301225,"DEC 08, 2023",UTA vs. LAC,L,28,2,9,0.222,0,3,0.0,2,3,0.667,1,3,4,5,1,0,1,2,6,-16,1,
22023,203903,22300261,"NOV 29, 2023",UTA @ MEM,L,27,4,10,0.4,2,5,0.4,2,3,0.667,1,2,3,5,0,0,4,0,12,-14,1,
22023,203903,22300256,"NOV 27, 2023",UTA vs. NOP,W,32,4,16,0.25,2,9,0.222,6,6,1.0,0,4,4,10,0,0,1,1,16,-3,1,
22023,203903,22300237,"NOV 22, 2023",UTA @ POR,L,32,5,11,0.455,2,4,0.5,1,2,0.5,0,2,2,5,0,0,7,0,13,-8,1,
22023,203903,22300042,"NOV 21, 2023",UTA @ LAL,L,24,3,9,0.333,0,3,0.0,1,1,1.0,0,0,0,2,1,0,2,1,7,-24,1,
22023,203903,22300214,"NOV 19, 2023",UTA vs. PHX,L,39,8,23,0.348,1,6,0.167,5,7,0.714,3,4,7,5,2,0,2,5,22,-9,1,
22023,203903,22300035,"NOV 17, 2023",UTA vs. PHX,L,36,14,26,0.538,5,10,0.5,4,4,1.0,1,2,3,5,1,0,0,0,37,0,1,
22023,203903,22300023,"NOV 14, 2023",UTA vs. POR,W,33,13,19,0.684,4,9,0.444,0,0,0.0,0,1,1,3,2,0,1,2,30,8,1,
22023,203903,22300012,"NOV 10, 2023",UTA @ MEM,W,36,9,16,0.563,2,5,0.4,6,6,1.0,2,2,4,4,2,1,3,1,26,14,1,
22023,203903,22300158,"NOV 08, 2023",UTA @ IND,L,34,12,26,0.462,1,3,0.333,8,8,1.0,2,1,3,5,1,1,6,3,33,-5,1,
22023,203903,22300152,"NOV 06, 2023",UTA @ CHI,L,29,3,14,0.214,1,8,0.125,0,0,0.0,1,0,1,6,0,0,5,1,7,-14,1,
22023,203903,22300138,"NOV 04, 2023",UTA @ MIN,L,32,5,14,0.357,0,5,0.0,0,0,0.0,2,1,3,3,0,0,0,0,10,-18,1,
22023,203903,22300130,"NOV 02, 2023",UTA vs. ORL,L,37,5,20,0.25,2,8,0.25,9,9,1.0,3,3,6,6,1,0,6,1,21,-3,1,
22023,203903,22300125,"NOV 01, 2023",UTA vs. MEM,W,26,8,13,0.615,4,6,0.667,0,0,0.0,0,6,6,5,2,0,3,1,20,21,1,
22023,203903,22300110,"OCT 30, 2023",UTA @ DEN,L,34,2,10,0.2,0,4,0.0,0,3,0.0,2,1,3,6,1,0,5,1,4,-7,1,
22023,203903,22300094,"OCT 28, 2023",UTA @ PHX,L,22,3,10,0.3,0,3,0.0,1,1,1.0,1,1,2,2,0,0,5,3,7,-26,1,
22023,203903,22300085,"OCT 27, 2023",UTA vs. LAC,W,34,4,13,0.308,3,5,0.6,2,3,0.667,1,3,4,6,1,0,2,0,13,-2,1,
22023,203903,22300072,"OCT 25, 2023",UTA vs. SAC,L,31,8,16,0.5,2,5,0.4,6,8,0.75,2,2,4,6,0,0,2,4,24,-4,1,
22023,203914,22300772,"FEB 13, 2024",ORL vs. OKC,L,25,2,3,0.667,2,3,0.667,0,0,0.0,1,1,2,1,1,2,1,2,6,-8,1,
22023,203914,22300752,"FEB 10, 2024",ORL vs. CHI,W,22,1,5,0.2,0,2,0.0,0,0,0.0,2,0,2,0,0,0,0,1,2,13,1,
22023,203914,22300734,"FEB 08, 2024",ORL vs. SAS,W,19,2,5,0.4,1,3,0.333,0,0,0.0,0,0,0,4,2,2,0,2,5,-2,1,
22023,203914,22300721,"FEB 06, 2024",ORL @ MIA,L,19,3,6,0.5,0,3,0.0,1,1,1.0,1,0,1,1,1,0,0,1,7,-17,1,
22023,203914,22300704,"FEB 04, 2024",ORL @ DET,W,24,4,9,0.444,2,5,0.4,0,0,0.0,0,1,1,1,0,1,2,3,10,1,1,
22023,203914,22300694,"FEB 02, 2024",ORL @ MIN,W,18,1,1,1.0,0,0,0.0,0,0,0.0,1,1,2,1,0,0,1,1,2,-4,1,
22023,203914,22300476,"JAN 03, 2024",ORL @ SAC,L,12,2,4,0.5,1,3,0.333,0,1,0.0,0,1,1,1,1,0,1,2,5,-8,1,
22023,203914,22300463,"JAN 02, 2024",ORL @ GSW,L,29,3,7,0.429,2,6,0.333,0,0,0.0,0,2,2,2,0,0,0,1,8,3,1,
22023,203914,22300450,"DEC 31, 2023",ORL @ PHX,L,32,2,7,0.286,1,6,0.167,0,0,0.0,0,2,2,2,0,0,0,1,5,7,1,
22023,203914,22300407,"DEC 26, 2023",ORL @ WAS,W,19,1,2,0.5,1,1,1.0,0,0,0.0,0,0,0,1,1,0,1,3,3,4,1,
22023,203914,22300391,"DEC 23, 2023",ORL @ IND,W,35,5,9,0.556,2,4,0.5,3,3,1.0,0,1,1,3,2,0,3,2,15,0,1,
22023,203914,22300378,"DEC 21, 2023",ORL @ MIL,L,35,5,11,0.455,2,6,0.333,2,3,0.667,1,1,2,5,0,0,0,4,14,-11,1,
22023,203914,22300366,"DEC 20, 2023",ORL vs. MIA,L,20,0,2,0.0,0,2,0.0,0,0,0.0,3,0,3,1,2,0,0,3,0,4,1,
22023,203914,22300344,"DEC 17, 2023",ORL @ BOS,L,26,0,3,0.0,0,3,0.0,0,0,0.0,0,1,1,2,0,0,0,1,0,-26,1,
22023,203914,22300329,"DEC 15, 2023",ORL @ BOS,L,16,1,3,0.333,0,2,0.0,0,0,0.0,0,0,0,0,1,0,0,3,2,-10,1,
22023,203914,22300294,"DEC 11, 2023",ORL vs. CLE,W,26,1,3,0.333,1,3,0.333,0,0,0.0,0,1,1,2,0,1,0,2,3,1,1,
22023,203914,22301217,"DEC 08, 2023",ORL vs. DET,W,23,4,8,0.5,2,5,0.4,1,1,1.0,0,3,3,1,2,0,1,3,11,23,1,
22023,203914,22301205,"DEC 06, 2023",ORL @ CLE,L,31,1,7,0.143,0,4,0.0,6,6,1.0,1,2,3,3,1,0,0,4,8,0,1,
22023,203914,22300282,"DEC 02, 2023",ORL @ BKN,L,21,2,8,0.25,0,5,0.0,0,0,0.0,0,1,1,2,0,0,0,1,4,-7,1,
22023,203914,22300274,"DEC 01, 2023",ORL vs. WAS,W,22,3,9,0.333,1,6,0.167,1,2,0.5,0,0,0,0,0,0,1,0,8,-11,1,
22023,203914,22300259,"NOV 29, 2023",ORL vs. WAS,W,19,2,2,1.0,2,2,1.0,2,3,0.667,0,2,2,4,2,0,1,3,8,20,1,
22023,203914,22300248,"NOV 26, 2023",ORL vs. CHA,W,24,2,6,0.333,1,5,0.2,0,0,0.0,0,0,0,6,1,0,0,2,5,5,1,
22023,203914,22300043,"NOV 24, 2023",ORL vs. BOS,W,19,1,3,0.333,1,3,0.333,1,1,1.0,2,1,3,0,0,0,2,1,4,9,1,
22023,203914,22300226,"NOV 22, 2023",ORL vs. DEN,W,23,1,7,0.143,1,6,0.167,2,2,1.0,0,3,3,3,3,0,0,2,5,1,1,
22023,203914,22300038,"NOV 21, 2023",ORL vs. TOR,W,23,4,7,0.571,2,5,0.4,0,0,0.0,0,1,1,1,1,0,0,3,10,18,1,
22023,203914,22300209,"NOV 19, 2023",ORL @ IND,W,22,4,6,0.667,3,3,1.0,2,2,1.0,0,0,0,2,2,0,0,1,13,10,1,
22023,203914,22300033,"NOV 17, 2023",ORL @ CHI,W,29,5,10,0.5,3,7,0.429,2,2,1.0,2,4,6,2,1,2,0,3,15,5,1,
22023,203914,22300196,"NOV 15, 2023",ORL @ CHI,W,21,2,4,0.5,1,3,0.333,1,2,0.5,0,0,0,0,2,0,0,0,6,2,1,
22023,203914,22300130,"NOV 02, 2023",ORL @ UTA,W,14,0,2,0.0,0,2,0.0,0,0,0.0,0,0,0,1,0,1,0,1,0,6,1,
22023,203914,22300114,"OCT 31, 2023",ORL @ LAC,L,18,3,5,0.6,2,4,0.5,1,3,0.333,0,2,2,2,1,0,0,1,9,0,1,
22023,203914,22300111,"OCT 30, 2023",ORL @ LAL,L,21,6,6,1.0,5,5,1.0,0,0,0.0,1,2,3,3,0,0,3,0,17,4,1,
22023,203914,22300086,"OCT 27, 2023",ORL @ POR,W,19,1,5,0.2,1,3,0.333,0,0,0.0,0,1,1,1,0,0,1,0,3,2,1,
22023,203914,22300066,"OCT 25, 2023",ORL vs. HOU,W,17,5,8,0.625,1,4,0.25,0,0,0.0,3,2,5,0,0,1,0,0,11,8,1,
22023,203915,22300788,"FEB 14, 2024",LAL @ UTA,W,28,4,6,0.667,2,4,0.5,0,0,0.0,0,0,0,4,2,0,1,2,10,9,1,
22023,203915,22300776,"FEB 13, 2024",LAL vs. DET,W,31,2,6,0.333,1,5,0.2,1,1,1.0,0,2,2,7,2,0,4,2,6,5,1,
22023,203915,22300720,"FEB 06, 2024",BKN vs. DAL,L,35,4,8,0.5,0,4,0.0,1,1,1.0,0,1,1,5,1,0,0,0,9,4,1,
22023,203915,22300717,"FEB 05, 2024",BKN vs. GSW,L,39,3,12,0.25,2,6,0.333,1,2,0.5,0,3,3,5,0,0,0,3,9,-14,1,
22023,203915,22300698,"FEB 03, 2024",BKN @ PHI,W,26,1,5,0.2,1,5,0.2,0,0,0.0,0,3,3,6,0,0,0,3,3,16,1,
22023,203915,22300677,"JAN 31, 2024",BKN vs. PHX,L,30,6,10,0.6,2,4,0.5,2,3,0.667,0,2,2,5,0,0,0,1,16,-13,1,
22023,203915,22300660,"JAN 29, 2024",BKN vs. UTA,W,26,0,5,0.0,0,2,0.0,2,2,1.0,2,0,2,8,2,0,0,3,2,2,1,
22023,203915,22300645,"JAN 27, 2024",BKN vs. HOU,W,35,3,11,0.273,0,4,0.0,4,6,0.667,0,2,2,9,1,1,2,3,10,1,1,
22023,203915,22300629,"JAN 25, 2024",BKN vs. MIN,L,32,5,10,0.5,3,6,0.5,1,1,1.0,0,2,2,2,0,0,0,3,14,1,1,
22023,203915,22300615,"JAN 23, 2024",BKN vs. NYK,L,19,0,4,0.0,0,4,0.0,0,0,0.0,0,0,0,4,0,0,1,1,0,7,1,
22023,203915,22300600,"JAN 21, 2024",BKN @ LAC,L,33,6,9,0.667,4,6,0.667,0,0,0.0,1,1,2,7,0,1,1,2,16,-8,1,
22023,203915,22300591,"JAN 19, 2024",BKN @ LAL,W,33,5,11,0.455,4,8,0.5,5,5,1.0,0,3,3,4,1,0,1,1,19,10,1,
22023,203915,22300578,"JAN 17, 2024",BKN @ POR,L,32,5,8,0.625,3,4,0.75,6,7,0.857,0,2,2,7,1,0,1,2,19,12,1,
22023,203915,22300562,"JAN 15, 2024",BKN vs. MIA,L,20,1,6,0.167,1,6,0.167,0,0,0.0,0,0,0,1,3,0,1,2,3,-13,1,
22023,203915,22300527,"JAN 11, 2024",BKN @ CLE,L,16,1,3,0.333,0,2,0.0,0,0,0.0,0,2,2,3,0,0,0,2,2,-20,1,
22023,203915,22300498,"JAN 07, 2024",BKN vs. POR,L,28,1,6,0.167,1,4,0.25,2,2,1.0,1,2,3,5,0,0,1,0,5,3,1,
22023,203915,22300481,"JAN 05, 2024",BKN vs. OKC,W,33,7,12,0.583,3,7,0.429,6,6,1.0,0,3,3,4,0,1,2,3,23,-7,1,
22023,203915,22300469,"JAN 03, 2024",BKN @ HOU,L,28,3,5,0.6,2,3,0.667,3,5,0.6,0,1,1,5,2,0,1,1,11,-16,1,
22023,203915,22300461,"JAN 02, 2024",BKN @ NOP,L,21,0,6,0.0,0,4,0.0,0,0,0.0,0,0,0,5,0,0,1,1,0,-25,1,
22023,203915,22300447,"DEC 31, 2023",BKN @ OKC,L,37,4,13,0.308,1,6,0.167,4,4,1.0,3,0,3,5,1,0,1,3,13,-12,1,
22023,203915,22300430,"DEC 29, 2023",BKN @ WAS,L,27,5,16,0.313,3,10,0.3,4,6,0.667,2,6,8,6,1,0,1,2,17,12,1,
22023,203915,22300406,"DEC 26, 2023",BKN @ DET,W,34,2,11,0.182,0,3,0.0,5,8,0.625,1,4,5,6,1,0,0,4,9,1,1,
22023,203915,22300394,"DEC 23, 2023",BKN vs. DET,W,30,5,12,0.417,2,5,0.4,2,4,0.5,1,3,4,7,1,0,1,1,14,11,1,
22023,203915,22300383,"DEC 22, 2023",BKN vs. DEN,L,33,2,4,0.5,2,4,0.5,0,0,0.0,1,0,1,3,0,0,1,3,6,-11,1,
22023,203915,22300368,"DEC 20, 2023",BKN vs. NYK,L,31,3,11,0.273,2,8,0.25,2,2,1.0,0,2,2,2,1,0,2,0,10,-27,1,
22023,203915,22300357,"DEC 18, 2023",BKN @ UTA,L,36,7,15,0.467,1,6,0.167,2,3,0.667,1,7,8,11,0,2,1,0,17,-16,1,
22023,203915,22300339,"DEC 16, 2023",BKN @ GSW,L,40,6,13,0.462,3,10,0.3,1,2,0.5,1,4,5,14,3,1,2,1,16,-6,1,
22023,203915,22300322,"DEC 14, 2023",BKN @ DEN,L,24,5,11,0.455,1,4,0.25,6,7,0.857,0,4,4,8,1,0,2,3,17,-10,1,
22023,203915,22300317,"DEC 13, 2023",BKN @ PHX,W,35,6,11,0.545,2,5,0.4,2,4,0.5,2,6,8,7,2,0,2,4,16,-10,1,
22023,203915,22300303,"DEC 11, 2023",BKN @ SAC,L,34,5,14,0.357,2,8,0.25,4,5,0.8,0,2,2,8,0,0,3,2,16,-19,1,
22023,203915,22301219,"DEC 08, 2023",BKN vs. WAS,W,33,6,15,0.4,1,6,0.167,1,1,1.0,0,3,3,9,4,0,2,3,14,19,1,
22023,203915,22301209,"DEC 06, 2023",BKN @ ATL,W,28,5,19,0.263,1,5,0.2,2,3,0.667,1,1,2,4,1,1,2,0,13,-7,1,
22023,203915,22300282,"DEC 02, 2023",BKN vs. ORL,W,35,8,15,0.533,3,7,0.429,3,4,0.75,0,4,4,3,0,0,2,2,22,21,1,
22023,203915,22300266,"NOV 30, 2023",BKN vs. CHA,L,34,3,9,0.333,1,6,0.167,2,2,1.0,0,4,4,8,0,0,1,1,9,2,1,
22023,203915,22300054,"NOV 28, 2023",BKN vs. TOR,W,38,5,17,0.294,3,11,0.273,10,10,1.0,1,8,9,8,4,0,1,0,23,15,1,
22023,203915,22300250,"NOV 26, 2023",BKN vs. CHI,W,38,7,17,0.412,3,9,0.333,7,8,0.875,2,3,5,7,1,0,2,4,24,9,1,
22023,203915,22300240,"NOV 25, 2023",BKN vs. MIA,W,36,4,9,0.444,2,7,0.286,4,4,1.0,0,2,2,11,2,0,3,2,14,17,1,
22023,203915,22300227,"NOV 22, 2023",BKN @ ATL,L,42,9,23,0.391,3,8,0.375,5,5,1.0,2,4,6,12,0,0,4,3,26,8,1,
22023,203915,22300208,"NOV 19, 2023",BKN vs. PHI,L,28,3,10,0.3,1,4,0.25,5,6,0.833,0,4,4,5,0,1,2,0,12,-21,1,
22023,203915,22300200,"NOV 16, 2023",BKN @ MIA,L,33,2,9,0.222,2,7,0.286,4,6,0.667,2,3,5,7,0,0,2,1,10,4,1,
22023,203915,22300020,"NOV 14, 2023",BKN vs. ORL,W,38,10,18,0.556,5,10,0.5,4,6,0.667,1,4,5,9,0,0,1,3,29,25,1,
22023,203915,22300178,"NOV 12, 2023",BKN vs. WAS,W,31,3,10,0.3,0,5,0.0,6,7,0.857,0,4,4,3,2,1,0,2,12,13,1,
22023,203915,22300010,"NOV 10, 2023",BKN @ BOS,L,20,3,7,0.429,3,6,0.5,3,4,0.75,0,4,4,4,0,0,2,2,12,-14,1,
22023,203915,22300160,"NOV 08, 2023",BKN vs. LAC,W,26,2,8,0.25,2,7,0.286,1,2,0.5,0,3,3,4,0,0,2,0,7,-1,1,
22023,203915,22300149,"NOV 06, 2023",BKN vs. MIL,L,24,1,4,0.25,1,3,0.333,0,0,0.0,1,2,3,3,0,0,0,0,3,13,1,
22023,203915,22300136,"NOV 04, 2023",BKN vs. BOS,L,35,8,14,0.571,3,7,0.429,0,3,0.0,0,6,6,6,0,0,1,1,19,-6,1,
22023,203915,22300004,"NOV 03, 2023",BKN @ CHI,W,31,4,7,0.571,2,4,0.5,0,0,0.0,0,3,3,9,2,0,3,0,10,15,1,
22023,203915,22300101,"OCT 30, 2023",BKN @ CHA,W,13,2,6,0.333,1,3,0.333,0,0,0.0,0,1,1,3,0,0,1,2,5,14,1,
22023,203915,22300084,"OCT 27, 2023",BKN @ DAL,L,40,8,17,0.471,6,12,0.5,1,2,0.5,0,3,3,8,0,0,2,4,23,4,1,
22023,203915,22300067,"OCT 25, 2023",BKN vs. CLE,L,24,1,3,0.333,1,3,0.333,2,2,1.0,0,1,1,3,0,0,1,2,5,-10,1,
22023,203924,22300791,"FEB 15, 2024",POR vs. MIN,L,33,6,14,0.429,2,4,0.5,6,6,1.0,1,1,2,0,0,1,0,2,20,-19,1,
22023,203924,22300775,"FEB 13, 2024",POR vs. MIN,L,35,5,17,0.294,2,7,0.286,0,0,0.0,1,0,1,4,1,0,3,3,12,-17,1,
22023,203924,22300758,"FEB 10, 2024",POR vs. NOP,L,41,7,17,0.412,2,5,0.4,8,12,0.667,2,3,5,4,0,0,4,2,24,-7,1,
22023,203924,22300741,"FEB 08, 2024",POR vs. DET,L,45,14,29,0.483,3,6,0.5,18,20,0.9,2,6,8,6,0,0,4,5,49,-5,1,
22023,203924,22300683,"JAN 31, 2024",POR vs. MIL,W,38,7,14,0.5,0,1,0.0,4,4,1.0,0,3,3,4,2,0,0,3,18,2,1,
22023,203924,22300668,"JAN 29, 2024",POR vs. PHI,W,31,7,13,0.538,1,2,0.5,12,13,0.923,3,2,5,3,0,1,3,4,27,29,1,
22023,203924,22300656,"JAN 28, 2024",POR vs. CHI,L,37,5,12,0.417,1,6,0.167,13,16,0.813,0,7,7,2,0,1,2,2,24,-2,1,
22023,203924,22300641,"JAN 26, 2024",POR @ SAS,L,10,2,6,0.333,0,1,0.0,0,0,0.0,0,1,1,2,0,0,1,1,4,7,1,
22023,203924,22300623,"JAN 24, 2024",POR @ HOU,W,43,5,12,0.417,2,5,0.4,9,11,0.818,0,5,5,9,0,2,1,0,21,15,1,
22023,203924,22300617,"JAN 23, 2024",POR @ OKC,L,30,6,10,0.6,4,5,0.8,2,4,0.5,0,5,5,1,1,1,1,0,18,-8,1,
22023,203924,22300605,"JAN 21, 2024",POR @ LAL,L,33,6,15,0.4,0,3,0.0,5,5,1.0,1,2,3,3,1,1,1,3,17,-14,1,
22023,203924,22300590,"JAN 19, 2024",POR vs. IND,W,43,14,28,0.5,1,4,0.25,8,11,0.727,1,3,4,3,1,2,1,2,37,2,1,
22023,203924,22300578,"JAN 17, 2024",POR vs. BKN,W,36,14,26,0.538,2,4,0.5,0,0,0.0,4,4,8,1,0,0,2,1,30,12,1,
22023,203924,22300538,"JAN 12, 2024",POR @ MIN,L,31,4,15,0.267,2,7,0.286,3,3,1.0,0,0,0,1,2,0,0,3,13,-36,1,
22023,203924,22300529,"JAN 11, 2024",POR @ OKC,L,25,4,10,0.4,1,3,0.333,0,0,0.0,0,2,2,2,1,1,0,2,9,-40,1,
22023,203924,22300514,"JAN 09, 2024",POR @ NYK,L,28,8,16,0.5,1,4,0.25,4,6,0.667,0,2,2,0,0,0,1,2,21,-31,1,
22023,203924,22300498,"JAN 07, 2024",POR @ BKN,W,42,11,24,0.458,3,7,0.429,2,2,1.0,0,2,2,1,1,1,0,2,27,0,1,
22023,203924,22300487,"JAN 05, 2024",POR @ DAL,L,23,6,11,0.545,2,3,0.667,4,5,0.8,0,1,1,3,3,1,1,1,18,-24,1,
22023,203924,22300472,"JAN 03, 2024",POR @ DAL,L,20,4,9,0.444,1,3,0.333,1,3,0.333,0,1,1,2,0,0,3,3,10,-13,1,
22023,203924,22300456,"JAN 01, 2024",POR @ PHX,L,25,6,12,0.5,1,3,0.333,2,3,0.667,0,1,1,3,1,1,3,1,15,-13,1,
22023,203924,22300437,"DEC 29, 2023",POR vs. SAS,W,39,9,17,0.529,4,5,0.8,5,6,0.833,0,6,6,4,0,0,4,2,27,6,1,
22023,203924,22300427,"DEC 28, 2023",POR vs. SAS,L,41,9,21,0.429,1,5,0.2,10,13,0.769,3,7,10,5,0,0,4,4,29,-7,1,
22023,203924,22300413,"DEC 26, 2023",POR vs. SAC,W,28,5,10,0.5,1,3,0.333,2,3,0.667,0,2,2,2,0,1,0,1,13,-3,1,
22023,203924,22300399,"DEC 23, 2023",POR @ GSW,L,32,5,12,0.417,1,4,0.25,6,8,0.75,1,1,2,3,0,0,2,3,17,-20,1,
22023,203924,22300381,"DEC 21, 2023",POR vs. WAS,L,32,6,14,0.429,4,7,0.571,4,7,0.571,1,1,2,4,1,0,2,4,20,-15,1,
22023,203924,22300363,"DEC 19, 2023",POR vs. PHX,W,36,8,15,0.533,3,4,0.75,3,3,1.0,0,1,1,4,0,2,2,2,22,-10,1,
22023,203924,22300348,"DEC 17, 2023",POR vs. GSW,L,41,11,19,0.579,3,9,0.333,5,5,1.0,1,6,7,6,1,0,3,4,30,-13,1,
22023,203924,22300341,"DEC 16, 2023",POR vs. DAL,L,38,12,20,0.6,1,4,0.25,2,3,0.667,1,4,5,1,0,0,0,2,27,-8,1,
22023,203924,22300289,"DEC 02, 2023",POR @ UTA,L,26,1,9,0.111,0,5,0.0,7,7,1.0,0,3,3,0,0,1,3,2,9,-12,1,
22023,203924,22300265,"NOV 30, 2023",POR @ CLE,W,28,4,12,0.333,3,6,0.5,2,2,1.0,0,2,2,3,2,1,3,4,13,6,1,
22023,203924,22300254,"NOV 27, 2023",POR @ IND,W,38,12,18,0.667,3,3,1.0,7,7,1.0,1,6,7,3,0,3,1,1,34,3,1,
22023,203924,22300245,"NOV 26, 2023",POR @ MIL,L,39,7,18,0.389,3,6,0.5,5,6,0.833,1,1,2,2,4,0,4,3,22,-8,1,
22023,203924,22300237,"NOV 22, 2023",POR vs. UTA,W,32,10,13,0.769,5,6,0.833,5,6,0.833,0,2,2,4,1,1,2,3,30,25,1,
22023,203924,22300041,"NOV 21, 2023",POR @ PHX,L,36,8,19,0.421,5,8,0.625,5,6,0.833,1,3,4,6,1,1,1,1,26,-7,1,
22023,203924,22300215,"NOV 19, 2023",POR vs. OKC,L,27,4,12,0.333,1,5,0.2,5,6,0.833,0,0,0,1,1,0,2,1,14,-25,1,
22023,203924,22300036,"NOV 17, 2023",POR vs. LAL,L,40,8,20,0.4,4,9,0.444,4,4,1.0,0,4,4,3,1,0,1,0,24,-14,1,
22023,203924,22300199,"NOV 15, 2023",POR vs. CLE,L,32,7,17,0.412,1,6,0.167,2,2,1.0,0,3,3,2,2,0,3,2,17,4,1,
22023,203924,22300023,"NOV 14, 2023",POR @ UTA,L,27,10,17,0.588,3,6,0.5,3,4,0.75,0,2,2,1,0,1,2,3,26,-11,1,
22023,203924,22300187,"NOV 12, 2023",POR @ LAL,L,41,8,17,0.471,3,6,0.5,4,5,0.8,0,5,5,1,0,1,2,3,23,-15,1,
22023,203924,22300170,"NOV 08, 2023",POR @ SAC,L,46,12,25,0.48,5,8,0.625,9,12,0.75,1,8,9,5,0,3,4,2,38,7,1,
22023,203924,22300144,"NOV 05, 2023",POR vs. MEM,L,38,10,22,0.455,4,13,0.308,3,4,0.75,2,1,3,3,0,0,2,3,27,-22,1,
22023,203924,22300007,"NOV 03, 2023",POR vs. MEM,W,44,9,23,0.391,3,7,0.429,5,9,0.556,2,6,8,3,0,1,3,0,26,9,1,
22023,203924,22300115,"NOV 01, 2023",POR @ DET,W,38,7,16,0.438,2,4,0.5,8,10,0.8,0,1,1,0,1,0,4,4,24,15,1,
22023,203924,22300105,"OCT 30, 2023",POR @ TOR,W,37,8,18,0.444,2,8,0.25,4,4,1.0,1,5,6,0,1,1,2,2,22,8,1,
22023,203924,22300098,"OCT 29, 2023",POR @ PHI,L,28,5,16,0.313,1,4,0.25,6,7,0.857,2,3,5,1,0,2,2,2,17,-29,1,
22023,203924,22300086,"OCT 27, 2023",POR vs. ORL,L,36,4,14,0.286,1,5,0.2,6,7,0.857,0,4,4,3,2,0,3,5,15,2,1,
22023,203924,22300074,"OCT 25, 2023",POR @ LAC,L,30,5,12,0.417,0,4,0.0,3,4,0.75,2,1,3,1,0,1,3,1,13,-22,1,
22023,203925,22300732,"FEB 07, 2024",DET @ SAC,W,12,1,3,0.333,0,1,0.0,0,0,0.0,0,0,0,0,0,0,0,1,2,-5,1,
22023,203925,22300558,"JAN 15, 2024",DET @ WAS,W,5,0,0,0.0,0,0,0.0,0,0,0.0,0,0,0,1,0,0,1,0,0,-10,1,
22023,203925,22300519,"JAN 10, 2024",DET vs. SAS,L,6,0,0,0.0,0,0,0.0,0,0,0.0,0,1,1,0,0,0,0,1,0,3,1,
22023,203925,22300512,"JAN 09, 2024",DET vs. SAC,L,9,3,5,0.6,3,5,0.6,0,0,0.0,0,1,1,0,0,0,0,2,9,2,1,
22023,203925,22300394,"DEC 23, 2023",DET @ BKN,L,7,0,0,0.0,0,0,0.0,0,0,0.0,0,1,1,0,0,0,0,0,0,-7,1,
22023,203925,22300352,"DEC 18, 2023",DET @ ATL,L,12,0,1,0.0,0,1,0.0,1,2,0.5,1,1,2,2,1,1,0,1,1,1,1,
22023,203925,22300334,"DEC 16, 2023",DET @ MIL,L,7,0,1,0.0,0,1,0.0,0,0,0.0,0,0,0,0,0,0,0,1,0,-4,1,
22023,203925,22300327,"DEC 15, 2023",DET @ PHI,L,11,1,3,0.333,1,3,0.333,0,0,0.0,0,1,1,1,0,0,0,1,3,-8,1,
22023,203925,22301217,"DEC 08, 2023",DET @ ORL,L,4,0,1,0.0,0,0,0.0,0,0,0.0,0,0,0,0,0,1,0,0,0,-7,1,
22023,203925,22300140,"NOV 05, 2023",DET vs. PHX,L,13,0,2,0.0,0,2,0.0,0,0,0.0,0,1,1,1,0,0,0,1,0,-5,1,
22023,203925,22300129,"NOV 02, 2023",DET @ NOP,L,24,3,8,0.375,2,6,0.333,0,0,0.0,1,2,3,1,1,0,1,4,8,6,1,
22023,203925,22300115,"NOV 01, 2023",DET vs. POR,L,17,4,7,0.571,3,6,0.5,0,0,0.0,1,1,2,1,0,0,0,1,11,-10,1,
22023,203925,22300109,"OCT 30, 2023",DET @ OKC,L,10,0,1,0.0,0,0,0.0,0,0,0.0,0,0,0,1,0,0,1,2,0,-5,1,
22023,203925,22300088,"OCT 28, 2023",DET vs. CHI,W,11,1,2,0.5,1,2,0.5,0,0,0.0,0,1,1,1,0,0,1,0,3,1,1,
22023,203925,22300077,"OCT 27, 2023",DET @ CHA,W,11,1,3,0.333,0,1,0.0,0,0,0.0,0,0,0,1,1,0,0,2,2,3,1,
22023,203925,22300068,"OCT 25, 2023",DET @ MIA,L,12,0,2,0.0,0,2,0.0,0,0,0.0,0,0,0,0,0,0,0,2,0,-5,1,
22023,203926,22300782,"FEB 14, 2024",IND @ TOR,W,23,5,12,0.417,3,9,0.333,0,0,0.0,1,0,1,0,0,0,1,0,13,3,1,
22023,203926,22300761,"FEB 12, 2024",IND @ CHA,L,8,0,4,0.0,0,4,0.0,0,0,0.0,0,0,0,1,0,0,0,1,0,-12,1,
22023,203926,22300755,"FEB 10, 2024",IND @ NYK,W,7,0,1,0.0,0,1,0.0,0,0,0.0,0,0,0,0,0,0,0,1,0,-1,1,
22023,203926,22300730,"FEB 07, 2024",SAS @ MIA,L,10,1,3,0.333,1,3,0.333,0,0,0.0,0,1,1,0,0,0,0,1,3,-1,1,
22023,203926,22300703,"FEB 03, 2024",SAS vs. CLE,L,20,3,5,0.6,2,3,0.667,0,0,0.0,0,0,0,3,1,0,0,3,8,-7,1,
22023,203926,22300696,"FEB 02, 2024",SAS vs. NOP,L,12,2,5,0.4,2,5,0.4,0,0,0.0,0,2,2,0,0,0,0,0,6,-8,1,
22023,203926,22300681,"JAN 31, 2024",SAS vs. ORL,L,12,1,6,0.167,0,4,0.0,0,2,0.0,0,1,1,0,0,0,1,0,2,4,1,
22023,203926,22300665,"JAN 29, 2024",SAS vs. WAS,L,10,2,4,0.5,2,4,0.5,0,0,0.0,1,0,1,1,0,0,0,2,6,-5,1,
22023,203926,22300649,"JAN 27, 2024",SAS vs. MIN,W,17,3,5,0.6,3,5,0.6,0,0,0.0,0,1,1,1,0,0,0,0,9,11,1,
22023,203926,22300641,"JAN 26, 2024",SAS vs. POR,W,14,0,2,0.0,0,2,0.0,0,0,0.0,0,0,0,2,0,0,0,1,0,13,1,
22023,203926,22300622,"JAN 24, 2024",SAS vs. OKC,L,17,3,6,0.5,2,4,0.5,0,0,0.0,0,1,1,3,0,0,3,1,8,-3,1,
22023,203926,22300608,"JAN 22, 2024",SAS @ PHI,L,22,5,12,0.417,3,9,0.333,0,0,0.0,3,2,5,0,0,0,2,1,13,-7,1,
22023,203926,22300594,"JAN 20, 2024",SAS @ WAS,W,10,1,2,0.5,1,2,0.5,0,0,0.0,0,0,0,1,0,0,0,2,3,-17,1,
22023,203926,22300584,"JAN 19, 2024",SAS @ CHA,L,9,0,2,0.0,0,1,0.0,0,0,0.0,0,0,0,2,1,0,1,0,0,7,1,
22023,203926,22300571,"JAN 17, 2024",SAS @ BOS,L,12,1,4,0.25,0,2,0.0,0,0,0.0,0,0,0,1,0,0,0,1,2,-15,1,
22023,203926,22300559,"JAN 15, 2024",SAS @ ATL,L,15,2,5,0.4,2,5,0.4,0,0,0.0,0,1,1,0,0,0,0,1,6,2,1,
22023,203926,22300541,"JAN 12, 2024",SAS vs. CHA,W,12,4,6,0.667,4,6,0.667,2,3,0.667,0,2,2,0,0,0,0,0,14,13,1,
22023,203926,22300519,"JAN 10, 2024",SAS @ DET,W,15,5,6,0.833,4,5,0.8,0,0,0.0,0,2,2,0,0,0,0,0,14,-3,1,
22023,203926,22300460,"JAN 02, 2024",SAS @ MEM,L,16,1,4,0.25,1,4,0.25,0,0,0.0,0,0,0,0,0,0,0,0,3,-9,1,
22023,203926,22300448,"DEC 31, 2023",SAS vs. BOS,L,16,0,3,0.0,0,3,0.0,0,0,0.0,0,0,0,1,0,0,1,1,0,-10,1,
22023,203926,22300437,"DEC 29, 2023",SAS @ POR,L,23,6,9,0.667,6,8,0.75,0,0,0.0,0,1,1,1,0,0,2,1,18,12,1,
22023,203926,22300427,"DEC 28, 2023",SAS @ POR,W,16,3,4,0.75,2,3,0.667,0,0,0.0,0,1,1,1,0,0,0,0,8,-3,1,
22023,203926,22300412,"DEC 26, 2023",SAS vs. UTA,L,11,0,2,0.0,0,2,0.0,0,0,0.0,0,0,0,0,0,0,0,0,0,-10,1,
22023,203926,22300398,"DEC 23, 2023",SAS @ DAL,L,6,0,0,0.0,0,0,0.0,0,2,0.0,0,0,0,0,0,0,0,0,0,4,1,
22023,203926,22300376,"DEC 21, 2023",SAS @ CHI,L,12,1,4,0.25,1,4,0.25,0,0,0.0,0,0,0,1,1,0,0,3,3,-11,1,
22023,203926,22300361,"DEC 19, 2023",SAS @ MIL,L,13,0,2,0.0,0,1,0.0,0,0,0.0,0,2,2,2,0,0,0,3,0,0,1,
22023,203926,22300345,"DEC 17, 2023",SAS vs. NOP,L,15,2,7,0.286,1,5,0.2,2,2,1.0,1,1,2,1,0,0,0,1,7,-26,1,
22023,203926,22300331,"DEC 15, 2023",SAS vs. LAL,W,17,2,4,0.5,2,4,0.5,0,0,0.0,0,1,1,0,0,0,1,1,6,-2,1,
22023,203926,22300316,"DEC 13, 2023",SAS vs. LAL,L,15,1,5,0.2,1,3,0.333,0,0,0.0,0,1,1,1,1,0,0,0,3,-9,1,
22023,203926,22300298,"DEC 11, 2023",SAS @ HOU,L,15,2,5,0.4,2,5,0.4,0,0,0.0,0,0,0,1,1,0,0,0,6,-2,1,
22023,203926,22301223,"DEC 08, 2023",SAS vs. CHI,L,15,3,6,0.5,3,4,0.75,0,0,0.0,0,1,1,1,0,0,1,2,9,10,1,
22023,203926,22301210,"DEC 06, 2023",SAS @ MIN,L,22,3,8,0.375,3,8,0.375,2,2,1.0,0,3,3,2,0,0,0,1,11,2,1,
22023,203926,22300252,"NOV 26, 2023",SAS @ DEN,L,12,0,2,0.0,0,2,0.0,0,0,0.0,0,0,0,1,0,0,0,0,0,-12,1,
22023,203926,22300051,"NOV 24, 2023",SAS @ GSW,L,19,3,6,0.5,1,3,0.333,0,0,0.0,1,0,1,4,3,0,0,0,7,-1,1,
22023,203926,22300235,"NOV 22, 2023",SAS vs. LAC,L,14,1,2,0.5,1,2,0.5,0,0,0.0,0,2,2,1,0,1,3,2,3,4,1,
22023,203926,22300223,"NOV 20, 2023",SAS vs. LAC,L,14,1,3,0.333,1,3,0.333,0,0,0.0,0,2,2,2,0,0,0,1,3,-8,1,
22023,203926,22300206,"NOV 18, 2023",SAS vs. MEM,L,16,2,5,0.4,1,3,0.333,0,0,0.0,0,0,0,2,1,0,0,3,5,-8,1,
22023,203926,22300032,"NOV 17, 2023",SAS vs. SAC,L,16,2,4,0.5,1,2,0.5,1,2,0.5,0,0,0,3,0,0,0,1,6,16,1,
22023,203926,22300021,"NOV 14, 2023",SAS @ OKC,L,18,2,4,0.5,1,2,0.5,0,0,0.0,0,1,1,1,0,0,4,0,5,-18,1,
22023,203926,22300184,"NOV 12, 2023",SAS vs. MIA,L,21,3,4,0.75,2,3,0.667,0,0,0.0,1,2,3,5,0,0,0,2,8,-3,1,
22023,203926,22300013,"NOV 10, 2023",SAS vs. MIN,L,14,1,4,0.25,1,3,0.333,0,0,0.0,0,0,0,1,0,0,0,2,3,3,1,
22023,203926,22300161,"NOV 08, 2023",SAS @ NYK,L,22,4,9,0.444,3,8,0.375,0,0,0.0,1,2,3,1,0,0,3,3,11,-5,1,
22023,203926,22300146,"NOV 06, 2023",SAS @ IND,L,20,5,9,0.556,4,6,0.667,3,4,0.75,0,1,1,4,0,0,0,1,17,-18,1,
22023,203926,22300141,"NOV 05, 2023",SAS vs. TOR,L,24,4,8,0.5,4,8,0.5,0,0,0.0,0,1,1,2,0,0,2,2,12,0,1,
22023,203926,22300131,"NOV 02, 2023",SAS @ PHX,W,16,2,4,0.5,2,3,0.667,0,0,0.0,0,0,0,0,1,0,0,0,6,-17,1,
22023,203926,22300113,"OCT 31, 2023",SAS @ PHX,W,15,2,3,0.667,2,2,1.0,0,0,0.0,0,1,1,1,1,0,0,1,6,0,1,
22023,203926,22300099,"OCT 29, 2023",SAS @ LAC,L,15,3,6,0.5,2,4,0.5,0,0,0.0,0,3,3,2,0,0,0,3,8,-8,1,
22023,203926,22300083,"OCT 27, 2023",SAS vs. HOU,W,16,3,5,0.6,2,4,0.5,0,0,0.0,0,0,0,0,0,0,0,0,8,-4,1,
22023,203926,22300073,"OCT 25, 2023",SAS vs. DAL,L,11,0,1,0.0,0,1,0.0,0,0,0.0,0,1,1,1,0,1,0,1,0,-7,1,
22023,203932,22300786,"FEB 14, 2024",DEN vs. SAC,L,33,8,15,0.533,1,2,0.5,8,8,1.0,3,12,15,2,0,0,4,0,25,1,1,
22023,203932,22300767,"FEB 12, 2024",DEN @ MIL,L,28,6,11,0.545,2,4,0.5,0,0,0.0,1,6,7,2,1,2,1,2,14,1,1,
22023,203932,22300746,"FEB 09, 2024",DEN @ SAC,L,27,5,8,0.625,1,2,0.5,3,6,0.5,2,1,3,2,0,1,2,0,14,-28,1,
22023,203932,22300740,"FEB 08, 2024",DEN @ LAL,W,32,5,8,0.625,0,2,0.0,1,2,0.5,0,4,4,3,2,1,1,1,11,18,1,
22023,203932,22300712,"FEB 04, 2024",DEN vs. POR,W,30,4,8,0.5,0,1,0.0,4,4,1.0,3,4,7,2,0,0,0,3,12,-3,1,
22023,203932,22300697,"FEB 02, 2024",DEN vs. POR,W,28,7,9,0.778,1,1,1.0,3,3,1.0,2,2,4,5,0,0,3,4,18,20,1,
22023,203932,22300682,"JAN 31, 2024",DEN @ OKC,L,39,7,16,0.438,1,3,0.333,1,6,0.167,4,9,13,7,1,4,1,2,16,7,1,
22023,203932,22300667,"JAN 29, 2024",DEN vs. MIL,W,25,2,6,0.333,1,2,0.5,3,4,0.75,2,4,6,2,0,1,2,6,8,-9,1,
22023,203932,22300644,"JAN 27, 2024",DEN vs. PHI,W,31,6,8,0.75,2,3,0.667,4,6,0.667,2,2,4,2,1,0,1,1,18,6,1,
22023,203932,22300631,"JAN 25, 2024",DEN @ NYK,L,30,5,10,0.5,0,1,0.0,2,2,1.0,1,4,5,2,1,0,1,2,12,-28,1,
22023,203932,22300614,"JAN 23, 2024",DEN @ IND,W,32,3,5,0.6,0,1,0.0,3,3,1.0,0,1,1,1,0,2,0,3,9,5,1,
22023,203932,22300602,"JAN 21, 2024",DEN @ WAS,W,31,4,10,0.4,0,0,0.0,3,7,0.429,3,7,10,2,1,3,1,0,11,12,1,
22023,203932,22300586,"JAN 19, 2024",DEN @ BOS,W,42,0,6,0.0,0,3,0.0,2,3,0.667,2,8,10,3,0,1,1,3,2,1,1,
22023,203932,22300566,"JAN 16, 2024",DEN @ PHI,L,39,7,11,0.636,0,1,0.0,2,6,0.333,3,3,6,4,0,0,2,5,16,0,1,
22023,203932,22300550,"JAN 14, 2024",DEN vs. IND,W,37,7,10,0.7,0,1,0.0,6,8,0.75,1,9,10,3,0,0,2,0,20,17,1,
22023,203932,22300539,"JAN 12, 2024",DEN vs. NOP,W,31,7,12,0.583,0,2,0.0,1,3,0.333,3,2,5,2,0,0,2,2,15,9,1,
22023,203932,22300524,"JAN 10, 2024",DEN @ UTA,L,29,5,6,0.833,2,2,1.0,0,0,0.0,2,3,5,4,1,0,2,4,12,-20,1,
22023,203932,22300502,"JAN 07, 2024",DEN vs. DET,W,20,3,4,0.75,0,0,0.0,2,2,1.0,1,0,1,1,1,0,0,0,8,10,1,
22023,203932,22300488,"JAN 05, 2024",DEN vs. ORL,L,36,5,8,0.625,2,4,0.5,4,5,0.8,3,5,8,3,0,0,1,4,16,-4,1,
22023,203932,22300478,"JAN 04, 2024",DEN @ GSW,W,35,11,17,0.647,2,4,0.5,6,7,0.857,5,4,9,2,0,1,0,2,30,6,1,
22023,203932,22300455,"JAN 01, 2024",DEN vs. CHA,W,25,4,5,0.8,1,1,1.0,1,2,0.5,1,1,2,0,1,1,0,0,10,29,1,
22023,203932,22300402,"DEC 25, 2023",DEN vs. GSW,W,32,7,10,0.7,1,4,0.25,1,4,0.25,4,6,10,3,1,0,2,2,16,13,1,
22023,203932,22300390,"DEC 23, 2023",DEN @ CHA,W,32,5,11,0.455,0,0,0.0,4,5,0.8,2,0,2,1,1,1,2,1,14,12,1,
22023,203932,22300383,"DEC 22, 2023",DEN @ BKN,W,32,5,6,0.833,0,0,0.0,8,9,0.889,2,3,5,2,1,0,1,1,18,19,1,
22023,203932,22300369,"DEC 20, 2023",DEN @ TOR,W,30,6,9,0.667,0,1,0.0,0,0,0.0,3,2,5,2,0,0,1,1,12,14,1,
22023,203932,22300356,"DEC 18, 2023",DEN vs. DAL,W,24,7,9,0.778,2,3,0.667,5,6,0.833,1,4,5,5,1,0,0,1,21,18,1,
22023,203932,22300340,"DEC 16, 2023",DEN vs. OKC,L,33,5,10,0.5,0,0,0.0,6,7,0.857,6,3,9,5,2,0,0,2,16,-7,1,
22023,203932,22300322,"DEC 14, 2023",DEN vs. BKN,W,24,6,9,0.667,0,1,0.0,1,1,1.0,0,3,3,2,1,1,2,0,13,16,1,
22023,203932,22300307,"DEC 12, 2023",DEN @ CHI,W,32,6,13,0.462,1,2,0.5,1,2,0.5,5,2,7,6,0,0,0,1,14,8,1,
22023,203932,22300296,"DEC 11, 2023",DEN @ ATL,W,29,7,10,0.7,0,0,0.0,4,5,0.8,7,5,12,1,0,0,2,2,18,9,1,
22023,203932,22301224,"DEC 08, 2023",DEN vs. HOU,L,22,1,5,0.2,0,2,0.0,1,5,0.2,1,5,6,3,0,0,1,1,3,-12,1,
22023,203932,22301215,"DEC 06, 2023",DEN @ LAC,L,31,4,9,0.444,0,0,0.0,0,0,0.0,2,4,6,2,2,0,0,2,8,6,1,
22023,203932,22300290,"DEC 02, 2023",DEN @ SAC,L,33,8,13,0.615,1,3,0.333,0,0,0.0,4,3,7,3,0,1,1,1,17,-11,1,
22023,203932,22300048,"NOV 24, 2023",DEN @ HOU,L,39,0,12,0.0,0,4,0.0,2,4,0.5,3,4,7,2,0,0,1,1,2,-9,1,
22023,203932,22300226,"NOV 22, 2023",DEN @ ORL,L,37,7,16,0.438,1,3,0.333,0,2,0.0,7,3,10,1,2,0,2,3,15,4,1,
22023,203932,22300218,"NOV 20, 2023",DEN @ DET,W,37,4,11,0.364,0,1,0.0,3,4,0.75,5,4,9,7,1,0,2,1,11,-2,1,
22023,203932,22300210,"NOV 19, 2023",DEN @ CLE,L,32,4,11,0.364,0,2,0.0,3,6,0.5,2,2,4,5,1,2,1,2,11,-18,1,
22023,203932,22300034,"NOV 17, 2023",DEN @ NOP,L,39,7,14,0.5,0,4,0.0,0,3,0.0,1,7,8,2,1,0,0,4,14,1,1,
22023,203932,22300024,"NOV 14, 2023",DEN vs. LAC,W,39,8,12,0.667,1,2,0.5,3,3,1.0,1,4,5,5,0,0,3,1,20,2,1,
22023,203932,22300182,"NOV 12, 2023",DEN @ HOU,L,39,6,10,0.6,1,2,0.5,3,6,0.5,1,7,8,5,0,2,2,2,16,8,1,
22023,203932,22300169,"NOV 08, 2023",DEN vs. GSW,W,34,5,14,0.357,1,2,0.5,3,4,0.75,4,7,11,3,3,1,2,2,14,12,1,
22023,203932,22300156,"NOV 06, 2023",DEN vs. NOP,W,36,7,11,0.636,0,2,0.0,1,2,0.5,5,7,12,6,0,1,2,1,15,8,1,
22023,203932,22300139,"NOV 04, 2023",DEN vs. CHI,W,35,4,9,0.444,1,3,0.333,6,8,0.75,3,9,12,5,2,1,3,2,15,26,1,
22023,203932,22300006,"NOV 03, 2023",DEN vs. DAL,W,35,8,17,0.471,2,6,0.333,0,0,0.0,2,6,8,6,2,1,4,2,18,22,1,
22023,203932,22300123,"NOV 01, 2023",DEN @ MIN,L,18,2,3,0.667,0,1,0.0,0,0,0.0,1,1,2,2,0,1,2,4,4,-13,1,
22023,203932,22300110,"OCT 30, 2023",DEN vs. UTA,W,33,10,12,0.833,0,0,0.0,1,4,0.25,3,4,7,2,0,0,3,2,21,8,1,
22023,203932,22300095,"OCT 29, 2023",DEN @ OKC,W,23,4,7,0.571,0,1,0.0,1,3,0.333,1,2,3,2,1,3,1,1,9,22,1,
22023,203932,22300078,"OCT 27, 2023",DEN @ MEM,W,30,5,11,0.455,0,1,0.0,0,1,0.0,1,1,2,3,3,1,1,3,10,8,1,
22023,203932,22300061,"OCT 24, 2023",DEN vs. LAL,W,35,7,11,0.636,1,2,0.5,0,0,0.0,2,5,7,5,2,1,0,0,15,6,1,
22023,203935,22300515,"JAN 09, 2024",MEM @ DAL,W,21,9,16,0.563,4,8,0.5,1,1,1.0,0,4,4,1,2,0,1,0,23,16,1,
22023,203935,22300503,"JAN 07, 2024",MEM @ PHX,W,38,9,20,0.45,4,13,0.308,3,5,0.6,0,6,6,8,3,0,5,2,25,10,1,
22023,203935,22300491,"JAN 05, 2024",MEM @ LAL,W,39,9,16,0.563,8,14,0.571,3,4,0.75,1,1,2,5,1,0,3,2,29,13,1,
22023,203935,22300470,"JAN 03, 2024",MEM vs. TOR,L,33,2,10,0.2,0,5,0.0,2,3,0.667,0,5,5,2,1,0,3,4,6,11,1,
22023,203935,22300460,"JAN 02, 2024",MEM vs. SAS,W,30,1,7,0.143,0,4,0.0,3,4,0.75,1,1,2,3,0,0,3,3,5,2,1,
22023,203935,22300449,"DEC 31, 2023",MEM vs. SAC,L,31,4,11,0.364,0,4,0.0,4,7,0.571,0,1,1,2,3,0,2,2,12,-15,1,
22023,203935,22300438,"DEC 29, 2023",MEM @ LAC,L,32,7,14,0.5,4,11,0.364,4,4,1.0,0,2,2,2,3,0,2,0,22,-5,1,
22023,203935,22300425,"DEC 28, 2023",MEM @ DEN,L,23,6,14,0.429,2,6,0.333,3,4,0.75,1,2,3,5,1,0,3,1,17,-7,1,
22023,203935,22300410,"DEC 26, 2023",MEM @ NOP,W,29,4,10,0.4,2,8,0.25,3,3,1.0,0,1,1,3,5,1,3,4,13,9,1,
22023,203935,22300026,"NOV 14, 2023",MEM @ LAL,L,8,1,3,0.333,1,2,0.5,0,0,0.0,0,1,1,1,1,1,0,0,3,-7,1,
22023,203935,22300179,"NOV 12, 2023",MEM @ LAC,W,36,5,12,0.417,3,7,0.429,4,4,1.0,0,3,3,7,0,0,5,3,17,16,1,
22023,203935,22300012,"NOV 10, 2023",MEM vs. UTA,L,25,3,9,0.333,0,4,0.0,2,2,1.0,0,1,1,2,0,1,1,6,8,10,1,
22023,203935,22300164,"NOV 08, 2023",MEM vs. MIA,L,32,4,14,0.286,0,3,0.0,3,4,0.75,0,4,4,7,2,0,3,4,11,-17,1,
22023,203935,22300144,"NOV 05, 2023",MEM @ POR,W,29,4,9,0.444,2,5,0.4,0,0,0.0,0,2,2,5,2,0,3,3,10,10,1,
22023,203935,22300007,"NOV 03, 2023",MEM @ POR,L,39,4,12,0.333,0,5,0.0,0,0,0.0,1,2,3,4,1,0,5,2,8,-19,1,
22023,203935,22300125,"NOV 01, 2023",MEM @ UTA,L,28,4,11,0.364,1,7,0.143,2,2,1.0,0,2,2,6,4,0,5,3,11,-28,1,
22023,203935,22300106,"OCT 30, 2023",MEM vs. DAL,L,35,9,17,0.529,5,10,0.5,0,0,0.0,1,4,5,9,3,0,6,6,23,-1,1,
22023,203935,22300089,"OCT 28, 2023",MEM @ WAS,L,32,4,8,0.5,1,5,0.2,0,0,0.0,0,4,4,6,2,2,2,2,9,-14,1,
22023,203935,22300078,"OCT 27, 2023",MEM vs. DEN,L,31,7,13,0.538,3,7,0.429,3,3,1.0,1,1,2,5,5,0,2,3,20,-6,1,
22023,203935,22300071,"OCT 25, 2023",MEM vs. NOP,L,32,6,11,0.545,2,6,0.333,3,6,0.5,0,0,0,3,2,0,5,3,17,3,1,
22023,203937,22300791,"FEB 15, 2024",MIN @ POR,W,21,1,4,0.25,0,0,0.0,0,0,0.0,2,5,7,3,0,0,2,1,2,16,1,
22023,203937,22300775,"FEB 13, 2024",MIN @ POR,W,22,1,3,0.333,0,0,0.0,6,6,1.0,0,3,3,8,0,0,0,0,8,29,1,
22023,203937,22300770,"FEB 12, 2024",MIN @ LAC,W,20,2,6,0.333,1,1,1.0,0,0,0.0,1,1,2,6,2,0,0,1,5,9,1,
22023,203937,22300738,"FEB 08, 2024",MIN @ MIL,W,24,3,3,1.0,0,0,0.0,2,2,1.0,3,2,5,6,3,0,3,1,8,9,1,
22023,203937,22300723,"FEB 06, 2024",MIN @ CHI,L,16,1,2,0.5,0,0,0.0,0,0,0.0,1,1,2,3,0,0,1,1,2,-4,1,
22023,203937,22300709,"FEB 04, 2024",MIN vs. HOU,W,17,3,5,0.6,0,1,0.0,0,0,0.0,1,1,2,4,1,1,0,2,6,-7,1,
22023,203937,22300694,"FEB 02, 2024",MIN vs. ORL,L,16,3,6,0.5,1,1,1.0,0,0,0.0,1,2,3,4,0,1,0,2,7,10,1,
22023,203937,22300680,"JAN 31, 2024",MIN vs. DAL,W,16,2,2,1.0,0,0,0.0,1,2,0.5,1,2,3,3,0,0,1,0,5,14,1,
22023,203937,22300664,"JAN 29, 2024",MIN @ OKC,W,17,1,4,0.25,0,0,0.0,0,0,0.0,1,2,3,3,1,0,0,2,2,-5,1,
22023,203937,22300649,"JAN 27, 2024",MIN @ SAS,L,19,2,6,0.333,0,0,0.0,0,2,0.0,2,1,3,1,1,0,1,0,4,-5,1,
22023,203937,22300629,"JAN 25, 2024",MIN @ BKN,W,18,1,3,0.333,0,0,0.0,1,2,0.5,1,2,3,5,2,0,1,0,3,-1,1,
22023,203937,22300620,"JAN 24, 2024",MIN @ WAS,W,22,1,4,0.25,0,0,0.0,1,2,0.5,1,4,5,5,0,0,0,1,3,-3,1,
22023,203937,22300610,"JAN 22, 2024",MIN vs. CHA,L,22,1,2,0.5,0,0,0.0,3,3,1.0,1,3,4,8,0,0,1,1,5,-8,1,
22023,203937,22300599,"JAN 20, 2024",MIN vs. OKC,L,19,2,4,0.5,1,3,0.333,0,0,0.0,1,0,1,4,1,0,0,2,5,13,1,
22023,203937,22300582,"JAN 18, 2024",MIN vs. MEM,W,15,1,3,0.333,0,0,0.0,2,2,1.0,0,3,3,3,1,0,1,3,4,5,1,
22023,203937,22300569,"JAN 17, 2024",MIN @ DET,W,22,2,6,0.333,0,0,0.0,0,0,0.0,0,3,3,9,1,2,1,2,4,3,1,
22023,203937,22300553,"JAN 14, 2024",MIN vs. LAC,W,27,4,6,0.667,1,1,1.0,1,3,0.333,0,1,1,3,1,0,0,4,10,-6,1,
22023,203937,22300538,"JAN 12, 2024",MIN vs. POR,W,15,1,2,0.5,0,0,0.0,0,0,0.0,0,2,2,1,0,0,2,2,2,-4,1,
22023,203937,22300517,"JAN 10, 2024",MIN @ BOS,L,39,7,12,0.583,0,0,0.0,3,4,0.75,2,6,8,5,1,1,0,5,17,-11,1,
22023,203937,22300513,"JAN 09, 2024",MIN @ ORL,W,21,4,6,0.667,0,1,0.0,3,4,0.75,0,1,1,3,0,0,0,1,11,5,1,
22023,203937,22300501,"JAN 07, 2024",MIN @ DAL,L,20,1,1,1.0,0,0,0.0,2,2,1.0,1,1,2,4,0,0,1,3,4,-6,1,
22023,203937,22300485,"JAN 05, 2024",MIN @ HOU,W,18,1,4,0.25,0,0,0.0,0,0,0.0,1,6,7,5,3,0,2,3,2,16,1,
22023,203937,22300471,"JAN 03, 2024",MIN vs. NOP,L,13,0,2,0.0,0,0,0.0,1,2,0.5,1,3,4,0,2,0,0,0,1,0,1,
22023,203937,22300451,"JAN 01, 2024",MIN @ NYK,L,17,1,1,1.0,0,0,0.0,0,2,0.0,0,2,2,3,2,0,3,0,2,-2,1,
22023,203937,22300443,"DEC 30, 2023",MIN vs. LAL,W,24,2,4,0.5,0,1,0.0,0,0,0.0,0,3,3,7,0,1,1,0,4,-8,1,
22023,203937,22300423,"DEC 28, 2023",MIN vs. DAL,W,27,3,8,0.375,1,1,1.0,1,2,0.5,1,9,10,3,0,0,3,0,8,-11,1,
22023,203937,22300411,"DEC 26, 2023",MIN @ OKC,L,23,2,4,0.5,0,1,0.0,3,3,1.0,0,0,0,1,0,0,2,1,7,-10,1,
22023,203937,22300400,"DEC 23, 2023",MIN @ SAC,W,29,4,9,0.444,0,0,0.0,2,2,1.0,1,4,5,5,0,1,2,4,10,9,1,
22023,203937,22300380,"DEC 21, 2023",MIN vs. LAL,W,23,4,7,0.571,0,2,0.0,1,1,1.0,2,3,5,4,1,1,1,0,9,8,1,
22023,203937,22300367,"DEC 20, 2023",MIN @ PHI,L,13,1,5,0.2,0,0,0.0,0,0,0.0,0,0,0,1,0,0,2,0,2,-10,1,
22023,203937,22300353,"DEC 18, 2023",MIN @ MIA,W,22,2,4,0.5,0,0,0.0,1,2,0.5,0,1,1,5,1,1,1,2,5,1,1,
22023,203937,22300338,"DEC 16, 2023",MIN vs. IND,W,23,2,4,0.5,0,0,0.0,0,0,0.0,1,3,4,10,0,0,2,4,4,6,1,
22023,203937,22300321,"DEC 14, 2023",MIN @ DAL,W,18,3,7,0.429,0,1,0.0,0,0,0.0,0,2,2,2,2,1,1,2,6,4,1,
22023,203937,22300301,"DEC 11, 2023",MIN @ NOP,L,19,3,6,0.5,0,0,0.0,0,0,0.0,1,3,4,3,2,0,0,1,6,7,1,
22023,203937,22301221,"DEC 08, 2023",MIN @ MEM,W,22,2,11,0.182,0,6,0.0,3,4,0.75,1,5,6,5,0,0,2,0,7,-3,1,
22023,203937,22301210,"DEC 06, 2023",MIN vs. SAS,W,22,2,6,0.333,0,0,0.0,3,4,0.75,0,1,1,2,0,4,0,2,7,-7,1,
22023,203937,22300281,"DEC 02, 2023",MIN @ CHA,W,26,2,6,0.333,0,0,0.0,7,7,1.0,2,4,6,4,2,0,2,3,11,2,1,
22023,203937,22300270,"NOV 30, 2023",MIN vs. UTA,W,19,2,7,0.286,0,1,0.0,0,0,0.0,0,1,1,6,0,0,0,0,4,-6,1,
22023,203937,22300058,"NOV 28, 2023",MIN vs. OKC,W,23,2,6,0.333,0,0,0.0,3,4,0.75,2,3,5,2,0,1,4,1,7,-7,1,
22023,203937,22300249,"NOV 26, 2023",MIN @ MEM,W,23,3,7,0.429,0,1,0.0,0,0,0.0,1,5,6,3,0,1,0,3,6,13,1,
22023,203937,22300050,"NOV 24, 2023",MIN vs. SAC,L,18,1,2,0.5,0,0,0.0,2,2,1.0,0,1,1,4,0,0,0,1,4,-24,1,
22023,203937,22300232,"NOV 22, 2023",MIN vs. PHI,W,28,3,6,0.5,0,0,0.0,1,4,0.25,1,4,5,3,0,1,2,1,7,3,1,
22023,203937,22300221,"NOV 20, 2023",MIN vs. NYK,W,23,3,4,0.75,0,0,0.0,3,5,0.6,0,2,2,5,1,2,1,2,9,3,1,
22023,203937,22300203,"NOV 18, 2023",MIN @ NOP,W,26,4,7,0.571,0,0,0.0,1,2,0.5,1,4,5,5,1,2,1,0,9,5,1,
22023,203937,22300197,"NOV 15, 2023",MIN @ PHX,L,21,2,5,0.4,0,0,0.0,2,2,1.0,1,1,2,3,2,1,1,0,6,-13,1,
22023,203937,22300025,"NOV 14, 2023",MIN @ GSW,W,27,3,9,0.333,0,2,0.0,2,2,1.0,1,3,4,3,0,1,2,4,8,11,1,
22023,203937,22300186,"NOV 12, 2023",MIN @ GSW,W,17,4,4,1.0,0,0,0.0,0,2,0.0,0,4,4,1,1,0,3,1,8,-13,1,
22023,203937,22300013,"NOV 10, 2023",MIN @ SAS,W,26,2,2,1.0,0,0,0.0,2,4,0.5,0,5,5,4,1,0,4,1,6,9,1,
22023,203937,22300166,"NOV 08, 2023",MIN vs. NOP,W,25,2,3,0.667,1,2,0.5,1,2,0.5,0,2,2,5,1,2,2,2,6,16,1,
22023,203937,22300154,"NOV 06, 2023",MIN vs. BOS,W,25,1,6,0.167,0,2,0.0,1,2,0.5,2,3,5,6,0,1,4,4,3,6,1,
22023,203937,22300138,"NOV 04, 2023",MIN vs. UTA,W,27,5,6,0.833,0,0,0.0,2,2,1.0,1,2,3,6,1,2,0,3,12,11,1,
22023,203937,22300123,"NOV 01, 2023",MIN vs. DEN,W,25,4,6,0.667,1,1,1.0,0,0,0.0,0,3,3,2,0,0,0,0,9,-1,1,
22023,203937,22300104,"OCT 30, 2023",MIN @ ATL,L,25,2,5,0.4,0,2,0.0,0,0,0.0,1,1,2,5,2,1,2,1,4,-8,1,
22023,203937,22300093,"OCT 28, 2023",MIN vs. MIA,W,23,5,6,0.833,0,0,0.0,2,2,1.0,0,2,2,4,2,0,2,1,12,7,1,
22023,203937,22300069,"OCT 25, 2023",MIN @ TOR,L,30,3,9,0.333,0,1,0.0,1,2,0.5,2,7,9,5,2,0,1,0,7,15,1,
22023,203939,22300785,"FEB 14, 2024",DAL vs. SAS,W,8,1,2,0.5,0,0,0.0,1,2,0.5,0,2,2,0,0,0,1,0,3,-6,1,
22023,203939,22300748,"FEB 10, 2024",DAL vs. OKC,W,6,1,1,1.0,0,0,0.0,0,0,0.0,0,1,1,0,0,1,0,1,2,0,1,
22023,203939,22300736,"FEB 08, 2024",DAL @ NYK,W,21,2,2,1.0,0,0,0.0,1,2,0.5,3,3,6,1,0,0,1,4,5,1,1,
22023,203939,22300720,"FEB 06, 2024",DAL @ BKN,W,18,1,2,0.5,0,0,0.0,0,0,0.0,0,2,2,0,0,1,0,2,2,2,1,
22023,203939,22300715,"FEB 05, 2024",DAL @ PHI,W,16,0,1,0.0,0,0,0.0,0,0,0.0,2,5,7,1,0,0,1,3,0,4,1,
22023,203939,22300702,"FEB 03, 2024",DAL vs. MIL,L,19,1,1,1.0,0,0,0.0,2,2,1.0,3,5,8,2,0,1,1,1,4,4,1,
22023,203939,22300680,"JAN 31, 2024",DAL @ MIN,L,14,0,0,0.0,0,0,0.0,1,4,0.25,1,1,2,3,0,0,4,3,1,-9,1,
22023,203939,22300666,"JAN 29, 2024",DAL vs. ORL,W,1,0,0,0.0,0,0,0.0,0,0,0.0,0,0,0,0,0,0,1,0,0,-2,1,
22023,203939,22300577,"JAN 17, 2024",DAL @ LAL,L,7,0,0,0.0,0,0,0.0,1,2,0.5,2,2,4,0,0,0,1,1,1,6,1,
22023,203939,22300556,"JAN 15, 2024",DAL vs. NOP,W,16,2,2,1.0,0,0,0.0,0,0,0.0,3,1,4,2,0,2,0,5,4,6,1,
22023,203939,22300547,"JAN 13, 2024",DAL vs. NOP,L,34,0,1,0.0,0,0,0.0,2,2,1.0,5,4,9,8,3,0,1,5,2,6,1,
22023,203939,22300530,"JAN 11, 2024",DAL vs. NYK,W,28,2,3,0.667,0,0,0.0,0,0,0.0,5,4,9,2,1,0,0,5,4,2,1,
22023,203939,22300515,"JAN 09, 2024",DAL vs. MEM,L,22,2,3,0.667,0,0,0.0,0,0,0.0,1,3,4,3,2,1,2,3,4,9,1,
22023,203939,22300501,"JAN 07, 2024",DAL vs. MIN,W,28,3,5,0.6,0,0,0.0,3,5,0.6,5,1,6,4,1,0,0,4,9,14,1,
22023,203939,22300487,"JAN 05, 2024",DAL vs. POR,W,26,2,4,0.5,0,0,0.0,2,4,0.5,2,7,9,3,1,1,2,0,6,32,1,
22023,203939,22300472,"JAN 03, 2024",DAL vs. POR,W,13,1,1,1.0,0,0,0.0,3,6,0.5,1,2,3,2,0,0,1,2,5,6,1,
22023,203939,22300457,"JAN 01, 2024",DAL @ UTA,L,10,2,3,0.667,0,0,0.0,0,0,0.0,2,2,4,1,2,0,0,1,4,-13,1,
22023,203939,22300444,"DEC 30, 2023",DAL @ GSW,W,13,1,2,0.5,0,0,0.0,0,0,0.0,2,0,2,1,0,0,0,2,2,-2,1,
22023,203939,22300423,"DEC 28, 2023",DAL @ MIN,L,30,6,8,0.75,0,0,0.0,0,0,0.0,7,7,14,6,2,1,1,3,12,15,1,
22023,203939,22300420,"DEC 27, 2023",DAL vs. CLE,L,5,1,1,1.0,0,0,0.0,1,1,1.0,0,0,0,0,0,0,1,1,3,5,1,
22023,203939,22300405,"DEC 25, 2023",DAL @ PHX,W,7,2,2,1.0,0,0,0.0,0,0,0.0,0,1,1,2,0,0,0,1,4,-6,1,
22023,203939,22300398,"DEC 23, 2023",DAL vs. SAS,W,22,5,5,1.0,0,0,0.0,4,4,1.0,2,2,4,1,1,1,0,4,14,30,1,
22023,203939,22300385,"DEC 22, 2023",DAL @ HOU,L,8,0,1,0.0,0,1,0.0,0,0,0.0,0,4,4,0,0,0,0,1,0,-1,1,
22023,203939,22300372,"DEC 20, 2023",DAL vs. LAC,L,18,1,1,1.0,0,0,0.0,1,2,0.5,1,0,1,1,0,0,0,2,3,-17,1,
22023,203939,22300356,"DEC 18, 2023",DAL @ DEN,L,23,4,6,0.667,0,0,0.0,0,0,0.0,6,2,8,0,0,0,1,4,8,-17,1,
22023,203939,22300341,"DEC 16, 2023",DAL @ POR,W,22,2,3,0.667,0,0,0.0,2,3,0.667,4,1,5,0,0,1,0,2,6,7,1,
22023,203939,22300321,"DEC 14, 2023",DAL vs. MIN,L,7,0,0,0.0,0,0,0.0,4,4,1.0,0,4,4,0,0,0,0,1,4,4,1,
22023,203939,22300299,"DEC 11, 2023",DAL @ MEM,W,12,1,2,0.5,0,0,0.0,0,0,0.0,1,1,2,2,0,0,1,3,2,4,1,
22023,203939,22301226,"DEC 08, 2023",DAL @ POR,W,12,1,2,0.5,0,0,0.0,2,2,1.0,1,1,2,3,3,0,1,5,4,6,1,
22023,203939,22301213,"DEC 06, 2023",DAL vs. UTA,W,18,2,2,1.0,0,0,0.0,0,0,0.0,1,3,4,3,1,0,0,1,4,20,1,
22023,203939,22300287,"DEC 02, 2023",DAL vs. OKC,L,4,0,0,0.0,0,0,0.0,2,2,1.0,0,0,0,0,0,0,1,1,2,-9,1,
22023,203939,22300059,"NOV 28, 2023",DAL vs. HOU,W,3,0,0,0.0,0,0,0.0,0,0,0.0,0,0,0,0,0,0,0,0,0,-1,1,
22023,203939,22300244,"NOV 25, 2023",DAL @ LAC,L,15,0,0,0.0,0,0,0.0,2,2,1.0,0,2,2,3,0,0,0,2,2,-17,1,
22023,203939,22300238,"NOV 22, 2023",DAL @ LAL,W,5,0,0,0.0,0,0,0.0,0,0,0.0,0,0,0,1,0,0,1,2,0,-3,1,
22023,203939,22300212,"NOV 19, 2023",DAL vs. SAC,L,13,0,0,0.0,0,0,0.0,0,0,0.0,0,1,1,1,1,0,2,1,0,-5,1,
22023,203939,22300205,"NOV 18, 2023",DAL @ MIL,L,24,1,2,0.5,0,0,0.0,1,1,1.0,0,3,3,1,0,0,0,3,3,-6,1,
22023,203939,22300192,"NOV 15, 2023",DAL @ WAS,W,7,1,1,1.0,0,0,0.0,0,0,0.0,0,1,1,2,0,0,0,1,2,2,1,
22023,203939,22300022,"NOV 14, 2023",DAL @ NOP,L,11,2,4,0.5,0,0,0.0,0,0,0.0,3,4,7,1,0,1,1,1,4,-16,1,
22023,203939,22300183,"NOV 12, 2023",DAL @ NOP,W,18,3,4,0.75,0,0,0.0,1,2,0.5,3,7,10,2,1,0,0,4,7,7,1,
22023,203939,22300014,"NOV 10, 2023",DAL vs. LAC,W,22,2,3,0.667,0,0,0.0,5,5,1.0,4,1,5,4,1,0,1,3,9,3,1,
22023,203939,22300168,"NOV 08, 2023",DAL vs. TOR,L,24,1,1,1.0,0,0,0.0,3,5,0.6,0,6,6,0,0,1,0,2,5,-10,1,
22023,203939,22300147,"NOV 06, 2023",DAL @ ORL,W,28,2,2,1.0,0,0,0.0,3,5,0.6,0,2,2,2,1,2,0,3,7,14,1,
22023,203939,22300143,"NOV 05, 2023",DAL vs. CHA,W,15,3,3,1.0,0,0,0.0,4,6,0.667,5,0,5,3,0,0,0,2,10,2,1,
22023,203939,22300006,"NOV 03, 2023",DAL @ DEN,L,17,2,5,0.4,0,0,0.0,2,2,1.0,1,0,1,1,0,0,0,2,6,-2,1,
22023,203939,22300124,"NOV 01, 2023",DAL vs. CHI,W,10,0,0,0.0,0,0,0.0,5,6,0.833,1,0,1,1,0,0,0,1,5,-5,1,
22023,203939,22300106,"OCT 30, 2023",DAL @ MEM,W,12,0,0,0.0,0,0,0.0,0,0,0.0,2,3,5,0,0,4,1,1,0,10,1,
22023,203939,22300084,"OCT 27, 2023",DAL vs. BKN,W,13,4,4,1.0,1,1,1.0,2,2,1.0,2,0,2,0,1,0,0,0,11,-6,1,
22023,203944,22300643,"JAN 27, 2024",NYK vs. MIA,W,32,6,14,0.429,3,4,0.75,4,4,1.0,3,6,9,3,0,0,4,2,19,3,1,
22023,203944,22300631,"JAN 25, 2024",NYK vs. DEN,W,30,7,15,0.467,1,5,0.2,2,2,1.0,3,4,7,8,1,0,2,2,17,25,1,
22023,203944,22300615,"JAN 23, 2024",NYK @ BKN,W,37,10,19,0.526,2,2,1.0,8,8,1.0,2,7,9,7,0,0,4,3,30,-3,1,
22023,203944,22300596,"JAN 20, 2024",NYK vs. TOR,W,32,7,13,0.538,3,7,0.429,1,2,0.5,7,9,16,10,0,0,7,3,18,16,1,
22023,203944,22300579,"JAN 18, 2024",NYK vs. WAS,W,39,8,17,0.471,3,8,0.375,2,4,0.5,1,7,8,5,0,0,5,2,21,1,1,
22023,203944,22300573,"JAN 17, 2024",NYK vs. HOU,W,34,11,19,0.579,4,8,0.5,5,6,0.833,2,6,8,4,0,1,4,4,31,15,1,
22023,203944,22300557,"JAN 15, 2024",NYK vs. ORL,L,38,5,18,0.278,2,9,0.222,3,5,0.6,1,5,6,5,0,0,0,3,15,2,1,
22023,203944,22300544,"JAN 13, 2024",NYK @ MEM,W,36,9,21,0.429,1,6,0.167,5,6,0.833,5,6,11,5,0,1,6,2,24,10,1,
22023,203944,22300530,"JAN 11, 2024",NYK @ DAL,L,37,12,23,0.522,2,7,0.286,6,7,0.857,1,5,6,5,2,0,4,3,32,-1,1,
22023,203944,22300514,"JAN 09, 2024",NYK vs. POR,W,32,7,17,0.412,2,4,0.5,4,4,1.0,0,7,7,8,0,1,2,1,20,31,1,
22023,203944,22300494,"JAN 06, 2024",NYK @ WAS,W,38,13,23,0.565,3,8,0.375,10,13,0.769,3,4,7,5,1,0,2,2,39,24,1,
22023,203944,22300483,"JAN 05, 2024",NYK @ PHI,W,30,1,11,0.091,0,3,0.0,6,6,1.0,0,7,7,5,1,1,4,3,8,13,1,
22023,203944,22300468,"JAN 03, 2024",NYK vs. CHI,W,39,13,23,0.565,3,7,0.429,6,7,0.857,0,6,6,4,2,1,3,3,35,13,1,
22023,203944,22300451,"JAN 01, 2024",NYK vs. MIN,W,36,14,24,0.583,2,6,0.333,9,13,0.692,3,6,9,0,0,0,6,5,39,2,1,
22023,203944,22300441,"DEC 30, 2023",NYK @ IND,L,39,9,22,0.409,1,5,0.2,9,13,0.692,6,6,12,4,0,0,5,1,28,-6,1,
22023,203944,22300429,"DEC 29, 2023",NYK @ ORL,L,36,16,25,0.64,0,4,0.0,6,8,0.75,3,9,12,6,0,1,5,5,38,0,1,
22023,203944,22300419,"DEC 27, 2023",NYK @ OKC,L,36,7,15,0.467,1,4,0.25,10,13,0.769,1,8,9,2,0,0,3,3,25,-12,1,
22023,203944,22300401,"DEC 25, 2023",NYK vs. MIL,W,41,8,17,0.471,2,5,0.4,6,6,1.0,1,8,9,2,1,0,4,3,24,6,1,
22023,203944,22300388,"DEC 23, 2023",NYK vs. MIL,L,34,8,17,0.471,0,2,0.0,10,10,1.0,1,7,8,1,1,0,3,3,26,-3,1,
22023,203944,22300368,"DEC 20, 2023",NYK @ BKN,W,34,9,20,0.45,0,4,0.0,8,9,0.889,2,5,7,4,0,0,1,3,26,27,1,
22023,203944,22300359,"DEC 18, 2023",NYK @ LAL,W,43,12,22,0.545,1,4,0.25,2,2,1.0,1,13,14,3,0,0,2,3,27,17,1,
22023,203944,22300343,"DEC 16, 2023",NYK @ LAC,L,31,8,17,0.471,0,3,0.0,6,6,1.0,2,2,4,3,0,0,3,3,22,-20,1,
22023,203944,22300333,"DEC 15, 2023",NYK @ PHX,W,35,10,16,0.625,1,3,0.333,2,2,1.0,1,7,8,6,0,1,5,4,23,4,1,
22023,203944,22300318,"DEC 13, 2023",NYK @ UTA,L,39,14,23,0.609,2,6,0.333,2,2,1.0,3,9,12,6,1,1,2,4,32,13,1,
22023,203944,22300297,"DEC 11, 2023",NYK vs. TOR,W,35,14,21,0.667,1,3,0.333,5,7,0.714,3,5,8,5,0,0,3,1,34,-1,1,
22023,203944,22301227,"DEC 08, 2023",NYK @ BOS,L,34,7,15,0.467,3,4,0.75,3,4,0.75,1,4,5,3,1,1,6,2,20,-18,1,
22023,203944,22301201,"DEC 05, 2023",NYK @ MIL,L,37,14,19,0.737,2,2,1.0,11,12,0.917,3,3,6,5,0,0,4,3,41,-21,1,
22023,203944,22300276,"DEC 01, 2023",NYK @ TOR,W,35,8,15,0.533,1,4,0.25,3,3,1.0,2,8,10,9,0,0,2,3,20,15,1,
22023,203944,22300268,"NOV 30, 2023",NYK vs. DET,W,38,12,21,0.571,2,5,0.4,3,6,0.5,2,8,10,8,0,1,3,3,29,11,1,
22023,203944,22300057,"NOV 28, 2023",NYK vs. CHA,W,34,8,15,0.533,2,7,0.286,7,8,0.875,4,16,20,5,2,0,4,2,25,27,1,
22023,203944,22300247,"NOV 26, 2023",NYK vs. PHX,L,36,10,21,0.476,1,4,0.25,7,8,0.875,3,2,5,2,0,0,2,2,28,-9,1,
22023,203944,22300045,"NOV 24, 2023",NYK vs. MIA,W,35,5,12,0.417,1,4,0.25,2,2,1.0,0,8,8,7,0,0,6,0,13,-8,1,
22023,203944,22300221,"NOV 20, 2023",NYK @ MIN,L,34,6,16,0.375,1,6,0.167,8,12,0.667,3,11,14,1,0,0,2,2,21,-12,1,
22023,203944,22300202,"NOV 18, 2023",NYK @ CHA,W,38,8,17,0.471,2,5,0.4,3,7,0.429,0,6,6,8,0,0,4,4,21,9,1,
22023,203944,22300028,"NOV 17, 2023",NYK @ WAS,W,35,9,18,0.5,1,5,0.2,3,6,0.5,1,6,7,8,1,2,6,3,22,15,1,
22023,203944,22300193,"NOV 15, 2023",NYK @ ATL,W,39,12,24,0.5,3,5,0.6,2,2,1.0,2,8,10,8,1,0,1,4,29,12,1,
22023,203944,22300188,"NOV 13, 2023",NYK @ BOS,L,38,7,19,0.368,2,8,0.25,9,11,0.818,3,6,9,5,0,0,3,4,25,-10,1,
22023,203944,22300177,"NOV 12, 2023",NYK vs. CHA,W,27,8,16,0.5,1,4,0.25,6,8,0.75,1,4,5,5,3,0,3,1,23,8,1,
22023,203944,22300161,"NOV 08, 2023",NYK vs. SAS,W,31,8,19,0.421,2,6,0.333,5,8,0.625,4,12,16,5,1,0,2,1,23,31,1,
22023,203944,22300151,"NOV 06, 2023",NYK vs. LAC,W,37,9,21,0.429,3,8,0.375,6,6,1.0,2,8,10,3,0,0,6,3,27,2,1,
22023,203944,22300002,"NOV 03, 2023",NYK @ MIL,L,39,5,20,0.25,1,9,0.111,5,9,0.556,4,8,12,5,2,0,1,4,16,-5,1,
22023,203944,22300120,"NOV 01, 2023",NYK vs. CLE,L,35,3,15,0.2,0,6,0.0,0,0,0.0,0,6,6,4,1,0,3,2,6,-4,1,
22023,203944,22300112,"OCT 31, 2023",NYK @ CLE,W,31,5,14,0.357,2,5,0.4,7,10,0.7,3,7,10,2,1,0,1,1,19,18,1,
22023,203944,22300090,"OCT 28, 2023",NYK @ NOP,L,34,4,15,0.267,0,5,0.0,2,2,1.0,0,12,12,4,0,0,8,4,10,-11,1,
22023,203944,22300079,"OCT 27, 2023",NYK @ ATL,W,34,4,10,0.4,3,7,0.429,6,8,0.75,2,10,12,9,0,0,3,3,17,7,1,
22023,203944,22300065,"OCT 25, 2023",NYK vs. BOS,L,34,5,22,0.227,3,8,0.375,1,5,0.2,4,7,11,7,2,0,0,3,14,-13,1,
22023,203954,22300673,"JAN 30, 2024",PHI @ GSW,L,30,5,18,0.278,2,6,0.333,2,2,1.0,1,6,7,2,2,0,8,5,14,-21,1,
22023,203954,22300627,"JAN 25, 2024",PHI @ IND,L,31,11,20,0.55,2,4,0.5,7,10,0.7,1,6,7,3,0,0,2,1,31,-20,1,
22023,203954,22300608,"JAN 22, 2024",PHI vs. SAS,W,37,24,41,0.585,1,2,0.5,21,23,0.913,9,9,18,5,1,1,1,2,70,11,1,
22023,203954,22300593,"JAN 20, 2024",PHI @ CHA,W,37,11,23,0.478,0,1,0.0,11,12,0.917,1,9,10,5,0,3,3,2,33,-2,1,
22023,203954,22300585,"JAN 19, 2024",PHI @ ORL,W,31,12,22,0.545,1,2,0.5,11,11,1.0,1,6,7,2,4,0,1,1,36,12,1,
22023,203954,22300566,"JAN 16, 2024",PHI vs. DEN,W,39,13,22,0.591,3,6,0.5,12,15,0.8,1,6,7,10,0,1,3,4,41,0,1,
22023,203954,22300555,"JAN 15, 2024",PHI vs. HOU,W,31,12,21,0.571,1,5,0.2,16,17,0.941,2,8,10,3,1,1,2,5,41,7,1,
22023,203954,22300483,"JAN 05, 2024",PHI vs. NYK,L,36,10,23,0.435,1,1,1.0,9,12,0.75,3,7,10,3,1,3,6,3,30,-29,1,
22023,203954,22300459,"JAN 02, 2024",PHI vs. CHI,W,31,10,20,0.5,2,5,0.4,9,12,0.75,0,15,15,10,1,2,4,4,31,32,1,
22023,203954,22300382,"DEC 22, 2023",PHI vs. TOR,W,35,11,21,0.524,2,2,1.0,7,8,0.875,1,9,10,9,2,4,6,1,31,2,1,
22023,203954,22300367,"DEC 20, 2023",PHI vs. MIN,W,36,17,25,0.68,0,1,0.0,17,18,0.944,2,10,12,3,2,1,2,5,51,3,1,
22023,203954,22300351,"DEC 18, 2023",PHI vs. CHI,L,37,15,28,0.536,2,6,0.333,8,9,0.889,1,13,14,6,0,2,4,5,40,-5,1,
22023,203954,22300335,"DEC 16, 2023",PHI @ CHA,W,30,18,23,0.783,0,1,0.0,6,6,1.0,0,15,15,3,1,2,4,2,42,36,1,
22023,203954,22300327,"DEC 15, 2023",PHI vs. DET,W,29,9,19,0.474,2,3,0.667,15,16,0.938,0,13,13,2,2,4,4,2,35,28,1,
22023,203954,22300310,"DEC 13, 2023",PHI @ DET,W,31,14,24,0.583,1,3,0.333,12,12,1.0,4,7,11,5,2,0,2,1,41,27,1,
22023,203954,22300295,"DEC 11, 2023",PHI vs. WAS,W,30,14,20,0.7,2,5,0.4,4,4,1.0,0,11,11,6,2,1,7,4,34,30,1,
22023,203954,22301218,"DEC 08, 2023",PHI vs. ATL,W,36,12,24,0.5,1,3,0.333,13,15,0.867,4,10,14,3,1,4,2,1,38,16,1,
22023,203954,22301208,"DEC 06, 2023",PHI @ WAS,W,38,19,29,0.655,1,2,0.5,11,13,0.846,6,7,13,7,1,1,6,2,50,8,1,
22023,203954,22300255,"NOV 27, 2023",PHI vs. LAL,W,31,9,15,0.6,2,3,0.667,10,12,0.833,4,7,11,11,1,1,3,2,30,11,1,
22023,203954,22300239,"NOV 25, 2023",PHI @ OKC,W,37,8,18,0.444,0,4,0.0,19,21,0.905,4,7,11,9,1,4,4,5,35,7,1,
22023,203954,22300040,"NOV 21, 2023",PHI vs. CLE,L,41,9,21,0.429,1,3,0.333,13,16,0.813,3,10,13,5,2,5,6,6,32,3,1,
22023,203954,22300208,"NOV 19, 2023",PHI @ BKN,W,31,11,24,0.458,1,2,0.5,9,10,0.9,2,10,12,9,0,1,1,3,32,25,1,
22023,203954,22300029,"NOV 17, 2023",PHI @ ATL,W,37,10,19,0.526,1,3,0.333,11,11,1.0,2,5,7,8,2,0,4,3,32,16,1,
22023,203954,22300194,"NOV 15, 2023",PHI vs. BOS,L,34,8,16,0.5,0,2,0.0,4,4,1.0,3,6,9,7,1,0,2,3,20,-25,1,
22023,203954,22300019,"NOV 14, 2023",PHI vs. IND,L,38,11,22,0.5,0,4,0.0,17,17,1.0,3,9,12,6,3,0,5,4,39,-9,1,
22023,203954,22300180,"NOV 12, 2023",PHI vs. IND,W,33,12,26,0.462,1,4,0.25,12,14,0.857,8,5,13,7,1,1,3,2,37,-1,1,
22023,203954,22300008,"NOV 10, 2023",PHI @ DET,W,36,8,21,0.381,1,4,0.25,16,19,0.842,7,9,16,3,0,2,5,3,33,1,1,
22023,203954,22300159,"NOV 08, 2023",PHI vs. BOS,W,37,10,20,0.5,1,4,0.25,6,6,1.0,1,9,10,4,1,4,6,3,27,4,1,
22023,203954,22300148,"NOV 06, 2023",PHI vs. WAS,W,31,17,25,0.68,0,2,0.0,14,14,1.0,2,9,11,6,1,1,1,2,48,15,1,
22023,203954,22300132,"NOV 04, 2023",PHI vs. PHX,W,31,9,18,0.5,3,3,1.0,5,5,1.0,3,8,11,3,0,1,4,2,26,4,1,
22023,203954,22300128,"NOV 02, 2023",PHI vs. TOR,W,35,8,22,0.364,0,2,0.0,12,13,0.923,5,8,13,7,0,1,4,2,28,22,1,
22023,203954,22300098,"OCT 29, 2023",PHI vs. POR,W,29,12,22,0.545,2,4,0.5,9,12,0.75,5,10,15,7,2,6,3,3,35,28,1,
22023,203954,22300092,"OCT 28, 2023",PHI @ TOR,W,35,14,21,0.667,1,3,0.333,5,6,0.833,0,9,9,8,1,2,1,0,34,-2,1,
22023,203954,22300075,"OCT 26, 2023",PHI @ MIL,L,36,9,21,0.429,3,7,0.429,3,8,0.375,0,7,7,6,0,1,7,5,24,-1,1,
22023,203957,22300634,"JAN 26, 2024",DAL @ ATL,W,27,3,6,0.5,2,2,1.0,1,2,0.5,0,0,0,3,0,0,1,2,9,2,1,
22023,203957,22300625,"JAN 24, 2024",DAL vs. PHX,L,19,2,4,0.5,1,1,1.0,1,2,0.5,0,2,2,2,0,0,0,1,6,-14,1,
22023,203957,22300457,"JAN 01, 2024",DAL @ UTA,L,12,2,3,0.667,0,0,0.0,0,0,0.0,1,0,1,3,0,0,0,0,4,-4,1,
22023,203957,22300444,"DEC 30, 2023",DAL @ GSW,W,34,8,12,0.667,3,5,0.6,0,0,0.0,0,0,0,5,1,0,1,1,19,16,1,
22023,203957,22300423,"DEC 28, 2023",DAL @ MIN,L,24,5,11,0.455,1,1,1.0,0,0,0.0,0,2,2,6,0,0,4,4,11,-9,1,
22023,203957,22300420,"DEC 27, 2023",DAL vs. CLE,L,33,4,8,0.5,1,3,0.333,4,4,1.0,0,4,4,6,3,0,0,4,13,2,1,
22023,203957,22300405,"DEC 25, 2023",DAL @ PHX,W,33,3,7,0.429,1,4,0.25,0,0,0.0,1,3,4,5,1,0,3,3,7,14,1,
22023,203957,22300398,"DEC 23, 2023",DAL vs. SAS,W,32,8,10,0.8,2,2,1.0,2,2,1.0,2,5,7,4,0,1,3,1,20,18,1,
22023,203957,22300372,"DEC 20, 2023",DAL vs. LAC,L,40,6,12,0.5,1,4,0.25,3,4,0.75,1,5,6,1,2,0,0,2,16,-7,1,
22023,203957,22300356,"DEC 18, 2023",DAL @ DEN,L,23,5,5,1.0,1,1,1.0,0,0,0.0,0,1,1,2,0,0,1,3,11,-14,1,
22023,203957,22300341,"DEC 16, 2023",DAL @ POR,W,27,8,11,0.727,1,2,0.5,1,1,1.0,0,2,2,3,1,0,2,3,18,14,1,
22023,203957,22300321,"DEC 14, 2023",DAL vs. MIN,L,28,5,6,0.833,2,3,0.667,2,2,1.0,0,4,4,4,0,0,2,2,14,7,1,
22023,203957,22300306,"DEC 12, 2023",DAL vs. LAL,W,36,8,10,0.8,7,9,0.778,3,4,0.75,2,2,4,3,1,1,1,2,26,7,1,
22023,203957,22300299,"DEC 11, 2023",DAL @ MEM,W,35,6,11,0.545,1,4,0.25,3,4,0.75,1,3,4,6,2,1,3,3,16,2,1,
22023,203957,22301226,"DEC 08, 2023",DAL @ POR,W,33,9,15,0.6,2,2,1.0,3,4,0.75,2,4,6,7,0,0,1,3,23,2,1,
22023,203957,22301213,"DEC 06, 2023",DAL vs. UTA,W,26,2,9,0.222,1,5,0.2,0,0,0.0,0,6,6,7,2,0,0,1,5,40,1,
22023,203957,22300059,"NOV 28, 2023",DAL vs. HOU,W,15,3,4,0.75,1,2,0.5,5,8,0.625,1,0,1,3,1,0,2,0,12,2,1,
22023,203957,22300244,"NOV 25, 2023",DAL @ LAC,L,18,1,4,0.25,0,1,0.0,0,0,0.0,3,5,8,2,1,0,1,1,2,4,1,
22023,203957,22300238,"NOV 22, 2023",DAL @ LAL,W,9,2,5,0.4,0,2,0.0,0,0,0.0,0,0,0,0,0,0,0,2,4,7,1,
22023,203957,22300212,"NOV 19, 2023",DAL vs. SAC,L,15,4,5,0.8,0,1,0.0,0,0,0.0,0,2,2,4,0,0,0,0,8,-3,1,
22023,203957,22300205,"NOV 18, 2023",DAL @ MIL,L,11,3,5,0.6,0,2,0.0,0,0,0.0,0,1,1,1,0,0,0,0,6,5,1,
22023,203957,22300192,"NOV 15, 2023",DAL @ WAS,W,19,2,6,0.333,0,1,0.0,1,2,0.5,0,7,7,3,0,0,0,3,5,0,1,
22023,203957,22300022,"NOV 14, 2023",DAL @ NOP,L,12,4,6,0.667,0,2,0.0,1,1,1.0,1,0,1,2,0,0,1,2,9,3,1,
22023,203957,22300183,"NOV 12, 2023",DAL @ NOP,W,13,3,6,0.5,0,0,0.0,0,0,0.0,0,1,1,1,1,1,0,2,6,6,1,
22023,203957,22300014,"NOV 10, 2023",DAL vs. LAC,W,18,3,7,0.429,2,3,0.667,0,0,0.0,1,1,2,6,0,0,0,3,8,7,1,
22023,203957,22300168,"NOV 08, 2023",DAL vs. TOR,L,8,2,3,0.667,0,0,0.0,1,3,0.333,2,3,5,0,0,0,0,1,5,2,1,
22023,203957,22300143,"NOV 05, 2023",DAL vs. CHA,W,3,1,2,0.5,1,1,1.0,0,0,0.0,0,1,1,0,0,0,0,1,3,-1,1,
22023,203957,22300006,"NOV 03, 2023",DAL @ DEN,L,1,0,0,0.0,0,0,0.0,0,0,0.0,0,0,0,0,0,0,0,0,0,2,1,
22023,203957,22300124,"NOV 01, 2023",DAL vs. CHI,W,10,1,3,0.333,0,0,0.0,0,0,0.0,0,2,2,0,1,0,1,0,2,-5,1,
22023,203957,22300106,"OCT 30, 2023",DAL @ MEM,W,6,1,3,0.333,0,0,0.0,0,0,0.0,0,4,4,2,0,0,0,0,2,7,1,
22023,203957,22300084,"OCT 27, 2023",DAL vs. BKN,W,4,1,2,0.5,0,1,0.0,0,0,0.0,0,0,0,0,1,1,0,0,2,-1,1,
22023,203957,22300073,"OCT 25, 2023",DAL @ SAS,W,8,1,2,0.5,0,1,0.0,1,1,1.0,0,1,1,0,0,0,0,1,3,4,1,
22023,203967,22300576,"FEB 15, 2024",GSW @ UTA,W,10,2,4,0.5,1,3,0.333,2,2,1.0,1,2,3,2,0,0,1,2,7,4,1,
22023,203967,22300789,"FEB 14, 2024",GSW vs. LAC,L,6,0,2,0.0,0,2,0.0,0,0,0.0,1,0,1,1,0,1,0,2,0,0,2,
22023,203967,22300769,"FEB 12, 2024",GSW @ UTA,W,12,0,3,0.0,0,2,0.0,0,0,0.0,0,3,3,1,0,0,0,1,0,-4,1,
22023,203967,22300757,"FEB 10, 2024",GSW vs. PHX,W,11,0,3,0.0,0,1,0.0,0,0,0.0,0,1,1,2,1,0,0,1,0,-10,1,
22023,203967,22300733,"FEB 08, 2024",GSW @ IND,W,18,4,6,0.667,2,3,0.667,1,1,1.0,2,5,7,3,0,0,2,1,11,12,1,
22023,203967,22300727,"FEB 07, 2024",GSW @ PHI,W,14,3,5,0.6,1,2,0.5,2,2,1.0,0,3,3,2,1,0,2,2,9,-4,1,
22023,203967,22300717,"FEB 05, 2024",GSW @ BKN,W,4,1,3,0.333,0,1,0.0,1,1,1.0,0,0,0,0,1,0,0,0,3,-3,1,
22023,203967,22300673,"JAN 30, 2024",GSW vs. PHI,W,17,0,2,0.0,0,1,0.0,2,2,1.0,0,2,2,7,0,1,1,3,2,-4,1,
22023,203967,22300650,"JAN 27, 2024",GSW vs. LAL,L,15,2,8,0.25,1,3,0.333,0,0,0.0,2,2,4,2,1,0,2,3,5,-1,1,
22023,203967,22300632,"JAN 25, 2024",GSW vs. SAC,L,20,5,6,0.833,4,4,1.0,0,0,0.0,2,2,4,5,0,0,2,2,14,-15,1,
22023,203967,22300626,"JAN 24, 2024",GSW vs. ATL,W,16,4,6,0.667,2,3,0.667,0,0,0.0,1,2,3,3,1,0,0,0,10,2,1,
22023,203967,22300560,"JAN 15, 2024",GSW @ MEM,L,23,3,6,0.5,3,5,0.6,4,4,1.0,0,7,7,3,0,1,4,5,13,-6,1,
22023,203967,22300545,"JAN 13, 2024",GSW @ MIL,L,34,5,9,0.556,1,5,0.2,1,2,0.5,0,6,6,6,1,0,3,1,12,-6,1,
22023,203967,22300536,"JAN 12, 2024",GSW @ CHI,W,28,4,6,0.667,2,3,0.667,2,4,0.5,1,6,7,6,2,0,0,2,12,6,1,
22023,203967,22300525,"JAN 10, 2024",GSW vs. NOP,L,13,1,3,0.333,0,2,0.0,2,2,1.0,1,2,3,3,1,0,2,2,4,-24,1,
22023,203967,22300504,"JAN 07, 2024",GSW vs. TOR,L,18,4,10,0.4,2,5,0.4,1,1,1.0,2,3,5,4,2,0,0,1,11,-4,1,
22023,203967,22300490,"JAN 05, 2024",GSW vs. DET,W,22,6,10,0.6,3,5,0.6,2,2,1.0,0,3,3,1,0,0,1,3,17,-7,1,
22023,203967,22300478,"JAN 04, 2024",GSW vs. DEN,L,23,5,7,0.714,1,2,0.5,2,2,1.0,1,6,7,6,1,0,2,1,13,3,1,
22023,203967,22300463,"JAN 02, 2024",GSW vs. ORL,W,14,1,3,0.333,0,1,0.0,0,0,0.0,1,2,3,1,0,0,2,0,2,-8,1,
22023,203967,22300444,"DEC 30, 2023",GSW vs. DAL,L,15,1,4,0.25,1,4,0.25,0,0,0.0,2,7,9,4,1,0,2,1,3,-1,1,
22023,203967,22300426,"DEC 28, 2023",GSW vs. MIA,L,20,4,5,0.8,1,1,1.0,1,1,1.0,1,5,6,1,0,0,0,1,10,-10,1,
22023,203967,22300402,"DEC 25, 2023",GSW @ DEN,L,20,5,11,0.455,0,3,0.0,4,4,1.0,2,3,5,2,0,0,0,2,14,11,1,
22023,203967,22300399,"DEC 23, 2023",GSW vs. POR,W,19,3,7,0.429,0,2,0.0,2,2,1.0,2,3,5,1,1,0,1,2,8,6,1,
22023,203967,22300386,"DEC 22, 2023",GSW vs. WAS,W,20,5,11,0.455,1,4,0.25,2,2,1.0,0,3,3,1,0,0,0,1,13,17,1,
22023,203967,22300362,"DEC 19, 2023",GSW vs. BOS,W,15,3,6,0.5,3,4,0.75,2,2,1.0,2,4,6,0,0,0,1,2,11,0,1,
22023,203967,22300348,"DEC 17, 2023",GSW @ POR,W,15,2,4,0.5,2,3,0.667,2,2,1.0,0,1,1,1,0,0,2,3,8,-2,1,
22023,203967,22300339,"DEC 16, 2023",GSW vs. BKN,W,21,5,8,0.625,2,3,0.667,0,0,0.0,3,3,6,2,1,0,2,3,12,-4,1,
22023,203967,22300325,"DEC 14, 2023",GSW @ LAC,L,17,2,5,0.4,1,4,0.25,0,0,0.0,0,6,6,1,0,0,1,2,5,3,1,
22023,203967,22300308,"DEC 12, 2023",GSW @ PHX,L,20,5,9,0.556,2,4,0.5,3,4,0.75,1,3,4,1,0,0,0,5,15,21,1,
22023,203967,22301222,"DEC 08, 2023",GSW @ OKC,L,23,3,8,0.375,2,6,0.333,3,4,0.75,6,6,12,3,1,0,3,2,11,4,1,
22023,203967,22301214,"DEC 06, 2023",GSW vs. POR,W,20,4,7,0.571,2,3,0.667,3,4,0.75,2,4,6,0,0,0,4,3,13,7,1,
22023,203967,22300280,"DEC 02, 2023",GSW @ LAC,L,20,3,7,0.429,0,2,0.0,0,0,0.0,0,2,2,3,1,0,3,2,6,-8,1,
22023,203967,22300273,"NOV 30, 2023",GSW vs. LAC,W,27,4,7,0.571,2,4,0.5,3,4,0.75,0,5,5,5,1,0,0,2,13,15,1,
22023,203967,22300060,"NOV 28, 2023",GSW @ SAC,L,17,3,7,0.429,2,4,0.5,2,2,1.0,1,1,2,3,0,0,0,3,10,-10,1,
22023,203967,22300051,"NOV 24, 2023",GSW vs. SAS,W,26,7,11,0.636,4,7,0.571,2,2,1.0,2,5,7,4,2,0,3,3,20,13,1,
22023,203967,22300236,"NOV 22, 2023",GSW @ PHX,L,22,6,9,0.667,2,3,0.667,3,5,0.6,2,4,6,4,2,0,1,4,17,12,1,
22023,203967,22300224,"NOV 20, 2023",GSW vs. HOU,W,26,5,10,0.5,3,7,0.429,5,6,0.833,0,5,5,2,1,1,1,2,18,5,1,
22023,203967,22300207,"NOV 18, 2023",GSW vs. OKC,L,18,3,9,0.333,0,2,0.0,0,0,0.0,2,6,8,1,0,0,1,1,6,-6,1,
22023,203967,22300201,"NOV 16, 2023",GSW vs. OKC,L,24,4,10,0.4,2,3,0.667,2,2,1.0,1,2,3,4,1,0,1,4,12,-3,1,
22023,203967,22300025,"NOV 14, 2023",GSW vs. MIN,L,32,6,15,0.4,3,11,0.273,6,6,1.0,1,3,4,4,2,0,2,4,21,-5,1,
22023,203967,22300186,"NOV 12, 2023",GSW vs. MIN,L,27,5,10,0.5,1,4,0.25,0,0,0.0,3,7,10,1,1,0,1,4,11,2,1,
22023,203967,22300176,"NOV 11, 2023",GSW vs. CLE,L,16,2,5,0.4,0,3,0.0,1,1,1.0,0,5,5,1,0,1,0,3,5,0,1,
22023,203967,22300169,"NOV 08, 2023",GSW @ DEN,L,26,2,5,0.4,0,3,0.0,0,0,0.0,1,7,8,2,0,0,0,0,4,-12,1,
22023,203967,22300145,"NOV 06, 2023",GSW @ DET,W,21,4,8,0.5,2,5,0.4,2,2,1.0,3,3,6,1,1,0,0,1,12,1,1,
22023,203967,22300142,"NOV 05, 2023",GSW @ CLE,L,13,0,3,0.0,0,1,0.0,0,0,0.0,1,4,5,0,0,0,1,2,0,-4,1,
22023,203967,22300005,"NOV 03, 2023",GSW @ OKC,W,20,6,9,0.667,4,7,0.571,4,4,1.0,1,5,6,3,1,0,1,2,20,3,1,
22023,203967,22300126,"NOV 01, 2023",GSW vs. SAC,W,20,6,9,0.667,3,5,0.6,0,0,0.0,0,6,6,2,0,0,4,1,15,3,1,
22023,203967,22300108,"OCT 30, 2023",GSW @ NOP,W,21,2,7,0.286,1,4,0.25,1,2,0.5,4,6,10,2,0,1,0,2,6,14,1,
22023,203967,22300096,"OCT 29, 2023",GSW @ HOU,W,21,1,6,0.167,1,3,0.333,1,2,0.5,3,5,8,5,0,1,1,0,4,6,1,
22023,203967,22300087,"OCT 27, 2023",GSW @ SAC,W,14,2,5,0.4,1,4,0.25,0,0,0.0,1,3,4,1,1,0,1,4,5,-6,1,
22023,203967,22300062,"OCT 24, 2023",GSW vs. PHX,L,20,3,11,0.273,1,3,0.333,0,0,0.0,4,3,7,1,0,2,0,3,7,7,1,
22023,203991,22300699,"FEB 03, 2024",ATL vs. GSW,W,25,8,11,0.727,0,0,0.0,1,2,0.5,6,9,15,2,0,0,1,0,17,4,1,
22023,203991,22300690,"FEB 02, 2024",ATL vs. PHX,W,21,5,10,0.5,0,0,0.0,1,2,0.5,6,4,10,0,0,0,0,2,11,-14,1,
22023,203991,22300669,"JAN 30, 2024",ATL vs. LAL,W,24,6,10,0.6,0,0,0.0,1,2,0.5,5,7,12,1,1,1,1,3,13,11,1,
22023,203991,22300653,"JAN 28, 2024",ATL vs. TOR,W,28,9,13,0.692,0,0,0.0,1,2,0.5,6,8,14,0,0,1,0,2,19,19,1,
22023,203991,22300634,"JAN 26, 2024",ATL vs. DAL,L,25,4,7,0.571,0,0,0.0,2,3,0.667,3,5,8,2,0,1,1,2,10,-7,1,
22023,203991,22300626,"JAN 24, 2024",ATL @ GSW,L,25,3,9,0.333,0,0,0.0,5,7,0.714,3,8,11,1,0,1,0,2,11,-4,1,
22023,203991,22300613,"JAN 22, 2024",ATL @ SAC,L,22,4,10,0.4,0,0,0.0,3,4,0.75,6,6,12,1,0,2,1,0,11,-8,1,
22023,203991,22300595,"JAN 20, 2024",ATL vs. CLE,L,22,3,8,0.375,0,0,0.0,0,0,0.0,5,4,9,0,1,2,2,2,6,-14,1,
22023,203991,22300587,"JAN 19, 2024",ATL @ MIA,W,22,2,4,0.5,0,0,0.0,5,7,0.714,5,6,11,0,0,1,0,2,9,-12,1,
22023,203991,22300570,"JAN 17, 2024",ATL vs. ORL,W,27,6,6,1.0,0,0,0.0,0,0,0.0,0,3,3,0,1,0,1,3,12,-4,1,
22023,203991,22300559,"JAN 15, 2024",ATL vs. SAS,W,25,5,7,0.714,0,0,0.0,3,6,0.5,6,6,12,0,0,4,1,2,13,8,1,
22023,203991,22300543,"JAN 13, 2024",ATL vs. WAS,L,24,2,8,0.25,0,0,0.0,0,0,0.0,2,6,8,0,0,1,0,1,4,-10,1,
22023,203991,22300533,"JAN 12, 2024",ATL vs. IND,L,22,3,5,0.6,0,0,0.0,1,4,0.25,3,2,5,1,1,1,0,1,7,-1,1,
22023,203991,22300499,"JAN 07, 2024",ATL @ ORL,L,36,2,6,0.333,0,0,0.0,0,2,0.0,4,8,12,0,3,2,1,3,4,-16,1,
22023,203991,22300480,"JAN 05, 2024",ATL @ IND,L,19,4,9,0.444,0,0,0.0,1,2,0.5,5,2,7,0,0,1,1,2,9,-22,1,
22023,203991,22300467,"JAN 03, 2024",ATL vs. OKC,W,25,5,8,0.625,0,0,0.0,2,2,1.0,7,7,14,0,0,3,0,2,12,-9,1,
22023,203991,22300445,"DEC 31, 2023",ATL @ WAS,W,33,5,11,0.455,0,0,0.0,1,4,0.25,7,10,17,3,1,1,3,4,11,-4,1,
22023,203991,22300431,"DEC 29, 2023",ATL vs. SAC,L,28,5,7,0.714,0,0,0.0,2,4,0.5,6,6,12,3,1,2,2,1,12,2,1,
22023,203991,22300408,"DEC 26, 2023",ATL @ CHI,L,27,5,9,0.556,0,0,0.0,3,4,0.75,3,2,5,1,0,1,1,3,13,-7,1,
22023,203991,22300393,"DEC 23, 2023",ATL vs. MEM,L,30,8,11,0.727,0,0,0.0,4,4,1.0,5,7,12,1,0,2,1,2,20,2,1,
22023,203991,22300384,"DEC 22, 2023",ATL @ MIA,L,28,3,3,1.0,0,0,0.0,2,2,1.0,3,7,10,0,0,0,2,5,8,6,1,
22023,203991,22300371,"DEC 20, 2023",ATL @ HOU,W,21,4,6,0.667,0,0,0.0,7,7,1.0,5,4,9,2,2,1,0,3,15,-9,1,
22023,203991,22300352,"DEC 18, 2023",ATL vs. DET,W,28,7,11,0.636,0,0,0.0,3,3,1.0,7,8,15,2,1,3,1,3,17,10,1,
22023,203991,22300330,"DEC 15, 2023",ATL @ TOR,W,35,9,12,0.75,0,0,0.0,0,0,0.0,6,9,15,0,0,3,1,2,18,20,1,
22023,203991,22300313,"DEC 13, 2023",ATL @ TOR,L,34,7,12,0.583,0,0,0.0,3,4,0.75,6,4,10,1,0,3,0,3,17,-17,1,
22023,203991,22300296,"DEC 11, 2023",ATL vs. DEN,L,28,6,11,0.545,0,0,0.0,2,2,1.0,4,4,8,2,1,0,0,5,14,-3,1,
22023,203991,22301218,"DEC 08, 2023",ATL @ PHI,L,30,6,12,0.5,0,0,0.0,3,4,0.75,10,6,16,2,0,1,2,5,15,-10,1,
22023,203991,22301209,"DEC 06, 2023",ATL vs. BKN,L,29,4,6,0.667,0,0,0.0,1,2,0.5,4,8,12,1,0,2,1,5,9,3,1,
22023,203991,22300286,"DEC 02, 2023",ATL @ MIL,L,30,4,13,0.308,0,0,0.0,2,2,1.0,8,9,17,4,1,3,2,4,10,1,1,
22023,203991,22300272,"NOV 30, 2023",ATL @ SAS,W,23,6,9,0.667,0,0,0.0,0,0,0.0,4,5,9,1,0,1,2,4,12,8,1,
22023,203991,22300055,"NOV 28, 2023",ATL @ CLE,L,22,6,10,0.6,0,0,0.0,2,2,1.0,6,3,9,0,2,2,2,1,14,-24,1,
22023,203991,22300246,"NOV 26, 2023",ATL @ BOS,L,21,1,5,0.2,0,0,0.0,2,6,0.333,4,4,8,1,1,2,1,0,4,-8,1,
22023,203991,22300241,"NOV 25, 2023",ATL @ WAS,W,18,6,14,0.429,0,0,0.0,0,2,0.0,7,4,11,1,0,0,0,2,12,21,1,
22023,203991,22300227,"NOV 22, 2023",ATL vs. BKN,W,27,7,8,0.875,0,0,0.0,0,0,0.0,9,6,15,0,0,3,0,1,14,-13,1,
22023,203991,22300039,"NOV 21, 2023",ATL vs. IND,L,19,6,9,0.667,0,0,0.0,2,3,0.667,3,2,5,1,0,2,1,4,14,-10,1,
22023,203991,22300029,"NOV 17, 2023",ATL vs. PHI,L,29,7,11,0.636,0,0,0.0,3,5,0.6,8,3,11,2,1,1,0,3,17,-4,1,
22023,203991,22300193,"NOV 15, 2023",ATL vs. NYK,L,26,4,5,0.8,0,0,0.0,0,2,0.0,0,3,3,1,2,2,0,2,8,-21,1,
22023,203991,22300018,"NOV 14, 2023",ATL @ DET,W,27,3,4,0.75,0,0,0.0,2,2,1.0,2,6,8,1,2,3,3,5,8,8,1,
22023,203991,22300175,"NOV 11, 2023",ATL vs. MIA,L,24,4,6,0.667,0,0,0.0,0,0,0.0,7,5,12,0,1,2,0,3,8,7,1,
22023,203991,22300172,"NOV 09, 2023",ATL @ ORL,W,26,2,4,0.5,0,0,0.0,2,4,0.5,2,9,11,4,0,1,0,2,6,12,1,
22023,203991,22300155,"NOV 06, 2023",ATL @ OKC,L,21,2,5,0.4,0,0,0.0,2,4,0.5,6,6,12,0,1,2,1,2,6,-10,1,
22023,203991,22300135,"NOV 04, 2023",ATL @ NOP,W,28,8,9,0.889,0,0,0.0,1,2,0.5,2,5,7,0,0,2,0,2,17,19,1,
22023,203991,22300117,"NOV 01, 2023",ATL vs. WAS,W,21,4,6,0.667,0,0,0.0,2,2,1.0,4,7,11,0,1,0,0,0,10,17,1,
22023,203991,22300104,"OCT 30, 2023",ATL vs. MIN,W,23,0,3,0.0,0,0,0.0,2,2,1.0,1,4,5,1,0,5,1,3,2,-4,1,
22023,203991,22300097,"OCT 29, 2023",ATL @ MIL,W,23,5,10,0.5,0,0,0.0,2,2,1.0,2,10,12,1,1,0,0,1,12,15,1,
22023,203991,22300079,"OCT 27, 2023",ATL vs. NYK,L,28,6,12,0.5,0,0,0.0,1,2,0.5,6,7,13,2,0,1,1,3,13,-9,1,
22023,203991,22300063,"OCT 25, 2023",ATL @ CHA,L,29,6,10,0.6,0,0,0.0,3,4,0.75,6,7,13,0,1,0,2,1,15,-19,1,
22023,203992,22300777,"FEB 14, 2024",ATL @ CHA,L,29,4,9,0.444,2,5,0.4,2,2,1.0,1,4,5,4,1,0,5,1,12,-2,1,
22023,203992,22300763,"FEB 12, 2024",ATL vs. CHI,L,27,11,16,0.688,6,10,0.6,0,0,0.0,1,1,2,4,1,0,1,1,28,-2,1,
22023,203992,22300754,"FEB 10, 2024",ATL vs. HOU,W,31,3,12,0.25,1,6,0.167,1,1,1.0,1,6,7,2,0,0,2,4,8,13,1,
22023,203992,22300742,"FEB 09, 2024",ATL @ PHI,W,34,5,12,0.417,3,7,0.429,0,0,0.0,2,1,3,3,0,3,0,2,13,1,1,
22023,203992,22300729,"FEB 07, 2024",ATL @ BOS,L,35,5,18,0.278,2,10,0.2,0,0,0.0,2,4,6,3,1,0,0,3,12,-4,1,
22023,203992,22300716,"FEB 05, 2024",ATL vs. LAC,L,27,6,12,0.5,4,8,0.5,0,0,0.0,1,2,3,6,1,0,0,4,16,4,1,
22023,203992,22300699,"FEB 03, 2024",ATL vs. GSW,W,38,5,16,0.313,2,10,0.2,1,1,1.0,0,4,4,4,2,0,2,3,13,1,1,
22023,203992,22300690,"FEB 02, 2024",ATL vs. PHX,W,34,8,12,0.667,4,7,0.571,3,3,1.0,1,3,4,5,0,0,0,2,23,13,1,
22023,203992,22300669,"JAN 30, 2024",ATL vs. LAL,W,25,7,15,0.467,4,9,0.444,0,0,0.0,0,1,1,1,0,0,1,1,18,6,1,
22023,203992,22300653,"JAN 28, 2024",ATL vs. TOR,W,39,7,11,0.636,4,8,0.5,6,7,0.857,0,4,4,2,2,2,5,4,24,17,1,
22023,203992,22300634,"JAN 26, 2024",ATL vs. DAL,L,27,9,22,0.409,4,9,0.444,2,2,1.0,2,2,4,2,2,0,0,2,24,3,1,
22023,203992,22300626,"JAN 24, 2024",ATL @ GSW,L,33,6,11,0.545,4,9,0.444,1,1,1.0,0,0,0,3,1,0,1,1,17,-6,1,
22023,203992,22300613,"JAN 22, 2024",ATL @ SAC,L,34,5,12,0.417,2,8,0.25,6,6,1.0,0,2,2,4,0,0,2,4,18,-21,1,
22023,203992,22300595,"JAN 20, 2024",ATL vs. CLE,L,28,5,11,0.455,1,6,0.167,3,4,0.75,0,2,2,4,1,0,1,0,14,-13,1,
22023,203992,22300587,"JAN 19, 2024",ATL @ MIA,W,35,6,15,0.4,3,7,0.429,2,2,1.0,0,3,3,1,0,0,3,2,17,1,1,
22023,203992,22300570,"JAN 17, 2024",ATL vs. ORL,W,24,4,7,0.571,2,4,0.5,2,2,1.0,1,3,4,1,1,1,1,1,12,4,1,
22023,203992,22300559,"JAN 15, 2024",ATL vs. SAS,W,26,2,10,0.2,1,6,0.167,0,0,0.0,0,2,2,1,1,0,3,2,5,4,1,
22023,203992,22300543,"JAN 13, 2024",ATL vs. WAS,L,24,5,13,0.385,3,8,0.375,1,1,1.0,1,2,3,2,3,0,0,2,14,-20,1,
22023,203992,22300533,"JAN 12, 2024",ATL vs. IND,L,25,3,12,0.25,2,5,0.4,2,2,1.0,3,2,5,2,3,0,2,2,10,-24,1,
22023,203992,22300521,"JAN 10, 2024",ATL vs. PHI,W,28,7,16,0.438,1,8,0.125,0,1,0.0,0,2,2,4,2,0,1,1,15,12,1,
22023,203992,22300499,"JAN 07, 2024",ATL @ ORL,L,26,7,17,0.412,4,9,0.444,0,0,0.0,1,2,3,1,4,0,0,5,18,13,1,
22023,203992,22300480,"JAN 05, 2024",ATL @ IND,L,23,3,14,0.214,1,9,0.111,9,10,0.9,0,4,4,3,2,0,3,2,16,-18,1,
22023,203992,22300467,"JAN 03, 2024",ATL vs. OKC,W,28,7,16,0.438,5,11,0.455,4,4,1.0,0,1,1,4,1,0,0,2,23,11,1,
22023,203992,22300445,"DEC 31, 2023",ATL @ WAS,W,27,5,19,0.263,1,8,0.125,1,1,1.0,0,1,1,1,0,0,0,1,12,24,1,
22023,203992,22300431,"DEC 29, 2023",ATL vs. SAC,L,27,4,14,0.286,2,10,0.2,2,2,1.0,2,2,4,5,0,0,1,1,12,-14,1,
22023,203992,22300408,"DEC 26, 2023",ATL @ CHI,L,31,8,21,0.381,3,12,0.25,3,3,1.0,1,2,3,1,0,0,0,2,22,3,1,
22023,203992,22300393,"DEC 23, 2023",ATL vs. MEM,L,34,6,15,0.4,2,8,0.25,2,3,0.667,1,3,4,3,0,0,0,2,16,-1,1,
22023,203992,22300384,"DEC 22, 2023",ATL @ MIA,L,35,8,24,0.333,6,18,0.333,1,2,0.5,1,1,2,5,1,0,0,3,23,-8,1,
22023,203992,22300371,"DEC 20, 2023",ATL @ HOU,W,30,8,14,0.571,4,8,0.5,2,2,1.0,0,4,4,5,1,1,0,3,22,14,1,
22023,203992,22300330,"DEC 15, 2023",ATL @ TOR,W,33,7,16,0.438,3,7,0.429,3,3,1.0,0,3,3,6,0,0,0,2,20,21,1,
22023,203992,22300313,"DEC 13, 2023",ATL @ TOR,L,32,7,13,0.538,4,7,0.571,2,3,0.667,1,2,3,5,4,0,1,4,20,5,1,
22023,203992,22300296,"DEC 11, 2023",ATL vs. DEN,L,36,14,24,0.583,10,17,0.588,2,2,1.0,1,2,3,3,2,0,1,4,40,-2,1,
22023,203992,22301218,"DEC 08, 2023",ATL @ PHI,L,39,7,17,0.412,3,11,0.273,3,3,1.0,1,8,9,2,1,0,2,5,20,-3,1,
22023,203992,22301209,"DEC 06, 2023",ATL vs. BKN,L,27,7,14,0.5,4,9,0.444,2,2,1.0,0,4,4,1,0,0,0,2,20,-6,1,
22023,203992,22300286,"DEC 02, 2023",ATL @ MIL,L,25,6,18,0.333,2,7,0.286,0,0,0.0,0,3,3,0,2,1,0,2,14,-7,1,
22023,203992,22300272,"NOV 30, 2023",ATL @ SAS,W,32,5,10,0.5,2,4,0.5,2,2,1.0,0,2,2,3,2,0,1,4,14,12,1,
22023,203992,22300055,"NOV 28, 2023",ATL @ CLE,L,31,6,16,0.375,4,10,0.4,2,2,1.0,1,5,6,1,2,0,1,2,18,-3,1,
22023,203992,22300246,"NOV 26, 2023",ATL @ BOS,L,32,8,12,0.667,7,10,0.7,0,0,0.0,1,6,7,0,1,0,4,3,23,-1,1,
22023,203992,22300241,"NOV 25, 2023",ATL @ WAS,W,21,6,9,0.667,3,3,1.0,0,1,0.0,0,3,3,1,1,0,2,3,15,13,1,
22023,203992,22300227,"NOV 22, 2023",ATL vs. BKN,W,26,5,15,0.333,3,11,0.273,1,1,1.0,1,3,4,3,1,1,1,4,14,17,1,
22023,203992,22300039,"NOV 21, 2023",ATL vs. IND,L,26,10,15,0.667,2,5,0.4,4,4,1.0,0,2,2,0,0,0,0,4,26,-2,1,
22023,203992,22300029,"NOV 17, 2023",ATL vs. PHI,L,24,4,12,0.333,3,8,0.375,2,3,0.667,0,2,2,3,3,0,3,3,13,-14,1,
22023,203992,22300193,"NOV 15, 2023",ATL vs. NYK,L,29,8,15,0.533,4,11,0.364,8,8,1.0,1,2,3,3,2,1,1,4,28,11,1,
22023,203992,22300018,"NOV 14, 2023",ATL @ DET,W,34,7,17,0.412,3,11,0.273,0,0,0.0,0,3,3,3,0,1,3,0,17,5,1,
22023,203992,22300175,"NOV 11, 2023",ATL vs. MIA,L,29,5,13,0.385,5,12,0.417,0,0,0.0,0,3,3,1,0,0,2,4,15,-3,1,
22023,203992,22300172,"NOV 09, 2023",ATL @ ORL,W,29,6,11,0.545,3,6,0.5,0,0,0.0,0,4,4,3,3,0,1,3,15,-4,1,
22023,203992,22300155,"NOV 06, 2023",ATL @ OKC,L,27,7,14,0.5,3,8,0.375,0,0,0.0,0,2,2,3,2,0,0,1,17,3,1,
22023,203992,22300135,"NOV 04, 2023",ATL @ NOP,W,21,4,14,0.286,2,10,0.2,0,0,0.0,3,2,5,2,1,2,0,1,10,7,1,
22023,203992,22300117,"NOV 01, 2023",ATL vs. WAS,W,23,4,10,0.4,1,5,0.2,3,3,1.0,0,3,3,1,1,1,1,2,12,8,1,
22023,203992,22300104,"OCT 30, 2023",ATL vs. MIN,W,20,3,10,0.3,2,7,0.286,0,0,0.0,0,1,1,4,1,0,1,1,8,3,1,
22023,203992,22300097,"OCT 29, 2023",ATL @ MIL,W,26,6,10,0.6,4,7,0.571,1,1,1.0,0,1,1,6,2,0,2,1,17,12,1,
22023,203992,22300079,"OCT 27, 2023",ATL vs. NYK,L,26,6,11,0.545,4,9,0.444,0,0,0.0,0,1,1,3,1,0,2,3,16,0,1,
22023,203992,22300063,"OCT 25, 2023",ATL @ CHA,L,24,3,9,0.333,1,5,0.2,0,0,0.0,0,4,4,4,3,0,0,1,7,6,1,
22023,203994,22300787,"FEB 14, 2024",PHX vs. DET,W,22,2,2,1.0,0,0,0.0,6,10,0.6,1,12,13,7,0,2,4,4,10,19,1,
22023,203994,22300774,"FEB 13, 2024",PHX vs. SAC,W,25,3,6,0.5,0,0,0.0,3,4,0.75,2,7,9,2,2,2,1,3,9,5,1,
22023,203994,22300757,"FEB 10, 2024",PHX @ GSW,L,26,3,7,0.429,0,1,0.0,0,0,0.0,1,5,6,4,0,1,2,3,6,-4,1,
22023,203994,22300739,"FEB 08, 2024",PHX vs. UTA,W,28,7,11,0.636,0,2,0.0,2,5,0.4,1,7,8,3,1,0,2,5,16,8,1,
22023,203994,22300725,"FEB 06, 2024",PHX vs. MIL,W,32,5,9,0.556,0,1,0.0,0,1,0.0,5,5,10,4,2,0,2,4,10,10,1,
22023,203994,22300705,"FEB 04, 2024",PHX @ WAS,W,25,7,11,0.636,0,1,0.0,4,6,0.667,4,9,13,8,1,0,1,3,18,20,1,
22023,203994,22300690,"FEB 02, 2024",PHX @ ATL,L,23,7,9,0.778,0,0,0.0,0,1,0.0,1,8,9,3,1,1,1,2,14,-3,1,
22023,203994,22300677,"JAN 31, 2024",PHX @ BKN,W,30,11,15,0.733,0,0,0.0,6,9,0.667,5,6,11,6,1,2,6,2,28,16,1,
22023,203994,22300661,"JAN 29, 2024",PHX @ MIA,W,27,3,5,0.6,0,1,0.0,0,1,0.0,0,8,8,2,2,0,1,6,6,-11,1,
22023,203994,22300636,"JAN 26, 2024",PHX @ IND,L,20,1,3,0.333,0,0,0.0,0,0,0.0,0,4,4,5,3,0,2,2,2,-3,1,
22023,203994,22300625,"JAN 24, 2024",PHX @ DAL,W,21,3,5,0.6,0,1,0.0,2,2,1.0,3,2,5,3,2,0,4,4,8,23,1,
22023,203994,22300612,"JAN 22, 2024",PHX vs. CHI,W,26,4,7,0.571,0,0,0.0,0,0,0.0,1,6,7,4,0,2,1,3,8,-15,1,
22023,203994,22300604,"JAN 21, 2024",PHX vs. IND,W,19,2,2,1.0,0,0,0.0,0,0,0.0,0,13,13,4,0,1,6,6,4,11,1,
22023,203994,22300588,"JAN 19, 2024",PHX @ NOP,W,35,2,5,0.4,0,0,0.0,1,2,0.5,1,14,15,9,1,0,3,3,5,30,1,
22023,203994,22300567,"JAN 16, 2024",PHX vs. SAC,W,27,4,5,0.8,0,0,0.0,2,2,1.0,3,12,15,3,0,1,1,3,10,-8,1,
22023,203994,22300554,"JAN 14, 2024",PHX @ POR,W,27,5,8,0.625,0,0,0.0,4,6,0.667,4,9,13,1,3,1,1,3,14,18,1,
22023,203994,22300531,"JAN 11, 2024",PHX @ LAL,W,28,3,6,0.5,0,0,0.0,3,4,0.75,4,8,12,2,1,0,2,2,9,29,1,
22023,203994,22300511,"JAN 08, 2024",PHX @ LAC,L,21,3,8,0.375,1,2,0.5,1,2,0.5,1,2,3,2,1,0,0,1,8,-14,1,
22023,203994,22300503,"JAN 07, 2024",PHX vs. MEM,L,32,8,17,0.471,1,2,0.5,1,3,0.333,6,13,19,5,0,1,2,4,18,2,1,
22023,203994,22300489,"JAN 05, 2024",PHX vs. MIA,W,26,3,6,0.5,0,1,0.0,0,0,0.0,1,8,9,2,1,0,0,2,6,21,1,
22023,203994,22300473,"JAN 03, 2024",PHX vs. LAC,L,25,3,5,0.6,0,1,0.0,3,3,1.0,1,5,6,1,1,0,1,3,9,-15,1,
22023,203994,22300456,"JAN 01, 2024",PHX vs. POR,W,25,6,8,0.75,1,2,0.5,5,6,0.833,1,6,7,5,1,2,2,3,18,17,1,
22023,203994,22300450,"DEC 31, 2023",PHX vs. ORL,W,33,8,17,0.471,0,3,0.0,3,5,0.6,3,10,13,3,0,0,1,3,19,18,1,
22023,203994,22300436,"DEC 29, 2023",PHX vs. CHA,W,28,10,13,0.769,0,1,0.0,4,4,1.0,3,12,15,1,0,2,3,1,24,9,1,
22023,203994,22300418,"DEC 27, 2023",PHX @ HOU,W,14,3,6,0.5,1,1,1.0,1,2,0.5,1,9,10,0,0,2,3,4,8,2,1,
22023,203994,22300363,"DEC 19, 2023",PHX @ POR,L,31,4,11,0.364,0,2,0.0,1,2,0.5,5,8,13,3,2,2,4,3,9,-5,1,
22023,203994,22300347,"DEC 17, 2023",PHX vs. WAS,W,30,2,7,0.286,0,1,0.0,2,4,0.5,3,14,17,5,1,1,2,5,6,-6,1,
22023,203994,22300333,"DEC 15, 2023",PHX vs. NYK,L,30,9,13,0.692,1,2,0.5,2,2,1.0,4,8,12,2,1,0,3,2,21,5,1,
22023,203994,22300317,"DEC 13, 2023",PHX vs. BKN,L,31,7,15,0.467,0,2,0.0,1,2,0.5,6,16,22,3,0,2,0,3,15,15,1,
22023,203994,22300308,"DEC 12, 2023",PHX vs. GSW,W,31,3,9,0.333,1,3,0.333,10,11,0.909,3,10,13,7,1,0,1,3,17,10,1,
22023,203994,22301228,"DEC 08, 2023",PHX vs. SAC,L,30,6,13,0.462,2,4,0.5,1,4,0.25,1,8,9,3,1,0,0,3,15,2,1,
22023,203994,22301203,"DEC 05, 2023",PHX @ LAL,L,29,1,3,0.333,0,0,0.0,1,4,0.25,0,8,8,4,1,0,2,4,3,12,1,
22023,203994,22300288,"DEC 02, 2023",PHX vs. MEM,W,26,6,18,0.333,0,3,0.0,2,2,1.0,3,6,9,3,2,1,3,6,14,10,1,
22023,203994,22300279,"DEC 01, 2023",PHX vs. DEN,L,33,13,22,0.591,2,6,0.333,3,5,0.6,3,3,6,2,0,2,6,6,31,3,1,
22023,203994,22300260,"NOV 29, 2023",PHX @ TOR,L,30,8,12,0.667,1,1,1.0,2,2,1.0,1,13,14,6,0,2,2,3,19,2,1,
22023,203994,22300247,"NOV 26, 2023",PHX @ NYK,W,33,4,9,0.444,0,2,0.0,0,0,0.0,4,6,10,4,0,4,1,2,8,1,1,
22023,203994,22300044,"NOV 24, 2023",PHX @ MEM,W,33,2,5,0.4,0,2,0.0,2,4,0.5,2,9,11,6,2,2,2,2,6,14,1,
22023,203994,22300236,"NOV 22, 2023",PHX vs. GSW,W,17,4,8,0.5,0,1,0.0,1,2,0.5,3,2,5,0,0,0,0,4,9,11,1,
22023,203994,22300041,"NOV 21, 2023",PHX vs. POR,W,29,7,11,0.636,2,4,0.5,2,2,1.0,6,6,12,0,1,4,3,4,18,17,1,
22023,203994,22300214,"NOV 19, 2023",PHX @ UTA,W,35,7,11,0.636,0,0,0.0,4,4,1.0,4,8,12,2,1,2,2,5,18,9,1,
22023,203994,22300035,"NOV 17, 2023",PHX @ UTA,W,23,4,7,0.571,0,1,0.0,7,7,1.0,2,5,7,4,1,0,4,4,15,-2,1,
22023,203994,22300197,"NOV 15, 2023",PHX vs. MIN,W,24,1,3,0.333,1,1,1.0,0,0,0.0,1,4,5,4,0,0,0,3,3,10,1,
22023,203994,22300185,"NOV 12, 2023",PHX vs. OKC,L,26,1,6,0.167,0,3,0.0,1,2,0.5,3,5,8,1,1,2,2,3,3,-15,1,
22023,203994,22300015,"NOV 10, 2023",PHX vs. LAL,L,33,4,8,0.5,2,3,0.667,4,7,0.571,3,6,9,7,1,0,2,3,14,5,1,
22023,203994,22300162,"NOV 08, 2023",PHX @ CHI,W,38,8,16,0.5,0,2,0.0,4,6,0.667,8,9,17,8,2,0,6,4,20,12,1,
22023,203994,22300140,"NOV 05, 2023",PHX @ DET,W,28,1,4,0.25,0,1,0.0,4,6,0.667,3,1,4,7,2,3,2,2,6,13,1,
22023,203994,22300132,"NOV 04, 2023",PHX @ PHI,L,23,4,14,0.286,1,6,0.167,2,4,0.5,3,6,9,5,1,1,0,2,11,-3,1,
22023,203994,22300131,"NOV 02, 2023",PHX vs. SAS,L,19,2,5,0.4,1,3,0.333,2,2,1.0,1,2,3,2,1,0,2,3,7,-5,1,
22023,203994,22300113,"OCT 31, 2023",PHX vs. SAS,L,30,4,10,0.4,2,5,0.4,2,2,1.0,0,12,12,4,1,2,0,4,12,-8,1,
22023,203994,22300094,"OCT 28, 2023",PHX vs. UTA,W,23,3,8,0.375,0,2,0.0,4,6,0.667,2,5,7,6,2,1,2,3,10,15,1,
22023,203994,22300076,"OCT 26, 2023",PHX @ LAL,L,28,1,5,0.2,0,2,0.0,2,2,1.0,3,6,9,3,3,0,4,5,4,-3,1,
22023,203994,22300062,"OCT 24, 2023",PHX @ GSW,W,28,5,8,0.625,1,2,0.5,3,3,1.0,3,11,14,3,0,1,1,5,14,2,1,
22023,203995,22300777,"FEB 14, 2024",CHA vs. ATL,W,20,4,9,0.444,1,3,0.333,4,4,1.0,0,2,2,5,0,0,1,3,13,8,1,
22023,203995,22300761,"FEB 12, 2024",CHA vs. IND,W,21,1,3,0.333,0,1,0.0,0,0,0.0,1,2,3,4,0,0,2,3,2,9,1,
22023,203995,22300751,"FEB 10, 2024",CHA vs. MEM,W,26,8,13,0.615,2,3,0.667,0,0,0.0,0,1,1,9,0,0,3,1,18,14,1,
22023,203995,22300724,"FEB 06, 2024",OKC @ UTA,L,11,0,1,0.0,0,1,0.0,0,0,0.0,0,1,1,1,0,0,3,0,0,-2,1,
22023,203995,22300710,"FEB 04, 2024",OKC vs. TOR,W,14,1,4,0.25,1,3,0.333,0,0,0.0,0,1,1,5,0,0,0,0,3,2,1,
22023,203995,22300695,"FEB 02, 2024",OKC vs. CHA,W,14,1,2,0.5,0,1,0.0,0,0,0.0,0,0,0,4,0,0,3,0,2,5,1,
22023,203995,22300682,"JAN 31, 2024",OKC vs. DEN,W,17,4,8,0.5,1,3,0.333,3,5,0.6,0,2,2,5,0,0,2,0,12,14,1,
22023,203995,22300664,"JAN 29, 2024",OKC vs. MIN,L,4,0,1,0.0,0,1,0.0,0,0,0.0,0,1,1,0,0,0,1,0,0,-1,1,
22023,203995,22300640,"JAN 26, 2024",OKC @ NOP,W,17,1,2,0.5,0,0,0.0,1,1,1.0,0,2,2,1,0,0,2,0,3,12,1,
22023,203995,22300622,"JAN 24, 2024",OKC @ SAS,W,14,1,2,0.5,0,1,0.0,0,0,0.0,0,1,1,3,1,0,3,0,2,10,1,
22023,203995,22300617,"JAN 23, 2024",OKC vs. POR,W,7,0,1,0.0,0,0,0.0,1,2,0.5,0,0,0,0,0,0,1,0,1,-8,1,
22023,203995,22300599,"JAN 20, 2024",OKC @ MIN,W,8,0,2,0.0,0,0,0.0,0,0,0.0,0,0,0,0,0,0,0,0,0,-10,1,
22023,203995,22300581,"JAN 18, 2024",OKC @ UTA,W,9,2,2,1.0,0,0,0.0,2,2,1.0,0,0,0,1,0,0,1,1,6,7,1,
22023,203995,22300568,"JAN 16, 2024",OKC @ LAC,L,11,3,4,0.75,0,1,0.0,1,1,1.0,0,1,1,2,0,0,0,0,7,8,1,
22023,203995,22300565,"JAN 15, 2024",OKC @ LAL,L,15,2,4,0.5,2,2,1.0,0,0,0.0,0,1,1,1,0,0,0,2,6,4,1,
22023,203995,22300546,"JAN 13, 2024",OKC vs. ORL,W,11,3,5,0.6,1,2,0.5,0,0,0.0,0,2,2,1,1,0,1,1,7,0,1,
22023,203995,22300529,"JAN 11, 2024",OKC vs. POR,W,9,0,0,0.0,0,0,0.0,2,2,1.0,0,1,1,2,0,0,0,0,2,8,1,
22023,203995,22300522,"JAN 10, 2024",OKC @ MIA,W,15,2,2,1.0,0,0,0.0,0,0,0.0,0,1,1,5,1,0,0,1,4,16,1,
22023,203995,22300481,"JAN 05, 2024",OKC @ BKN,L,12,3,4,0.75,0,1,0.0,0,0,0.0,0,0,0,3,1,1,0,0,6,1,1,
22023,203995,22300462,"JAN 02, 2024",OKC vs. BOS,W,11,1,5,0.2,1,4,0.25,0,0,0.0,0,1,1,5,0,0,0,2,3,4,1,
22023,203995,22300447,"DEC 31, 2023",OKC vs. BKN,W,12,1,1,1.0,0,0,0.0,0,0,0.0,1,2,3,4,1,0,0,4,2,6,1,
22023,203995,22300435,"DEC 29, 2023",OKC @ DEN,W,14,1,4,0.25,0,3,0.0,0,0,0.0,0,1,1,2,0,1,0,2,2,4,1,
22023,203995,22300411,"DEC 26, 2023",OKC vs. MIN,W,16,1,7,0.143,0,4,0.0,0,0,0.0,0,0,0,4,2,0,1,3,2,7,1,
22023,203995,22300355,"DEC 18, 2023",OKC vs. MEM,W,7,0,1,0.0,0,1,0.0,0,0,0.0,0,0,0,0,0,1,1,0,0,-10,1,
22023,203995,22300302,"DEC 11, 2023",OKC vs. UTA,W,16,1,5,0.2,0,3,0.0,0,0,0.0,0,1,1,5,1,0,0,0,2,8,1,
22023,203995,22300234,"NOV 22, 2023",OKC vs. CHI,W,11,1,4,0.25,0,3,0.0,0,0,0.0,0,0,0,2,0,0,2,0,2,-2,1,
22023,203995,22300215,"NOV 19, 2023",OKC @ POR,W,6,0,1,0.0,0,0,0.0,0,0,0.0,0,0,0,1,0,0,2,0,0,3,1,
22023,203995,22300207,"NOV 18, 2023",OKC @ GSW,W,8,1,1,1.0,0,0,0.0,0,0,0.0,0,0,0,1,0,0,0,0,2,-1,1,
22023,203995,22300201,"NOV 16, 2023",OKC @ GSW,W,21,1,5,0.2,1,3,0.333,2,2,1.0,0,2,2,7,0,0,0,3,5,18,1,
22023,203995,22300021,"NOV 14, 2023",OKC vs. SAS,W,19,2,4,0.5,2,3,0.667,2,4,0.5,0,1,1,4,1,0,2,1,8,16,1,
22023,203995,22300005,"NOV 03, 2023",OKC vs. GSW,L,12,2,5,0.4,1,2,0.5,0,0,0.0,0,1,1,3,0,0,0,1,5,-2,1,
22023,203995,22300095,"OCT 29, 2023",OKC vs. DEN,L,14,1,3,0.333,0,2,0.0,0,0,0.0,0,0,0,3,0,0,2,1,2,-9,1,
22023,203995,22300081,"OCT 27, 2023",OKC @ CLE,W,6,1,1,1.0,1,1,1.0,0,0,0.0,0,0,0,1,0,0,2,0,3,2,1,
22023,203999,22300786,"FEB 14, 2024",DEN vs. SAC,L,39,6,17,0.353,0,6,0.0,3,4,0.75,0,5,5,8,0,1,0,4,15,-6,1,
22023,203999,22300767,"FEB 12, 2024",DEN @ MIL,L,32,13,25,0.52,2,5,0.4,1,3,0.333,3,9,12,8,0,0,5,1,29,-16,1,
22023,203999,22300746,"FEB 09, 2024",DEN @ SAC,L,30,9,17,0.529,1,1,1.0,4,5,0.8,2,6,8,7,3,0,1,2,23,-7,1,
22023,203999,22300740,"FEB 08, 2024",DEN @ LAL,W,36,9,20,0.45,2,6,0.333,4,4,1.0,3,10,13,9,0,3,6,2,24,10,1,
22023,203999,22300712,"FEB 04, 2024",DEN vs. POR,W,34,12,20,0.6,1,3,0.333,4,5,0.8,1,7,8,7,2,0,2,1,29,-5,1,
22023,203999,22300697,"FEB 02, 2024",DEN vs. POR,W,38,11,16,0.688,1,1,1.0,4,4,1.0,7,15,22,12,1,2,4,3,27,20,1,
22023,203999,22300667,"JAN 29, 2024",DEN vs. MIL,W,40,10,25,0.4,1,6,0.167,4,5,0.8,1,15,16,12,3,2,3,1,25,9,1,
22023,203999,22300644,"JAN 27, 2024",DEN vs. PHI,W,37,8,16,0.5,0,1,0.0,10,16,0.625,5,11,16,7,2,0,3,3,26,2,1,
22023,203999,22300631,"JAN 25, 2024",DEN @ NYK,L,27,13,18,0.722,2,3,0.667,3,3,1.0,4,7,11,3,0,0,7,1,31,-23,1,
22023,203999,22300614,"JAN 23, 2024",DEN @ IND,W,37,13,19,0.684,3,4,0.75,2,2,1.0,2,11,13,10,0,1,1,3,31,9,1,
22023,203999,22300602,"JAN 21, 2024",DEN @ WAS,W,36,15,20,0.75,0,0,0.0,12,14,0.857,4,8,12,8,2,2,0,2,42,20,1,
22023,203999,22300586,"JAN 19, 2024",DEN @ BOS,W,38,14,22,0.636,2,4,0.5,4,4,1.0,2,10,12,9,0,0,4,1,34,1,1,
22023,203999,22300566,"JAN 16, 2024",DEN @ PHI,L,38,11,20,0.55,0,2,0.0,3,4,0.75,11,8,19,3,1,1,4,3,25,1,1,
22023,203999,22300550,"JAN 14, 2024",DEN vs. IND,W,33,12,13,0.923,0,0,0.0,1,2,0.5,3,9,12,9,2,1,7,3,25,10,1,
22023,203999,22300539,"JAN 12, 2024",DEN vs. NOP,W,32,11,17,0.647,1,2,0.5,4,4,1.0,3,7,10,14,0,1,2,4,27,12,1,
22023,203999,22300524,"JAN 10, 2024",DEN @ UTA,L,30,8,9,0.889,1,1,1.0,10,12,0.833,1,10,11,6,1,0,6,3,27,-21,1,
22023,203999,22300502,"JAN 07, 2024",DEN vs. DET,W,25,2,3,0.667,0,0,0.0,0,0,0.0,0,7,7,16,0,5,2,4,4,16,1,
22023,203999,22300488,"JAN 05, 2024",DEN vs. ORL,L,37,13,19,0.684,0,1,0.0,3,4,0.75,0,4,4,8,3,0,2,3,29,-4,1,
22023,203999,22300478,"JAN 04, 2024",DEN @ GSW,W,38,13,16,0.813,2,2,1.0,6,7,0.857,2,7,9,10,2,1,4,2,34,4,1,
22023,203999,22300455,"JAN 01, 2024",DEN vs. CHA,W,28,6,7,0.857,0,0,0.0,1,1,1.0,0,11,11,6,1,1,3,2,13,27,1,
22023,203999,22300435,"DEC 29, 2023",DEN vs. OKC,L,32,9,10,0.9,1,1,1.0,0,0,0.0,2,8,10,7,1,1,7,2,19,-19,1,
22023,203999,22300425,"DEC 28, 2023",DEN vs. MEM,W,30,11,11,1.0,1,1,1.0,3,3,1.0,0,14,14,10,0,2,3,1,26,25,1,
22023,203999,22300402,"DEC 25, 2023",DEN vs. GSW,W,39,4,12,0.333,0,2,0.0,18,18,1.0,4,10,14,8,0,0,3,2,26,21,1,
22023,203999,22300390,"DEC 23, 2023",DEN @ CHA,W,36,8,14,0.571,0,2,0.0,2,2,1.0,2,8,10,9,1,1,3,6,18,12,1,
22023,203999,22300383,"DEC 22, 2023",DEN @ BKN,W,34,12,17,0.706,2,2,1.0,5,5,1.0,2,9,11,7,3,2,0,4,31,29,1,
22023,203999,22300369,"DEC 20, 2023",DEN @ TOR,W,38,13,23,0.565,3,5,0.6,2,3,0.667,5,10,15,6,0,2,2,2,31,15,1,
22023,203999,22300356,"DEC 18, 2023",DEN vs. DAL,W,28,3,8,0.375,0,1,0.0,2,2,1.0,1,8,9,7,2,0,2,2,8,16,1,
22023,203999,22300340,"DEC 16, 2023",DEN vs. OKC,L,37,8,15,0.533,1,2,0.5,7,8,0.875,4,2,6,12,2,0,3,3,24,-9,1,
22023,203999,22300322,"DEC 14, 2023",DEN vs. BKN,W,30,8,12,0.667,0,2,0.0,10,12,0.833,1,13,14,10,1,0,1,2,26,21,1,
22023,203999,22300307,"DEC 12, 2023",DEN @ CHI,W,16,2,5,0.4,0,0,0.0,0,0,0.0,3,6,9,6,0,0,0,1,4,5,1,
22023,203999,22300296,"DEC 11, 2023",DEN @ ATL,W,36,9,13,0.692,1,1,1.0,6,7,0.857,2,6,8,9,3,2,1,3,25,8,1,
22023,203999,22301224,"DEC 08, 2023",DEN vs. HOU,L,34,9,26,0.346,1,2,0.5,4,7,0.571,7,9,16,5,0,2,3,5,23,3,1,
22023,203999,22301215,"DEC 06, 2023",DEN @ LAC,L,37,9,32,0.281,2,7,0.286,2,2,1.0,5,10,15,10,1,0,4,2,22,1,1,
22023,203999,22300290,"DEC 02, 2023",DEN @ SAC,L,38,13,23,0.565,1,4,0.25,9,12,0.75,2,11,13,14,2,1,0,3,36,11,1,
22023,203999,22300279,"DEC 01, 2023",DEN @ PHX,W,35,9,18,0.5,0,3,0.0,3,6,0.5,1,4,5,16,1,2,3,4,21,6,1,
22023,203999,22300263,"NOV 29, 2023",DEN vs. HOU,W,33,12,19,0.632,1,2,0.5,7,8,0.875,6,4,10,15,1,0,0,2,32,29,1,
22023,203999,22300252,"NOV 26, 2023",DEN vs. SAS,W,34,17,29,0.586,0,0,0.0,5,5,1.0,5,6,11,9,1,0,5,3,39,14,1,
22023,203999,22300048,"NOV 24, 2023",DEN @ HOU,L,42,14,31,0.452,3,8,0.375,7,11,0.636,6,13,19,8,3,0,3,3,38,-12,1,
22023,203999,22300226,"NOV 22, 2023",DEN @ ORL,L,36,12,18,0.667,1,2,0.5,5,5,1.0,5,8,13,12,3,2,1,4,30,4,1,
22023,203999,22300218,"NOV 20, 2023",DEN @ DET,W,15,4,8,0.5,1,4,0.25,0,0,0.0,0,5,5,5,0,1,1,1,9,-4,1,
22023,203999,22300210,"NOV 19, 2023",DEN @ CLE,L,28,8,13,0.615,0,0,0.0,2,5,0.4,1,9,10,7,1,1,3,5,18,-16,1,
22023,203999,22300034,"NOV 17, 2023",DEN @ NOP,L,36,10,20,0.5,1,8,0.125,5,5,1.0,2,14,16,18,1,1,4,2,26,5,1,
22023,203999,22300024,"NOV 14, 2023",DEN vs. LAC,W,36,8,23,0.348,2,7,0.286,14,14,1.0,3,13,16,9,1,0,4,2,32,3,1,
22023,203999,22300182,"NOV 12, 2023",DEN @ HOU,L,38,13,26,0.5,2,6,0.333,8,8,1.0,6,15,21,11,0,1,3,3,36,12,1,
22023,203999,22300169,"NOV 08, 2023",DEN vs. GSW,W,37,14,25,0.56,1,8,0.125,6,10,0.6,3,10,13,5,3,1,3,3,35,3,1,
22023,203999,22300156,"NOV 06, 2023",DEN vs. NOP,W,36,15,24,0.625,2,6,0.333,3,5,0.6,3,11,14,12,1,1,2,1,35,16,1,
22023,203999,22300139,"NOV 04, 2023",DEN vs. CHI,W,33,9,16,0.563,1,3,0.333,9,9,1.0,4,12,16,9,3,0,1,3,28,33,1,
22023,203999,22300006,"NOV 03, 2023",DEN vs. DAL,W,36,14,16,0.875,2,2,1.0,3,5,0.6,7,7,14,9,1,1,4,3,33,17,1,
22023,203999,22300123,"NOV 01, 2023",DEN @ MIN,L,30,11,23,0.478,1,6,0.167,2,2,1.0,2,8,10,3,0,0,5,0,25,-19,1,
22023,203999,22300110,"OCT 30, 2023",DEN vs. UTA,W,35,12,16,0.75,1,3,0.333,2,5,0.4,1,9,10,11,0,2,1,3,27,13,1,
22023,203999,22300095,"OCT 29, 2023",DEN @ OKC,W,30,12,16,0.75,1,2,0.5,3,3,1.0,2,12,14,5,0,0,4,3,28,21,1,
22023,203999,22300078,"OCT 27, 2023",DEN @ MEM,W,35,8,14,0.571,1,4,0.25,5,6,0.833,3,9,12,7,1,1,9,1,22,6,1,
22023,203999,22300061,"OCT 24, 2023",DEN vs. LAL,W,36,12,22,0.545,3,5,0.6,2,4,0.5,3,10,13,11,1,1,2,2,29,15,1,
22023,204001,22300780,"FEB 14, 2024",BOS vs. BKN,W,16,6,9,0.667,3,4,0.75,0,0,0.0,0,5,5,1,0,1,1,0,15,16,1,
22023,204001,22300759,"FEB 11, 2024",BOS @ MIA,W,32,8,14,0.571,2,4,0.5,7,9,0.778,0,9,9,3,0,2,1,4,25,2,1,
22023,204001,22300743,"FEB 09, 2024",BOS vs. WAS,W,33,9,18,0.5,2,4,0.5,14,14,1.0,2,9,11,0,0,1,3,3,34,8,1,
22023,204001,22300729,"FEB 07, 2024",BOS vs. ATL,W,31,13,19,0.684,2,4,0.5,3,4,0.75,0,3,3,1,0,2,2,2,31,2,1,
22023,204001,22300706,"FEB 04, 2024",BOS vs. MEM,W,28,10,17,0.588,2,5,0.4,4,5,0.8,2,6,8,2,1,2,1,2,26,26,1,
22023,204001,22300684,"FEB 01, 2024",BOS vs. LAL,L,29,7,15,0.467,1,7,0.143,2,2,1.0,1,6,7,3,1,5,3,1,17,-22,1,
22023,204001,22300670,"JAN 30, 2024",BOS vs. IND,W,31,6,17,0.353,2,6,0.333,3,4,0.75,4,8,12,2,0,1,4,5,17,-7,1,
22023,204001,22300630,"JAN 25, 2024",BOS @ MIA,W,21,6,9,0.667,3,4,0.75,4,4,1.0,0,4,4,1,0,0,0,1,19,26,1,
22023,204001,22300603,"JAN 21, 2024",BOS @ HOU,W,33,11,21,0.524,6,11,0.545,4,4,1.0,4,2,6,1,1,5,3,5,32,18,1,
22023,204001,22300586,"JAN 19, 2024",BOS vs. DEN,L,36,6,11,0.545,3,5,0.6,6,8,0.75,4,4,8,2,0,1,0,4,21,2,1,
22023,204001,22300563,"JAN 15, 2024",BOS @ TOR,W,32,2,6,0.333,1,4,0.25,10,12,0.833,0,6,6,2,0,2,6,4,15,2,1,
22023,204001,22300542,"JAN 13, 2024",BOS vs. HOU,W,28,6,11,0.545,3,5,0.6,2,2,1.0,1,6,7,5,1,3,2,3,17,24,1,
22023,204001,22300528,"JAN 11, 2024",BOS @ MIL,L,21,3,9,0.333,0,3,0.0,0,0,0.0,1,1,2,4,1,1,1,2,6,-27,1,
22023,204001,22300507,"JAN 08, 2024",BOS @ IND,L,38,6,13,0.462,1,4,0.25,6,7,0.857,2,3,5,7,0,3,1,2,19,1,1,
22023,204001,22300493,"JAN 06, 2024",BOS @ IND,W,6,1,2,0.5,0,1,0.0,0,0,0.0,1,2,3,0,1,1,0,0,2,4,1,
22023,204001,22300479,"JAN 05, 2024",BOS vs. UTA,W,27,4,7,0.571,1,3,0.333,10,12,0.833,0,5,5,2,0,1,1,3,19,18,1,
22023,204001,22300462,"JAN 02, 2024",BOS @ OKC,L,35,12,18,0.667,2,3,0.667,8,9,0.889,6,4,10,2,0,3,1,1,34,3,1,
22023,204001,22300448,"DEC 31, 2023",BOS @ SAS,W,30,4,14,0.286,0,7,0.0,6,6,1.0,1,8,9,2,1,2,1,2,14,33,1,
22023,204001,22300421,"DEC 28, 2023",BOS vs. DET,W,36,13,21,0.619,3,9,0.333,6,7,0.857,0,8,8,1,1,0,1,4,35,12,1,
22023,204001,22300403,"DEC 25, 2023",BOS @ LAL,W,35,11,19,0.579,2,8,0.25,4,7,0.571,3,8,11,2,1,2,1,3,28,16,1,
22023,204001,22300373,"DEC 20, 2023",BOS @ SAC,W,29,7,11,0.636,3,4,0.75,7,8,0.875,2,7,9,2,0,6,3,3,24,22,1,
22023,204001,22300344,"DEC 17, 2023",BOS vs. ORL,W,29,6,12,0.5,2,4,0.5,1,1,1.0,1,9,10,0,1,1,4,2,15,4,1,
22023,204001,22300319,"DEC 14, 2023",BOS vs. CLE,W,31,5,11,0.455,1,6,0.167,7,8,0.875,1,5,6,0,1,2,3,2,18,-1,1,
22023,204001,22300305,"DEC 12, 2023",BOS vs. CLE,W,32,5,16,0.313,2,6,0.333,9,9,1.0,3,7,10,3,1,2,3,1,21,-3,1,
22023,204001,22301227,"DEC 08, 2023",BOS vs. NYK,W,29,7,13,0.538,3,6,0.5,4,4,1.0,1,2,3,1,2,0,2,2,21,13,1,
22023,204001,22300043,"NOV 24, 2023",BOS @ ORL,L,22,4,9,0.444,1,4,0.25,0,1,0.0,1,3,4,2,2,0,2,3,9,6,1,
22023,204001,22300228,"NOV 22, 2023",BOS vs. MIL,W,27,9,15,0.6,2,7,0.286,1,2,0.5,1,5,6,1,0,0,1,5,21,3,1,
22023,204001,22300217,"NOV 20, 2023",BOS @ CHA,L,34,5,14,0.357,1,8,0.125,6,10,0.6,3,5,8,0,2,3,0,2,17,-26,1,
22023,204001,22300213,"NOV 19, 2023",BOS @ MEM,W,34,9,13,0.692,0,3,0.0,8,9,0.889,2,6,8,1,1,6,2,4,26,4,1,
22023,204001,22300031,"NOV 17, 2023",BOS @ TOR,W,35,6,13,0.462,0,3,0.0,2,2,1.0,2,10,12,5,1,3,2,3,14,2,1,
22023,204001,22300188,"NOV 13, 2023",BOS vs. NYK,W,33,7,11,0.636,3,6,0.5,4,4,1.0,1,5,6,3,0,1,1,5,21,19,1,
22023,204001,22300174,"NOV 11, 2023",BOS vs. TOR,W,28,9,14,0.643,3,7,0.429,0,1,0.0,0,7,7,3,0,0,3,1,21,12,1,
22023,204001,22300010,"NOV 10, 2023",BOS vs. BKN,W,25,2,4,0.5,0,2,0.0,5,5,1.0,0,2,2,2,0,1,0,2,9,20,1,
22023,204001,22300159,"NOV 08, 2023",BOS @ PHI,L,31,10,19,0.526,2,6,0.333,7,8,0.875,4,2,6,3,0,1,0,4,29,8,1,
22023,204001,22300154,"NOV 06, 2023",BOS @ MIN,L,36,5,14,0.357,2,6,0.333,8,10,0.8,1,4,5,1,1,1,1,5,20,-7,1,
22023,204001,22300136,"NOV 04, 2023",BOS @ BKN,W,30,8,10,0.8,1,2,0.5,5,8,0.625,2,5,7,1,0,3,1,2,22,4,1,
22023,204001,22300118,"NOV 01, 2023",BOS vs. IND,W,27,3,7,0.429,1,3,0.333,6,6,1.0,1,5,6,2,0,0,2,3,13,27,1,
22023,204001,22300103,"OCT 30, 2023",BOS @ WAS,W,24,7,9,0.778,1,2,0.5,0,0,0.0,0,6,6,3,0,1,2,2,15,30,1,
22023,204001,22300080,"OCT 27, 2023",BOS vs. MIA,W,30,6,12,0.5,2,6,0.333,3,4,0.75,3,6,9,1,3,1,1,6,17,-12,1,
22023,204001,22300065,"OCT 25, 2023",BOS @ NYK,W,38,8,15,0.533,5,9,0.556,9,10,0.9,1,7,8,0,0,4,1,4,30,13,1,
22023,204060,22300778,"FEB 14, 2024",ORL vs. NYK,W,20,2,3,0.667,2,3,0.667,0,0,0.0,0,2,2,5,1,1,0,2,6,12,1,
22023,204060,22300772,"FEB 13, 2024",ORL vs. OKC,L,10,0,1,0.0,0,0,0.0,0,0,0.0,0,1,1,3,0,0,0,0,0,-11,1,
22023,204060,22300752,"FEB 10, 2024",ORL vs. CHI,W,9,0,2,0.0,0,2,0.0,0,0,0.0,0,0,0,2,0,0,1,2,0,3,1,
22023,204060,22300734,"FEB 08, 2024",ORL vs. SAS,W,16,3,4,0.75,2,3,0.667,0,0,0.0,0,3,3,4,1,0,0,1,8,2,1,
22023,204060,22300721,"FEB 06, 2024",ORL @ MIA,L,15,3,4,0.75,3,4,0.75,0,0,0.0,0,1,1,1,0,0,0,0,9,1,1,
22023,204060,22300704,"FEB 04, 2024",ORL @ DET,W,15,1,3,0.333,1,3,0.333,0,0,0.0,0,2,2,2,0,0,1,1,3,0,1,
22023,204060,22300694,"FEB 02, 2024",ORL @ MIN,W,13,2,4,0.5,2,4,0.5,0,0,0.0,0,0,0,2,0,0,0,1,6,-10,1,
22023,204060,22300681,"JAN 31, 2024",ORL @ SAS,W,15,0,2,0.0,0,2,0.0,0,0,0.0,0,4,4,2,1,0,2,2,0,5,1,
22023,204060,22300666,"JAN 29, 2024",ORL @ DAL,L,15,1,4,0.25,1,3,0.333,0,0,0.0,1,2,3,0,0,0,2,1,3,-9,1,
22023,204060,22300655,"JAN 28, 2024",ORL vs. PHX,W,13,2,4,0.5,2,4,0.5,0,0,0.0,0,2,2,2,0,0,0,3,6,-1,1,
22023,204060,22300638,"JAN 26, 2024",ORL @ MEM,L,17,1,5,0.2,0,4,0.0,0,0,0.0,0,0,0,0,0,0,0,0,2,-9,1,
22023,204060,22300607,"JAN 22, 2024",ORL vs. CLE,L,15,1,1,1.0,0,0,0.0,0,0,0.0,2,2,4,2,1,0,2,2,2,-9,1,
22023,204060,22300601,"JAN 21, 2024",ORL vs. MIA,W,17,0,2,0.0,0,2,0.0,0,0,0.0,1,2,3,3,0,0,3,0,0,4,1,
22023,204060,22300585,"JAN 19, 2024",ORL vs. PHI,L,22,3,6,0.5,3,3,1.0,0,0,0.0,0,1,1,3,0,0,0,2,9,-6,1,
22023,204060,22300570,"JAN 17, 2024",ORL @ ATL,L,20,1,5,0.2,1,5,0.2,0,0,0.0,0,4,4,3,1,0,3,4,3,3,1,
22023,204060,22300557,"JAN 15, 2024",ORL @ NYK,W,20,3,6,0.5,0,1,0.0,0,0,0.0,0,1,1,4,0,0,1,2,6,6,1,
22023,204060,22300535,"JAN 12, 2024",ORL @ MIA,L,20,5,10,0.5,4,8,0.5,0,1,0.0,0,0,0,6,3,0,2,2,14,0,1,
22023,204060,22300329,"DEC 15, 2023",ORL @ BOS,L,6,0,1,0.0,0,0,0.0,0,0,0.0,1,1,2,2,0,0,0,0,0,-12,1,
22023,204060,22300294,"DEC 11, 2023",ORL vs. CLE,W,20,2,5,0.4,2,4,0.5,6,6,1.0,1,3,4,3,0,1,1,2,12,-2,1,
22023,204060,22301217,"DEC 08, 2023",ORL vs. DET,W,16,2,6,0.333,2,3,0.667,0,0,0.0,0,4,4,5,0,0,0,1,6,15,1,
22023,204060,22301205,"DEC 06, 2023",ORL @ CLE,L,17,0,1,0.0,0,1,0.0,0,0,0.0,0,4,4,3,1,0,0,3,0,-7,1,
22023,204060,22300282,"DEC 02, 2023",ORL @ BKN,L,16,1,2,0.5,1,1,1.0,2,3,0.667,1,1,2,2,1,0,1,2,5,-10,1,
22023,204060,22300274,"DEC 01, 2023",ORL vs. WAS,W,25,5,11,0.455,3,7,0.429,1,1,1.0,0,3,3,7,0,0,0,3,14,13,1,
22023,204060,22300259,"NOV 29, 2023",ORL vs. WAS,W,20,5,7,0.714,1,1,1.0,1,1,1.0,0,4,4,6,1,0,2,1,12,16,1,
22023,204060,22300248,"NOV 26, 2023",ORL vs. CHA,W,15,0,3,0.0,0,1,0.0,0,0,0.0,0,2,2,1,1,0,2,2,0,0,1,
22023,204060,22300043,"NOV 24, 2023",ORL vs. BOS,W,21,2,3,0.667,1,1,1.0,0,0,0.0,1,4,5,2,0,0,2,1,5,2,1,
22023,204060,22300226,"NOV 22, 2023",ORL vs. DEN,W,17,4,4,1.0,2,2,1.0,2,2,1.0,0,1,1,7,1,0,0,3,12,9,1,
22023,204060,22300038,"NOV 21, 2023",ORL vs. TOR,W,13,2,3,0.667,1,2,0.5,1,1,1.0,1,1,2,1,0,0,1,2,6,6,1,
22023,204060,22300209,"NOV 19, 2023",ORL @ IND,W,18,0,2,0.0,0,2,0.0,0,0,0.0,0,4,4,6,3,0,2,1,0,4,1,
22023,204060,22300033,"NOV 17, 2023",ORL @ CHI,W,26,3,8,0.375,2,7,0.286,0,0,0.0,0,1,1,5,1,0,1,1,8,16,1,
22023,204060,22300196,"NOV 15, 2023",ORL @ CHI,W,18,1,3,0.333,1,3,0.333,0,0,0.0,0,2,2,1,0,0,0,1,3,3,1,
22023,204060,22300020,"NOV 14, 2023",ORL @ BKN,L,21,4,4,1.0,3,3,1.0,0,0,0.0,1,2,3,4,1,1,1,1,11,-10,1,
22023,204060,22300173,"NOV 11, 2023",ORL vs. MIL,W,23,1,5,0.2,1,4,0.25,2,2,1.0,1,2,3,5,0,0,0,1,5,8,1,
22023,204060,22300172,"NOV 09, 2023",ORL vs. ATL,L,18,1,6,0.167,1,3,0.333,0,0,0.0,2,1,3,5,3,1,0,1,3,27,1,
22023,204060,22300147,"NOV 06, 2023",ORL vs. DAL,L,21,1,2,0.5,0,0,0.0,0,0,0.0,0,5,5,3,0,0,2,1,2,3,1,
22023,204060,22300134,"NOV 04, 2023",ORL vs. LAL,W,25,2,6,0.333,2,5,0.4,1,1,1.0,0,3,3,3,1,0,2,2,7,7,1,
22023,204060,22300130,"NOV 02, 2023",ORL @ UTA,W,24,1,5,0.2,1,4,0.25,1,2,0.5,1,1,2,1,1,0,0,0,4,-4,1,
22023,204060,22300114,"OCT 31, 2023",ORL @ LAC,L,13,0,1,0.0,0,1,0.0,0,0,0.0,0,1,1,1,0,0,0,0,0,-4,1,
22023,204060,22300111,"OCT 30, 2023",ORL @ LAL,L,12,1,2,0.5,0,0,0.0,0,0,0.0,1,0,1,3,2,0,1,2,2,-2,1,
22023,204060,22300086,"OCT 27, 2023",ORL @ POR,W,15,0,1,0.0,0,1,0.0,0,0,0.0,0,1,1,1,1,0,1,3,0,3,1,
22023,204060,22300066,"OCT 25, 2023",ORL vs. HOU,W,18,0,3,0.0,0,3,0.0,0,0,0.0,0,4,4,5,0,0,1,3,0,9,1,
22023,204456,22300782,"FEB 14, 2024",IND @ TOR,W,16,3,8,0.375,0,0,0.0,0,0,0.0,0,1,1,6,1,0,3,1,6,-3,1,
22023,204456,22300761,"FEB 12, 2024",IND @ CHA,L,15,4,7,0.571,0,0,0.0,0,0,0.0,0,3,3,2,0,0,3,1,8,-17,1,
22023,204456,22300755,"FEB 10, 2024",IND @ NYK,W,18,8,10,0.8,0,0,0.0,0,0,0.0,0,4,4,6,1,0,1,1,16,6,1,
22023,204456,22300733,"FEB 08, 2024",IND vs. GSW,L,22,3,7,0.429,0,0,0.0,0,0,0.0,0,0,0,8,1,0,1,1,6,-13,1,
22023,204456,22300719,"FEB 06, 2024",IND vs. HOU,W,19,8,11,0.727,0,1,0.0,1,1,1.0,1,2,3,4,1,0,1,1,17,2,1,
22023,204456,22300707,"FEB 04, 2024",IND @ CHA,W,21,2,5,0.4,0,0,0.0,0,0,0.0,1,5,6,7,0,0,4,2,4,0,1,
22023,204456,22300691,"FEB 02, 2024",IND vs. SAC,L,23,3,5,0.6,1,1,1.0,2,2,1.0,1,2,3,7,2,0,1,0,9,1,1,
22023,204456,22300636,"JAN 26, 2024",IND vs. PHX,W,18,1,5,0.2,0,0,0.0,0,0,0.0,0,1,1,8,1,0,0,1,2,-5,1,
22023,204456,22300627,"JAN 25, 2024",IND vs. PHI,W,24,4,6,0.667,0,0,0.0,0,0,0.0,1,3,4,5,2,0,3,4,8,-4,1,
22023,204456,22300614,"JAN 23, 2024",IND vs. DEN,L,21,7,11,0.636,1,1,1.0,2,2,1.0,0,1,1,7,0,0,3,3,17,10,1,
22023,204456,22300604,"JAN 21, 2024",IND @ PHX,L,12,2,8,0.25,0,0,0.0,0,0,0.0,0,1,1,3,2,0,1,0,4,-9,1,
22023,204456,22300590,"JAN 19, 2024",IND @ POR,L,13,1,4,0.25,0,0,0.0,0,0,0.0,0,0,0,2,0,0,2,1,2,-19,1,
22023,204456,22300583,"JAN 18, 2024",IND @ SAC,W,33,9,14,0.643,0,0,0.0,2,3,0.667,0,1,1,10,1,0,4,2,20,-15,1,
22023,204456,22300564,"JAN 15, 2024",IND @ UTA,L,19,3,6,0.5,0,0,0.0,2,2,1.0,1,4,5,5,1,0,3,1,8,3,1,
22023,204456,22300550,"JAN 14, 2024",IND @ DEN,L,19,2,9,0.222,0,2,0.0,1,2,0.5,1,1,2,5,0,0,1,0,5,8,1,
22023,204456,22300533,"JAN 12, 2024",IND @ ATL,W,25,3,5,0.6,0,0,0.0,0,0,0.0,0,4,4,14,3,1,5,0,6,14,1,
22023,204456,22300520,"JAN 10, 2024",IND vs. WAS,W,22,7,10,0.7,0,0,0.0,0,0,0.0,0,2,2,8,2,0,0,2,14,7,1,
22023,204456,22300507,"JAN 08, 2024",IND vs. BOS,W,25,6,12,0.5,0,2,0.0,0,0,0.0,1,3,4,7,2,0,2,1,12,10,1,
22023,204456,22300493,"JAN 06, 2024",IND vs. BOS,L,12,3,3,1.0,0,0,0.0,0,0,0.0,0,1,1,5,2,0,3,0,6,-3,1,
22023,204456,22300480,"JAN 05, 2024",IND vs. ATL,W,23,5,6,0.833,0,0,0.0,0,0,0.0,2,1,3,10,3,0,1,2,10,10,1,
22023,204456,22300466,"JAN 03, 2024",IND vs. MIL,W,19,2,6,0.333,0,1,0.0,2,2,1.0,0,6,6,3,0,0,1,1,6,3,1,
22023,204456,22300454,"JAN 01, 2024",IND @ MIL,W,22,5,9,0.556,0,1,0.0,6,8,0.75,1,3,4,9,1,0,0,0,16,31,1,
22023,204456,22300441,"DEC 30, 2023",IND vs. NYK,W,12,2,3,0.667,0,0,0.0,1,1,1.0,0,0,0,3,0,0,2,0,5,-5,1,
22023,204456,22300391,"DEC 23, 2023",IND vs. ORL,L,7,0,1,0.0,0,0,0.0,1,2,0.5,0,0,0,2,0,0,1,0,1,-17,1,
22023,204456,22300377,"DEC 21, 2023",IND @ MEM,L,4,1,1,1.0,0,0,0.0,0,0,0.0,0,1,1,1,0,0,1,0,2,-5,1,
22023,204456,22300365,"DEC 20, 2023",IND vs. CHA,W,20,3,3,1.0,0,0,0.0,3,4,0.75,1,4,5,9,1,0,1,1,9,-1,1,
22023,204456,22300350,"DEC 18, 2023",IND vs. LAC,L,20,5,10,0.5,0,0,0.0,0,0,0.0,1,4,5,8,1,0,0,2,10,16,1,
22023,204456,22300338,"DEC 16, 2023",IND @ MIN,L,26,5,12,0.417,0,1,0.0,0,0,0.0,1,3,4,6,2,1,1,1,10,-17,1,
22023,204456,22300328,"DEC 15, 2023",IND @ WAS,L,20,4,10,0.4,0,0,0.0,1,1,1.0,0,3,3,9,1,0,2,0,9,-1,1,
22023,204456,22300315,"DEC 13, 2023",IND @ MIL,L,16,4,9,0.444,0,2,0.0,1,1,1.0,1,4,5,5,2,0,3,1,9,-12,1,
22023,204456,22300293,"DEC 11, 2023",IND @ DET,W,15,4,10,0.4,0,1,0.0,0,0,0.0,0,2,2,5,1,0,2,2,8,0,1,
22023,204456,22301229,"DEC 07, 2023",IND @ MIL,W,11,4,7,0.571,0,0,0.0,1,2,0.5,1,0,1,4,3,0,3,0,9,9,1,
22023,204456,22301202,"DEC 04, 2023",IND vs. BOS,W,9,1,5,0.2,0,0,0.0,0,0,0.0,0,2,2,3,1,0,0,0,2,-5,1,
22023,204456,22300284,"DEC 02, 2023",IND @ MIA,W,25,10,11,0.909,0,0,0.0,0,0,0.0,0,2,2,11,0,0,1,0,20,5,1,
22023,204456,22300254,"NOV 27, 2023",IND vs. POR,L,10,0,2,0.0,0,1,0.0,0,2,0.0,2,2,4,4,1,1,3,0,0,4,1,
22023,204456,22300230,"NOV 22, 2023",IND vs. TOR,L,14,3,6,0.5,1,1,1.0,0,0,0.0,0,2,2,5,1,0,0,5,7,-4,1,
22023,204456,22300039,"NOV 21, 2023",IND @ ATL,W,14,1,5,0.2,0,0,0.0,0,0,0.0,0,0,0,4,0,0,0,1,2,-4,1,
22023,204456,22300209,"NOV 19, 2023",IND vs. ORL,L,21,5,9,0.556,0,1,0.0,1,3,0.333,1,3,4,5,0,0,2,1,11,2,1,
22023,204456,22300019,"NOV 14, 2023",IND @ PHI,W,13,5,8,0.625,0,2,0.0,1,1,1.0,1,2,3,3,0,0,1,3,11,-7,1,
22023,204456,22300180,"NOV 12, 2023",IND @ PHI,L,17,3,5,0.6,0,0,0.0,2,2,1.0,0,2,2,1,3,1,1,1,8,10,1,
22023,204456,22300146,"NOV 06, 2023",IND vs. SAS,W,9,1,2,0.5,0,0,0.0,2,2,1.0,0,3,3,4,0,0,1,1,4,6,1,
22023,204456,22300133,"NOV 04, 2023",IND vs. CHA,L,5,0,2,0.0,0,0,0.0,0,0,0.0,0,0,0,0,0,0,1,1,0,-9,1,
22023,204456,22300118,"NOV 01, 2023",IND @ BOS,L,28,8,13,0.615,0,1,0.0,2,2,1.0,2,5,7,5,1,0,1,2,18,-29,1,
22023,204456,22300091,"OCT 28, 2023",IND @ CLE,W,19,3,5,0.6,0,0,0.0,2,2,1.0,1,1,2,8,0,0,0,1,8,21,1,
22023,204456,22300064,"OCT 25, 2023",IND vs. WAS,W,6,2,2,1.0,0,0,0.0,0,0,0.0,0,1,1,2,2,0,0,0,4,1,1,
22023,2544,22300776,"FEB 13, 2024",LAL vs. DET,W,31,9,15,0.6,3,6,0.5,4,4,1.0,0,1,1,8,0,0,4,0,25,9,1,
22023,2544,22300747,"FEB 09, 2024",LAL vs. NOP,W,38,6,13,0.462,2,2,1.0,7,8,0.875,1,3,4,14,1,1,2,2,21,15,1,
22023,2544,22300740,"FEB 08, 2024",LAL vs. DEN,L,35,9,20,0.45,2,6,0.333,5,5,1.0,1,8,9,7,1,1,2,0,25,-6,1,
22023,2544,22300713,"FEB 05, 2024",LAL @ CHA,W,40,12,22,0.545,0,5,0.0,2,3,0.667,0,4,4,7,1,1,4,2,26,2,1,
22023,2544,22300701,"FEB 03, 2024",LAL @ NYK,W,40,10,19,0.526,2,5,0.4,2,2,1.0,1,4,5,5,2,1,1,1,24,11,1,
22023,2544,22300669,"JAN 30, 2024",LAL @ ATL,L,36,7,17,0.412,2,6,0.333,4,9,0.444,2,7,9,8,1,1,3,1,20,-6,1,
22023,2544,22300662,"JAN 29, 2024",LAL @ HOU,L,37,9,15,0.6,2,5,0.4,3,8,0.375,0,6,6,10,1,1,1,4,23,-11,1,
22023,2544,22300650,"JAN 27, 2024",LAL @ GSW,W,48,14,25,0.56,2,4,0.5,6,6,1.0,1,19,20,12,0,0,3,2,36,-6,1,
22023,2544,22300633,"JAN 25, 2024",LAL vs. CHI,W,36,10,19,0.526,3,4,0.75,2,2,1.0,0,4,4,12,2,0,5,2,25,14,1,
22023,2544,22300605,"JAN 21, 2024",LAL vs. POR,W,31,8,16,0.5,3,8,0.375,9,10,0.9,0,5,5,5,0,0,3,2,28,28,1,
22023,2544,22300591,"JAN 19, 2024",LAL vs. BKN,L,34,9,22,0.409,2,5,0.4,4,5,0.8,5,6,11,5,0,0,4,1,24,-13,1,
22023,2544,22300577,"JAN 17, 2024",LAL vs. DAL,W,33,10,19,0.526,3,7,0.429,2,2,1.0,1,7,8,8,1,0,3,1,25,20,1,
22023,2544,22300565,"JAN 15, 2024",LAL vs. OKC,W,39,12,20,0.6,1,2,0.5,0,1,0.0,0,7,7,6,0,0,5,1,25,2,1,
22023,2544,22300531,"JAN 11, 2024",LAL vs. PHX,L,24,3,11,0.273,0,4,0.0,4,7,0.571,0,5,5,9,1,0,4,1,10,-25,1,
22023,2544,22300516,"JAN 09, 2024",LAL vs. TOR,W,35,8,17,0.471,2,5,0.4,4,6,0.667,0,5,5,12,1,1,3,0,22,0,1,
22023,2544,22300505,"JAN 07, 2024",LAL vs. LAC,W,38,11,19,0.579,1,3,0.333,2,3,0.667,1,7,8,7,1,0,4,2,25,5,1,
22023,2544,22300491,"JAN 05, 2024",LAL vs. MEM,L,39,11,24,0.458,4,9,0.444,6,10,0.6,2,3,5,7,5,0,4,0,32,-8,1,
22023,2544,22300475,"JAN 03, 2024",LAL vs. MIA,L,38,6,18,0.333,0,6,0.0,0,0,0.0,0,6,6,9,0,0,2,2,12,-20,1,
22023,2544,22300446,"DEC 31, 2023",LAL @ NOP,L,37,12,24,0.5,3,7,0.429,7,8,0.875,0,5,5,8,0,1,4,2,34,-11,1,
22023,2544,22300443,"DEC 30, 2023",LAL @ MIN,L,39,10,21,0.476,1,4,0.25,5,7,0.714,0,3,3,6,3,1,1,2,26,-5,1,
22023,2544,22300428,"DEC 28, 2023",LAL vs. CHA,W,25,7,13,0.538,2,5,0.4,1,1,1.0,0,4,4,11,0,0,3,0,17,1,1,
22023,2544,22300403,"DEC 25, 2023",LAL vs. BOS,L,37,5,14,0.357,1,2,0.5,5,6,0.833,0,9,9,8,0,0,3,1,16,-11,1,
22023,2544,22300397,"DEC 23, 2023",LAL @ OKC,W,37,13,20,0.65,5,5,1.0,9,9,1.0,2,5,7,7,2,2,3,0,40,10,1,
22023,2544,22300370,"DEC 20, 2023",LAL @ CHI,L,37,10,18,0.556,1,3,0.333,4,4,1.0,2,8,10,9,1,2,5,0,25,-11,1,
22023,2544,22300359,"DEC 18, 2023",LAL vs. NYK,L,39,10,23,0.435,2,8,0.25,3,4,0.75,1,10,11,11,1,0,2,1,25,-13,1,
22023,2544,22300331,"DEC 15, 2023",LAL @ SAS,L,36,7,17,0.412,2,6,0.333,7,10,0.7,2,5,7,14,2,0,2,1,23,-28,1,
22023,2544,22300306,"DEC 12, 2023",LAL @ DAL,L,40,14,27,0.519,3,8,0.375,2,3,0.667,2,6,8,9,3,1,4,1,33,-4,1,
22023,2544,22301230,"DEC 07, 2023",LAL vs. NOP,W,23,9,12,0.75,4,4,1.0,8,8,1.0,0,5,5,8,0,0,0,1,30,36,1,
22023,2544,22301203,"DEC 05, 2023",LAL vs. PHX,W,40,12,25,0.48,2,4,0.5,5,6,0.833,3,5,8,11,5,0,2,3,31,12,1,
22023,2544,22300291,"DEC 02, 2023",LAL vs. HOU,W,35,7,17,0.412,0,4,0.0,2,5,0.4,0,4,4,7,1,1,5,0,16,16,1,
22023,2544,22300271,"NOV 30, 2023",LAL @ OKC,L,35,7,12,0.583,4,8,0.5,3,4,0.75,2,10,12,6,1,1,5,1,21,-18,1,
22023,2544,22300258,"NOV 29, 2023",LAL @ DET,W,29,9,19,0.474,2,6,0.333,5,5,1.0,2,6,8,3,0,0,1,0,25,26,1,
22023,2544,22300255,"NOV 27, 2023",LAL @ PHI,L,30,8,12,0.667,1,1,1.0,1,2,0.5,0,0,0,5,1,1,1,0,18,-30,1,
22023,2544,22300242,"NOV 25, 2023",LAL @ CLE,W,36,8,23,0.348,1,9,0.111,5,7,0.714,1,5,6,6,2,2,4,1,22,2,1,
22023,2544,22300238,"NOV 22, 2023",LAL vs. DAL,L,36,9,19,0.474,4,9,0.444,4,7,0.571,2,7,9,7,0,0,3,0,26,7,1,
22023,2544,22300042,"NOV 21, 2023",LAL vs. UTA,W,24,6,10,0.6,3,5,0.6,2,2,1.0,1,6,7,9,0,0,2,0,17,14,1,
22023,2544,22300216,"NOV 19, 2023",LAL vs. HOU,W,40,14,19,0.737,2,5,0.4,7,9,0.778,1,5,6,8,3,0,2,0,37,2,1,
22023,2544,22300036,"NOV 17, 2023",LAL @ POR,W,35,13,22,0.591,5,9,0.556,4,6,0.667,0,5,5,9,2,0,3,3,35,19,1,
22023,2544,22300198,"NOV 15, 2023",LAL vs. SAC,L,35,9,15,0.6,3,7,0.429,7,8,0.875,2,8,10,12,4,1,6,1,28,0,1,
22023,2544,22300026,"NOV 14, 2023",LAL vs. MEM,W,23,6,11,0.545,3,6,0.5,1,2,0.5,0,9,9,6,1,0,4,1,16,15,1,
22023,2544,22300015,"NOV 10, 2023",LAL @ PHX,W,36,11,17,0.647,3,4,0.75,7,11,0.636,1,10,11,6,1,1,4,1,32,2,1,
22023,2544,22300163,"NOV 08, 2023",LAL @ HOU,L,27,7,13,0.538,0,2,0.0,4,5,0.8,1,5,6,2,0,0,3,1,18,-24,1,
22023,2544,22300150,"NOV 06, 2023",LAL @ MIA,L,37,13,23,0.565,0,4,0.0,4,4,1.0,0,4,4,3,1,3,5,4,30,6,1,
22023,2544,22300134,"NOV 04, 2023",LAL @ ORL,L,35,8,15,0.533,2,5,0.4,6,7,0.857,1,8,9,5,3,0,3,1,24,12,1,
22023,2544,22300127,"NOV 01, 2023",LAL vs. LAC,W,42,13,19,0.684,4,8,0.5,5,10,0.5,0,12,12,7,1,2,4,3,35,6,1,
22023,2544,22300111,"OCT 30, 2023",LAL vs. ORL,W,33,7,17,0.412,2,6,0.333,3,4,0.75,0,3,3,4,3,1,5,0,19,5,1,
22023,2544,22300100,"OCT 29, 2023",LAL @ SAC,L,39,11,19,0.579,3,8,0.375,2,6,0.333,0,15,15,8,0,0,8,2,27,-5,1,
22023,2544,22300076,"OCT 26, 2023",LAL vs. PHX,W,35,7,14,0.5,1,5,0.2,6,8,0.75,1,7,8,9,2,2,5,1,21,22,1,
22023,2544,22300061,"OCT 24, 2023",LAL @ DEN,L,29,10,16,0.625,1,4,0.25,0,1,0.0,1,7,8,5,1,0,0,1,21,7,1,
22023,1630173,22301019,"MAR 23, 2024",NYK vs. BKN,W,7,0,2,0.0,0,1,0.0,0,2,0.0,2,1,3,1,0,0,0,0,0,-9,1,2024-03-23
22023,1630173,22301009,"MAR 21, 2024",NYK @ DEN,L,25,4,5,0.8,1,1,1.0,0,0,0.0,0,5,5,3,0,2,0,2,9,-2,1,2024-03-21
22023,1630173,22300988,"MAR 18, 2024",NYK @ GSW,W,18,2,4,0.5,0,0,0.0,2,2,1.0,5,4,9,1,0,0,1,0,6,-14,1,2024-03-18
22023,1630173,22300975,"MAR 16, 2024",NYK @ SAC,W,20,1,2,0.5,0,0,0.0,0,0,0.0,1,4,5,4,0,1,1,3,2,2,1,2024-03-16
22023,1630173,22300960,"MAR 14, 2024",NYK @ POR,W,24,2,3,0.667,0,0,0.0,0,0,0.0,3,4,7,2,2,0,0,1,4,-5,1,2024-03-14
22023,1630173,22300939,"MAR 12, 2024",NYK vs. PHI,W,24,6,8,0.75,0,1,0.0,1,2,0.5,3,5,8,1,0,2,4,5,13,13,1,2024-03-12
22023,1630173,22300927,"MAR 10, 2024",NYK vs. PHI,L,36,2,8,0.25,1,3,0.333,3,4,0.75,3,6,9,0,2,3,3,2,8,4,1,2024-03-10
22023,1630173,22300912,"MAR 08, 2024",NYK vs. ORL,W,39,6,16,0.375,2,4,0.5,1,2,0.5,3,11,14,4,2,5,3,2,15,25,1,2024-03-08
22023,1630173,22300889,"MAR 05, 2024",NYK vs. ATL,L,24,7,8,0.875,0,0,0.0,1,1,1.0,1,5,6,2,1,1,0,1,15,3,1,2024-03-05
22023,1630173,22300876,"MAR 03, 2024",NYK @ CLE,W,22,6,8,0.75,1,1,1.0,1,3,0.333,3,1,4,0,2,3,2,3,14,12,1,2024-03-03
22023,1630173,22300852,"FEB 29, 2024",NYK vs. GSW,L,26,1,3,0.333,0,1,0.0,1,4,0.25,4,4,8,1,0,2,2,2,3,-12,1,2024-02-29
22023,1630173,22300837,"FEB 27, 2024",NYK vs. NOP,L,40,4,10,0.4,0,3,0.0,7,8,0.875,3,4,7,2,0,1,1,3,15,-18,1,2024-02-27
22023,1630173,22300828,"FEB 26, 2024",NYK vs. DET,W,34,2,7,0.286,0,1,0.0,0,0,0.0,4,7,11,1,2,2,2,3,4,9,1,2024-02-26
22023,1630173,22300816,"FEB 24, 2024",NYK vs. BOS,L,34,4,8,0.5,0,2,0.0,0,0,0.0,4,5,9,1,0,1,1,2,8,-13,1,2024-02-24
22023,1630173,22300794,"FEB 22, 2024",NYK @ PHI,W,38,7,9,0.778,1,2,0.5,3,7,0.429,4,7,11,2,2,1,2,3,18,15,1,2024-02-22
22023,1628389,22301013,"MAR 22, 2024",MIA vs. NOP,L,30,4,7,0.571,1,2,0.5,3,4,0.75,1,9,10,1,0,2,0,1,12,-16,1,2024-03-22
22023,1628389,22300985,"MAR 18, 2024",MIA @ PHI,L,32,8,10,0.8,2,2,1.0,2,2,1.0,3,10,13,6,0,0,4,1,20,-19,1,2024-03-18
22023,1628389,22300977,"MAR 17, 2024",MIA @ DET,W,38,9,13,0.692,1,1,1.0,1,2,0.5,4,13,17,3,1,0,3,2,20,5,1,2024-03-17
22023,1628389,22300962,"MAR 15, 2024",MIA @ DET,W,29,10,14,0.714,1,1,1.0,1,3,0.333,3,6,9,2,2,3,0,1,22,17,1,2024-03-15
22023,1628389,22300949,"MAR 13, 2024",MIA vs. DEN,L,34,7,15,0.467,1,1,1.0,2,4,0.5,1,12,13,3,1,1,0,2,17,-12,1,2024-03-13
22023,1628389,22300926,"MAR 10, 2024",MIA vs. WAS,L,35,7,14,0.5,0,0,0.0,2,6,0.333,7,9,16,2,2,1,0,3,16,-9,1,2024-03-10
22023,1628389,22300914,"MAR 08, 2024",MIA @ OKC,L,31,1,9,0.111,0,0,0.0,3,4,0.75,4,6,10,4,1,2,4,1,5,-18,1,2024-03-08
22023,1628389,22300904,"MAR 07, 2024",MIA @ DAL,L,37,5,14,0.357,0,2,0.0,4,8,0.5,1,8,9,5,3,0,1,1,14,-5,1,2024-03-07
22023,1628389,22300888,"MAR 05, 2024",MIA vs. DET,W,35,8,17,0.471,0,0,0.0,2,3,0.667,2,5,7,1,1,1,1,2,18,8,1,2024-03-05
22023,1628389,22300867,"MAR 02, 2024",MIA vs. UTA,W,34,10,15,0.667,0,0,0.0,3,4,0.75,2,5,7,3,0,0,0,2,23,2,1,2024-03-02
22023,1628389,22300855,"FEB 29, 2024",MIA @ DEN,L,36,8,18,0.444,0,0,0.0,6,6,1.0,1,7,8,3,1,0,1,5,22,-3,1,2024-02-29
22023,1628389,22300842,"FEB 27, 2024",MIA @ POR,W,34,5,9,0.556,0,0,0.0,3,7,0.429,1,8,9,2,0,1,6,3,13,4,1,2024-02-27
22023,1628389,22300831,"FEB 26, 2024",MIA @ SAC,W,36,11,18,0.611,0,1,0.0,6,7,0.857,2,8,10,7,2,1,5,1,28,11,1,2024-02-26
22023,1628389,22300810,"FEB 23, 2024",MIA @ NOP,W,36,11,18,0.611,0,0,0.0,2,4,0.5,1,6,7,1,1,3,3,2,24,6,1,2024-02-23
22023,1630534,22301022,"MAR 23, 2024",TOR @ WAS,L,32,6,12,0.5,0,5,0.0,0,3,0.0,5,4,9,2,1,2,1,0,12,-2,1,2024-03-23
22023,1630534,22301012,"MAR 22, 2024",TOR vs. OKC,L,32,4,10,0.4,1,5,0.2,3,4,0.75,2,5,7,6,3,0,2,3,12,-13,1,2024-03-22
22023,1630534,22300999,"MAR 20, 2024",TOR vs. SAC,L,30,5,10,0.5,2,4,0.5,1,2,0.5,2,1,3,1,3,0,2,2,13,-18,1,2024-03-20
22023,1630534,22300979,"MAR 17, 2024",TOR @ ORL,L,31,4,10,0.4,1,3,0.333,0,0,0.0,4,3,7,1,0,0,2,2,9,-18,1,2024-03-17
22023,1630534,22300963,"MAR 15, 2024",TOR vs. ORL,L,34,4,9,0.444,0,3,0.0,0,0,0.0,2,2,4,0,0,0,2,4,8,-8,1,2024-03-15
22023,1630534,22300946,"MAR 13, 2024",TOR @ DET,L,26,0,3,0.0,0,1,0.0,0,0,0.0,0,1,1,3,2,0,1,2,0,-8,1,2024-03-13
22023,1630534,22300937,"MAR 11, 2024",TOR @ DEN,L,29,4,7,0.571,0,0,0.0,0,1,0.0,1,1,2,1,0,2,0,5,8,-8,1,2024-03-11
22023,1630534,22300923,"MAR 09, 2024",TOR @ POR,L,22,2,7,0.286,1,4,0.25,2,2,1.0,0,1,1,1,1,0,0,0,7,-9,1,2024-03-09
22023,1630534,22300905,"MAR 07, 2024",TOR @ PHX,L,24,1,6,0.167,0,1,0.0,1,2,0.5,1,3,4,1,1,0,2,4,3,-8,1,2024-03-07
22023,1630534,22300890,"MAR 05, 2024",TOR vs. NOP,L,16,1,4,0.25,1,3,0.333,0,0,0.0,1,2,3,0,0,0,0,0,3,-14,1,2024-03-05
22023,1630534,22300875,"MAR 03, 2024",TOR vs. CHA,W,33,6,20,0.3,1,7,0.143,0,1,0.0,4,5,9,1,0,2,0,2,13,14,1,2024-03-03
22023,1630534,22300860,"MAR 01, 2024",TOR vs. GSW,L,10,1,3,0.333,0,2,0.0,0,0,0.0,0,1,1,0,0,0,0,1,2,-18,1,2024-03-01
22023,1630534,22300844,"FEB 28, 2024",TOR vs. DAL,L,8,0,1,0.0,0,1,0.0,0,0,0.0,1,0,1,1,0,0,1,3,0,-11,1,2024-02-28
22023,1630534,22300829,"FEB 26, 2024",TOR @ IND,W,20,4,7,0.571,1,2,0.5,4,4,1.0,0,2,2,2,0,0,0,0,13,9,1,2024-02-26
22023,1630534,22300804,"FEB 23, 2024",TOR @ ATL,W,17,5,6,0.833,4,5,0.8,0,0,0.0,2,2,4,0,1,1,3,4,14,13,1,2024-02-23
22023,1630534,22300795,"FEB 22, 2024",TOR vs. BKN,W,14,1,2,0.5,0,1,0.0,0,0,0.0,0,0,0,2,1,1,1,0,2,-6,1,2024-02-22
22023,1630583,22301015,"MAR 22, 2024",MEM @ SAS,W,34,5,10,0.5,3,6,0.5,2,2,1.0,1,12,13,3,0,1,0,0,15,-6,1,2024-03-22
22023,1630583,22301001,"MAR 20, 2024",MEM @ GSW,L,34,9,18,0.5,6,12,0.5,3,4,0.75,3,6,9,4,2,1,2,0,27,-23,1,2024-03-20
22023,1630583,22300989,"MAR 18, 2024",MEM @ SAC,L,39,5,11,0.455,2,6,0.333,2,3,0.667,1,8,9,2,2,1,2,2,14,-3,1,2024-03-18
22023,1630583,22300972,"MAR 16, 2024",MEM vs. OKC,L,39,6,12,0.5,3,7,0.429,1,3,0.333,1,5,6,4,1,1,0,4,16,-4,1,2024-03-16
22023,1630583,22300940,"MAR 12, 2024",MEM vs. WAS,W,30,5,14,0.357,0,5,0.0,1,2,0.5,0,4,4,1,2,0,1,3,11,14,1,2024-03-12
22023,1630583,22300931,"MAR 10, 2024",MEM @ OKC,L,27,2,5,0.4,0,2,0.0,3,4,0.75,1,5,6,3,0,2,0,0,7,-26,1,2024-03-10
22023,1630583,22300913,"MAR 08, 2024",MEM vs. ATL,L,32,5,7,0.714,2,3,0.667,1,2,0.5,1,4,5,0,1,3,1,0,13,-14,1,2024-03-08
22023,1630583,22300896,"MAR 06, 2024",MEM @ PHI,W,35,6,13,0.462,3,8,0.375,2,2,1.0,1,3,4,7,1,3,1,0,17,4,1,2024-03-06
22023,1630583,22300879,"MAR 04, 2024",MEM @ BKN,W,32,5,11,0.455,2,6,0.333,0,0,0.0,1,4,5,4,0,0,2,1,12,-6,1,2024-03-04
22023,1630583,22300868,"MAR 02, 2024",MEM vs. POR,L,37,7,15,0.467,5,9,0.556,2,3,0.667,2,6,8,3,0,1,3,3,21,-17,1,2024-03-02
22023,1630583,22300861,"MAR 01, 2024",MEM vs. POR,L,28,3,10,0.3,0,4,0.0,0,0,0.0,3,5,8,1,0,1,4,1,6,-37,1,2024-03-01
22023,1630583,22300845,"FEB 28, 2024",MEM @ MIN,L,36,5,13,0.385,1,3,0.333,0,0,0.0,1,4,5,1,2,2,2,2,11,4,1,2024-02-28
22023,1630583,22300830,"FEB 26, 2024",MEM vs. BKN,L,20,3,5,0.6,1,2,0.5,0,0,0.0,2,3,5,1,1,0,2,2,7,-4,1,2024-02-26
22023,1630583,22300807,"FEB 23, 2024",MEM vs. LAC,L,24,3,8,0.375,1,5,0.2,0,0,0.0,1,5,6,1,0,1,0,1,7,-9,1,2024-02-23
22023,1629638,22301014,"MAR 22, 2024",MIN vs. CLE,W,14,0,2,0.0,0,2,0.0,0,0,0.0,0,1,1,0,0,0,1,4,0,1,1,2024-03-22
22023,1629638,22300995,"MAR 19, 2024",MIN vs. DEN,L,37,2,7,0.286,0,4,0.0,0,0,0.0,0,2,2,3,0,1,0,1,4,-2,1,2024-03-19
22023,1629638,22300987,"MAR 18, 2024",MIN @ UTA,W,34,4,11,0.364,3,6,0.5,2,2,1.0,1,3,4,5,3,2,0,2,13,26,1,2024-03-18
22023,1629638,22300974,"MAR 16, 2024",MIN @ UTA,W,27,3,7,0.429,2,5,0.4,0,0,0.0,1,4,5,2,0,0,2,1,8,12,1,2024-03-16
22023,1629638,22300944,"MAR 12, 2024",MIN @ LAC,W,28,9,10,0.9,5,6,0.833,5,6,0.833,1,2,3,1,0,1,2,3,28,14,1,2024-03-12
22023,1629638,22300932,"MAR 10, 2024",MIN @ LAL,L,39,6,11,0.545,3,4,0.75,0,0,0.0,4,3,7,5,2,0,1,1,15,-3,1,2024-03-10
22023,1629638,22300911,"MAR 08, 2024",MIN @ CLE,L,25,2,8,0.25,0,3,0.0,0,0,0.0,0,2,2,2,0,0,0,1,4,-2,1,2024-03-08
22023,1629638,22300903,"MAR 07, 2024",MIN @ IND,W,28,4,10,0.4,0,4,0.0,2,2,1.0,1,1,2,2,2,0,2,3,10,-4,1,2024-03-07
22023,1629638,22300881,"MAR 04, 2024",MIN vs. POR,W,21,4,6,0.667,3,5,0.6,2,2,1.0,0,1,1,1,2,0,0,1,13,-5,1,2024-03-04
22023,1629638,22300873,"MAR 03, 2024",MIN vs. LAC,L,21,3,6,0.5,2,3,0.667,0,0,0.0,0,0,0,1,0,1,1,0,8,-14,1,2024-03-03
22023,1629638,22300862,"MAR 01, 2024",MIN vs. SAC,L,25,2,5,0.4,2,4,0.5,1,2,0.5,1,1,2,3,0,0,1,0,7,12,1,2024-03-01
22023,1629638,22300845,"FEB 28, 2024",MIN vs. MEM,W,24,5,10,0.5,1,3,0.333,1,1,1.0,0,1,1,5,0,4,0,1,12,15,1,2024-02-28
22023,1629638,22300838,"FEB 27, 2024",MIN vs. SAS,W,30,3,11,0.273,0,5,0.0,2,2,1.0,0,4,4,6,0,0,1,2,8,18,1,2024-02-27
22023,1629638,22300815,"FEB 24, 2024",MIN vs. BKN,W,21,0,6,0.0,0,5,0.0,0,0,0.0,2,4,6,2,0,1,2,3,0,9,1,2024-02-24
22023,1629638,22300808,"FEB 23, 2024",MIN vs. MIL,L,15,5,9,0.556,3,3,1.0,0,0,0.0,0,1,1,1,0,1,0,0,13,-11,1,2024-02-23
22023,1628960,22301025,"MAR 23, 2024",PHX @ SAS,W,26,4,6,0.667,0,0,0.0,0,0,0.0,0,2,2,1,1,0,1,1,8,26,1,2024-03-23
22023,1628960,22301010,"MAR 21, 2024",PHX vs. ATL,W,36,4,8,0.5,3,7,0.429,2,2,1.0,0,3,3,4,1,2,0,2,13,-6,1,2024-03-21
22023,1628960,22301002,"MAR 20, 2024",PHX vs. PHI,W,34,10,17,0.588,9,15,0.6,3,4,0.75,1,3,4,5,1,1,2,1,32,20,1,2024-03-20
22023,1628960,22300976,"MAR 17, 2024",PHX @ MIL,L,39,8,14,0.571,6,11,0.545,3,3,1.0,0,3,3,8,1,0,2,2,25,0,1,2024-03-17
22023,1628960,22300961,"MAR 15, 2024",PHX @ CHA,W,33,6,12,0.5,3,9,0.333,2,2,1.0,0,0,0,3,1,0,0,1,17,8,1,2024-03-15
22023,1628960,22300955,"MAR 14, 2024",PHX @ BOS,L,36,8,9,0.889,4,5,0.8,0,0,0.0,1,2,3,0,1,0,2,3,20,-3,1,2024-03-14
22023,1628960,22300934,"MAR 11, 2024",PHX @ CLE,W,36,4,6,0.667,4,5,0.8,2,2,1.0,1,2,3,2,2,2,2,3,14,5,1,2024-03-11
22023,1628960,22300920,"MAR 09, 2024",PHX vs. BOS,L,39,3,8,0.375,0,4,0.0,1,2,0.5,0,5,5,2,0,0,3,2,7,-16,1,2024-03-09
22023,1628960,22300905,"MAR 07, 2024",PHX vs. TOR,W,39,8,14,0.571,8,14,0.571,2,2,1.0,0,3,3,3,0,1,0,3,26,9,1,2024-03-07
22023,1628960,22300893,"MAR 05, 2024",PHX @ DEN,W,41,9,15,0.6,8,12,0.667,2,2,1.0,1,4,5,4,3,0,0,1,28,20,2,2024-03-05
22023,1628960,22300878,"MAR 03, 2024",PHX vs. OKC,L,34,3,9,0.333,2,7,0.286,0,0,0.0,0,2,2,3,1,2,0,2,8,-3,1,2024-03-03
22023,1628960,22300870,"MAR 02, 2024",PHX vs. HOU,L,37,0,7,0.0,0,6,0.0,2,2,1.0,0,2,2,3,2,0,3,2,2,-19,1,2024-03-02
22023,1628960,22300854,"FEB 29, 2024",PHX vs. HOU,W,36,2,9,0.222,2,9,0.222,0,0,0.0,0,4,4,0,0,0,0,4,6,-9,1,2024-02-29
22023,1628960,22300818,"FEB 25, 2024",PHX vs. LAL,W,38,8,17,0.471,6,12,0.5,2,2,1.0,1,1,2,0,1,1,2,1,24,-2,1,2024-02-25
22023,1628960,22300806,"FEB 23, 2024",PHX @ HOU,L,36,4,9,0.444,3,7,0.429,4,6,0.667,2,4,6,6,2,2,0,3,15,16,1,2024-02-23
22023,1628960,22300796,"FEB 22, 2024",PHX @ DAL,L,37,2,3,0.667,2,2,1.0,4,4,1.0,1,4,5,2,0,0,1,3,10,-7,1,2024-02-22
22023,1628386,22301014,"MAR 22, 2024",CLE @ MIN,L,33,5,10,0.5,0,0,0.0,5,6,0.833,5,8,13,5,0,1,0,1,15,-18,1,2024-03-22
22023,1628386,22300996,"MAR 20, 2024",CLE vs. MIA,L,39,10,13,0.769,0,0,0.0,5,6,0.833,2,18,20,3,0,0,2,2,25,4,1,2024-03-20
22023,1628386,22300983,"MAR 18, 2024",CLE @ IND,W,34,8,12,0.667,0,0,0.0,7,8,0.875,0,9,9,1,1,1,1,0,23,-3,1,2024-03-18
22023,1628386,22300967,"MAR 16, 2024",CLE @ HOU,L,26,4,7,0.571,0,0,0.0,2,2,1.0,0,7,7,0,0,3,3,2,10,-14,1,2024-03-16
22023,1628386,22300951,"MAR 13, 2024",CLE @ NOP,W,32,8,13,0.615,0,0,0.0,1,2,0.5,2,8,10,1,0,2,1,1,17,4,1,2024-03-13
22023,1628386,22300934,"MAR 11, 2024",CLE vs. PHX,L,38,5,7,0.714,0,0,0.0,5,6,0.833,4,6,10,2,1,0,1,3,15,-4,1,2024-03-11
22023,1628386,22300930,"MAR 10, 2024",CLE vs. BKN,L,29,6,11,0.545,0,0,0.0,3,4,0.75,2,7,9,3,0,2,1,2,15,-2,1,2024-03-10
22023,1628386,22300911,"MAR 08, 2024",CLE vs. MIN,W,46,9,19,0.474,0,0,0.0,15,21,0.714,5,13,18,3,2,2,1,1,33,21,1,2024-03-08
22023,1628386,22300895,"MAR 06, 2024",CLE @ ATL,L,37,7,11,0.636,0,0,0.0,4,5,0.8,6,13,19,3,0,1,3,0,18,-1,1,2024-03-06
22023,1628386,22300886,"MAR 05, 2024",CLE vs. BOS,W,35,9,16,0.563,0,0,0.0,3,3,1.0,4,8,12,2,0,1,0,0,21,-4,1,2024-03-05
22023,1628386,22300876,"MAR 03, 2024",CLE vs. NYK,L,36,8,13,0.615,0,0,0.0,2,4,0.5,1,6,7,6,1,1,1,1,18,-5,1,2024-03-03
22023,1628386,22300857,"MAR 01, 2024",CLE @ DET,W,35,1,7,0.143,0,0,0.0,7,8,0.875,4,11,15,2,1,1,2,1,9,-4,1,2024-03-01
22023,1628386,22300846,"FEB 28, 2024",CLE @ CHI,L,34,5,12,0.417,0,0,0.0,1,2,0.5,1,3,4,4,1,2,0,3,11,-12,1,2024-02-28
22023,1628386,22300832,"FEB 27, 2024",CLE vs. DAL,W,33,7,9,0.778,0,0,0.0,5,6,0.833,4,5,9,0,0,1,1,0,19,-12,1,2024-02-27
22023,1628386,22300820,"FEB 25, 2024",CLE @ WAS,W,37,11,18,0.611,0,0,0.0,0,2,0.0,2,10,12,5,0,1,1,3,22,15,1,2024-02-25
22023,1628386,22300805,"FEB 23, 2024",CLE @ PHI,L,36,10,16,0.625,0,0,0.0,4,8,0.5,0,9,9,0,0,1,1,3,24,-4,1,2024-02-23
22023,1628386,22300792,"FEB 22, 2024",CLE vs. ORL,L,34,6,10,0.6,0,0,0.0,6,8,0.75,2,8,10,1,2,0,2,1,18,9,1,2024-02-22
22023,1630631,22301027,"MAR 24, 2024",NOP @ DET,,9,1,2,0.5,0,1,0.0,0,0,0.0,0,2,2,1,0,0,0,1,2,11,0,2024-03-24
22023,1630631,22301013,"MAR 22, 2024",NOP @ MIA,W,31,6,12,0.5,4,7,0.571,1,2,0.5,2,5,7,6,0,0,2,2,17,27,1,2024-03-22
22023,1630631,22301004,"MAR 21, 2024",NOP @ ORL,L,18,0,3,0.0,0,1,0.0,0,0,0.0,0,1,1,3,1,0,0,2,0,-12,1,2024-03-21
22023,1630631,22300993,"MAR 19, 2024",NOP @ BKN,W,17,1,3,0.333,1,2,0.5,0,2,0.0,1,2,3,1,1,0,1,2,3,-10,1,2024-03-19
22023,1630631,22300970,"MAR 16, 2024",NOP vs. POR,W,31,2,7,0.286,1,2,0.5,2,2,1.0,0,1,1,4,2,0,1,3,7,23,1,2024-03-16
22023,1630631,22300964,"MAR 15, 2024",NOP vs. LAC,W,15,3,5,0.6,3,5,0.6,0,0,0.0,0,0,0,0,1,0,0,3,9,5,1,2024-03-15
22023,1630631,22300951,"MAR 13, 2024",NOP vs. CLE,L,19,2,4,0.5,1,1,1.0,0,0,0.0,0,2,2,0,0,0,0,1,5,-27,1,2024-03-13
22023,1630631,22300925,"MAR 10, 2024",NOP @ ATL,W,17,2,4,0.5,2,3,0.667,0,0,0.0,0,2,2,1,1,0,1,0,6,12,1,2024-03-10
22023,1630631,22300909,"MAR 08, 2024",NOP @ PHI,W,21,2,7,0.286,1,3,0.333,2,2,1.0,0,1,1,2,1,0,0,2,7,12,1,2024-03-08
22023,1630631,22300890,"MAR 05, 2024",NOP @ TOR,W,24,2,7,0.286,1,4,0.25,0,0,0.0,0,2,2,6,3,0,2,1,5,32,1,2024-03-05
22023,1630631,22300863,"MAR 01, 2024",NOP vs. IND,W,25,4,7,0.571,1,4,0.25,0,0,0.0,0,3,3,2,1,0,2,2,9,-4,1,2024-03-01
22023,1630631,22300810,"FEB 23, 2024",NOP vs. MIA,L,18,2,9,0.222,1,3,0.333,0,0,0.0,1,2,3,2,1,1,1,2,5,13,1,2024-02-23
22023,1630631,22300798,"FEB 22, 2024",NOP vs. HOU,W,20,4,8,0.5,2,5,0.4,1,2,0.5,1,1,2,7,1,2,3,1,11,-2,1,2024-02-22
22023,203937,22301014,"MAR 22, 2024",MIN vs. CLE,W,27,5,9,0.556,0,0,0.0,0,0,0.0,3,3,6,5,3,0,0,0,10,2,1,2024-03-22
22023,203937,22300995,"MAR 19, 2024",MIN vs. DEN,L,26,5,9,0.556,0,0,0.0,2,2,1.0,0,3,3,4,1,2,0,3,12,0,1,2024-03-19
22023,203937,22300987,"MAR 18, 2024",MIN @ UTA,W,33,4,8,0.5,1,2,0.5,1,2,0.5,3,3,6,5,0,1,1,3,10,20,1,2024-03-18
22023,203937,22300974,"MAR 16, 2024",MIN @ UTA,W,31,1,6,0.167,0,0,0.0,2,2,1.0,1,4,5,9,2,1,0,3,4,19,1,2024-03-16
22023,203937,22300944,"MAR 12, 2024",MIN @ LAC,W,29,5,8,0.625,0,1,0.0,0,1,0.0,3,2,5,7,0,0,2,1,10,7,1,2024-03-12
22023,203937,22300911,"MAR 08, 2024",MIN @ CLE,L,35,5,9,0.556,0,0,0.0,0,1,0.0,0,3,3,5,1,0,1,1,10,-15,1,2024-03-08
22023,203937,22300903,"MAR 07, 2024",MIN @ IND,W,28,1,5,0.2,0,0,0.0,1,2,0.5,0,3,3,4,0,0,1,6,3,8,1,2024-03-07
22023,203937,22300881,"MAR 04, 2024",MIN vs. POR,W,29,3,8,0.375,1,2,0.5,2,2,1.0,0,3,3,5,1,1,1,1,9,13,1,2024-03-04
22023,203937,22300873,"MAR 03, 2024",MIN vs. LAC,L,14,2,5,0.4,0,1,0.0,4,4,1.0,0,3,3,3,0,1,1,2,8,-5,1,2024-03-03
22023,203937,22300838,"FEB 27, 2024",MIN vs. SAS,W,15,1,4,0.25,0,0,0.0,0,0,0.0,0,2,2,4,2,0,2,1,2,1,1,2024-02-27
22023,203937,22300815,"FEB 24, 2024",MIN vs. BKN,W,31,6,10,0.6,0,2,0.0,0,0,0.0,0,9,9,3,0,1,0,1,12,6,1,2024-02-24
22023,203937,22300808,"FEB 23, 2024",MIN vs. MIL,L,29,4,4,1.0,0,0,0.0,0,0,0.0,1,1,2,6,2,0,3,3,8,9,1,2024-02-23
22023,203507,22301007,"MAR 21, 2024",MIL vs. BKN,W,35,9,19,0.474,1,2,0.5,2,4,0.5,3,6,9,5,0,2,2,3,21,5,1,2024-03-21
22023,203507,22300958,"MAR 14, 2024",MIL vs. PHI,W,37,9,12,0.75,0,0,0.0,14,18,0.778,4,7,11,7,1,0,7,4,32,-4,1,2024-03-14
22023,203507,22300945,"MAR 12, 2024",MIL @ SAC,L,33,10,17,0.588,0,2,0.0,10,14,0.714,1,12,13,4,1,0,4,3,30,-18,1,2024-03-12
22023,203507,22300924,"MAR 10, 2024",MIL @ LAC,W,39,12,24,0.5,0,2,0.0,10,15,0.667,0,7,7,10,1,1,3,3,34,19,1,2024-03-10
22023,203507,22300915,"MAR 08, 2024",MIL @ LAL,L,39,14,23,0.609,1,3,0.333,5,7,0.714,2,12,14,12,1,1,4,2,34,-4,1,2024-03-08
22023,203507,22300899,"MAR 06, 2024",MIL @ GSW,L,33,8,15,0.533,1,3,0.333,6,9,0.667,2,5,7,6,0,1,2,1,23,-6,1,2024-03-06
22023,203507,22300864,"MAR 01, 2024",MIL @ CHI,W,37,16,22,0.727,2,3,0.667,12,16,0.75,5,11,16,6,1,1,1,3,46,6,1,2024-03-01
22023,203507,22300849,"FEB 29, 2024",MIL @ CHA,W,33,10,15,0.667,2,2,1.0,2,3,0.667,2,8,10,5,0,0,1,3,24,16,1,2024-02-29
22023,203507,22300840,"FEB 27, 2024",MIL vs. CHA,W,24,8,13,0.615,1,1,1.0,7,8,0.875,3,5,8,1,0,0,1,1,24,25,1,2024-02-27
22023,203507,22300817,"FEB 25, 2024",MIL @ PHI,W,36,10,17,0.588,1,2,0.5,9,12,0.75,1,11,12,9,0,1,6,1,30,14,1,2024-02-25
22023,203507,22300808,"FEB 23, 2024",MIL @ MIN,W,41,9,13,0.692,1,1,1.0,14,21,0.667,4,9,13,5,1,0,3,1,33,1,1,2024-02-23
22023,203648,22300945,"MAR 12, 2024",MIL @ SAC,L,7,1,2,0.5,0,0,0.0,0,0,0.0,0,1,1,0,0,0,1,1,2,-7,1,2024-03-12
22023,203648,22300899,"MAR 06, 2024",MIL @ GSW,L,3,0,0,0.0,0,0,0.0,0,0,0.0,0,0,0,0,2,0,0,0,0,-5,1,2024-03-06
22023,203648,22300864,"MAR 01, 2024",MIL @ CHI,W,2,0,0,0.0,0,0,0.0,0,0,0.0,0,0,0,0,0,0,0,0,0,2,1,2024-03-01
22023,203648,22300840,"FEB 27, 2024",MIL vs. CHA,W,12,0,2,0.0,0,0,0.0,0,2,0.0,1,0,1,1,0,0,1,1,0,-9,1,2024-02-27
22023,203648,22300817,"FEB 25, 2024",MIL @ PHI,W,4,1,1,1.0,0,0,0.0,0,0,0.0,0,0,0,0,0,0,0,0,2,-4,1,2024-02-25
22023,1630175,22301020,"MAR 23, 2024",ORL vs. SAC,L,31,7,15,0.467,2,7,0.286,0,0,0.0,3,4,7,6,1,0,1,1,16,9,1,2024-03-23
22023,1630175,22301004,"MAR 21, 2024",ORL vs. NOP,W,18,3,8,0.375,2,4,0.5,2,2,1.0,1,4,5,1,0,1,2,1,10,23,1,2024-03-21
22023,1630175,22300991,"MAR 19, 2024",ORL vs. CHA,W,21,9,12,0.75,3,5,0.6,0,1,0.0,1,5,6,3,1,1,2,1,21,24,1,2024-03-19
22023,1630175,22300979,"MAR 17, 2024",ORL vs. TOR,W,25,3,8,0.375,0,3,0.0,0,0,0.0,2,3,5,2,1,0,0,2,6,0,1,2024-03-17
22023,1630175,22300963,"MAR 15, 2024",ORL @ TOR,W,22,4,7,0.571,2,3,0.667,2,2,1.0,1,2,3,0,0,0,1,1,12,0,1,2024-03-15
22023,1630175,22300947,"MAR 13, 2024",ORL vs. BKN,W,16,2,5,0.4,0,0,0.0,2,4,0.5,0,1,1,2,0,1,0,1,6,-7,1,2024-03-13
22023,1630175,22300928,"MAR 10, 2024",ORL vs. IND,L,26,4,14,0.286,1,6,0.167,7,8,0.875,1,1,2,3,0,0,0,3,16,-8,1,2024-03-10
22023,1630175,22300912,"MAR 08, 2024",ORL @ NYK,L,25,1,4,0.25,0,2,0.0,2,4,0.5,1,0,1,5,1,2,1,2,4,-6,1,2024-03-08
22023,1630175,22300894,"MAR 06, 2024",ORL @ WAS,W,25,5,12,0.417,0,3,0.0,1,1,1.0,0,7,7,0,0,1,2,0,11,0,1,2024-03-06
22023,1630175,22300885,"MAR 05, 2024",ORL @ CHA,W,23,5,11,0.455,2,8,0.25,2,2,1.0,0,3,3,3,2,0,2,3,14,15,1,2024-03-05
22023,1630175,22300874,"MAR 03, 2024",ORL vs. DET,W,14,1,4,0.25,0,2,0.0,0,0,0.0,0,6,6,1,0,0,2,3,2,-11,1,2024-03-03
22023,1630175,22300850,"FEB 29, 2024",ORL vs. UTA,W,24,4,9,0.444,0,2,0.0,1,2,0.5,3,4,7,4,1,0,0,3,9,8,1,2024-02-29
22023,1630175,22300833,"FEB 27, 2024",ORL vs. BKN,W,26,4,12,0.333,2,5,0.4,2,2,1.0,0,2,2,1,3,0,0,2,12,7,1,2024-02-27
22023,1630175,22300821,"FEB 25, 2024",ORL @ ATL,L,30,6,16,0.375,2,6,0.333,1,3,0.333,0,3,3,3,1,2,3,4,15,-22,1,2024-02-25
22023,1630175,22300814,"FEB 24, 2024",ORL @ DET,W,21,5,11,0.455,1,2,0.5,2,2,1.0,0,3,3,7,1,0,0,2,13,7,1,2024-02-24
22023,1630175,22300792,"FEB 22, 2024",ORL @ CLE,W,19,6,8,0.75,1,1,1.0,0,0,0.0,0,2,2,6,1,1,1,4,13,8,1,2024-02-22
22023,1628384,22300975,"MAR 16, 2024",NYK @ SAC,W,33,1,8,0.125,0,4,0.0,0,0,0.0,1,5,6,2,1,3,3,2,2,6,1,2024-03-16
22023,1628384,22300960,"MAR 14, 2024",NYK @ POR,W,36,5,11,0.455,1,4,0.25,1,2,0.5,2,7,9,2,2,0,2,4,12,11,1,2024-03-14
22023,1628384,22300939,"MAR 12, 2024",NYK vs. PHI,W,29,6,11,0.545,2,5,0.4,0,0,0.0,0,4,4,2,1,0,3,0,14,28,1,2024-03-12
22023,1630166,22301022,"MAR 23, 2024",WAS vs. TOR,W,36,8,19,0.421,3,8,0.375,3,6,0.5,3,10,13,5,1,0,1,2,22,0,1,2024-03-23
22023,1630166,22301005,"MAR 21, 2024",WAS vs. SAC,W,32,7,14,0.5,2,3,0.667,1,3,0.333,0,9,9,5,0,0,3,3,17,-3,1,2024-03-21
22023,1630166,22300957,"MAR 14, 2024",WAS @ HOU,L,36,10,13,0.769,0,1,0.0,4,5,0.8,2,7,9,5,3,0,2,0,24,-9,1,2024-03-14
22023,1630166,22300940,"MAR 12, 2024",WAS @ MEM,L,36,6,10,0.6,0,3,0.0,4,7,0.571,1,3,4,1,0,0,3,3,16,-13,1,2024-03-12
22023,1630166,22300926,"MAR 10, 2024",WAS @ MIA,W,35,7,14,0.5,1,4,0.25,1,1,1.0,2,8,10,2,1,1,2,5,16,9,1,2024-03-10
22023,1630166,22300910,"MAR 08, 2024",WAS vs. CHA,W,35,8,14,0.571,1,2,0.5,1,3,0.333,3,11,14,2,0,2,1,2,18,9,1,2024-03-08
22023,1630166,22300894,"MAR 06, 2024",WAS vs. ORL,L,36,6,13,0.462,1,4,0.25,1,2,0.5,2,5,7,3,2,0,0,3,14,-12,1,2024-03-06
22023,1630166,22300882,"MAR 04, 2024",WAS @ UTA,L,35,6,18,0.333,0,4,0.0,4,4,1.0,5,6,11,2,1,0,5,2,16,-2,1,2024-03-04
22023,1630166,22300865,"MAR 01, 2024",WAS @ LAC,L,26,4,11,0.364,2,4,0.5,4,5,0.8,0,5,5,5,0,0,2,2,14,-15,1,2024-03-01
22023,1630166,22300856,"FEB 29, 2024",WAS @ LAL,L,43,5,10,0.5,3,5,0.6,2,2,1.0,2,13,15,5,1,0,2,3,15,-11,1,2024-02-29
22023,1630166,22300800,"FEB 22, 2024",WAS @ DEN,L,27,2,12,0.167,1,3,0.333,0,0,0.0,0,4,4,1,0,0,2,2,5,-15,1,2024-02-22
22023,1629028,22301003,"MAR 20, 2024",POR vs. LAC,L,26,4,10,0.4,0,0,0.0,0,1,0.0,1,6,7,1,0,1,4,0,8,-15,1,2024-03-20
22023,1629028,22300986,"MAR 18, 2024",POR @ CHI,L,37,11,17,0.647,0,0,0.0,3,4,0.75,4,11,15,1,0,2,1,3,25,-8,1,2024-03-18
22023,1629028,22300970,"MAR 16, 2024",POR @ NOP,L,38,10,13,0.769,0,1,0.0,0,1,0.0,4,4,8,2,1,1,2,2,20,-5,1,2024-03-16
22023,1629028,22300960,"MAR 14, 2024",POR vs. NYK,L,40,12,21,0.571,1,1,1.0,6,6,1.0,6,8,14,0,0,1,3,1,31,-12,1,2024-03-14
22023,1629028,22300953,"MAR 13, 2024",POR vs. ATL,W,41,15,20,0.75,0,0,0.0,3,4,0.75,4,15,19,1,1,1,3,3,33,16,1,2024-03-13
22023,1629028,22300938,"MAR 11, 2024",POR vs. BOS,L,33,11,19,0.579,0,0,0.0,0,0,0.0,6,9,15,1,0,0,1,0,22,-6,1,2024-03-11
22023,1629028,22300923,"MAR 09, 2024",POR vs. TOR,W,40,14,25,0.56,0,1,0.0,2,2,1.0,5,14,19,1,2,1,3,1,30,10,1,2024-03-09
22023,1629028,22300842,"FEB 27, 2024",POR vs. MIA,L,19,6,9,0.667,0,0,0.0,0,0,0.0,3,7,10,2,2,1,2,1,12,14,1,2024-02-27
22023,1629028,22300826,"FEB 25, 2024",POR vs. CHA,L,37,11,16,0.688,0,0,0.0,4,4,1.0,3,16,19,2,1,1,2,1,26,-8,1,2024-02-25
22023,1629028,22300812,"FEB 23, 2024",POR vs. DEN,L,35,11,17,0.647,0,0,0.0,0,0,0.0,3,7,10,3,0,0,1,3,22,-20,1,2024-02-23
22023,1628963,22301022,"MAR 23, 2024",WAS vs. TOR,W,16,4,7,0.571,1,2,0.5,1,1,1.0,3,5,8,0,0,2,1,0,10,1,1,2024-03-23
22023,1628963,22300882,"MAR 04, 2024",WAS @ UTA,L,23,2,7,0.286,0,0,0.0,2,2,1.0,2,7,9,4,1,0,2,0,6,-7,1,2024-03-04
22023,1628963,22300865,"MAR 01, 2024",WAS @ LAC,L,28,5,9,0.556,0,0,0.0,0,0,0.0,6,4,10,0,0,0,0,2,10,-17,1,2024-03-01
22023,1628963,22300856,"FEB 29, 2024",WAS @ LAL,L,34,11,14,0.786,1,1,1.0,0,1,0.0,1,3,4,1,0,2,1,3,23,11,1,2024-02-29
22023,1628963,22300834,"FEB 27, 2024",WAS vs. GSW,L,33,8,11,0.727,1,1,1.0,3,3,1.0,3,6,9,2,1,2,1,2,20,8,1,2024-02-27
22023,1628963,22300820,"FEB 25, 2024",WAS vs. CLE,L,33,4,10,0.4,0,2,0.0,1,3,0.333,2,8,10,2,0,1,1,1,9,1,1,2024-02-25
22023,1628963,22300809,"FEB 23, 2024",WAS @ OKC,L,21,6,12,0.5,0,0,0.0,3,3,1.0,10,4,14,1,2,1,1,0,15,-10,1,2024-02-23
22023,1628963,22300800,"FEB 22, 2024",WAS @ DEN,L,17,4,8,0.5,0,1,0.0,0,0,0.0,5,2,7,2,2,0,0,0,8,-23,1,2024-02-22
22023,1641735,22301021,"MAR 23, 2024",CHA @ ATL,L,3,0,0,0.0,0,0,0.0,0,0,0.0,0,0,0,0,0,0,0,0,0,-4,1,2024-03-23
22023,1641735,22300991,"MAR 19, 2024",CHA @ ORL,L,6,1,3,0.333,0,2,0.0,0,0,0.0,0,0,0,1,1,0,0,0,2,7,1,2024-03-19
22023,1641735,22300961,"MAR 15, 2024",CHA vs. PHX,L,1,0,0,0.0,0,0,0.0,0,0,0.0,0,0,0,0,0,0,0,0,0,2,1,2024-03-15
22023,1631116,22301022,"MAR 23, 2024",WAS vs. TOR,W,11,1,3,0.333,0,2,0.0,0,0,0.0,1,0,1,0,0,3,1,1,2,-1,1,2024-03-23
22023,1631116,22301005,"MAR 21, 2024",WAS vs. SAC,W,9,2,3,0.667,1,2,0.5,1,1,1.0,0,2,2,0,1,1,1,1,6,-1,1,2024-03-21
22023,1631116,22300992,"MAR 19, 2024",WAS vs. HOU,L,21,4,9,0.444,1,5,0.2,3,5,0.6,2,5,7,3,1,0,0,5,12,-9,1,2024-03-19
22023,1631116,22300980,"MAR 17, 2024",WAS vs. BOS,L,32,2,11,0.182,2,7,0.286,0,0,0.0,0,7,7,4,1,2,2,1,6,-16,1,2024-03-17
22023,1631116,22300971,"MAR 16, 2024",WAS @ CHI,L,16,2,6,0.333,2,5,0.4,0,0,0.0,0,1,1,2,1,0,0,1,6,-17,1,2024-03-16
22023,1631116,22300957,"MAR 14, 2024",WAS @ HOU,L,12,0,5,0.0,0,2,0.0,0,0,0.0,2,5,7,1,1,0,1,1,0,-10,1,2024-03-14
22023,1631116,22300940,"MAR 12, 2024",WAS @ MEM,L,11,0,1,0.0,0,1,0.0,0,0,0.0,0,3,3,0,1,0,0,0,0,4,1,2024-03-12
22023,1631116,22300926,"MAR 10, 2024",WAS @ MIA,W,11,3,5,0.6,1,3,0.333,1,1,1.0,0,2,2,0,0,0,1,0,8,-7,1,2024-03-10
22023,1631116,22300820,"FEB 25, 2024",WAS vs. CLE,L,9,1,2,0.5,0,1,0.0,0,0,0.0,0,3,3,1,0,0,0,1,2,9,1,2024-02-25
22023,1631116,22300809,"FEB 23, 2024",WAS @ OKC,L,16,1,4,0.25,1,4,0.25,0,0,0.0,0,2,2,0,1,1,0,1,3,-2,1,2024-02-23
22023,1631116,22300800,"FEB 22, 2024",WAS @ DEN,L,4,0,0,0.0,0,0,0.0,0,0,0.0,0,2,2,0,0,0,0,0,0,4,1,2024-02-22
22023,1628964,22301028,"MAR 24, 2024",PHI @ LAC,,8,1,3,0.333,1,1,1.0,0,0,0.0,2,5,7,1,0,2,0,0,3,8,0,2024-03-24
22023,1628964,22301018,"MAR 22, 2024",PHI @ LAL,L,32,3,7,0.429,2,5,0.4,3,4,0.75,1,6,7,3,2,3,1,5,11,0,1,2024-03-22
22023,1628964,22301002,"MAR 20, 2024",PHI @ PHX,L,19,4,6,0.667,1,3,0.333,0,2,0.0,1,4,5,0,2,1,1,2,9,-7,1,2024-03-20
22023,1628964,22300985,"MAR 18, 2024",PHI vs. MIA,W,19,3,5,0.6,2,3,0.667,0,0,0.0,1,3,4,3,2,2,1,2,8,-1,1,2024-03-18
22023,1628964,22300969,"MAR 16, 2024",PHI vs. CHA,W,28,1,2,0.5,1,2,0.5,0,0,0.0,0,8,8,0,1,1,3,4,3,1,1,2024-03-16
22023,1628964,22300958,"MAR 14, 2024",PHI @ MIL,L,23,2,3,0.667,1,2,0.5,0,0,0.0,1,4,5,3,1,0,1,4,5,-1,1,2024-03-14
22023,1628964,22300939,"MAR 12, 2024",PHI @ NYK,L,17,2,3,0.667,1,1,1.0,0,0,0.0,1,1,2,0,0,1,0,3,5,-13,1,2024-03-12
22023,1628964,22300927,"MAR 10, 2024",PHI @ NYK,W,20,2,4,0.5,0,2,0.0,0,0,0.0,0,1,1,0,0,0,0,0,4,-8,1,2024-03-10
22023,1628964,22300909,"MAR 08, 2024",PHI vs. NOP,L,18,1,2,0.5,0,1,0.0,0,0,0.0,1,5,6,0,0,2,1,2,2,-4,1,2024-03-08
22023,1628964,22300896,"MAR 06, 2024",PHI vs. MEM,L,4,0,0,0.0,0,0,0.0,0,0,0.0,1,1,2,1,0,0,0,0,0,2,1,2024-03-06
22023,1628964,22300887,"MAR 05, 2024",PHI @ BKN,L,12,2,5,0.4,0,0,0.0,0,0,0.0,1,2,3,0,0,1,2,4,4,-4,1,2024-03-05
22023,1628964,22300871,"MAR 03, 2024",PHI @ DAL,W,14,2,3,0.667,0,0,0.0,4,4,1.0,3,2,5,1,0,0,0,1,8,1,1,2024-03-03
22023,1628964,22300858,"MAR 01, 2024",PHI vs. CHA,W,19,1,4,0.25,0,1,0.0,0,0,0.0,2,6,8,1,1,2,2,2,2,3,1,2024-03-01
22023,1628964,22300836,"FEB 27, 2024",PHI @ BOS,L,18,4,8,0.5,2,3,0.667,0,0,0.0,3,3,6,0,0,1,1,4,10,-11,1,2024-02-27
22023,1628964,22300817,"FEB 25, 2024",PHI vs. MIL,L,11,0,1,0.0,0,0,0.0,0,0,0.0,1,2,3,2,0,0,0,2,0,8,1,2024-02-25
22023,1628964,22300805,"FEB 23, 2024",PHI vs. CLE,W,17,1,5,0.2,0,1,0.0,0,0,0.0,0,4,4,3,0,3,0,1,2,-2,1,2024-02-23
22023,1628964,22300794,"FEB 22, 2024",PHI vs. NYK,L,5,0,2,0.0,0,1,0.0,0,0,0.0,0,1,1,1,0,1,1,0,0,-8,1,2024-02-22
22023,1631094,22301020,"MAR 23, 2024",ORL vs. SAC,L,38,8,18,0.444,1,6,0.167,5,5,1.0,0,7,7,5,0,1,4,2,22,-13,1,2024-03-23
22023,1631094,22301004,"MAR 21, 2024",ORL vs. NOP,W,33,9,18,0.5,2,5,0.4,0,2,0.0,1,9,10,11,1,0,4,2,20,11,1,2024-03-21
22023,1631094,22300991,"MAR 19, 2024",ORL vs. CHA,W,26,6,7,0.857,1,2,0.5,0,0,0.0,0,1,1,5,0,0,1,1,13,14,1,2024-03-19
22023,1631094,22300979,"MAR 17, 2024",ORL vs. TOR,W,36,11,16,0.688,4,7,0.571,3,6,0.5,0,6,6,5,1,1,1,0,29,19,1,2024-03-17
22023,1631094,22300963,"MAR 15, 2024",ORL @ TOR,W,36,5,15,0.333,1,2,0.5,6,6,1.0,2,7,9,8,1,0,6,2,17,8,1,2024-03-15
22023,1631094,22300947,"MAR 13, 2024",ORL vs. BKN,W,35,6,6,1.0,1,1,1.0,8,9,0.889,0,3,3,9,0,0,2,4,21,18,1,2024-03-13
22023,1631094,22300928,"MAR 10, 2024",ORL vs. IND,L,38,6,20,0.3,1,8,0.125,6,8,0.75,0,5,5,5,2,0,3,3,19,-19,1,2024-03-10
22023,1631094,22300912,"MAR 08, 2024",ORL @ NYK,L,36,9,20,0.45,2,3,0.667,3,5,0.6,2,7,9,2,2,4,4,3,23,-23,1,2024-03-08
22023,1631094,22300894,"MAR 06, 2024",ORL @ WAS,W,39,10,19,0.526,1,2,0.5,4,5,0.8,1,5,6,10,0,1,4,3,25,18,1,2024-03-06
22023,1631094,22300885,"MAR 05, 2024",ORL @ CHA,W,33,9,19,0.474,2,5,0.4,2,2,1.0,0,5,5,3,0,0,5,1,22,1,1,2024-03-05
22023,1631094,22300874,"MAR 03, 2024",ORL vs. DET,W,32,10,16,0.625,1,4,0.25,8,9,0.889,2,6,8,5,0,0,4,1,29,30,1,2024-03-03
22023,1631094,22300850,"FEB 29, 2024",ORL vs. UTA,W,35,10,16,0.625,1,4,0.25,8,11,0.727,1,8,9,6,1,0,6,1,29,7,1,2024-02-29
22023,1631094,22300814,"FEB 24, 2024",ORL @ DET,W,29,5,17,0.294,0,2,0.0,5,9,0.556,0,5,5,3,0,2,0,1,15,2,1,2024-02-24
22023,1631094,22300792,"FEB 22, 2024",ORL @ CLE,W,34,4,15,0.267,2,4,0.5,2,2,1.0,2,4,6,4,0,0,4,5,12,-7,1,2024-02-22
22023,1630217,22301001,"MAR 20, 2024",MEM @ GSW,L,24,2,13,0.154,2,9,0.222,0,0,0.0,0,1,1,4,0,1,2,1,6,-18,1,2024-03-20
22023,1630217,22300989,"MAR 18, 2024",MEM @ SAC,L,37,7,19,0.368,2,7,0.286,8,8,1.0,0,5,5,4,3,0,1,2,24,-17,1,2024-03-18
22023,1630217,22300972,"MAR 16, 2024",MEM vs. OKC,L,32,7,17,0.412,4,9,0.444,4,6,0.667,1,2,3,7,0,1,3,4,22,11,1,2024-03-16
22023,1630625,22301026,"MAR 23, 2024",POR vs. DEN,L,33,5,19,0.263,1,6,0.167,3,4,0.75,0,3,3,1,0,0,1,4,14,-1,1,2024-03-23
22023,1630625,22301017,"MAR 22, 2024",POR vs. LAC,L,24,7,16,0.438,2,6,0.333,1,1,1.0,1,3,4,2,2,0,1,1,17,-14,1,2024-03-22
22023,1630625,22301003,"MAR 20, 2024",POR vs. LAC,L,28,4,12,0.333,2,7,0.286,2,2,1.0,1,2,3,6,0,0,2,0,12,-6,1,2024-03-20
22023,1630625,22300986,"MAR 18, 2024",POR @ CHI,L,33,4,7,0.571,1,2,0.5,2,2,1.0,1,5,6,0,3,2,4,4,11,-5,1,2024-03-18
22023,1630625,22300970,"MAR 16, 2024",POR @ NOP,L,42,10,20,0.5,4,8,0.5,4,4,1.0,2,3,5,6,0,2,5,0,28,-22,1,2024-03-16
22023,1630625,22300960,"MAR 14, 2024",POR vs. NYK,L,42,6,20,0.3,2,9,0.222,2,2,1.0,0,2,2,2,4,0,5,2,16,-20,1,2024-03-14
22023,1630625,22300953,"MAR 13, 2024",POR vs. ATL,W,19,4,8,0.5,2,3,0.667,2,2,1.0,1,4,5,2,0,0,1,1,12,-10,1,2024-03-13
22023,1630625,22300938,"MAR 11, 2024",POR vs. BOS,L,22,2,6,0.333,2,4,0.5,2,2,1.0,0,2,2,4,0,0,1,3,8,-18,1,2024-03-11
22023,1630625,22300923,"MAR 09, 2024",POR vs. TOR,W,42,9,16,0.563,5,8,0.625,2,3,0.667,2,5,7,4,0,1,2,2,25,18,1,2024-03-09
22023,1630625,22300916,"MAR 08, 2024",POR vs. HOU,L,38,10,27,0.37,4,10,0.4,6,8,0.75,1,7,8,5,1,1,2,2,30,-9,1,2024-03-08
22023,1630625,22300900,"MAR 06, 2024",POR vs. OKC,L,29,5,13,0.385,2,6,0.333,1,2,0.5,1,4,5,5,0,1,1,2,13,-14,1,2024-03-06
22023,1630625,22300881,"MAR 04, 2024",POR @ MIN,L,33,7,20,0.35,1,6,0.167,3,5,0.6,3,4,7,4,0,0,1,1,18,-10,1,2024-03-04
22023,1630625,22300868,"MAR 02, 2024",POR @ MEM,W,13,4,8,0.5,0,2,0.0,2,2,1.0,2,1,3,0,1,0,3,5,10,-7,1,2024-03-02
22023,1630625,22300861,"MAR 01, 2024",POR @ MEM,W,20,8,15,0.533,3,5,0.6,0,0,0.0,2,5,7,3,1,2,1,1,19,26,1,2024-03-01
22023,1630625,22300842,"FEB 27, 2024",POR vs. MIA,L,5,0,2,0.0,0,2,0.0,0,0,0.0,0,0,0,1,0,1,0,1,0,-2,1,2024-02-27
22023,1630625,22300826,"FEB 25, 2024",POR vs. CHA,L,9,3,6,0.5,1,2,0.5,0,2,0.0,4,2,6,0,0,0,0,0,7,3,1,2024-02-25
22023,1630625,22300812,"FEB 23, 2024",POR vs. DEN,L,20,5,9,0.556,1,3,0.333,3,4,0.75,0,1,1,3,0,0,0,1,14,-11,1,2024-02-23
22023,1631230,22301025,"MAR 23, 2024",SAS vs. PHX,L,9,1,3,0.333,0,0,0.0,2,2,1.0,2,1,3,0,0,0,0,0,4,6,1,2024-03-23
22023,1631230,22300994,"MAR 19, 2024",SAS vs. DAL,L,16,2,4,0.5,0,0,0.0,0,0,0.0,0,1,1,5,1,0,0,0,4,-11,1,2024-03-19
22023,1631230,22300965,"MAR 15, 2024",SAS vs. DEN,L,13,3,3,1.0,0,0,0.0,0,0,0.0,2,4,6,1,0,0,1,1,6,3,1,2024-03-15
22023,1631230,22300942,"MAR 12, 2024",SAS vs. HOU,L,4,0,1,0.0,0,1,0.0,0,0,0.0,1,1,2,0,0,0,1,2,0,-5,1,2024-03-12
22023,1631230,22300936,"MAR 11, 2024",SAS vs. GSW,L,7,1,3,0.333,0,0,0.0,0,0,0.0,1,2,3,0,0,1,0,2,2,-8,1,2024-03-11
22023,1631230,22300921,"MAR 09, 2024",SAS @ GSW,W,30,7,10,0.7,0,1,0.0,5,6,0.833,5,3,8,4,1,1,0,4,19,4,1,2024-03-09
22023,1631230,22300908,"MAR 07, 2024",SAS @ SAC,L,13,2,3,0.667,0,0,0.0,0,0,0.0,0,1,1,0,1,0,0,3,4,3,1,2024-03-07
22023,1631230,22300877,"MAR 03, 2024",SAS vs. IND,W,0,0,0,0.0,0,0,0.0,0,0,0.0,0,0,0,0,0,0,0,0,0,0,1,2024-03-03
22023,203084,22301020,"MAR 23, 2024",SAC @ ORL,W,37,3,10,0.3,0,4,0.0,3,4,0.75,1,3,4,0,0,0,1,1,9,8,1,2024-03-23
22023,203084,22301005,"MAR 21, 2024",SAC @ WAS,L,28,3,7,0.429,0,2,0.0,6,8,0.75,0,2,2,1,1,1,1,2,12,-6,1,2024-03-21
22023,203084,22300999,"MAR 20, 2024",SAC @ TOR,W,19,6,9,0.667,3,5,0.6,1,2,0.5,0,2,2,1,0,0,0,1,16,11,1,2024-03-20
22023,203084,22300989,"MAR 18, 2024",SAC vs. MEM,W,24,5,11,0.455,1,4,0.25,0,0,0.0,0,5,5,0,0,0,2,1,11,-14,1,2024-03-18
22023,203084,22300975,"MAR 16, 2024",SAC vs. NYK,L,36,5,13,0.385,2,7,0.286,4,4,1.0,4,2,6,3,1,0,2,1,16,-6,1,2024-03-16
22023,203084,22300954,"MAR 13, 2024",SAC vs. LAL,W,38,8,15,0.533,7,11,0.636,0,0,0.0,0,2,2,2,0,0,0,2,23,8,1,2024-03-13
22023,203084,22300945,"MAR 12, 2024",SAC vs. MIL,W,32,6,12,0.5,4,7,0.571,0,0,0.0,0,6,6,2,1,0,0,2,16,19,1,2024-03-12
22023,203084,22300929,"MAR 10, 2024",SAC vs. HOU,L,21,2,6,0.333,0,1,0.0,1,2,0.5,0,1,1,0,0,0,0,2,5,-17,1,2024-03-10
22023,203084,22300908,"MAR 07, 2024",SAC vs. SAS,W,30,6,9,0.667,0,2,0.0,5,5,1.0,1,0,1,2,0,0,0,1,17,-2,1,2024-03-07
22023,203084,22300901,"MAR 06, 2024",SAC @ LAL,W,15,5,7,0.714,1,3,0.333,0,0,0.0,0,0,0,0,0,1,2,2,11,-10,1,2024-03-06
22023,203084,22300883,"MAR 04, 2024",SAC vs. CHI,L,25,3,7,0.429,1,4,0.25,3,4,0.75,1,0,1,1,1,0,0,0,10,-7,1,2024-03-04
22023,203084,22300862,"MAR 01, 2024",SAC @ MIN,W,41,6,12,0.5,2,5,0.4,0,2,0.0,0,2,2,0,1,0,1,3,14,2,1,2024-03-01
22023,203084,22300847,"FEB 28, 2024",SAC @ DEN,L,19,2,6,0.333,1,4,0.25,2,2,1.0,1,3,4,3,0,0,0,0,7,-21,1,2024-02-28
22023,203084,22300831,"FEB 26, 2024",SAC vs. MIA,L,20,3,7,0.429,2,3,0.667,2,2,1.0,1,1,2,0,1,0,1,1,10,-18,1,2024-02-26
22023,203084,22300827,"FEB 25, 2024",SAC @ LAC,W,36,8,12,0.667,4,7,0.571,2,3,0.667,1,1,2,1,1,0,1,0,22,16,1,2024-02-25
22023,203084,22300803,"FEB 22, 2024",SAC vs. SAS,W,17,2,5,0.4,0,1,0.0,1,2,0.5,1,3,4,0,1,0,0,2,5,-7,1,2024-02-22
22023,1630567,22300860,"MAR 01, 2024",TOR vs. GSW,L,16,4,7,0.571,2,5,0.4,0,0,0.0,0,6,6,3,1,0,2,1,10,6,1,2024-03-01
22023,1630567,22300844,"FEB 28, 2024",TOR vs. DAL,L,39,9,22,0.409,0,5,0.0,1,3,0.333,5,6,11,7,3,1,4,2,19,-3,1,2024-02-28
22023,1630567,22300829,"FEB 26, 2024",TOR @ IND,W,38,8,18,0.444,0,3,0.0,5,5,1.0,3,9,12,12,0,5,3,1,21,-4,1,2024-02-26
22023,1630567,22300804,"FEB 23, 2024",TOR @ ATL,W,37,8,13,0.615,0,2,0.0,4,4,1.0,1,4,5,10,1,1,3,2,20,6,1,2024-02-23
22023,1630567,22300795,"FEB 22, 2024",TOR vs. BKN,W,31,7,13,0.538,1,3,0.333,3,4,0.75,4,8,12,3,3,1,4,1,18,17,1,2024-02-22
22023,1629628,22300937,"MAR 11, 2024",TOR @ DEN,L,38,10,20,0.5,1,3,0.333,5,5,1.0,2,5,7,9,0,0,4,1,26,-3,1,2024-03-11
22023,1629628,22300905,"MAR 07, 2024",TOR @ PHX,L,37,9,16,0.563,3,4,0.75,2,3,0.667,1,1,2,4,1,1,1,4,23,-7,1,2024-03-07
22023,1629628,22300890,"MAR 05, 2024",TOR vs. NOP,L,32,7,14,0.5,0,2,0.0,1,5,0.2,0,6,6,1,0,2,3,3,15,-19,1,2024-03-05
22023,1629628,22300875,"MAR 03, 2024",TOR vs. CHA,W,35,10,15,0.667,3,6,0.5,0,2,0.0,1,7,8,5,2,0,5,2,23,4,1,2024-03-03
22023,1629628,22300860,"MAR 01, 2024",TOR vs. GSW,L,31,9,16,0.563,2,4,0.5,3,4,0.75,0,2,2,4,0,0,2,1,23,-7,1,2024-03-01
22023,1629628,22300844,"FEB 28, 2024",TOR vs. DAL,L,35,9,16,0.563,4,6,0.667,4,9,0.444,0,5,5,6,0,0,1,0,26,-6,1,2024-02-28
22023,1629628,22300829,"FEB 26, 2024",TOR @ IND,W,33,11,16,0.688,2,3,0.667,0,3,0.0,0,2,2,5,0,0,2,4,24,13,1,2024-02-26
22023,1629628,22300795,"FEB 22, 2024",TOR vs. BKN,W,29,5,13,0.385,2,4,0.5,0,2,0.0,0,5,5,7,0,0,3,3,12,29,1,2024-02-22
22023,1641734,22300930,"MAR 10, 2024",CLE vs. BKN,L,12,3,7,0.429,1,4,0.25,0,2,0.0,0,1,1,0,0,0,1,0,7,-3,1,2024-03-10
22023,1628966,22301019,"MAR 23, 2024",BKN @ NYK,L,2,0,0,0.0,0,0,0.0,0,0,0.0,0,0,0,0,0,0,0,0,0,6,1,2024-03-23
22023,1628966,22300993,"MAR 19, 2024",BKN vs. NOP,L,5,0,0,0.0,0,0,0.0,2,2,1.0,0,1,1,1,1,0,0,0,2,5,1,2024-03-19
22023,1628966,22300968,"MAR 16, 2024",BKN @ IND,L,4,0,0,0.0,0,0,0.0,0,0,0.0,0,1,1,0,0,0,0,1,0,-3,1,2024-03-16
22023,1628966,22300947,"MAR 13, 2024",BKN @ ORL,L,2,0,1,0.0,0,0,0.0,0,0,0.0,0,0,0,0,0,0,0,0,0,4,1,2024-03-13
22023,1628966,22300930,"MAR 10, 2024",BKN @ CLE,W,3,0,0,0.0,0,0,0.0,0,0,0.0,0,1,1,0,0,0,0,0,0,2,1,2024-03-10
22023,1628966,22300902,"MAR 07, 2024",BKN @ DET,L,4,1,3,0.333,0,0,0.0,0,0,0.0,1,1,2,1,1,0,0,0,2,-6,1,2024-03-07
22023,1628966,22300887,"MAR 05, 2024",BKN vs. PHI,W,6,1,2,0.5,0,1,0.0,0,0,0.0,0,1,1,0,0,0,0,0,2,-9,1,2024-03-05
22023,1628966,22300866,"MAR 02, 2024",BKN vs. ATL,W,2,0,0,0.0,0,0,0.0,0,0,0.0,0,0,0,0,0,0,0,0,0,-4,1,2024-03-02
22023,1628966,22300851,"FEB 29, 2024",BKN vs. ATL,W,6,1,1,1.0,0,0,0.0,2,2,1.0,0,0,0,0,0,0,1,1,4,-2,1,2024-02-29
22023,1628966,22300833,"FEB 27, 2024",BKN @ ORL,L,7,1,2,0.5,0,1,0.0,0,0,0.0,0,1,1,2,0,0,0,0,2,2,1,2024-02-27
22023,1628966,22300830,"FEB 26, 2024",BKN @ MEM,W,6,0,2,0.0,0,2,0.0,2,2,1.0,0,0,0,0,0,1,0,0,2,-1,1,2024-02-26
22023,1628966,22300795,"FEB 22, 2024",BKN @ TOR,L,4,0,0,0.0,0,0,0.0,0,0,0.0,0,1,1,0,0,1,0,0,0,1,1,2024-02-22
22023,201587,22301018,"MAR 22, 2024",PHI @ LAL,L,20,0,2,0.0,0,2,0.0,0,0,0.0,1,4,5,1,0,0,1,0,0,-8,1,2024-03-22
22023,201587,22301002,"MAR 20, 2024",PHI @ PHX,L,24,3,4,0.75,1,2,0.5,1,2,0.5,1,2,3,0,1,1,1,2,8,-14,1,2024-03-20
22023,201587,22300985,"MAR 18, 2024",PHI vs. MIA,W,38,1,4,0.25,0,1,0.0,0,0,0.0,1,7,8,1,2,1,1,4,2,11,1,2024-03-18
22023,201587,22300969,"MAR 16, 2024",PHI vs. CHA,W,37,3,7,0.429,2,6,0.333,0,0,0.0,3,5,8,4,3,2,2,3,8,23,1,2024-03-16
22023,201587,22300958,"MAR 14, 2024",PHI @ MIL,L,21,2,5,0.4,1,4,0.25,0,0,0.0,1,1,2,3,0,0,0,0,5,-14,1,2024-03-14
22023,201587,22300939,"MAR 12, 2024",PHI @ NYK,L,21,0,4,0.0,0,3,0.0,0,0,0.0,0,2,2,0,1,0,0,1,0,-7,1,2024-03-12
22023,201587,22300927,"MAR 10, 2024",PHI @ NYK,W,31,0,2,0.0,0,2,0.0,0,0,0.0,0,5,5,3,2,0,1,2,0,18,1,2024-03-10
22023,201587,22300896,"MAR 06, 2024",PHI vs. MEM,L,30,3,6,0.5,1,2,0.5,3,3,1.0,3,3,6,1,1,1,1,3,10,0,1,2024-03-06
22023,201587,22300887,"MAR 05, 2024",PHI @ BKN,L,32,1,6,0.167,0,3,0.0,0,0,0.0,2,5,7,4,0,1,1,2,2,-1,1,2024-03-05
22023,201587,22300871,"MAR 03, 2024",PHI @ DAL,W,32,2,8,0.25,1,5,0.2,2,2,1.0,2,9,11,3,3,1,0,1,7,4,1,2024-03-03
22023,201587,22300858,"MAR 01, 2024",PHI vs. CHA,W,27,3,7,0.429,2,6,0.333,0,0,0.0,2,2,4,2,0,1,0,1,8,-4,1,2024-03-01
22023,201587,22300836,"FEB 27, 2024",PHI @ BOS,L,20,1,4,0.25,1,3,0.333,0,0,0.0,1,2,3,1,1,1,2,4,3,-4,1,2024-02-27
22023,201587,22300817,"FEB 25, 2024",PHI vs. MIL,L,17,2,5,0.4,2,5,0.4,0,0,0.0,0,1,1,0,1,0,0,0,6,-13,1,2024-02-25
22023,201587,22300805,"FEB 23, 2024",PHI vs. CLE,W,0,0,0,0.0,0,0,0.0,0,0,0.0,0,0,0,0,0,0,0,0,0,2,1,2024-02-23
22023,201587,22300794,"FEB 22, 2024",PHI vs. NYK,L,18,0,0,0.0,0,0,0.0,0,0,0.0,0,3,3,1,0,0,1,5,0,-12,1,2024-02-22
22023,203078,22301025,"MAR 23, 2024",PHX @ SAS,W,28,6,10,0.6,1,3,0.333,0,0,0.0,0,1,1,12,0,0,1,1,13,15,1,2024-03-23
22023,203078,22301010,"MAR 21, 2024",PHX vs. ATL,W,37,4,7,0.571,2,4,0.5,2,2,1.0,1,3,4,9,0,1,5,3,12,17,1,2024-03-21
22023,203078,22301002,"MAR 20, 2024",PHX vs. PHI,W,37,1,6,0.167,1,4,0.25,0,0,0.0,1,5,6,7,1,2,5,2,3,1,1,2024-03-20
22023,203078,22300976,"MAR 17, 2024",PHX @ MIL,L,37,11,15,0.733,1,3,0.333,5,6,0.833,0,4,4,7,1,1,3,1,28,-7,1,2024-03-17
22023,203078,22300961,"MAR 15, 2024",PHX @ CHA,W,36,7,11,0.636,1,3,0.333,0,0,0.0,2,4,6,7,0,0,2,2,15,13,1,2024-03-15
22023,203078,22300955,"MAR 14, 2024",PHX @ BOS,L,36,9,17,0.529,2,4,0.5,2,2,1.0,1,2,3,7,1,1,3,2,22,-21,1,2024-03-14
22023,203078,22300934,"MAR 11, 2024",PHX @ CLE,W,36,10,19,0.526,2,7,0.286,2,2,1.0,2,3,5,4,3,0,1,3,24,6,1,2024-03-11
22023,203078,22300920,"MAR 09, 2024",PHX vs. BOS,L,38,10,20,0.5,3,5,0.6,2,2,1.0,0,1,1,4,3,0,1,4,25,1,1,2024-03-09
22023,203078,22300905,"MAR 07, 2024",PHX vs. TOR,W,33,8,16,0.5,1,4,0.25,3,4,0.75,1,1,2,8,1,1,2,2,20,0,1,2024-03-07
22023,203078,22300893,"MAR 05, 2024",PHX @ DEN,W,36,6,18,0.333,2,5,0.4,2,2,1.0,1,5,6,6,2,0,2,4,16,4,2,2024-03-05
22023,203078,22300878,"MAR 03, 2024",PHX vs. OKC,L,34,10,14,0.714,3,5,0.6,8,10,0.8,2,2,4,6,0,1,7,2,31,5,1,2024-03-03
22023,203078,22300870,"MAR 02, 2024",PHX vs. HOU,L,20,3,6,0.5,1,1,1.0,0,0,0.0,1,1,2,2,0,0,2,0,7,-16,1,2024-03-02
22023,1627736,22301007,"MAR 21, 2024",MIL vs. BKN,W,31,5,10,0.5,2,7,0.286,4,4,1.0,1,5,6,0,0,0,0,2,16,6,1,2024-03-21
22023,1627736,22300998,"MAR 20, 2024",MIL @ BOS,L,28,2,8,0.25,2,7,0.286,0,0,0.0,0,6,6,0,0,0,0,2,6,-2,1,2024-03-20
22023,1627736,22300976,"MAR 17, 2024",MIL vs. PHX,W,29,6,11,0.545,5,8,0.625,0,0,0.0,0,3,3,3,0,0,0,1,17,3,1,2024-03-17
22023,1627736,22300945,"MAR 12, 2024",MIL @ SAC,L,25,4,13,0.308,3,11,0.273,0,0,0.0,0,3,3,2,0,0,2,1,11,-22,1,2024-03-12
22023,1627736,22300924,"MAR 10, 2024",MIL @ LAC,W,39,6,11,0.545,4,9,0.444,1,1,1.0,0,4,4,1,0,0,1,0,17,20,1,2024-03-10
22023,1627736,22300915,"MAR 08, 2024",MIL @ LAL,L,34,5,12,0.417,4,9,0.444,0,0,0.0,1,3,4,2,1,0,1,3,14,11,1,2024-03-08
22023,1627736,22300899,"MAR 06, 2024",MIL @ GSW,L,32,2,10,0.2,0,6,0.0,0,0,0.0,1,2,3,1,1,1,1,1,4,-19,1,2024-03-06
22023,1627736,22300880,"MAR 04, 2024",MIL vs. LAC,W,29,2,11,0.182,1,7,0.143,0,0,0.0,1,3,4,2,3,0,1,5,5,-3,1,2024-03-04
22023,1627736,22300864,"MAR 01, 2024",MIL @ CHI,W,28,1,7,0.143,1,7,0.143,1,2,0.5,0,6,6,2,1,0,1,0,4,17,1,2024-03-01
22023,1627736,22300849,"FEB 29, 2024",MIL @ CHA,W,28,7,12,0.583,5,9,0.556,0,0,0.0,0,2,2,0,0,0,0,1,19,18,1,2024-02-29
22023,1627736,22300840,"FEB 27, 2024",MIL vs. CHA,W,26,2,6,0.333,2,6,0.333,0,0,0.0,0,4,4,4,1,0,0,2,6,37,1,2024-02-27
22023,1627736,22300817,"FEB 25, 2024",MIL @ PHI,W,32,7,9,0.778,6,7,0.857,0,0,0.0,0,2,2,1,0,0,1,3,20,24,1,2024-02-25
22023,1627736,22300808,"FEB 23, 2024",MIL @ MIN,W,32,5,12,0.417,4,9,0.444,0,0,0.0,0,2,2,3,3,0,0,3,14,7,1,2024-02-23
22023,1630699,22300899,"MAR 06, 2024",MIL @ GSW,L,4,0,3,0.0,0,1,0.0,0,0,0.0,0,0,0,0,0,0,0,0,0,-9,1,2024-03-06
22023,1630699,22300864,"MAR 01, 2024",MIL @ CHI,W,1,0,0,0.0,0,0,0.0,0,0,0.0,0,1,1,0,0,0,0,0,0,2,1,2024-03-01
22023,1630699,22300849,"FEB 29, 2024",MIL @ CHA,W,3,0,0,0.0,0,0,0.0,0,0,0.0,0,0,0,0,0,0,0,1,0,-7,1,2024-02-29
22023,1630699,22300840,"FEB 27, 2024",MIL vs. CHA,W,9,3,3,1.0,1,1,1.0,0,0,0.0,0,3,3,1,0,0,0,0,7,-8,1,2024-02-27
22023,1630699,22300817,"FEB 25, 2024",MIL @ PHI,W,4,0,0,0.0,0,0,0.0,0,0,0.0,0,0,0,0,0,0,0,0,0,-4,1,2024-02-25
22023,202722,22301021,"MAR 23, 2024",CHA @ ATL,L,24,2,8,0.25,2,7,0.286,0,0,0.0,0,1,1,0,0,1,2,0,6,-30,1,2024-03-23
22023,202722,22300991,"MAR 19, 2024",CHA @ ORL,L,9,0,2,0.0,0,1,0.0,0,0,0.0,0,0,0,0,1,1,1,1,0,-22,1,2024-03-19
22023,202722,22300969,"MAR 16, 2024",CHA @ PHI,L,31,5,8,0.625,2,5,0.4,4,4,1.0,0,1,1,1,1,0,0,4,16,-8,1,2024-03-16
22023,202722,22300961,"MAR 15, 2024",CHA vs. PHX,L,26,1,5,0.2,0,4,0.0,0,0,0.0,0,2,2,2,1,0,1,2,2,-13,1,2024-03-15
22023,202722,22300950,"MAR 13, 2024",CHA @ MEM,W,21,1,10,0.1,1,9,0.111,0,0,0.0,0,5,5,0,1,1,2,0,3,9,1,2024-03-13
22023,202722,22300933,"MAR 11, 2024",CHA @ DET,L,26,2,8,0.25,2,7,0.286,1,2,0.5,1,0,1,2,2,0,1,1,7,-15,1,2024-03-11
22023,202722,22300918,"MAR 09, 2024",CHA vs. BKN,W,28,3,8,0.375,3,6,0.5,2,2,1.0,1,2,3,4,2,0,1,4,11,25,1,2024-03-09
22023,202722,22300910,"MAR 08, 2024",CHA @ WAS,L,32,4,14,0.286,3,10,0.3,0,0,0.0,3,3,6,3,2,0,0,2,11,-7,1,2024-03-08
22023,202722,22300885,"MAR 05, 2024",CHA vs. ORL,L,26,5,11,0.455,4,10,0.4,0,0,0.0,0,6,6,1,0,0,0,0,14,-10,1,2024-03-05
22023,202722,22300875,"MAR 03, 2024",CHA @ TOR,L,26,5,11,0.455,4,9,0.444,0,0,0.0,0,3,3,0,1,2,1,3,14,7,1,2024-03-03
22023,202722,22300858,"MAR 01, 2024",CHA @ PHI,L,20,5,12,0.417,4,10,0.4,0,0,0.0,0,1,1,2,0,0,0,1,14,1,1,2024-03-01
22023,202722,22300849,"FEB 29, 2024",CHA vs. MIL,L,15,2,3,0.667,2,3,0.667,2,3,0.667,0,0,0,0,0,0,0,1,8,3,1,2024-02-29
22023,202722,22300840,"FEB 27, 2024",CHA @ MIL,L,15,4,8,0.5,4,8,0.5,0,0,0.0,0,0,0,0,0,0,0,1,12,-9,1,2024-02-27
22023,202722,22300801,"FEB 22, 2024",CHA @ UTA,W,6,3,3,1.0,3,3,1.0,0,0,0.0,0,0,0,0,0,0,0,2,9,7,1,2024-02-22
22023,201976,22301007,"MAR 21, 2024",MIL vs. BKN,W,19,0,4,0.0,0,3,0.0,2,2,1.0,1,2,3,2,0,1,1,1,2,9,1,2024-03-21
22023,201976,22300998,"MAR 20, 2024",MIL @ BOS,L,22,3,5,0.6,1,2,0.5,2,2,1.0,0,0,0,0,0,0,0,1,9,-13,1,2024-03-20
22023,201976,22300976,"MAR 17, 2024",MIL vs. PHX,W,29,1,6,0.167,1,3,0.333,0,0,0.0,0,2,2,4,1,0,1,3,3,22,1,2024-03-17
22023,201976,22300958,"MAR 14, 2024",MIL vs. PHI,W,26,2,5,0.4,2,3,0.667,0,0,0.0,0,2,2,2,1,1,1,3,6,1,1,2024-03-14
22023,201976,22300945,"MAR 12, 2024",MIL @ SAC,L,27,1,4,0.25,0,3,0.0,2,3,0.667,0,2,2,4,0,0,0,3,4,-12,1,2024-03-12
22023,201976,22300924,"MAR 10, 2024",MIL @ LAC,W,16,2,4,0.5,1,2,0.5,0,0,0.0,0,4,4,1,2,1,0,5,5,-6,1,2024-03-10
22023,201976,22300915,"MAR 08, 2024",MIL @ LAL,L,16,0,3,0.0,0,2,0.0,0,0,0.0,0,0,0,0,0,0,0,2,0,-16,1,2024-03-08
22023,201976,22300899,"MAR 06, 2024",MIL @ GSW,L,17,0,2,0.0,0,0,0.0,2,3,0.667,0,4,4,0,1,2,2,2,2,-13,1,2024-03-06
22023,201976,22300880,"MAR 04, 2024",MIL vs. LAC,W,34,4,10,0.4,3,7,0.429,1,1,1.0,1,8,9,2,4,1,2,2,12,8,1,2024-03-04
22023,201976,22300864,"MAR 01, 2024",MIL @ CHI,W,18,5,8,0.625,2,5,0.4,2,2,1.0,1,3,4,2,0,1,0,1,14,-3,1,2024-03-01
22023,201976,22300849,"FEB 29, 2024",MIL @ CHA,W,24,3,7,0.429,1,2,0.5,2,2,1.0,3,5,8,3,0,0,1,1,9,-8,1,2024-02-29
22023,201976,22300840,"FEB 27, 2024",MIL vs. CHA,W,16,3,8,0.375,1,2,0.5,0,0,0.0,1,2,3,3,1,1,0,1,7,13,1,2024-02-27
22023,201976,22300817,"FEB 25, 2024",MIL @ PHI,W,18,1,5,0.2,1,5,0.2,0,0,0.0,0,0,0,2,1,0,0,0,3,-15,1,2024-02-25
22023,201976,22300808,"FEB 23, 2024",MIL @ MIN,W,16,2,3,0.667,0,0,0.0,0,0,0.0,3,0,3,3,0,1,0,3,4,-13,1,2024-02-23
22023,1630180,22300925,"MAR 10, 2024",ATL vs. NOP,L,27,3,11,0.273,3,8,0.375,5,6,0.833,1,4,5,2,0,0,0,1,14,-6,1,2024-03-10
22023,1630180,22300913,"MAR 08, 2024",ATL @ MEM,W,37,1,12,0.083,0,6,0.0,1,2,0.5,4,5,9,2,1,1,3,1,3,7,1,2024-03-08
22023,1630180,22300895,"MAR 06, 2024",ATL vs. CLE,W,41,8,14,0.571,3,7,0.429,4,6,0.667,3,5,8,0,1,1,2,1,23,1,1,2024-03-06
22023,1630180,22300889,"MAR 05, 2024",ATL @ NYK,W,36,6,15,0.4,1,7,0.143,4,4,1.0,4,5,9,2,1,1,1,0,17,3,1,2024-03-05
22023,1630180,22300866,"MAR 02, 2024",ATL @ BKN,L,35,8,14,0.571,2,6,0.333,5,5,1.0,1,2,3,2,0,0,0,2,23,-9,1,2024-03-02
22023,1630180,22300851,"FEB 29, 2024",ATL @ BKN,L,30,2,9,0.222,0,2,0.0,2,2,1.0,3,2,5,3,0,0,0,1,6,-2,1,2024-02-29
22023,1630180,22300835,"FEB 27, 2024",ATL vs. UTA,W,30,4,11,0.364,2,6,0.333,6,6,1.0,3,4,7,0,0,0,1,0,16,15,1,2024-02-27
22023,1630180,22300821,"FEB 25, 2024",ATL vs. ORL,W,35,5,11,0.455,2,5,0.4,0,0,0.0,1,1,2,1,1,0,2,1,12,2,1,2024-02-25
22023,1630180,22300804,"FEB 23, 2024",ATL vs. TOR,L,34,6,15,0.4,4,7,0.571,2,2,1.0,6,3,9,1,0,0,0,0,18,-6,1,2024-02-23
22023,1629048,22301004,"MAR 21, 2024",ORL vs. NOP,W,5,1,1,1.0,0,0,0.0,2,2,1.0,0,0,0,1,0,0,1,0,4,-4,1,2024-03-21
22023,1629048,22300991,"MAR 19, 2024",ORL vs. CHA,W,9,3,5,0.6,0,1,0.0,0,0,0.0,3,0,3,2,0,1,0,0,6,-7,1,2024-03-19
22023,1629048,22300979,"MAR 17, 2024",ORL vs. TOR,W,3,0,0,0.0,0,0,0.0,0,0,0.0,1,0,1,0,0,0,0,0,0,-5,1,2024-03-17
22023,1629048,22300947,"MAR 13, 2024",ORL vs. BKN,W,2,1,1,1.0,0,0,0.0,0,0,0.0,0,0,0,0,0,0,0,0,2,-2,1,2024-03-13
22023,1629048,22300912,"MAR 08, 2024",ORL @ NYK,L,7,0,0,0.0,0,0,0.0,0,0,0.0,0,0,0,0,0,0,1,1,0,-8,1,2024-03-08
22023,1629048,22300894,"MAR 06, 2024",ORL @ WAS,W,25,2,3,0.667,0,0,0.0,2,2,1.0,2,6,8,2,1,1,3,0,6,13,1,2024-03-06
22023,1629048,22300874,"MAR 03, 2024",ORL vs. DET,W,3,0,0,0.0,0,0,0.0,2,4,0.5,0,0,0,1,1,0,1,0,2,1,1,2024-03-03
22023,1629048,22300833,"FEB 27, 2024",ORL vs. BKN,W,7,1,1,1.0,0,0,0.0,1,2,0.5,0,1,1,0,1,0,1,3,3,-1,1,2024-02-27
22023,1629048,22300821,"FEB 25, 2024",ORL @ ATL,L,19,1,5,0.2,0,1,0.0,0,0,0.0,2,3,5,2,0,3,1,2,2,1,1,2024-02-25
22023,1629048,22300814,"FEB 24, 2024",ORL @ DET,W,8,1,3,0.333,0,1,0.0,0,0,0.0,2,0,2,2,0,3,0,1,2,3,1,2024-02-24
22023,1641931,22301023,"MAR 23, 2024",CHI vs. BOS,L,7,1,3,0.333,0,0,0.0,0,0,0.0,0,0,0,1,0,0,0,2,2,-7,1,2024-03-23
22023,1641931,22301006,"MAR 21, 2024",CHI @ HOU,L,8,0,1,0.0,0,1,0.0,0,0,0.0,0,0,0,0,0,0,0,1,0,-15,1,2024-03-21
22023,1641931,22300986,"MAR 18, 2024",CHI vs. POR,W,26,4,9,0.444,1,3,0.333,0,0,0.0,1,3,4,1,0,0,1,2,9,-7,1,2024-03-18
22023,1641931,22300971,"MAR 16, 2024",CHI vs. WAS,W,24,3,5,0.6,0,2,0.0,0,0,0.0,0,6,6,2,1,1,0,3,6,22,1,2024-03-16
22023,1641931,22300956,"MAR 14, 2024",CHI vs. LAC,L,17,1,2,0.5,0,1,0.0,0,0,0.0,0,0,0,2,0,0,0,1,2,-2,1,2024-03-14
22023,1641931,22300948,"MAR 13, 2024",CHI @ IND,W,13,1,1,1.0,0,0,0.0,0,0,0.0,0,1,1,1,0,0,1,0,2,-9,1,2024-03-13
22023,1641931,22300935,"MAR 11, 2024",CHI vs. DAL,L,25,8,16,0.5,1,6,0.167,0,0,0.0,3,2,5,1,0,0,1,3,17,-21,1,2024-03-11
22023,1641931,22300917,"MAR 09, 2024",CHI @ LAC,L,10,2,3,0.667,2,3,0.667,0,0,0.0,1,0,1,0,0,0,0,0,6,-5,1,2024-03-09
22023,1641931,22300907,"MAR 07, 2024",CHI @ GSW,W,17,2,4,0.5,2,4,0.5,0,0,0.0,0,0,0,1,2,0,0,1,6,11,1,2024-03-07
22023,1641931,22300898,"MAR 06, 2024",CHI @ UTA,W,6,0,1,0.0,0,1,0.0,0,0,0.0,0,0,0,0,0,0,0,1,0,-5,1,2024-03-06
22023,1641931,22300883,"MAR 04, 2024",CHI @ SAC,W,13,0,3,0.0,0,2,0.0,1,2,0.5,1,0,1,1,0,1,1,1,1,6,1,2024-03-04
22023,1641931,22300864,"MAR 01, 2024",CHI vs. MIL,L,16,2,7,0.286,2,5,0.4,0,0,0.0,0,4,4,1,0,0,0,2,6,-12,1,2024-03-01
22023,1641931,22300846,"FEB 28, 2024",CHI vs. CLE,W,28,3,4,0.75,2,2,1.0,2,2,1.0,0,6,6,0,0,0,2,1,10,16,1,2024-02-28
22023,1641931,22300797,"FEB 22, 2024",CHI vs. BOS,L,3,0,2,0.0,0,1,0.0,0,0,0.0,0,0,0,0,0,0,0,0,0,0,1,2024-02-22
22023,202687,22300931,"MAR 10, 2024",OKC vs. MEM,W,9,0,0,0.0,0,0,0.0,2,2,1.0,1,1,2,1,0,0,1,1,2,-1,1,2024-03-10
22023,202687,22300884,"MAR 04, 2024",OKC @ LAL,L,7,0,1,0.0,0,0,0.0,0,0,0.0,0,0,0,0,0,0,0,4,0,-13,1,2024-03-04
22023,202687,22300878,"MAR 03, 2024",OKC @ PHX,W,7,1,3,0.333,0,0,0.0,0,0,0.0,2,0,2,1,0,0,0,0,2,13,1,2024-03-03
22023,202687,22300853,"FEB 29, 2024",OKC @ SAS,L,1,0,0,0.0,0,0,0.0,0,0,0.0,0,1,1,0,0,0,0,0,0,-3,1,2024-02-29
22023,202687,22300809,"FEB 23, 2024",OKC vs. WAS,W,8,0,0,0.0,0,0,0.0,0,0,0.0,0,1,1,0,0,1,1,1,0,5,1,2024-02-23
22023,1641710,22301004,"MAR 21, 2024",ORL vs. NOP,W,5,1,2,0.5,0,0,0.0,0,0,0.0,0,1,1,1,0,1,1,0,2,-6,1,2024-03-21
22023,1641710,22300991,"MAR 19, 2024",ORL vs. CHA,W,9,1,3,0.333,0,1,0.0,0,0,0.0,1,0,1,1,0,1,0,0,2,-7,1,2024-03-19
22023,1641710,22300979,"MAR 17, 2024",ORL vs. TOR,W,3,1,1,1.0,0,0,0.0,0,2,0.0,0,0,0,0,1,0,0,0,2,-5,1,2024-03-17
22023,1641710,22300947,"MAR 13, 2024",ORL vs. BKN,W,2,0,1,0.0,0,1,0.0,0,0,0.0,0,0,0,1,0,1,0,0,0,-2,1,2024-03-13
22023,1641710,22300928,"MAR 10, 2024",ORL vs. IND,L,11,1,4,0.25,0,1,0.0,0,0,0.0,0,2,2,0,1,0,1,3,2,7,1,2024-03-10
22023,1641710,22300912,"MAR 08, 2024",ORL @ NYK,L,23,0,5,0.0,0,2,0.0,0,0,0.0,0,2,2,0,0,0,1,2,0,-18,1,2024-03-08
22023,1641710,22300894,"MAR 06, 2024",ORL @ WAS,W,22,3,5,0.6,2,3,0.667,0,0,0.0,1,0,1,2,2,0,0,1,8,18,1,2024-03-06
22023,1641710,22300885,"MAR 05, 2024",ORL @ CHA,W,28,3,5,0.6,3,4,0.75,1,4,0.25,1,4,5,1,0,0,1,1,10,7,1,2024-03-05
22023,1641710,22300874,"MAR 03, 2024",ORL vs. DET,W,3,1,2,0.5,1,1,1.0,0,0,0.0,0,1,1,0,0,0,0,0,3,1,1,2024-03-03
22023,1641710,22300833,"FEB 27, 2024",ORL vs. BKN,W,22,2,4,0.5,1,2,0.5,3,4,0.75,0,4,4,1,2,0,1,0,8,0,1,2024-02-27
22023,1641710,22300821,"FEB 25, 2024",ORL @ ATL,L,27,1,7,0.143,1,3,0.333,1,2,0.5,2,6,8,1,0,0,3,1,4,-5,1,2024-02-25
22023,1641710,22300814,"FEB 24, 2024",ORL @ DET,W,22,2,6,0.333,1,3,0.333,0,0,0.0,0,2,2,0,1,1,0,2,5,8,1,2024-02-24
22023,1641710,22300792,"FEB 22, 2024",ORL @ CLE,W,24,3,7,0.429,1,2,0.5,2,2,1.0,1,2,3,2,0,0,1,1,9,21,1,2024-02-22
22023,203992,22301021,"MAR 23, 2024",ATL vs. CHA,W,26,5,10,0.5,2,4,0.5,0,0,0.0,1,2,3,6,0,0,0,0,12,15,1,2024-03-23
22023,203992,22301010,"MAR 21, 2024",ATL @ PHX,L,36,6,13,0.462,4,7,0.571,0,1,0.0,1,1,2,3,1,0,0,3,16,-17,1,2024-03-21
22023,203992,22300990,"MAR 18, 2024",ATL @ LAL,L,26,5,11,0.455,3,5,0.6,4,4,1.0,1,2,3,0,0,0,2,3,17,-12,1,2024-03-18
22023,203992,22300982,"MAR 17, 2024",ATL @ LAC,W,30,4,14,0.286,3,11,0.273,0,0,0.0,1,4,5,4,0,0,3,2,11,8,1,2024-03-17
22023,203992,22300953,"MAR 13, 2024",ATL @ POR,L,34,3,15,0.2,2,9,0.222,0,0,0.0,2,5,7,8,3,1,2,3,8,5,1,2024-03-13
22023,203992,22300925,"MAR 10, 2024",ATL vs. NOP,L,36,9,19,0.474,7,15,0.467,0,0,0.0,1,0,1,7,2,0,1,1,25,4,1,2024-03-10
22023,203992,22300913,"MAR 08, 2024",ATL @ MEM,W,35,6,14,0.429,3,6,0.5,1,2,0.5,2,4,6,3,1,2,4,4,16,15,1,2024-03-08
22023,203992,22300895,"MAR 06, 2024",ATL vs. CLE,W,34,8,15,0.533,3,8,0.375,4,4,1.0,0,2,2,6,1,0,2,1,23,12,1,2024-03-06
22023,203992,22300889,"MAR 05, 2024",ATL @ NYK,W,30,1,6,0.167,1,6,0.167,2,2,1.0,0,1,1,4,2,1,3,0,5,19,1,2024-03-05
22023,203992,22300866,"MAR 02, 2024",ATL @ BKN,L,35,4,13,0.308,3,8,0.375,2,2,1.0,2,4,6,1,1,0,4,1,13,-15,1,2024-03-02
22023,203992,22300851,"FEB 29, 2024",ATL @ BKN,L,32,4,13,0.308,1,5,0.2,2,2,1.0,0,3,3,3,0,0,0,2,11,-31,1,2024-02-29
22023,203992,22300835,"FEB 27, 2024",ATL vs. UTA,W,33,7,15,0.467,3,8,0.375,2,2,1.0,1,2,3,3,2,2,4,2,19,27,1,2024-02-27
22023,203992,22300821,"FEB 25, 2024",ATL vs. ORL,W,36,5,11,0.455,3,5,0.6,4,4,1.0,0,5,5,3,1,0,1,2,17,18,1,2024-02-25
22023,203992,22300804,"FEB 23, 2024",ATL vs. TOR,L,29,5,17,0.294,3,11,0.273,1,1,1.0,0,4,4,5,2,0,0,2,14,7,1,2024-02-23
22023,202711,22301019,"MAR 23, 2024",NYK vs. BKN,W,7,1,2,0.5,1,2,0.5,0,0,0.0,0,1,1,0,0,0,1,1,3,2,1,2024-03-23
22023,202711,22301009,"MAR 21, 2024",NYK @ DEN,L,14,1,5,0.2,1,2,0.5,0,0,0.0,0,1,1,2,0,0,2,0,3,7,1,2024-03-21
22023,202711,22300988,"MAR 18, 2024",NYK @ GSW,W,17,2,6,0.333,0,2,0.0,0,0,0.0,0,2,2,2,0,0,2,0,4,2,1,2024-03-18
22023,202711,22300975,"MAR 16, 2024",NYK @ SAC,W,24,4,11,0.364,1,5,0.2,0,0,0.0,0,4,4,1,0,0,3,2,9,7,1,2024-03-16
22023,202711,22300960,"MAR 14, 2024",NYK @ POR,W,14,1,6,0.167,0,2,0.0,3,3,1.0,0,0,0,1,0,0,1,0,5,5,1,2024-03-14
22023,202711,22300939,"MAR 12, 2024",NYK vs. PHI,W,22,0,2,0.0,0,1,0.0,0,0,0.0,0,2,2,1,0,0,2,1,0,-4,1,2024-03-12
22023,202711,22300927,"MAR 10, 2024",NYK vs. PHI,L,18,4,8,0.5,2,4,0.5,0,0,0.0,1,0,1,0,0,0,2,2,10,-12,1,2024-03-10
22023,202711,22300912,"MAR 08, 2024",NYK vs. ORL,W,12,2,6,0.333,1,3,0.333,1,2,0.5,0,0,0,0,0,0,1,0,6,-4,1,2024-03-08
22023,202711,22300889,"MAR 05, 2024",NYK vs. ATL,L,31,6,18,0.333,4,11,0.364,3,3,1.0,1,2,3,0,0,0,2,5,19,-10,1,2024-03-05
22023,202711,22300876,"MAR 03, 2024",NYK @ CLE,W,30,8,15,0.533,1,6,0.167,3,3,1.0,0,3,3,3,0,0,3,2,20,-8,1,2024-03-03
22023,202711,22300852,"FEB 29, 2024",NYK vs. GSW,L,18,0,7,0.0,0,4,0.0,4,4,1.0,0,3,3,1,0,0,1,0,4,0,1,2024-02-29
22023,202711,22300837,"FEB 27, 2024",NYK vs. NOP,L,29,6,14,0.429,4,10,0.4,4,4,1.0,3,1,4,5,1,0,4,4,20,-9,1,2024-02-27
22023,202711,22300828,"FEB 26, 2024",NYK vs. DET,W,22,5,11,0.455,3,8,0.375,0,0,0.0,0,6,6,1,0,0,1,3,13,-9,1,2024-02-26
22023,202711,22300816,"FEB 24, 2024",NYK vs. BOS,L,19,2,7,0.286,1,4,0.25,3,3,1.0,0,0,0,0,0,0,1,2,8,-14,1,2024-02-24
22023,202711,22300794,"FEB 22, 2024",NYK @ PHI,W,24,8,13,0.615,6,6,1.0,0,2,0.0,0,2,2,0,3,0,0,3,22,3,1,2024-02-22
22023,1629626,22301025,"MAR 23, 2024",PHX @ SAS,W,19,4,5,0.8,2,2,1.0,3,4,0.75,0,4,4,1,0,1,0,3,13,5,1,2024-03-23
22023,1629626,22301010,"MAR 21, 2024",PHX vs. ATL,W,11,1,2,0.5,1,2,0.5,2,2,1.0,0,3,3,2,0,1,1,1,5,21,1,2024-03-21
22023,1629626,22301002,"MAR 20, 2024",PHX vs. PHI,W,14,4,6,0.667,2,4,0.5,0,0,0.0,0,3,3,0,0,1,2,1,10,7,1,2024-03-20
22023,1629626,22300976,"MAR 17, 2024",PHX @ MIL,L,5,1,1,1.0,0,0,0.0,0,0,0.0,0,1,1,0,0,0,1,0,2,0,1,2024-03-17
22023,1629626,22300961,"MAR 15, 2024",PHX @ CHA,W,8,1,5,0.2,0,2,0.0,1,1,1.0,1,2,3,0,0,1,0,2,3,-4,1,2024-03-15
22023,1629626,22300955,"MAR 14, 2024",PHX @ BOS,L,15,4,5,0.8,2,2,1.0,0,0,0.0,2,2,4,0,0,0,0,0,10,-3,1,2024-03-14
22023,1629626,22300934,"MAR 11, 2024",PHX @ CLE,W,10,0,1,0.0,0,1,0.0,0,0,0.0,0,2,2,0,0,1,0,0,0,-12,1,2024-03-11
22023,1629626,22300920,"MAR 09, 2024",PHX vs. BOS,L,10,6,7,0.857,1,2,0.5,0,0,0.0,1,3,4,0,0,0,0,0,13,-10,1,2024-03-09
22023,1629626,22300905,"MAR 07, 2024",PHX vs. TOR,W,16,5,7,0.714,1,1,1.0,0,0,0.0,1,7,8,0,1,0,0,0,11,-2,1,2024-03-07
22023,1629626,22300893,"MAR 05, 2024",PHX @ DEN,W,13,1,2,0.5,0,0,0.0,0,0,0.0,1,3,4,1,0,1,0,2,2,-8,2,2024-03-05
22023,1629626,22300878,"MAR 03, 2024",PHX vs. OKC,L,7,1,2,0.5,0,1,0.0,0,0,0.0,0,1,1,0,0,0,1,1,2,-8,1,2024-03-03
22023,1629626,22300870,"MAR 02, 2024",PHX vs. HOU,L,11,2,8,0.25,1,5,0.2,0,0,0.0,2,3,5,0,0,1,0,2,5,0,1,2024-03-02
22023,1629626,22300854,"FEB 29, 2024",PHX vs. HOU,W,26,3,6,0.5,0,2,0.0,1,2,0.5,1,3,4,0,0,0,0,3,7,13,1,2024-02-29
22023,1629626,22300818,"FEB 25, 2024",PHX vs. LAL,W,24,5,9,0.556,1,4,0.25,0,0,0.0,1,3,4,1,0,2,0,1,11,8,1,2024-02-25
22023,1629626,22300806,"FEB 23, 2024",PHX @ HOU,L,27,11,17,0.647,2,3,0.667,1,2,0.5,6,8,14,0,1,1,1,4,25,3,1,2024-02-23
22023,1629716,22300875,"MAR 03, 2024",CHA @ TOR,L,8,0,1,0.0,0,0,0.0,0,0,0.0,0,0,0,0,0,0,1,1,0,-7,1,2024-03-03
22023,1629716,22300840,"FEB 27, 2024",CHA @ MIL,L,5,0,0,0.0,0,0,0.0,0,0,0.0,0,1,1,0,0,0,0,0,0,9,1,2024-02-27
22023,1626164,22301025,"MAR 23, 2024",PHX @ SAS,W,31,14,24,0.583,3,7,0.429,1,1,1.0,2,5,7,9,0,0,2,3,32,29,1,2024-03-23
22023,1626164,22301010,"MAR 21, 2024",PHX vs. ATL,W,32,10,15,0.667,6,8,0.75,4,4,1.0,1,3,4,2,0,0,2,5,30,-10,1,2024-03-21
22023,1626164,22301002,"MAR 20, 2024",PHX vs. PHI,W,35,7,15,0.467,1,5,0.2,3,4,0.75,5,4,9,11,2,0,2,4,18,9,1,2024-03-20
22023,1626164,22300976,"MAR 17, 2024",PHX @ MIL,L,40,11,22,0.5,0,5,0.0,1,2,0.5,1,8,9,6,1,1,2,3,23,-9,1,2024-03-17
22023,1626164,22300961,"MAR 15, 2024",PHX @ CHA,W,36,6,18,0.333,1,8,0.125,8,8,1.0,0,6,6,11,1,1,2,2,21,17,1,2024-03-15
22023,1626164,22300955,"MAR 14, 2024",PHX @ BOS,L,38,9,20,0.45,1,6,0.167,4,4,1.0,0,2,2,7,0,0,0,3,23,-16,1,2024-03-14
22023,1626164,22300934,"MAR 11, 2024",PHX @ CLE,W,38,11,22,0.5,1,7,0.143,4,4,1.0,4,2,6,7,0,1,2,2,27,12,1,2024-03-11
22023,1626164,22300870,"MAR 02, 2024",PHX vs. HOU,L,38,7,17,0.412,2,4,0.5,8,8,1.0,0,2,2,5,1,0,5,5,24,-17,1,2024-03-02
22023,1626164,22300854,"FEB 29, 2024",PHX vs. HOU,W,39,13,27,0.481,6,11,0.545,3,3,1.0,1,6,7,3,1,1,1,4,35,11,1,2024-02-29
22023,1626164,22300818,"FEB 25, 2024",PHX vs. LAL,W,38,8,18,0.444,1,4,0.25,4,4,1.0,1,2,3,9,1,0,3,2,21,9,1,2024-02-25
22023,1626164,22300806,"FEB 23, 2024",PHX @ HOU,L,36,7,24,0.292,0,4,0.0,11,11,1.0,1,4,5,2,1,1,1,3,25,-15,1,2024-02-23
22023,1626164,22300796,"FEB 22, 2024",PHX @ DAL,L,39,13,21,0.619,2,6,0.333,7,8,0.875,1,4,5,8,1,0,4,2,35,-14,1,2024-02-22
22023,1630527,22301028,"MAR 24, 2024",LAC vs. PHI,,2,0,0,0.0,0,0,0.0,0,0,0.0,0,0,0,0,0,0,0,1,0,-4,0,2024-03-24
22023,1630527,22301017,"MAR 22, 2024",LAC @ POR,W,19,3,4,0.75,2,3,0.667,1,2,0.5,1,3,4,1,1,0,3,3,9,-14,1,2024-03-22
22023,1630527,22301003,"MAR 20, 2024",LAC @ POR,W,23,4,9,0.444,0,2,0.0,1,2,0.5,0,2,2,0,1,2,1,2,9,-2,1,2024-03-20
22023,1630527,22300982,"MAR 17, 2024",LAC vs. ATL,L,2,0,1,0.0,0,0,0.0,0,0,0.0,0,0,0,0,0,0,0,0,0,0,1,2024-03-17
22023,1630527,22300956,"MAR 14, 2024",LAC @ CHI,W,8,2,3,0.667,0,1,0.0,1,2,0.5,0,1,1,0,0,0,0,1,5,-4,1,2024-03-14
22023,1630527,22300944,"MAR 12, 2024",LAC vs. MIN,L,9,1,3,0.333,0,1,0.0,0,2,0.0,1,0,1,0,0,1,0,1,2,-4,1,2024-03-12
22023,1630527,22300924,"MAR 10, 2024",LAC vs. MIL,L,18,2,9,0.222,1,3,0.333,0,0,0.0,2,3,5,1,0,2,0,2,5,2,1,2024-03-10
22023,1630527,22300865,"MAR 01, 2024",LAC vs. WAS,W,5,3,4,0.75,0,0,0.0,1,2,0.5,0,0,0,0,0,0,0,1,7,1,1,2024-03-01
22023,1630527,22300827,"FEB 25, 2024",LAC vs. SAC,L,1,0,0,0.0,0,0,0.0,0,0,0.0,0,0,0,0,0,0,0,0,0,-1,1,2024-02-25
22023,1630527,22300799,"FEB 22, 2024",LAC @ OKC,L,4,2,2,1.0,0,0,0.0,0,0,0.0,0,0,0,0,0,0,2,0,4,-6,1,2024-02-22
22023,1628449,22300923,"MAR 09, 2024",TOR @ POR,L,31,4,5,0.8,2,3,0.667,6,6,1.0,1,7,8,2,0,3,3,2,16,3,1,2024-03-09
22023,1628449,22300905,"MAR 07, 2024",TOR @ PHX,L,24,5,6,0.833,0,0,0.0,1,1,1.0,5,4,9,2,0,0,2,2,11,0,1,2024-03-07
22023,1628449,22300860,"MAR 01, 2024",TOR vs. GSW,L,5,1,2,0.5,0,1,0.0,0,0,0.0,0,2,2,0,0,0,1,1,2,0,1,2024-03-01
22023,1628449,22300795,"FEB 22, 2024",TOR vs. BKN,W,4,0,1,0.0,0,1,0.0,2,2,1.0,0,1,1,0,0,0,0,0,2,-1,1,2024-02-22
22023,1631103,22301025,"MAR 23, 2024",SAS vs. PHX,L,22,3,8,0.375,1,3,0.333,0,0,0.0,0,0,0,3,0,0,0,1,7,-15,1,2024-03-23
22023,1631103,22301015,"MAR 22, 2024",SAS vs. MEM,L,18,2,7,0.286,0,3,0.0,0,0,0.0,0,3,3,2,1,0,0,2,4,0,1,2024-03-22
22023,1631103,22300994,"MAR 19, 2024",SAS vs. DAL,L,20,4,7,0.571,1,3,0.333,2,3,0.667,2,2,4,1,0,0,1,1,11,5,1,2024-03-19
22023,1631103,22300981,"MAR 17, 2024",SAS vs. BKN,W,16,2,8,0.25,0,3,0.0,3,3,1.0,1,2,3,2,0,0,1,0,7,5,1,2024-03-17
22023,1631103,22300965,"MAR 15, 2024",SAS vs. DEN,L,12,1,5,0.2,0,2,0.0,0,0,0.0,0,0,0,0,0,0,0,0,2,-10,1,2024-03-15
22023,1631103,22300942,"MAR 12, 2024",SAS vs. HOU,L,22,2,7,0.286,0,4,0.0,0,0,0.0,0,1,1,3,0,0,2,1,4,-15,1,2024-03-12
22023,1631103,22300936,"MAR 11, 2024",SAS vs. GSW,L,17,1,8,0.125,0,4,0.0,0,0,0.0,1,0,1,0,0,1,2,2,2,-16,1,2024-03-11
22023,1631103,22300921,"MAR 09, 2024",SAS @ GSW,W,29,7,15,0.467,3,6,0.5,3,4,0.75,1,2,3,2,0,0,3,1,20,8,1,2024-03-09
22023,1631103,22300908,"MAR 07, 2024",SAS @ SAC,L,26,6,11,0.545,5,5,1.0,6,6,1.0,0,1,1,4,2,0,3,3,23,-16,1,2024-03-07
22023,1631103,22300891,"MAR 05, 2024",SAS @ HOU,L,26,8,14,0.571,4,7,0.571,0,0,0.0,0,1,1,2,0,0,1,2,20,-2,1,2024-03-05
22023,1631103,22300877,"MAR 03, 2024",SAS vs. IND,W,31,7,13,0.538,2,6,0.333,2,2,1.0,1,3,4,6,1,0,2,1,18,2,1,2024-03-03
22023,1631103,22300853,"FEB 29, 2024",SAS vs. OKC,W,19,3,7,0.429,0,1,0.0,0,0,0.0,0,2,2,2,0,0,2,3,6,-6,1,2024-02-29
22023,1631103,22300838,"FEB 27, 2024",SAS @ MIN,L,21,4,5,0.8,2,3,0.667,2,2,1.0,0,2,2,0,1,1,2,1,12,-8,1,2024-02-27
22023,1631103,22300825,"FEB 25, 2024",SAS @ UTA,L,28,5,12,0.417,2,6,0.333,2,2,1.0,0,2,2,2,0,0,0,2,14,-7,1,2024-02-25
22023,1631103,22300813,"FEB 23, 2024",SAS @ LAL,L,23,6,14,0.429,3,5,0.6,2,2,1.0,1,1,2,1,0,0,0,1,17,3,1,2024-02-23
22023,1631103,22300803,"FEB 22, 2024",SAS @ SAC,L,13,2,6,0.333,1,2,0.5,0,0,0.0,1,2,3,2,0,0,1,0,5,-6,1,2024-02-22
22023,1631128,22301026,"MAR 23, 2024",DEN @ POR,W,36,7,15,0.467,1,3,0.333,2,4,0.5,4,4,8,6,3,1,1,2,17,5,1,2024-03-23
22023,1631128,22301009,"MAR 21, 2024",DEN vs. NYK,W,13,1,2,0.5,0,1,0.0,1,2,0.5,0,3,3,1,0,0,0,1,3,-14,1,2024-03-21
22023,1631128,22300995,"MAR 19, 2024",DEN @ MIN,W,18,1,4,0.25,1,3,0.333,0,0,0.0,0,4,4,0,0,0,1,1,3,-6,1,2024-03-19
22023,1631128,22300978,"MAR 17, 2024",DEN @ DAL,L,19,4,5,0.8,1,1,1.0,1,2,0.5,0,1,1,1,0,0,1,2,10,-11,1,2024-03-17
22023,1631128,22300965,"MAR 15, 2024",DEN @ SAS,W,24,5,7,0.714,2,3,0.667,1,2,0.5,1,3,4,4,3,0,1,1,13,8,1,2024-03-15
22023,1631128,22300949,"MAR 13, 2024",DEN @ MIA,W,20,3,3,1.0,1,1,1.0,0,0,0.0,0,2,2,1,0,0,1,3,7,7,1,2024-03-13
22023,1631128,22300937,"MAR 11, 2024",DEN vs. TOR,W,19,2,6,0.333,1,3,0.333,0,0,0.0,0,2,2,2,0,1,1,2,5,9,1,2024-03-11
22023,1631128,22300922,"MAR 09, 2024",DEN vs. UTA,W,17,5,5,1.0,3,3,1.0,0,0,0.0,0,4,4,1,0,1,0,6,13,12,1,2024-03-09
22023,1631128,22300906,"MAR 07, 2024",DEN vs. BOS,W,17,2,3,0.667,0,1,0.0,3,4,0.75,1,5,6,1,0,0,0,4,7,9,1,2024-03-07
22023,1631128,22300893,"MAR 05, 2024",DEN vs. PHX,L,19,3,3,1.0,0,0,0.0,1,2,0.5,1,3,4,1,1,2,0,2,7,12,2,2024-03-05
22023,1631128,22300869,"MAR 02, 2024",DEN @ LAL,W,24,1,3,0.333,0,1,0.0,0,0,0.0,1,4,5,2,1,2,2,1,2,9,1,2024-03-02
22023,1631128,22300855,"FEB 29, 2024",DEN vs. MIA,W,20,1,2,0.5,0,0,0.0,0,1,0.0,1,1,2,1,1,1,0,3,2,2,1,2024-02-29
22023,1631128,22300847,"FEB 28, 2024",DEN vs. SAC,W,20,2,8,0.25,1,6,0.167,0,0,0.0,0,3,3,0,1,0,0,2,5,-13,1,2024-02-28
22023,1631128,22300824,"FEB 25, 2024",DEN @ GSW,W,20,3,7,0.429,1,2,0.5,0,0,0.0,2,1,3,0,1,1,0,1,7,-1,1,2024-02-25
22023,1631128,22300812,"FEB 23, 2024",DEN @ POR,W,20,1,5,0.2,0,2,0.0,1,2,0.5,0,2,2,4,0,0,2,1,3,6,1,2024-02-23
22023,1631128,22300800,"FEB 22, 2024",DEN vs. WAS,W,23,5,8,0.625,1,2,0.5,1,3,0.333,4,6,10,1,2,0,1,2,12,10,1,2024-02-22
22023,1628969,22301019,"MAR 23, 2024",BKN @ NYK,L,37,7,14,0.5,4,9,0.444,0,0,0.0,0,4,4,5,1,0,3,1,18,-12,1,2024-03-23
22023,1628969,22301007,"MAR 21, 2024",BKN @ MIL,L,33,9,19,0.474,6,14,0.429,0,0,0.0,2,4,6,2,1,0,2,2,24,-7,1,2024-03-21
22023,1628969,22300993,"MAR 19, 2024",BKN vs. NOP,L,32,4,11,0.364,4,9,0.444,3,6,0.5,1,1,2,1,2,0,2,1,15,-8,1,2024-03-19
22023,1628969,22300981,"MAR 17, 2024",BKN @ SAS,L,40,5,16,0.313,3,7,0.429,1,1,1.0,1,6,7,5,1,0,3,3,14,-14,1,2024-03-17
22023,1628969,22300968,"MAR 16, 2024",BKN @ IND,L,29,1,8,0.125,1,4,0.25,4,4,1.0,3,4,7,4,0,0,1,0,7,-11,1,2024-03-16
22023,1628969,22300947,"MAR 13, 2024",BKN @ ORL,L,30,5,13,0.385,1,2,0.5,6,7,0.857,1,3,4,1,0,1,2,1,17,-13,1,2024-03-13
22023,1628969,22300930,"MAR 10, 2024",BKN @ CLE,W,35,9,14,0.643,5,8,0.625,2,2,1.0,0,5,5,5,3,0,1,2,25,9,1,2024-03-10
22023,1628969,22300918,"MAR 09, 2024",BKN @ CHA,L,41,6,18,0.333,4,11,0.364,3,3,1.0,0,2,2,4,1,0,1,1,19,-10,1,2024-03-09
22023,1628969,22300902,"MAR 07, 2024",BKN @ DET,L,43,4,11,0.364,3,7,0.429,2,4,0.5,1,0,1,7,1,0,3,1,13,-5,1,2024-03-07
22023,1628969,22300887,"MAR 05, 2024",BKN vs. PHI,W,38,4,12,0.333,2,3,0.667,5,5,1.0,0,6,6,4,0,0,1,2,15,10,1,2024-03-05
22023,1628969,22300879,"MAR 04, 2024",BKN vs. MEM,L,39,4,14,0.286,2,8,0.25,4,9,0.444,1,4,5,5,2,0,3,1,14,-7,1,2024-03-04
22023,1628969,22300866,"MAR 02, 2024",BKN vs. ATL,W,39,14,26,0.538,5,10,0.5,5,5,1.0,2,3,5,2,2,1,2,2,38,13,1,2024-03-02
22023,1628969,22300851,"FEB 29, 2024",BKN vs. ATL,W,34,6,14,0.429,3,9,0.333,0,0,0.0,2,5,7,5,1,1,0,1,15,30,1,2024-02-29
22023,1628969,22300833,"FEB 27, 2024",BKN @ ORL,L,29,2,13,0.154,0,7,0.0,0,1,0.0,0,2,2,2,1,0,3,1,4,-28,1,2024-02-27
22023,1628969,22300830,"FEB 26, 2024",BKN @ MEM,W,31,4,10,0.4,1,7,0.143,2,4,0.5,0,3,3,2,2,0,1,1,11,22,1,2024-02-26
22023,1628969,22300815,"FEB 24, 2024",BKN @ MIN,L,36,7,21,0.333,1,11,0.091,0,0,0.0,1,5,6,8,0,0,0,1,15,-12,1,2024-02-24
22023,1628969,22300795,"FEB 22, 2024",BKN @ TOR,L,35,7,16,0.438,4,10,0.4,3,4,0.75,0,4,4,1,1,0,1,1,21,-30,1,2024-02-22
22023,1628970,22301021,"MAR 23, 2024",CHA @ ATL,L,37,11,19,0.579,4,7,0.571,1,3,0.333,3,2,5,0,0,2,4,1,27,-32,1,2024-03-23
22023,1628970,22300991,"MAR 19, 2024",CHA @ ORL,L,38,8,15,0.533,0,4,0.0,0,0,0.0,1,3,4,5,1,0,3,0,16,-17,1,2024-03-19
22023,1628970,22300969,"MAR 16, 2024",CHA @ PHI,L,39,5,15,0.333,1,6,0.167,3,4,0.75,2,7,9,6,1,0,3,0,14,-16,1,2024-03-16
22023,1628970,22300961,"MAR 15, 2024",CHA vs. PHX,L,38,6,18,0.333,0,5,0.0,5,7,0.714,2,8,10,3,0,0,2,2,17,-18,1,2024-03-15
22023,1628970,22300950,"MAR 13, 2024",CHA @ MEM,W,40,12,21,0.571,3,7,0.429,0,0,0.0,1,5,6,6,1,1,1,2,27,12,1,2024-03-13
22023,1628970,22300933,"MAR 11, 2024",CHA @ DET,L,40,9,24,0.375,3,9,0.333,3,5,0.6,1,6,7,3,1,0,2,1,24,-19,1,2024-03-11
22023,1628970,22300918,"MAR 09, 2024",CHA vs. BKN,W,39,10,15,0.667,2,5,0.4,2,5,0.4,1,9,10,4,1,0,3,1,24,11,1,2024-03-09
22023,1628970,22300910,"MAR 08, 2024",CHA @ WAS,L,41,13,27,0.481,1,10,0.1,5,5,1.0,1,11,12,4,0,1,0,2,32,-10,1,2024-03-08
22023,1628970,22300885,"MAR 05, 2024",CHA vs. ORL,L,36,3,16,0.188,1,6,0.167,0,0,0.0,1,2,3,3,2,0,3,4,7,-8,1,2024-03-05
22023,1628970,22300875,"MAR 03, 2024",CHA @ TOR,L,40,9,19,0.474,0,3,0.0,2,2,1.0,0,9,9,4,1,1,1,0,20,-3,1,2024-03-03
22023,1628970,22300858,"MAR 01, 2024",CHA @ PHI,L,39,10,18,0.556,5,7,0.714,2,2,1.0,1,10,11,2,0,0,1,0,27,-19,1,2024-03-01
22023,1628970,22300849,"FEB 29, 2024",CHA vs. MIL,L,39,6,18,0.333,1,7,0.143,2,3,0.667,3,7,10,3,0,0,4,3,15,-8,1,2024-02-29
22023,1628970,22300840,"FEB 27, 2024",CHA @ MIL,L,37,6,15,0.4,2,9,0.222,3,3,1.0,0,3,3,0,2,0,3,3,17,-48,1,2024-02-27
22023,1628970,22300826,"FEB 25, 2024",CHA @ POR,W,40,8,18,0.444,2,6,0.333,0,1,0.0,1,9,10,1,1,0,4,0,18,10,1,2024-02-25
22023,1628970,22300811,"FEB 23, 2024",CHA @ GSW,L,41,8,18,0.444,3,7,0.429,0,0,0.0,3,8,11,3,2,1,3,1,19,-17,1,2024-02-23
22023,1628970,22300801,"FEB 22, 2024",CHA @ UTA,W,41,10,20,0.5,4,6,0.667,2,4,0.5,3,11,14,4,0,0,1,3,26,12,1,2024-02-22
22023,1629052,22301023,"MAR 23, 2024",BOS @ CHI,W,17,3,3,1.0,1,1,1.0,0,0,0.0,3,1,4,0,0,0,1,1,7,4,1,2024-03-23
22023,1629052,22301011,"MAR 22, 2024",BOS @ DET,W,19,2,2,1.0,1,1,1.0,1,2,0.5,0,2,2,1,0,1,0,1,6,19,1,2024-03-22
22023,1629052,22300984,"MAR 18, 2024",BOS vs. DET,W,19,1,7,0.143,1,2,0.5,0,0,0.0,2,2,4,0,0,0,0,1,3,-1,1,2024-03-18
22023,1629052,22300980,"MAR 17, 2024",BOS @ WAS,W,29,1,5,0.2,0,3,0.0,5,6,0.833,3,1,4,2,0,0,1,3,7,17,1,2024-03-17
22023,1629052,22300955,"MAR 14, 2024",BOS vs. PHX,W,3,0,0,0.0,0,0,0.0,0,0,0.0,0,0,0,0,0,0,0,0,0,-3,1,2024-03-14
22023,1629052,22300943,"MAR 12, 2024",BOS @ UTA,W,17,1,1,1.0,0,0,0.0,0,2,0.0,2,3,5,1,0,0,0,0,2,-2,1,2024-03-12
22023,1629052,22300938,"MAR 11, 2024",BOS @ POR,W,19,1,2,0.5,0,1,0.0,1,2,0.5,4,3,7,1,0,0,0,3,3,13,1,2024-03-11
22023,1629052,22300872,"MAR 03, 2024",BOS vs. GSW,W,19,3,7,0.429,0,1,0.0,0,2,0.0,1,7,8,2,2,1,2,2,6,1,1,2024-03-03
22023,1629052,22300859,"MAR 01, 2024",BOS vs. DAL,W,4,1,2,0.5,0,0,0.0,1,1,1.0,0,0,0,0,0,1,0,0,3,4,1,2024-03-01
22023,1629052,22300836,"FEB 27, 2024",BOS vs. PHI,W,3,0,1,0.0,0,1,0.0,0,0,0.0,0,0,0,0,0,0,0,0,0,-4,1,2024-02-27
22023,1629052,22300797,"FEB 22, 2024",BOS @ CHI,W,2,0,0,0.0,0,0,0.0,0,0,0.0,0,0,0,0,0,0,0,0,0,0,1,2024-02-22
22023,1628415,22301024,"MAR 23, 2024",HOU vs. UTA,W,26,4,8,0.5,2,3,0.667,2,2,1.0,0,4,4,4,1,0,0,3,12,26,1,2024-03-23
22023,1628415,22301006,"MAR 21, 2024",HOU vs. CHI,W,25,10,13,0.769,3,6,0.5,0,0,0.0,0,2,2,1,2,0,0,0,23,9,1,2024-03-21
22023,1628415,22300992,"MAR 19, 2024",HOU @ WAS,W,23,1,7,0.143,0,5,0.0,0,0,0.0,0,1,1,0,0,0,2,1,2,13,1,2024-03-19
22023,1628415,22300967,"MAR 16, 2024",HOU vs. CLE,W,26,5,12,0.417,2,6,0.333,0,0,0.0,1,2,3,2,2,0,1,4,12,7,1,2024-03-16
22023,1628415,22300957,"MAR 14, 2024",HOU vs. WAS,W,31,5,8,0.625,1,3,0.333,2,2,1.0,1,5,6,4,0,0,2,3,13,17,1,2024-03-14
22023,1628415,22300942,"MAR 12, 2024",HOU @ SAS,W,30,6,11,0.545,2,7,0.286,0,0,0.0,0,1,1,1,0,0,3,6,14,2,1,2024-03-12
22023,1628415,22300929,"MAR 10, 2024",HOU @ SAC,W,30,3,8,0.375,2,5,0.4,2,2,1.0,0,2,2,1,1,0,2,0,10,4,1,2024-03-10
22023,1628415,22300916,"MAR 08, 2024",HOU @ POR,W,21,1,5,0.2,1,3,0.333,1,2,0.5,0,3,3,1,1,0,0,1,4,-6,1,2024-03-08
22023,1628415,22300897,"MAR 06, 2024",HOU vs. LAC,L,38,5,10,0.5,1,6,0.167,0,0,0.0,1,1,2,3,0,0,0,1,11,-11,1,2024-03-06
22023,1628415,22300891,"MAR 05, 2024",HOU vs. SAS,W,36,0,3,0.0,0,2,0.0,0,0,0.0,0,3,3,2,2,0,0,2,0,20,1,2024-03-05
22023,1628415,22300870,"MAR 02, 2024",HOU @ PHX,W,33,4,10,0.4,2,6,0.333,1,2,0.5,1,5,6,3,2,1,0,2,11,21,1,2024-03-02
22023,1628415,22300854,"FEB 29, 2024",HOU @ PHX,L,31,3,11,0.273,0,6,0.0,0,0,0.0,3,5,8,1,1,0,2,1,6,-4,1,2024-02-29
22023,1628415,22300841,"FEB 27, 2024",HOU @ OKC,L,32,3,9,0.333,1,6,0.167,0,0,0.0,1,3,4,1,0,0,0,2,7,-14,1,2024-02-27
22023,1628415,22300822,"FEB 25, 2024",HOU vs. OKC,L,33,4,10,0.4,4,5,0.8,1,2,0.5,1,1,2,2,0,0,1,2,13,-20,1,2024-02-25
22023,1628415,22300806,"FEB 23, 2024",HOU vs. PHX,W,26,1,6,0.167,0,3,0.0,0,0,0.0,0,3,3,2,1,0,0,6,2,-11,1,2024-02-23
22023,1628415,22300798,"FEB 22, 2024",HOU @ NOP,L,27,2,6,0.333,2,5,0.4,1,2,0.5,0,2,2,2,0,0,0,3,7,-8,1,2024-02-22
22023,1628971,22301022,"MAR 23, 2024",TOR @ WAS,L,33,5,13,0.385,0,1,0.0,1,3,0.333,5,1,6,3,1,0,3,1,11,-6,1,2024-03-23
22023,1628971,22301012,"MAR 22, 2024",TOR vs. OKC,L,28,4,8,0.5,1,2,0.5,1,2,0.5,0,3,3,5,0,0,2,2,10,-19,1,2024-03-22
22023,1628971,22300999,"MAR 20, 2024",TOR vs. SAC,L,26,3,8,0.375,0,1,0.0,3,3,1.0,2,3,5,6,1,0,4,1,9,-22,1,2024-03-20
22023,1628971,22300979,"MAR 17, 2024",TOR @ ORL,L,23,3,6,0.5,0,1,0.0,6,6,1.0,0,0,0,4,0,0,2,2,12,0,1,2024-03-17
22023,1628971,22300963,"MAR 15, 2024",TOR vs. ORL,L,30,5,8,0.625,2,3,0.667,0,0,0.0,0,4,4,5,1,0,2,2,12,-5,1,2024-03-15
22023,1628971,22300946,"MAR 13, 2024",TOR @ DET,L,33,8,12,0.667,0,0,0.0,1,2,0.5,0,4,4,5,2,1,0,2,17,-16,1,2024-03-13
22023,1628971,22300937,"MAR 11, 2024",TOR @ DEN,L,38,5,14,0.357,1,3,0.333,2,2,1.0,1,9,10,3,0,0,2,2,13,-8,1,2024-03-11
22023,1628971,22300860,"MAR 01, 2024",TOR vs. GSW,L,23,2,5,0.4,0,2,0.0,0,0,0.0,0,2,2,1,0,0,2,1,4,-1,1,2024-03-01
22023,1628971,22300844,"FEB 28, 2024",TOR vs. DAL,L,21,0,5,0.0,0,2,0.0,5,5,1.0,3,5,8,3,0,0,0,2,5,-12,1,2024-02-28
22023,1628971,22300829,"FEB 26, 2024",TOR @ IND,W,16,1,4,0.25,0,1,0.0,0,0,0.0,0,1,1,1,0,0,1,1,2,-8,1,2024-02-26
22023,1628971,22300804,"FEB 23, 2024",TOR @ ATL,W,32,5,9,0.556,1,2,0.5,1,1,1.0,0,3,3,3,0,1,0,1,12,-1,1,2024-02-23
22023,1628971,22300795,"FEB 22, 2024",TOR vs. BKN,W,25,1,5,0.2,0,3,0.0,4,4,1.0,0,1,1,4,0,0,0,2,6,4,1,2024-02-22
22023,1627759,22301011,"MAR 22, 2024",BOS @ DET,W,33,13,19,0.684,3,8,0.375,4,7,0.571,0,4,4,0,4,0,4,1,33,9,1,2024-03-22
22023,1627759,22300998,"MAR 20, 2024",BOS vs. MIL,W,37,6,15,0.4,2,4,0.5,7,10,0.7,4,4,8,2,1,0,1,3,21,-2,1,2024-03-20
22023,1627759,22300984,"MAR 18, 2024",BOS vs. DET,W,30,11,20,0.55,3,6,0.5,6,8,0.75,0,7,7,3,1,0,3,2,31,22,1,2024-03-18
22023,1627759,22300955,"MAR 14, 2024",BOS vs. PHX,W,33,14,23,0.609,5,9,0.556,4,6,0.667,0,5,5,3,2,0,1,2,37,8,1,2024-03-14
22023,1627759,22300938,"MAR 11, 2024",BOS @ POR,W,33,13,29,0.448,1,8,0.125,0,0,0.0,3,3,6,5,1,0,0,3,27,10,1,2024-03-11
22023,1627759,22300920,"MAR 09, 2024",BOS @ PHX,W,34,10,21,0.476,3,7,0.429,4,7,0.571,1,2,3,3,2,0,2,1,27,6,1,2024-03-09
22023,1627759,22300906,"MAR 07, 2024",BOS @ DEN,L,41,16,29,0.552,2,7,0.286,7,14,0.5,6,8,14,4,2,0,2,4,41,5,1,2024-03-07
22023,1627759,22300886,"MAR 05, 2024",BOS @ CLE,L,37,8,20,0.4,3,7,0.429,2,2,1.0,2,1,3,4,0,0,1,3,21,9,1,2024-03-05
22023,1627759,22300872,"MAR 03, 2024",BOS vs. GSW,W,22,11,19,0.579,5,10,0.5,2,2,1.0,1,2,3,3,1,0,1,2,29,35,1,2024-03-03
22023,1627759,22300859,"MAR 01, 2024",BOS vs. DAL,W,31,11,20,0.55,2,5,0.4,1,1,1.0,1,6,7,5,1,0,0,3,25,16,1,2024-03-01
22023,1627759,22300836,"FEB 27, 2024",BOS vs. PHI,W,35,11,14,0.786,1,2,0.5,8,10,0.8,1,5,6,1,1,0,4,4,31,25,1,2024-02-27
22023,1627759,22300816,"FEB 24, 2024",BOS @ NYK,W,35,13,24,0.542,3,9,0.333,1,3,0.333,0,8,8,3,1,0,0,2,30,15,1,2024-02-24
22023,1627759,22300797,"FEB 22, 2024",BOS @ CHI,W,33,7,12,0.583,3,5,0.6,4,6,0.667,0,5,5,5,1,1,2,2,21,19,1,2024-02-22
22023,1631112,22300968,"MAR 16, 2024",IND vs. BKN,W,3,1,1,1.0,0,0,0.0,0,0,0.0,0,0,0,1,0,0,1,0,2,0,1,2024-03-16
22023,1631112,22300892,"MAR 05, 2024",IND @ DAL,W,1,0,0,0.0,0,0,0.0,0,0,0.0,0,0,0,0,0,0,0,0,0,0,1,2024-03-05
22023,1631112,22300877,"MAR 03, 2024",IND @ SAS,L,1,0,0,0.0,0,0,0.0,0,0,0.0,0,0,0,0,0,0,0,0,0,0,1,2024-03-03
22023,1631112,22300863,"MAR 01, 2024",IND @ NOP,L,7,0,0,0.0,0,0,0.0,0,0,0.0,0,0,0,0,0,0,0,0,0,4,1,2024-03-01
22023,1641738,22300982,"MAR 17, 2024",LAC vs. ATL,L,2,0,0,0.0,0,0,0.0,0,0,0.0,0,0,0,0,0,0,0,0,0,0,1,2024-03-17
22023,1641738,22300944,"MAR 12, 2024",LAC vs. MIN,L,4,0,0,0.0,0,0,0.0,0,0,0.0,0,1,1,0,0,0,0,0,0,2,1,2024-03-12
22023,1641738,22300917,"MAR 09, 2024",LAC vs. CHI,W,0,0,0,0.0,0,0,0.0,0,0,0.0,0,0,0,0,0,0,0,0,0,0,1,2024-03-09
22023,1641738,22300865,"MAR 01, 2024",LAC vs. WAS,W,5,1,1,1.0,0,0,0.0,0,0,0.0,0,1,1,0,0,0,0,1,2,1,1,2024-03-01
22023,1629650,22300938,"MAR 11, 2024",POR vs. BOS,L,2,1,3,0.333,0,0,0.0,0,0,0.0,0,0,0,0,0,0,0,1,2,-2,1,2024-03-11
22023,1629650,22300916,"MAR 08, 2024",POR vs. HOU,L,10,2,6,0.333,0,0,0.0,0,0,0.0,3,2,5,0,0,0,0,0,4,-7,1,2024-03-08
22023,1629650,22300881,"MAR 04, 2024",POR @ MIN,L,9,1,1,1.0,0,0,0.0,0,0,0.0,1,2,3,2,0,1,1,3,2,4,1,2024-03-04
22023,1629650,22300868,"MAR 02, 2024",POR @ MEM,W,4,0,0,0.0,0,0,0.0,0,0,0.0,0,0,0,0,0,0,0,0,0,-5,1,2024-03-02
22023,1629650,22300861,"MAR 01, 2024",POR @ MEM,W,9,3,3,1.0,0,0,0.0,1,3,0.333,0,1,1,0,0,0,1,1,7,10,1,2024-03-01
22023,1629718,22300912,"MAR 08, 2024",NYK vs. ORL,W,1,0,0,0.0,0,0,0.0,0,0,0.0,0,0,0,0,0,0,0,0,0,2,1,2024-03-08
22023,1629718,22300837,"FEB 27, 2024",NYK vs. NOP,L,3,0,1,0.0,0,1,0.0,0,0,0.0,0,0,0,0,0,0,0,0,0,-1,1,2024-02-27
22023,1628972,22301027,"MAR 24, 2024",DET vs. NOP,,15,1,6,0.167,0,4,0.0,4,5,0.8,0,5,5,0,0,0,1,1,6,-11,0,2024-03-24
22023,1628972,22301011,"MAR 22, 2024",DET vs. BOS,L,21,3,7,0.429,2,6,0.333,0,0,0.0,0,3,3,2,0,0,0,1,8,-8,1,2024-03-22
22023,1628972,22300997,"MAR 20, 2024",DET vs. IND,L,15,1,3,0.333,0,1,0.0,0,0,0.0,1,0,1,1,0,0,0,0,2,4,1,2024-03-20
22023,1628972,22300984,"MAR 18, 2024",DET @ BOS,L,8,1,2,0.5,0,1,0.0,0,0,0.0,0,2,2,0,0,0,0,0,2,-3,1,2024-03-18
22023,1628972,22300919,"MAR 09, 2024",DET vs. DAL,L,2,0,0,0.0,0,0,0.0,0,0,0.0,0,0,0,1,0,0,0,0,0,-2,1,2024-03-09
22023,1628972,22300874,"MAR 03, 2024",DET @ ORL,L,9,0,1,0.0,0,0,0.0,0,0,0.0,0,0,0,0,0,0,0,0,0,-5,1,2024-03-03
22023,1628972,22300814,"FEB 24, 2024",DET vs. ORL,L,13,1,4,0.25,1,3,0.333,0,0,0.0,1,2,3,0,0,0,1,1,3,-6,1,2024-02-24
22023,1628972,22300793,"FEB 22, 2024",DET @ IND,L,13,1,4,0.25,0,2,0.0,0,0,0.0,0,2,2,2,0,0,1,1,2,-11,1,2024-02-22
22023,1628973,22301019,"MAR 23, 2024",NYK vs. BKN,W,33,7,24,0.292,3,4,0.75,0,0,0.0,1,3,4,8,1,0,1,1,17,12,1,2024-03-23
22023,1628973,22301009,"MAR 21, 2024",NYK @ DEN,L,34,11,23,0.478,2,7,0.286,2,3,0.667,0,2,2,9,0,0,0,1,26,-20,1,2024-03-21
22023,1628973,22300988,"MAR 18, 2024",NYK @ GSW,W,35,12,25,0.48,3,9,0.333,7,8,0.875,0,5,5,7,1,0,3,2,34,13,1,2024-03-18
22023,1628973,22300975,"MAR 16, 2024",NYK @ SAC,W,36,17,28,0.607,5,10,0.5,3,4,0.75,1,3,4,2,4,1,6,1,42,5,1,2024-03-16
22023,1628973,22300960,"MAR 14, 2024",NYK @ POR,W,38,14,30,0.467,2,10,0.2,15,17,0.882,1,0,1,4,1,1,5,0,45,17,1,2024-03-14
22023,1628973,22300939,"MAR 12, 2024",NYK vs. PHI,W,27,7,12,0.583,4,8,0.5,2,3,0.667,0,4,4,9,1,0,1,0,20,24,1,2024-03-12
22023,1628973,22300927,"MAR 10, 2024",NYK vs. PHI,L,32,6,22,0.273,1,9,0.111,6,8,0.75,2,1,3,8,0,0,2,1,19,2,1,2024-03-10
22023,1628973,22300912,"MAR 08, 2024",NYK vs. ORL,W,29,11,19,0.579,4,7,0.571,0,0,0.0,0,3,3,2,0,0,1,2,26,23,1,2024-03-08
22023,1628973,22300876,"MAR 03, 2024",NYK @ CLE,W,1,0,1,0.0,0,0,0.0,0,0,0.0,0,0,0,0,0,0,0,0,0,-2,1,2024-03-03
22023,1628973,22300852,"FEB 29, 2024",NYK vs. GSW,L,37,11,25,0.44,4,7,0.571,1,1,1.0,1,4,5,5,0,0,4,4,27,-14,1,2024-02-29
22023,1628973,22300828,"FEB 26, 2024",NYK vs. DET,W,40,11,26,0.423,3,11,0.273,10,11,0.909,0,1,1,12,2,0,4,3,35,3,1,2024-02-26
22023,1628973,22300816,"FEB 24, 2024",NYK vs. BOS,L,38,12,25,0.48,4,9,0.444,6,6,1.0,1,2,3,9,1,0,4,0,34,-12,1,2024-02-24
22023,1628973,22300794,"FEB 22, 2024",NYK @ PHI,W,39,5,18,0.278,0,4,0.0,11,11,1.0,0,2,2,12,2,1,7,2,21,20,1,2024-02-22
22023,1628418,22301013,"MAR 22, 2024",MIA vs. NOP,L,11,2,2,1.0,2,2,1.0,2,2,1.0,0,3,3,0,0,1,0,1,8,1,1,2024-03-22
22023,1628418,22300996,"MAR 20, 2024",MIA @ CLE,W,15,2,5,0.4,0,2,0.0,2,2,1.0,1,9,10,0,0,1,0,4,6,6,1,2024-03-20
22023,1628418,22300985,"MAR 18, 2024",MIA @ PHI,L,16,4,9,0.444,1,1,1.0,2,2,1.0,1,1,2,1,1,1,0,1,11,12,1,2024-03-18
22023,1628418,22300977,"MAR 17, 2024",MIA @ DET,W,10,0,1,0.0,0,0,0.0,2,2,1.0,0,4,4,1,0,0,0,1,2,-2,1,2024-03-17
22023,1628418,22300962,"MAR 15, 2024",MIA @ DET,W,17,5,8,0.625,0,2,0.0,1,1,1.0,1,4,5,0,0,1,0,0,11,-4,1,2024-03-15
22023,1628418,22300949,"MAR 13, 2024",MIA vs. DEN,L,14,3,4,0.75,0,0,0.0,3,4,0.75,2,4,6,0,0,0,0,1,9,0,1,2024-03-13
22023,1628418,22300904,"MAR 07, 2024",MIA @ DAL,L,11,1,3,0.333,0,2,0.0,0,0,0.0,0,1,1,1,0,1,0,2,2,-1,1,2024-03-07
22023,1628418,22300888,"MAR 05, 2024",MIA vs. DET,W,5,0,1,0.0,0,1,0.0,0,0,0.0,0,0,0,0,0,2,0,0,0,-2,1,2024-03-05
22023,1641723,22300866,"MAR 02, 2024",ATL @ BKN,L,14,1,5,0.2,0,1,0.0,1,2,0.5,0,2,2,3,0,0,1,2,3,-1,1,2024-03-02
22023,1641723,22300851,"FEB 29, 2024",ATL @ BKN,L,19,5,11,0.455,2,5,0.4,0,0,0.0,0,3,3,3,0,0,2,1,12,0,1,2024-02-29
22023,1641723,22300835,"FEB 27, 2024",ATL vs. UTA,W,21,3,7,0.429,1,2,0.5,0,0,0.0,0,2,2,5,2,0,0,1,7,16,1,2024-02-27
22023,1641723,22300821,"FEB 25, 2024",ATL vs. ORL,W,11,1,4,0.25,0,2,0.0,0,0,0.0,0,1,1,3,1,1,1,1,2,6,1,2024-02-25
22023,203493,22301024,"MAR 23, 2024",HOU vs. UTA,W,21,2,6,0.333,2,6,0.333,0,0,0.0,1,6,7,0,1,0,0,2,6,-4,1,2024-03-23
22023,203493,22301006,"MAR 21, 2024",HOU vs. CHI,W,11,1,2,0.5,1,1,1.0,0,0,0.0,1,2,3,0,1,0,0,1,3,4,1,2024-03-21
22023,203493,22300992,"MAR 19, 2024",HOU @ WAS,W,8,0,1,0.0,0,1,0.0,0,0,0.0,0,1,1,1,0,0,0,1,0,0,1,2024-03-19
22023,203493,22300967,"MAR 16, 2024",HOU vs. CLE,W,16,1,2,0.5,1,2,0.5,0,0,0.0,0,5,5,0,0,0,2,0,3,-2,1,2024-03-16
22023,203493,22300957,"MAR 14, 2024",HOU vs. WAS,W,14,1,1,1.0,1,1,1.0,0,0,0.0,0,4,4,1,1,0,0,0,3,0,1,2024-03-14
22023,203493,22300942,"MAR 12, 2024",HOU @ SAS,W,14,1,3,0.333,0,2,0.0,0,0,0.0,0,0,0,0,2,0,0,0,2,4,1,2024-03-12
22023,203493,22300891,"MAR 05, 2024",HOU vs. SAS,W,3,0,0,0.0,0,0,0.0,0,0,0.0,0,0,0,0,0,0,0,0,0,4,1,2024-03-05
22023,203493,22300854,"FEB 29, 2024",HOU @ PHX,L,4,0,1,0.0,0,1,0.0,0,0,0.0,0,1,1,0,0,0,0,2,0,2,1,2024-02-29
22023,203493,22300841,"FEB 27, 2024",HOU @ OKC,L,2,0,1,0.0,0,1,0.0,0,0,0.0,0,1,1,0,0,0,1,1,0,1,1,2024-02-27
22023,203493,22300798,"FEB 22, 2024",HOU @ NOP,L,10,1,3,0.333,1,3,0.333,0,0,0.0,0,0,0,0,0,0,0,1,3,4,1,2024-02-22
22023,202692,22301019,"MAR 23, 2024",NYK vs. BKN,W,15,2,9,0.222,1,5,0.2,0,1,0.0,1,1,2,1,0,0,0,0,5,0,1,2024-03-23
22023,202692,22301009,"MAR 21, 2024",NYK @ DEN,L,21,5,11,0.455,3,6,0.5,5,7,0.714,0,5,5,1,2,0,3,1,18,4,1,2024-03-21
22023,202692,22300988,"MAR 18, 2024",NYK @ GSW,W,14,1,5,0.2,1,3,0.333,2,2,1.0,0,1,1,1,0,0,0,0,5,-2,1,2024-03-18
22023,202692,22300975,"MAR 16, 2024",NYK @ SAC,W,18,4,10,0.4,2,5,0.4,2,2,1.0,1,2,3,2,0,0,0,1,12,13,1,2024-03-16
22023,202692,22300960,"MAR 14, 2024",NYK @ POR,W,4,2,5,0.4,1,2,0.5,0,0,0.0,1,0,1,0,0,0,1,1,5,-1,1,2024-03-14
22023,202692,22300939,"MAR 12, 2024",NYK vs. PHI,W,12,1,6,0.167,0,4,0.0,0,0,0.0,0,2,2,1,0,0,0,0,2,-7,1,2024-03-12
22023,202692,22300927,"MAR 10, 2024",NYK vs. PHI,L,12,1,3,0.333,1,3,0.333,2,2,1.0,0,1,1,0,0,0,1,0,5,-7,1,2024-03-10
22023,202692,22300912,"MAR 08, 2024",NYK vs. ORL,W,5,0,2,0.0,0,1,0.0,0,0,0.0,0,0,0,0,0,0,0,0,0,-2,1,2024-03-08
22023,202692,22300889,"MAR 05, 2024",NYK vs. ATL,L,12,5,14,0.357,1,7,0.143,0,1,0.0,1,1,2,1,1,0,0,0,11,-12,1,2024-03-05
22023,202692,22300876,"MAR 03, 2024",NYK @ CLE,W,11,2,6,0.333,1,3,0.333,3,4,0.75,0,1,1,1,0,0,0,0,8,-7,1,2024-03-03
22023,202692,22300852,"FEB 29, 2024",NYK vs. GSW,L,11,2,6,0.333,1,3,0.333,0,0,0.0,1,1,2,1,0,0,0,0,5,6,1,2024-02-29
22023,202692,22300837,"FEB 27, 2024",NYK vs. NOP,L,16,1,7,0.143,0,2,0.0,0,0,0.0,0,2,2,1,0,1,0,0,2,-1,1,2024-02-27
22023,202692,22300828,"FEB 26, 2024",NYK vs. DET,W,14,3,9,0.333,1,3,0.333,0,1,0.0,1,0,1,1,1,0,2,1,7,8,1,2024-02-26
22023,202692,22300816,"FEB 24, 2024",NYK vs. BOS,L,19,3,11,0.273,1,7,0.143,0,0,0.0,0,3,3,0,0,0,1,1,7,-13,1,2024-02-24
22023,202692,22300794,"FEB 22, 2024",NYK @ PHI,W,13,2,5,0.4,2,4,0.5,1,3,0.333,0,1,1,1,0,0,1,0,7,1,1,2024-02-22
22023,1630215,22301022,"MAR 23, 2024",WAS vs. TOR,W,20,3,7,0.429,1,5,0.2,0,0,0.0,1,1,2,2,1,0,2,3,7,5,1,2024-03-23
22023,1630215,22301005,"MAR 21, 2024",WAS vs. SAC,W,19,3,5,0.6,2,3,0.667,0,0,0.0,0,1,1,1,2,0,4,1,8,1,1,2024-03-21
22023,1630215,22300992,"MAR 19, 2024",WAS vs. HOU,L,31,7,19,0.368,1,6,0.167,0,0,0.0,0,3,3,9,1,1,1,3,15,-14,1,2024-03-19
22023,1630215,22300980,"MAR 17, 2024",WAS vs. BOS,L,22,3,6,0.5,0,1,0.0,2,2,1.0,1,2,3,6,0,0,3,0,8,-4,1,2024-03-17
22023,1630215,22300971,"MAR 16, 2024",WAS @ CHI,L,22,2,5,0.4,0,1,0.0,1,1,1.0,0,0,0,1,1,0,3,2,5,-6,1,2024-03-16
22023,1630215,22300957,"MAR 14, 2024",WAS @ HOU,L,14,0,5,0.0,0,2,0.0,0,0,0.0,0,4,4,4,0,0,0,2,0,9,1,2024-03-14
22023,1630215,22300940,"MAR 12, 2024",WAS @ MEM,L,10,3,4,0.75,0,0,0.0,0,0,0.0,0,0,0,2,1,0,1,1,6,1,1,2024-03-12
22023,1630215,22300865,"MAR 01, 2024",WAS @ LAC,L,15,3,6,0.5,0,1,0.0,2,2,1.0,1,1,2,7,1,0,1,0,8,3,1,2024-03-01
22023,1630215,22300834,"FEB 27, 2024",WAS vs. GSW,L,11,1,1,1.0,0,0,0.0,0,0,0.0,1,0,1,2,0,0,3,2,2,-16,1,2024-02-27
22023,1630215,22300820,"FEB 25, 2024",WAS vs. CLE,L,12,1,4,0.25,0,3,0.0,0,0,0.0,0,0,0,2,0,0,0,2,2,3,1,2024-02-25
22023,1630215,22300809,"FEB 23, 2024",WAS @ OKC,L,10,2,3,0.667,0,0,0.0,0,0,0.0,0,1,1,1,0,0,1,1,4,-5,1,2024-02-23
22023,202710,22301013,"MAR 22, 2024",MIA vs. NOP,L,36,5,12,0.417,0,3,0.0,7,7,1.0,1,3,4,5,1,0,0,0,17,-8,1,2024-03-22
22023,202710,22300996,"MAR 20, 2024",MIA @ CLE,W,37,11,19,0.579,2,4,0.5,6,7,0.857,1,3,4,5,4,0,2,1,30,10,1,2024-03-20
22023,202710,22300962,"MAR 15, 2024",MIA @ DET,W,31,5,11,0.455,0,1,0.0,4,5,0.8,1,3,4,3,2,0,1,2,14,18,1,2024-03-15
22023,202710,22300949,"MAR 13, 2024",MIA vs. DEN,L,36,6,16,0.375,1,2,0.5,2,2,1.0,3,2,5,2,0,1,1,2,15,-12,1,2024-03-13
22023,202710,22300926,"MAR 10, 2024",MIA vs. WAS,L,36,9,20,0.45,0,4,0.0,5,6,0.833,1,2,3,4,1,1,2,2,23,0,1,2024-03-10
22023,202710,22300914,"MAR 08, 2024",MIA @ OKC,L,37,8,16,0.5,0,3,0.0,4,6,0.667,2,8,10,8,0,0,1,1,20,3,1,2024-03-08
22023,202710,22300904,"MAR 07, 2024",MIA @ DAL,L,38,6,12,0.5,1,2,0.5,1,2,0.5,0,4,4,5,2,0,6,2,14,1,1,2024-03-07
22023,202710,22300888,"MAR 05, 2024",MIA vs. DET,W,37,7,13,0.538,1,3,0.333,11,12,0.917,2,4,6,8,2,0,2,1,26,1,1,2024-03-05
22023,202710,22300867,"MAR 02, 2024",MIA vs. UTA,W,36,12,19,0.632,3,3,1.0,10,11,0.909,1,2,3,7,1,1,2,1,37,14,1,2024-03-02
22023,202710,22300855,"FEB 29, 2024",MIA @ DEN,L,40,7,17,0.412,1,4,0.25,6,9,0.667,3,4,7,3,1,0,0,1,21,0,1,2024-02-29
22023,202710,22300842,"FEB 27, 2024",MIA @ POR,W,33,7,12,0.583,1,2,0.5,7,9,0.778,1,3,4,9,4,2,1,3,22,5,1,2024-02-27
22023,202710,22300810,"FEB 23, 2024",MIA @ NOP,W,27,7,12,0.583,1,1,1.0,8,12,0.667,2,7,9,6,3,1,3,0,23,19,1,2024-02-23
22023,1631288,22301013,"MAR 22, 2024",MIA vs. NOP,L,4,1,3,0.333,0,1,0.0,0,0,0.0,1,0,1,1,0,0,1,0,2,0,1,2024-03-22
22023,1631288,22300962,"MAR 15, 2024",MIA @ DET,W,1,0,0,0.0,0,0,0.0,0,0,0.0,0,0,0,0,0,0,0,0,0,-2,1,2024-03-15
22023,203484,22301026,"MAR 23, 2024",DEN @ POR,W,35,4,6,0.667,3,5,0.6,2,2,1.0,0,3,3,1,2,2,2,3,13,-5,1,2024-03-23
22023,203484,22301009,"MAR 21, 2024",DEN vs. NYK,W,37,2,5,0.4,2,5,0.4,0,0,0.0,0,4,4,3,1,3,1,4,6,24,1,2024-03-21
22023,203484,22300995,"MAR 19, 2024",DEN @ MIN,W,38,3,6,0.5,2,4,0.5,1,1,1.0,1,1,2,1,2,1,1,1,9,8,1,2024-03-19
22023,203484,22300978,"MAR 17, 2024",DEN @ DAL,L,32,4,8,0.5,2,5,0.4,0,0,0.0,0,3,3,2,0,2,0,2,10,7,1,2024-03-17
22023,203484,22300965,"MAR 15, 2024",DEN @ SAS,W,27,2,5,0.4,0,1,0.0,0,0,0.0,0,0,0,3,3,0,2,3,4,4,1,2024-03-15
22023,203484,22300949,"MAR 13, 2024",DEN @ MIA,W,25,4,9,0.444,1,5,0.2,0,0,0.0,0,1,1,2,2,0,0,0,9,2,1,2024-03-13
22023,203484,22300937,"MAR 11, 2024",DEN vs. TOR,W,32,1,6,0.167,1,3,0.333,0,0,0.0,0,2,2,6,1,0,2,1,3,5,1,2024-03-11
22023,203484,22300922,"MAR 09, 2024",DEN vs. UTA,W,30,5,8,0.625,3,6,0.5,0,0,0.0,0,1,1,2,1,2,1,2,13,1,1,2024-03-09
22023,203484,22300906,"MAR 07, 2024",DEN vs. BOS,W,34,4,7,0.571,1,4,0.25,2,2,1.0,0,3,3,1,3,0,2,3,11,-3,1,2024-03-07
22023,203484,22300893,"MAR 05, 2024",DEN vs. PHX,L,38,4,6,0.667,3,3,1.0,0,0,0.0,0,5,5,3,2,2,1,2,11,-18,2,2024-03-05
22023,203484,22300855,"FEB 29, 2024",DEN vs. MIA,W,34,5,11,0.455,4,8,0.5,4,4,1.0,1,1,2,2,1,1,1,4,18,10,1,2024-02-29
22023,203484,22300847,"FEB 28, 2024",DEN vs. SAC,W,29,6,10,0.6,4,6,0.667,0,0,0.0,1,1,2,4,3,0,0,3,16,38,1,2024-02-28
22023,203484,22300824,"FEB 25, 2024",DEN @ GSW,W,35,5,9,0.556,2,4,0.5,1,1,1.0,1,1,2,3,1,0,0,1,13,19,1,2024-02-25
22023,203484,22300812,"FEB 23, 2024",DEN @ POR,W,33,2,5,0.4,1,3,0.333,4,5,0.8,1,3,4,4,1,0,2,1,9,21,1,2024-02-23
22023,203484,22300800,"FEB 22, 2024",DEN vs. WAS,W,16,0,6,0.0,0,3,0.0,0,0,0.0,0,2,2,1,0,0,0,0,0,17,1,2024-02-22
22023,1641739,22301026,"MAR 23, 2024",POR vs. DEN,L,39,6,11,0.545,2,4,0.5,2,2,1.0,4,3,7,6,1,1,1,2,16,8,1,2024-03-23
22023,1641739,22301017,"MAR 22, 2024",POR vs. LAC,L,32,5,11,0.455,1,4,0.25,0,0,0.0,5,2,7,1,0,0,1,3,11,-7,1,2024-03-22
22023,1641739,22301003,"MAR 20, 2024",POR vs. LAC,L,18,1,1,1.0,1,1,1.0,0,0,0.0,0,2,2,2,1,0,0,2,3,-1,1,2024-03-20
22023,1641739,22300986,"MAR 18, 2024",POR @ CHI,L,15,0,0,0.0,0,0,0.0,0,0,0.0,0,1,1,1,0,0,1,3,0,-10,1,2024-03-18
22023,1641739,22300970,"MAR 16, 2024",POR @ NOP,L,34,5,12,0.417,1,5,0.2,0,0,0.0,3,3,6,1,0,2,1,3,11,-10,1,2024-03-16
22023,1641739,22300960,"MAR 14, 2024",POR vs. NYK,L,34,3,6,0.5,1,3,0.333,0,0,0.0,1,2,3,4,3,0,2,4,7,-7,1,2024-03-14
22023,1641739,22300953,"MAR 13, 2024",POR vs. ATL,W,30,1,3,0.333,0,1,0.0,1,2,0.5,2,4,6,3,0,1,1,3,3,12,1,2024-03-13
22023,1641739,22300938,"MAR 11, 2024",POR vs. BOS,L,25,3,5,0.6,0,1,0.0,2,2,1.0,0,1,1,2,0,1,0,0,8,-14,1,2024-03-11
22023,1641739,22300923,"MAR 09, 2024",POR vs. TOR,W,32,5,10,0.5,2,4,0.5,3,3,1.0,5,4,9,4,1,0,1,3,15,8,1,2024-03-09
22023,1641739,22300916,"MAR 08, 2024",POR vs. HOU,L,30,2,4,0.5,1,2,0.5,4,4,1.0,3,4,7,0,1,0,1,1,9,-3,1,2024-03-08
22023,1641739,22300868,"MAR 02, 2024",POR @ MEM,W,36,5,10,0.5,3,4,0.75,2,4,0.5,3,4,7,1,1,1,1,2,15,9,1,2024-03-02
22023,1641739,22300861,"MAR 01, 2024",POR @ MEM,W,21,2,5,0.4,0,0,0.0,0,0,0.0,2,5,7,1,1,0,0,1,4,6,1,2024-03-01
22023,1641739,22300842,"FEB 27, 2024",POR vs. MIA,L,32,6,12,0.5,2,2,1.0,3,3,1.0,6,4,10,3,0,0,3,6,17,13,1,2024-02-27
22023,1641739,22300826,"FEB 25, 2024",POR vs. CHA,L,18,0,4,0.0,0,3,0.0,0,0,0.0,2,1,3,1,0,0,0,1,0,-6,1,2024-02-25
22023,1641739,22300812,"FEB 23, 2024",POR vs. DEN,L,24,3,7,0.429,0,1,0.0,0,0,0.0,4,2,6,2,1,0,3,0,6,0,1,2024-02-23
22023,203991,22301021,"MAR 23, 2024",ATL vs. CHA,W,22,5,11,0.455,0,1,0.0,2,2,1.0,5,5,10,1,0,1,0,0,12,22,1,2024-03-23
22023,203991,22301010,"MAR 21, 2024",ATL @ PHX,L,25,5,10,0.5,0,0,0.0,3,5,0.6,5,5,10,2,0,2,0,2,13,12,1,2024-03-21
22023,203991,22300990,"MAR 18, 2024",ATL @ LAL,L,20,5,10,0.5,0,0,0.0,0,0,0.0,4,5,9,0,1,1,1,1,10,-8,1,2024-03-18
22023,203991,22300982,"MAR 17, 2024",ATL @ LAC,W,26,7,11,0.636,0,0,0.0,1,2,0.5,6,7,13,3,1,2,1,0,15,18,1,2024-03-17
22023,203991,22300966,"MAR 15, 2024",ATL @ UTA,L,32,4,8,0.5,0,0,0.0,2,4,0.5,7,8,15,4,0,2,1,2,10,0,1,2024-03-15
22023,203991,22300953,"MAR 13, 2024",ATL @ POR,L,27,6,9,0.667,0,0,0.0,1,5,0.2,7,7,14,1,2,0,2,4,13,-8,1,2024-03-13
22023,203991,22300925,"MAR 10, 2024",ATL vs. NOP,L,26,9,13,0.692,0,0,0.0,0,0,0.0,6,8,14,0,0,1,2,3,18,4,1,2024-03-10
22023,203991,22300913,"MAR 08, 2024",ATL @ MEM,W,27,5,13,0.385,0,0,0.0,5,5,1.0,5,6,11,3,0,1,1,2,15,13,1,2024-03-08
22023,203991,22300895,"MAR 06, 2024",ATL vs. CLE,W,23,4,6,0.667,0,0,0.0,0,0,0.0,2,7,9,3,0,0,0,3,8,6,1,2024-03-06
22023,203991,22300889,"MAR 05, 2024",ATL @ NYK,W,25,5,11,0.455,0,0,0.0,3,4,0.75,3,6,9,3,0,1,1,2,13,13,1,2024-03-05
22023,203991,22300866,"MAR 02, 2024",ATL @ BKN,L,24,4,7,0.571,0,0,0.0,3,4,0.75,5,5,10,2,1,0,1,2,11,-4,1,2024-03-02
22023,203991,22300851,"FEB 29, 2024",ATL @ BKN,L,21,3,4,0.75,0,0,0.0,1,1,1.0,2,4,6,1,0,4,4,4,7,-14,1,2024-02-29
22023,203991,22300835,"FEB 27, 2024",ATL vs. UTA,W,25,4,9,0.444,0,0,0.0,1,2,0.5,5,8,13,0,1,3,1,3,9,9,1,2024-02-27
22023,203991,22300821,"FEB 25, 2024",ATL vs. ORL,W,17,2,8,0.25,0,0,0.0,0,0,0.0,4,3,7,0,0,0,1,2,4,-3,1,2024-02-25
22023,203991,22300804,"FEB 23, 2024",ATL vs. TOR,L,19,1,4,0.25,0,0,0.0,3,4,0.75,3,4,7,1,0,1,1,2,5,-4,1,2024-02-23
22023,1628975,22300986,"MAR 18, 2024",CHI vs. POR,W,17,1,4,0.25,1,4,0.25,0,0,0.0,0,1,1,1,0,0,0,1,3,-6,1,2024-03-18
22023,1628975,22300971,"MAR 16, 2024",CHI vs. WAS,W,19,1,4,0.25,0,3,0.0,0,0,0.0,0,3,3,3,0,0,3,0,2,13,1,2024-03-16
22023,1628975,22300956,"MAR 14, 2024",CHI vs. LAC,L,17,5,7,0.714,2,3,0.667,0,0,0.0,1,2,3,2,1,1,1,2,12,11,1,2024-03-14
22023,1628975,22300935,"MAR 11, 2024",CHI vs. DAL,L,13,1,1,1.0,0,0,0.0,1,2,0.5,0,0,0,0,0,0,0,1,3,-17,1,2024-03-11
22023,1628975,22300917,"MAR 09, 2024",CHI @ LAC,L,7,0,0,0.0,0,0,0.0,0,0,0.0,0,0,0,1,0,0,0,0,0,3,1,2024-03-09
22023,1628975,22300907,"MAR 07, 2024",CHI @ GSW,W,21,4,7,0.571,2,3,0.667,0,0,0.0,0,1,1,2,1,0,0,4,10,5,1,2024-03-07
22023,1628975,22300898,"MAR 06, 2024",CHI @ UTA,W,20,3,5,0.6,1,3,0.333,0,0,0.0,0,0,0,1,0,0,0,1,7,-5,1,2024-03-06
22023,1628975,22300883,"MAR 04, 2024",CHI @ SAC,W,11,0,3,0.0,0,1,0.0,0,0,0.0,0,1,1,2,0,0,0,0,0,9,1,2024-03-04
22023,1628975,22300864,"MAR 01, 2024",CHI vs. MIL,L,4,0,0,0.0,0,0,0.0,0,0,0.0,0,0,0,0,0,0,0,1,0,-2,1,2024-03-01
22023,1628975,22300846,"FEB 28, 2024",CHI vs. CLE,W,13,2,3,0.667,0,0,0.0,0,0,0.0,1,0,1,0,1,0,0,0,4,-3,1,2024-02-28
22023,1628975,22300839,"FEB 27, 2024",CHI vs. DET,L,12,0,4,0.0,0,2,0.0,0,0,0.0,0,1,1,1,1,1,0,0,0,-5,1,2024-02-27
22023,1628975,22300823,"FEB 25, 2024",CHI @ NOP,W,20,3,7,0.429,2,6,0.333,0,0,0.0,1,2,3,2,2,0,1,0,8,15,1,2024-02-25
22023,1628975,22300797,"FEB 22, 2024",CHI vs. BOS,L,12,1,2,0.5,0,1,0.0,0,0,0.0,0,1,1,2,0,0,0,1,2,4,1,2024-02-22
22023,1628976,22301020,"MAR 23, 2024",ORL vs. SAC,L,23,1,6,0.167,0,3,0.0,1,2,0.5,3,8,11,1,0,0,1,1,3,-20,1,2024-03-23
22023,1628976,22301004,"MAR 21, 2024",ORL vs. NOP,W,23,4,7,0.571,0,2,0.0,0,3,0.0,2,4,6,4,3,1,1,0,8,-2,1,2024-03-21
22023,1628976,22300991,"MAR 19, 2024",ORL vs. CHA,W,24,3,6,0.5,1,2,0.5,1,1,1.0,1,7,8,3,1,0,4,1,8,17,1,2024-03-19
22023,1628976,22300979,"MAR 17, 2024",ORL vs. TOR,W,27,4,8,0.5,1,4,0.25,0,0,0.0,0,3,3,3,1,0,1,1,9,27,1,2024-03-17
22023,1628976,22300963,"MAR 15, 2024",ORL @ TOR,W,28,6,10,0.6,2,5,0.4,1,2,0.5,2,6,8,3,0,0,1,2,15,8,1,2024-03-15
22023,1628976,22300947,"MAR 13, 2024",ORL vs. BKN,W,27,5,8,0.625,1,4,0.25,4,6,0.667,2,6,8,2,1,1,2,4,15,1,1,2024-03-13
22023,1628976,22300928,"MAR 10, 2024",ORL vs. IND,L,28,5,13,0.385,0,5,0.0,3,3,1.0,6,9,15,2,1,1,2,3,13,-14,1,2024-03-10
22023,1628976,22300912,"MAR 08, 2024",ORL @ NYK,L,25,2,8,0.25,2,4,0.5,1,2,0.5,7,2,9,2,0,2,3,2,7,-22,1,2024-03-08
22023,1628976,22300885,"MAR 05, 2024",ORL @ CHA,W,29,5,7,0.714,2,4,0.5,0,0,0.0,4,5,9,1,1,0,1,1,12,0,1,2024-03-05
22023,1628976,22300874,"MAR 03, 2024",ORL vs. DET,W,31,5,7,0.714,2,3,0.667,7,7,1.0,2,6,8,3,1,2,0,1,19,31,1,2024-03-03
22023,1628976,22300850,"FEB 29, 2024",ORL vs. UTA,W,22,2,6,0.333,0,0,0.0,2,5,0.4,1,4,5,1,0,0,0,2,6,9,1,2024-02-29
22023,1628976,22300833,"FEB 27, 2024",ORL vs. BKN,W,22,5,9,0.556,0,2,0.0,0,0,0.0,2,5,7,2,0,1,2,3,10,20,1,2024-02-27
22023,1628976,22300821,"FEB 25, 2024",ORL @ ATL,L,34,7,12,0.583,2,5,0.4,2,4,0.5,4,6,10,1,1,1,3,2,18,-11,1,2024-02-25
22023,1628976,22300814,"FEB 24, 2024",ORL @ DET,W,22,3,5,0.6,2,3,0.667,3,4,0.75,3,7,10,2,1,0,1,2,11,-7,1,2024-02-24
22023,1628976,22300792,"FEB 22, 2024",ORL @ CLE,W,23,5,7,0.714,2,3,0.667,0,0,0.0,0,2,2,1,0,0,1,2,12,-11,1,2024-02-22
22023,1627936,22301023,"MAR 23, 2024",CHI vs. BOS,L,28,5,8,0.625,4,6,0.667,0,0,0.0,0,3,3,3,1,0,0,1,14,0,1,2024-03-23
22023,1627936,22301006,"MAR 21, 2024",CHI @ HOU,L,35,3,11,0.273,2,8,0.25,4,4,1.0,1,1,2,4,2,0,2,5,12,-15,1,2024-03-21
22023,1627936,22300986,"MAR 18, 2024",CHI vs. POR,W,31,1,5,0.2,1,5,0.2,2,4,0.5,0,4,4,4,3,1,1,5,5,0,1,2024-03-18
22023,1627936,22300971,"MAR 16, 2024",CHI vs. WAS,W,34,7,12,0.583,2,4,0.5,0,0,0.0,1,4,5,5,2,1,3,2,16,12,1,2024-03-16
22023,1627936,22300956,"MAR 14, 2024",CHI vs. LAC,L,36,5,13,0.385,5,8,0.625,2,2,1.0,0,3,3,6,3,0,3,2,17,-25,1,2024-03-14
22023,1627936,22300948,"MAR 13, 2024",CHI @ IND,W,37,9,13,0.692,5,6,0.833,0,0,0.0,1,6,7,7,1,0,1,3,23,22,1,2024-03-13
22023,1627936,22300935,"MAR 11, 2024",CHI vs. DAL,L,21,1,6,0.167,1,6,0.167,1,4,0.25,2,3,5,3,1,0,1,1,4,-9,1,2024-03-11
22023,1627936,22300917,"MAR 09, 2024",CHI @ LAC,L,36,4,7,0.571,1,3,0.333,0,0,0.0,0,1,1,6,4,2,0,3,9,-11,1,2024-03-09
22023,1627936,22300907,"MAR 07, 2024",CHI @ GSW,W,22,2,4,0.5,1,3,0.333,0,0,0.0,1,4,5,2,0,1,2,4,5,-6,1,2024-03-07
22023,1627936,22300898,"MAR 06, 2024",CHI @ UTA,W,34,4,9,0.444,3,7,0.429,0,0,0.0,0,3,3,4,4,3,0,3,11,1,1,2024-03-06
22023,1627936,22300883,"MAR 04, 2024",CHI @ SAC,W,34,1,10,0.1,0,6,0.0,0,1,0.0,0,3,3,7,4,0,0,1,2,4,1,2024-03-04
22023,1627936,22300864,"MAR 01, 2024",CHI vs. MIL,L,26,3,7,0.429,3,6,0.5,2,2,1.0,0,4,4,2,1,0,2,2,11,-2,1,2024-03-01
22023,1627936,22300839,"FEB 27, 2024",CHI vs. DET,L,25,2,9,0.222,0,5,0.0,0,0,0.0,1,1,2,1,5,0,1,4,4,5,1,2024-02-27
22023,1627936,22300823,"FEB 25, 2024",CHI @ NOP,W,32,5,13,0.385,2,9,0.222,0,0,0.0,1,2,3,2,2,0,0,2,12,9,1,2024-02-25
22023,1627936,22300797,"FEB 22, 2024",CHI vs. BOS,L,30,5,9,0.556,2,4,0.5,0,0,0.0,0,3,3,5,2,1,3,3,12,-12,1,2024-02-22
22023,1630577,22301025,"MAR 23, 2024",SAS vs. PHX,L,25,1,4,0.25,0,2,0.0,2,3,0.667,0,2,2,2,1,2,1,1,4,-11,1,2024-03-23
22023,1630577,22301015,"MAR 22, 2024",SAS vs. MEM,L,17,0,2,0.0,0,2,0.0,1,2,0.5,0,1,1,1,2,2,1,1,1,8,1,2024-03-22
22023,1630577,22300994,"MAR 19, 2024",SAS vs. DAL,L,20,2,5,0.4,2,5,0.4,0,0,0.0,0,3,3,1,0,1,0,2,6,3,1,2024-03-19
22023,1630577,22300981,"MAR 17, 2024",SAS vs. BKN,W,16,0,3,0.0,0,3,0.0,0,0,0.0,0,1,1,0,0,0,1,1,0,-8,1,2024-03-17
22023,1630577,22300965,"MAR 15, 2024",SAS vs. DEN,L,26,3,7,0.429,3,6,0.5,1,2,0.5,0,1,1,1,0,0,0,1,10,-7,1,2024-03-15
22023,1630577,22300942,"MAR 12, 2024",SAS vs. HOU,L,34,3,9,0.333,2,5,0.4,2,2,1.0,0,3,3,1,2,0,1,1,10,11,1,2024-03-12
22023,1630577,22300936,"MAR 11, 2024",SAS vs. GSW,L,28,3,5,0.6,3,5,0.6,0,0,0.0,0,2,2,2,1,0,1,0,9,2,1,2024-03-11
22023,1630577,22300921,"MAR 09, 2024",SAS @ GSW,W,34,5,8,0.625,5,8,0.625,2,2,1.0,1,6,7,5,0,1,3,0,17,5,1,2024-03-09
22023,1630577,22300908,"MAR 07, 2024",SAS @ SAC,L,17,0,5,0.0,0,2,0.0,4,4,1.0,1,0,1,1,0,0,0,0,4,2,1,2024-03-07
22023,1630577,22300891,"MAR 05, 2024",SAS @ HOU,L,10,0,1,0.0,0,1,0.0,0,0,0.0,0,2,2,0,0,0,1,0,0,-6,1,2024-03-05
22023,1630577,22300853,"FEB 29, 2024",SAS vs. OKC,W,19,1,3,0.333,1,3,0.333,3,3,1.0,0,2,2,1,0,0,0,1,6,11,1,2024-02-29
22023,1630577,22300838,"FEB 27, 2024",SAS @ MIN,L,19,3,6,0.5,1,3,0.333,0,0,0.0,1,2,3,1,1,2,0,0,7,6,1,2024-02-27
22023,1630577,22300825,"FEB 25, 2024",SAS @ UTA,L,20,1,6,0.167,0,4,0.0,0,0,0.0,2,4,6,4,2,1,1,2,2,-1,1,2024-02-25
22023,1630577,22300813,"FEB 23, 2024",SAS @ LAL,L,24,2,7,0.286,1,5,0.2,2,4,0.5,2,2,4,5,1,0,0,1,7,9,1,2024-02-23
22023,1630577,22300803,"FEB 22, 2024",SAS @ SAC,L,17,4,6,0.667,2,3,0.667,0,0,0.0,2,3,5,2,0,0,0,2,10,0,1,2024-02-22
22023,1631108,22301018,"MAR 22, 2024",LAL vs. PHI,W,16,0,0,0.0,0,0,0.0,0,0,0.0,0,2,2,0,0,0,1,1,0,9,1,2024-03-22
22023,1631108,22300990,"MAR 18, 2024",LAL vs. ATL,W,22,4,9,0.444,2,4,0.5,1,2,0.5,1,2,3,1,0,0,0,1,11,6,1,2024-03-18
22023,1631108,22300973,"MAR 16, 2024",LAL vs. GSW,L,10,1,4,0.25,1,2,0.5,0,0,0.0,0,1,1,0,0,0,0,1,3,-2,1,2024-03-16
22023,1631108,22300954,"MAR 13, 2024",LAL @ SAC,L,10,1,2,0.5,0,1,0.0,0,0,0.0,0,1,1,1,0,0,1,0,2,-8,1,2024-03-13
22023,1631108,22300932,"MAR 10, 2024",LAL vs. MIN,W,9,1,1,1.0,0,0,0.0,0,0,0.0,0,2,2,0,0,0,2,0,2,-4,1,2024-03-10
22023,1631108,22300915,"MAR 08, 2024",LAL vs. MIL,W,3,0,0,0.0,0,0,0.0,0,0,0.0,0,0,0,0,0,0,0,0,0,6,1,2024-03-08
22023,1631108,22300901,"MAR 06, 2024",LAL vs. SAC,L,11,1,2,0.5,1,2,0.5,0,0,0.0,0,2,2,1,0,0,0,0,3,1,1,2024-03-06
22023,1631108,22300884,"MAR 04, 2024",LAL vs. OKC,W,5,1,2,0.5,1,1,1.0,0,0,0.0,0,1,1,0,0,0,0,0,3,-12,1,2024-03-04
22023,1631108,22300856,"FEB 29, 2024",LAL vs. WAS,W,9,1,1,1.0,0,0,0.0,1,1,1.0,0,0,0,1,0,0,0,0,3,2,1,2024-02-29
22023,1631108,22300848,"FEB 28, 2024",LAL @ LAC,W,0,0,0,0.0,0,0,0.0,0,0,0.0,0,0,0,0,0,0,0,0,0,-2,1,2024-02-28
22023,1631108,22300818,"FEB 25, 2024",LAL @ PHX,L,5,1,2,0.5,1,2,0.5,0,0,0.0,0,0,0,1,0,0,0,0,3,4,1,2024-02-25
22023,1631108,22300813,"FEB 23, 2024",LAL vs. SAS,W,13,1,1,1.0,0,0,0.0,1,2,0.5,0,2,2,0,0,1,0,0,3,-11,1,2024-02-23
22023,1631108,22300802,"FEB 22, 2024",LAL @ GSW,L,29,3,8,0.375,1,5,0.2,2,2,1.0,2,1,3,6,1,1,0,0,9,-5,1,2024-02-22
22023,1631321,22300877,"MAR 03, 2024",SAS vs. IND,W,0,0,0,0.0,0,0,0.0,0,0,0.0,0,0,0,0,0,0,0,0,0,0,1,2024-03-03
22023,203903,22300943,"MAR 12, 2024",UTA vs. BOS,L,34,10,18,0.556,1,4,0.25,0,0,0.0,0,0,0,2,1,0,1,3,21,-21,1,2024-03-12
22023,203903,22300922,"MAR 09, 2024",UTA @ DEN,L,28,10,18,0.556,1,4,0.25,1,1,1.0,1,3,4,3,3,0,3,1,22,-29,1,2024-03-09
22023,203903,22300898,"MAR 06, 2024",UTA vs. CHI,L,34,5,17,0.294,2,9,0.222,3,3,1.0,0,0,0,5,1,0,2,3,15,-3,1,2024-03-06
22023,203903,22300882,"MAR 04, 2024",UTA vs. WAS,W,36,13,26,0.5,4,9,0.444,8,9,0.889,2,8,10,7,1,0,1,1,38,21,1,2024-03-04
22023,203903,22300850,"FEB 29, 2024",UTA @ ORL,L,36,2,10,0.2,1,5,0.2,0,0,0.0,0,5,5,7,2,0,2,2,5,-6,1,2024-02-29
22023,203903,22300835,"FEB 27, 2024",UTA @ ATL,L,27,2,10,0.2,0,3,0.0,2,2,1.0,1,0,1,8,1,0,1,1,6,-11,1,2024-02-27
22023,203903,22300825,"FEB 25, 2024",UTA vs. SAS,W,33,8,17,0.471,4,8,0.5,2,2,1.0,0,2,2,10,0,0,1,0,22,21,1,2024-02-25
22023,203903,22300801,"FEB 22, 2024",UTA vs. CHA,L,34,5,13,0.385,0,4,0.0,5,6,0.833,1,7,8,4,1,0,4,4,15,-19,1,2024-02-22
22023,1629651,22301019,"MAR 23, 2024",BKN @ NYK,L,31,2,5,0.4,0,0,0.0,1,2,0.5,3,6,9,2,1,2,1,0,5,-8,1,2024-03-23
22023,1629651,22301007,"MAR 21, 2024",BKN @ MIL,L,34,9,12,0.75,0,0,0.0,4,6,0.667,4,5,9,1,2,0,1,3,22,-17,1,2024-03-21
22023,1629651,22300993,"MAR 19, 2024",BKN vs. NOP,L,22,3,3,1.0,0,0,0.0,2,2,1.0,2,4,6,2,0,1,1,3,8,-10,1,2024-03-19
22023,1629651,22300981,"MAR 17, 2024",BKN @ SAS,L,32,5,9,0.556,0,1,0.0,1,3,0.333,3,11,14,2,1,1,1,4,11,-9,1,2024-03-17
22023,1629651,22300968,"MAR 16, 2024",BKN @ IND,L,25,4,6,0.667,0,0,0.0,1,3,0.333,2,8,10,1,1,2,0,2,9,-8,1,2024-03-16
22023,1629651,22300947,"MAR 13, 2024",BKN @ ORL,L,30,5,8,0.625,0,0,0.0,0,0,0.0,2,3,5,5,0,2,1,2,10,-4,1,2024-03-13
22023,1629651,22300930,"MAR 10, 2024",BKN @ CLE,W,28,7,10,0.7,0,0,0.0,2,2,1.0,2,8,10,3,1,0,1,3,16,0,1,2024-03-10
22023,1629651,22300918,"MAR 09, 2024",BKN @ CHA,L,34,6,10,0.6,0,0,0.0,2,3,0.667,4,6,10,4,0,2,3,3,14,-7,1,2024-03-09
22023,1629651,22300902,"MAR 07, 2024",BKN @ DET,L,34,5,8,0.625,0,0,0.0,5,7,0.714,1,9,10,2,1,3,1,2,15,3,1,2024-03-07
22023,1629651,22300887,"MAR 05, 2024",BKN vs. PHI,W,33,6,8,0.75,0,0,0.0,5,6,0.833,0,10,10,2,0,4,2,3,17,3,1,2024-03-05
22023,1629651,22300879,"MAR 04, 2024",BKN vs. MEM,L,33,8,10,0.8,0,0,0.0,5,8,0.625,1,5,6,2,0,1,1,2,21,-3,1,2024-03-04
22023,1629651,22300866,"MAR 02, 2024",BKN vs. ATL,W,34,6,9,0.667,0,0,0.0,0,2,0.0,1,12,13,4,2,2,2,2,12,13,1,2024-03-02
22023,1629651,22300851,"FEB 29, 2024",BKN vs. ATL,W,28,1,6,0.167,0,0,0.0,3,4,0.75,2,6,8,2,0,1,0,1,5,12,1,2024-02-29
22023,1629651,22300833,"FEB 27, 2024",BKN @ ORL,L,27,4,6,0.667,0,0,0.0,2,4,0.5,2,3,5,1,0,0,2,3,10,-19,1,2024-02-27
22023,1629651,22300830,"FEB 26, 2024",BKN @ MEM,W,21,5,5,1.0,0,0,0.0,0,0,0.0,0,4,4,3,1,3,1,4,10,13,1,2024-02-26
22023,1629651,22300815,"FEB 24, 2024",BKN @ MIN,L,30,6,12,0.5,0,0,0.0,0,0,0.0,3,4,7,3,0,1,1,2,12,-7,1,2024-02-24
22023,1629651,22300795,"FEB 22, 2024",BKN @ TOR,L,32,3,5,0.6,0,0,0.0,0,0,0.0,2,8,10,3,2,0,2,2,6,-24,1,2024-02-22
22023,1641730,22301019,"MAR 23, 2024",BKN @ NYK,L,2,0,0,0.0,0,0,0.0,0,0,0.0,0,0,0,0,0,0,0,0,0,6,1,2024-03-23
22023,1641730,22301007,"MAR 21, 2024",BKN @ MIL,L,14,2,5,0.4,1,4,0.25,0,0,0.0,1,3,4,1,0,0,0,0,5,10,1,2024-03-21
22023,1641730,22300968,"MAR 16, 2024",BKN @ IND,L,4,0,1,0.0,0,1,0.0,0,0,0.0,0,1,1,0,0,0,2,0,0,-5,1,2024-03-16
22023,1641730,22300930,"MAR 10, 2024",BKN @ CLE,W,3,0,0,0.0,0,0,0.0,0,0,0.0,0,0,0,0,0,0,0,0,0,2,1,2024-03-10
22023,1641730,22300902,"MAR 07, 2024",BKN @ DET,L,10,0,0,0.0,0,0,0.0,0,0,0.0,0,2,2,2,2,0,0,1,0,-3,1,2024-03-07
22023,1629599,22301028,"MAR 24, 2024",LAC vs. PHI,,12,0,1,0.0,0,0,0.0,0,0,0.0,0,0,0,1,0,0,0,1,0,-8,0,2024-03-24
22023,1629599,22301017,"MAR 22, 2024",LAC @ POR,W,27,2,3,0.667,2,2,1.0,2,2,1.0,0,1,1,3,0,0,2,1,8,-12,1,2024-03-22
22023,1629599,22301003,"MAR 20, 2024",LAC @ POR,W,31,5,10,0.5,1,4,0.25,0,0,0.0,0,1,1,2,1,0,1,0,11,9,1,2024-03-20
22023,1629599,22300982,"MAR 17, 2024",LAC vs. ATL,L,22,1,6,0.167,0,4,0.0,0,0,0.0,1,4,5,0,1,0,1,2,2,0,1,2024-03-17
22023,1629599,22300964,"MAR 15, 2024",LAC @ NOP,L,22,3,5,0.6,2,4,0.5,0,0,0.0,0,3,3,3,0,0,2,2,8,-14,1,2024-03-15
22023,1629599,22300956,"MAR 14, 2024",LAC @ CHI,W,22,3,8,0.375,3,6,0.5,0,0,0.0,0,3,3,1,1,0,0,1,9,-11,1,2024-03-14
22023,1629599,22300944,"MAR 12, 2024",LAC vs. MIN,L,18,3,6,0.5,1,4,0.25,1,1,1.0,0,1,1,1,0,0,0,1,8,-7,1,2024-03-12
22023,1629599,22300924,"MAR 10, 2024",LAC vs. MIL,L,30,6,11,0.545,4,6,0.667,0,0,0.0,1,9,10,4,0,1,1,4,16,-5,1,2024-03-10
22023,1629599,22300917,"MAR 09, 2024",LAC vs. CHI,W,16,0,2,0.0,0,2,0.0,0,0,0.0,0,1,1,0,0,0,0,0,0,7,1,2024-03-09
22023,1629599,22300897,"MAR 06, 2024",LAC @ HOU,W,13,0,1,0.0,0,1,0.0,2,2,1.0,0,1,1,1,0,0,1,0,2,-5,1,2024-03-06
22023,1629599,22300880,"MAR 04, 2024",LAC @ MIL,L,26,2,6,0.333,0,2,0.0,0,0,0.0,0,1,1,1,1,0,1,2,4,-17,1,2024-03-04
22023,1629599,22300873,"MAR 03, 2024",LAC @ MIN,W,25,1,5,0.2,0,0,0.0,0,0,0.0,0,4,4,0,2,1,0,1,2,8,1,2024-03-03
22023,1629599,22300865,"MAR 01, 2024",LAC vs. WAS,W,22,4,4,1.0,1,1,1.0,1,2,0.5,0,0,0,3,1,0,0,1,10,10,1,2024-03-01
22023,1629599,22300848,"FEB 28, 2024",LAC vs. LAL,L,25,3,8,0.375,2,6,0.333,0,0,0.0,1,2,3,3,2,0,1,3,8,9,1,2024-02-28
22023,1629599,22300827,"FEB 25, 2024",LAC vs. SAC,L,20,0,2,0.0,0,0,0.0,0,0,0.0,1,1,2,1,0,0,0,2,0,-1,1,2024-02-25
22023,1629599,22300807,"FEB 23, 2024",LAC @ MEM,W,25,1,6,0.167,0,3,0.0,0,0,0.0,2,0,2,2,2,0,1,2,2,3,1,2024-02-23
22023,1629599,22300799,"FEB 22, 2024",LAC @ OKC,L,28,3,8,0.375,1,4,0.25,1,1,1.0,0,1,1,3,2,0,1,1,8,-22,1,2024-02-22
22023,1628381,22301024,"MAR 23, 2024",UTA @ HOU,L,20,7,9,0.778,2,2,1.0,9,10,0.9,3,3,6,1,0,0,2,4,25,-16,1,2024-03-23
22023,1628381,22301000,"MAR 20, 2024",UTA @ OKC,L,23,5,12,0.417,2,3,0.667,4,4,1.0,3,3,6,0,1,0,1,4,16,-23,1,2024-03-20
22023,1628381,22300987,"MAR 18, 2024",UTA vs. MIN,L,20,5,9,0.556,0,0,0.0,1,2,0.5,2,4,6,0,0,0,0,4,11,4,1,2024-03-18
22023,1628381,22300966,"MAR 15, 2024",UTA vs. ATL,W,30,7,10,0.7,2,2,1.0,2,3,0.667,3,8,11,2,0,1,2,4,18,-4,1,2024-03-15
22023,1628381,22300943,"MAR 12, 2024",UTA vs. BOS,L,29,2,9,0.222,2,4,0.5,4,4,1.0,0,4,4,0,0,2,1,1,10,-4,1,2024-03-12
22023,1628381,22300922,"MAR 09, 2024",UTA @ DEN,L,33,7,10,0.7,0,0,0.0,5,8,0.625,3,4,7,1,0,0,2,1,19,6,1,2024-03-09
22023,1628381,22300898,"MAR 06, 2024",UTA vs. CHI,L,32,11,20,0.55,2,9,0.222,1,2,0.5,2,11,13,0,1,2,0,1,25,4,1,2024-03-06
22023,1628381,22300882,"MAR 04, 2024",UTA vs. WAS,W,35,7,11,0.636,1,2,0.5,2,2,1.0,3,12,15,1,0,6,3,5,17,19,1,2024-03-04
22023,1628381,22300867,"MAR 02, 2024",UTA @ MIA,L,33,8,13,0.615,1,3,0.333,1,2,0.5,2,4,6,3,0,1,1,3,18,-16,1,2024-03-02
22023,1628381,22300850,"FEB 29, 2024",UTA @ ORL,L,36,7,10,0.7,2,3,0.667,3,4,0.75,3,7,10,1,1,0,2,5,19,-3,1,2024-02-29
22023,1628381,22300835,"FEB 27, 2024",UTA @ ATL,L,22,2,8,0.25,0,3,0.0,1,1,1.0,3,7,10,2,0,1,5,4,5,-20,1,2024-02-27
22023,1628381,22300825,"FEB 25, 2024",UTA vs. SAS,W,27,6,11,0.545,3,6,0.5,5,5,1.0,0,8,8,1,2,2,1,1,20,18,1,2024-02-25
22023,1628381,22300801,"FEB 22, 2024",UTA vs. CHA,L,31,4,10,0.4,1,2,0.5,0,0,0.0,6,12,18,2,0,1,2,3,9,10,1,2024-02-22
22023,1628380,22301025,"MAR 23, 2024",SAS vs. PHX,L,19,4,9,0.444,2,2,1.0,1,2,0.5,2,1,3,1,1,1,2,3,11,-18,1,2024-03-23
22023,1628380,22301015,"MAR 22, 2024",SAS vs. MEM,L,15,2,3,0.667,0,0,0.0,0,0,0.0,0,4,4,2,0,1,1,6,4,-17,1,2024-03-22
22023,1628380,22300981,"MAR 17, 2024",SAS vs. BKN,W,17,1,3,0.333,0,1,0.0,4,4,1.0,2,5,7,2,2,0,2,4,6,2,1,2024-03-17
22023,1628380,22300965,"MAR 15, 2024",SAS vs. DEN,L,15,5,8,0.625,1,1,1.0,2,2,1.0,0,6,6,0,0,0,2,1,13,-8,1,2024-03-15
22023,1628380,22300942,"MAR 12, 2024",SAS vs. HOU,L,16,2,7,0.286,0,2,0.0,3,4,0.75,1,1,2,1,1,2,1,3,7,-7,1,2024-03-12
22023,1628380,22300936,"MAR 11, 2024",SAS vs. GSW,L,17,5,8,0.625,0,1,0.0,0,0,0.0,4,6,10,3,1,3,5,3,10,-9,1,2024-03-11
22023,1628380,22300921,"MAR 09, 2024",SAS @ GSW,W,22,4,8,0.5,1,1,1.0,0,2,0.0,0,2,2,0,1,1,0,5,9,8,1,2024-03-09
22023,1628380,22300908,"MAR 07, 2024",SAS @ SAC,L,30,8,17,0.471,2,3,0.667,4,4,1.0,4,3,7,4,0,0,1,4,22,4,1,2024-03-07
22023,1628380,22300891,"MAR 05, 2024",SAS @ HOU,L,18,2,4,0.5,1,1,1.0,1,2,0.5,2,4,6,1,0,2,3,1,6,-1,1,2024-03-05
22023,1628380,22300877,"MAR 03, 2024",SAS vs. IND,W,16,5,8,0.625,0,0,0.0,1,2,0.5,1,1,2,2,0,0,2,2,11,-6,1,2024-03-03
22023,1628380,22300853,"FEB 29, 2024",SAS vs. OKC,W,16,5,7,0.714,1,1,1.0,2,3,0.667,3,2,5,5,0,1,1,1,13,-3,1,2024-02-29
22023,1628380,22300838,"FEB 27, 2024",SAS @ MIN,L,14,2,5,0.4,1,2,0.5,0,0,0.0,0,1,1,3,0,0,3,2,5,-11,1,2024-02-27
22023,1628380,22300825,"FEB 25, 2024",SAS @ UTA,L,21,7,17,0.412,2,3,0.667,1,5,0.2,2,6,8,3,1,1,2,2,17,-17,1,2024-02-25
22023,1628380,22300813,"FEB 23, 2024",SAS @ LAL,L,17,6,8,0.75,2,2,1.0,0,0,0.0,0,3,3,0,0,0,2,3,14,-5,1,2024-02-23
22023,1628380,22300803,"FEB 22, 2024",SAS @ SAC,L,17,1,4,0.25,0,0,0.0,1,2,0.5,0,3,3,4,1,0,0,1,3,-5,1,2024-02-22
22023,201144,22301014,"MAR 22, 2024",MIN vs. CLE,W,32,8,15,0.533,3,6,0.5,2,3,0.667,0,2,2,6,1,1,0,1,21,6,1,2024-03-22
22023,201144,22300995,"MAR 19, 2024",MIN vs. DEN,L,29,3,7,0.429,1,4,0.25,6,6,1.0,2,4,6,5,1,0,2,5,13,10,1,2024-03-19
22023,201144,22300987,"MAR 18, 2024",MIN @ UTA,W,27,2,8,0.25,0,5,0.0,0,0,0.0,0,1,1,2,2,1,1,2,4,15,1,2024-03-18
22023,201144,22300974,"MAR 16, 2024",MIN @ UTA,W,30,8,12,0.667,5,8,0.625,4,5,0.8,1,1,2,2,0,0,0,1,25,4,1,2024-03-16
22023,201144,22300944,"MAR 12, 2024",MIN @ LAC,W,27,9,15,0.6,5,8,0.625,0,0,0.0,2,1,3,3,1,0,1,0,23,4,1,2024-03-12
22023,201144,22300932,"MAR 10, 2024",MIN @ LAL,L,29,3,6,0.5,1,3,0.333,2,2,1.0,0,3,3,6,1,0,0,3,9,-24,1,2024-03-10
22023,201144,22300911,"MAR 08, 2024",MIN @ CLE,L,32,4,11,0.364,0,5,0.0,1,1,1.0,1,2,3,5,0,0,1,1,9,-10,1,2024-03-08
22023,201144,22300903,"MAR 07, 2024",MIN @ IND,W,30,2,9,0.222,1,6,0.167,0,0,0.0,1,4,5,4,2,0,2,1,5,0,1,2024-03-07
22023,201144,22300881,"MAR 04, 2024",MIN vs. POR,W,29,6,13,0.462,2,6,0.333,5,5,1.0,2,0,2,7,3,0,2,1,19,-3,1,2024-03-04
22023,201144,22300873,"MAR 03, 2024",MIN vs. LAC,L,28,0,4,0.0,0,3,0.0,0,0,0.0,1,6,7,5,0,0,3,2,0,8,1,2024-03-03
22023,201144,22300862,"MAR 01, 2024",MIN vs. SAC,L,36,4,8,0.5,1,3,0.333,5,6,0.833,0,3,3,8,2,0,3,3,14,-22,1,2024-03-01
22023,201144,22300845,"FEB 28, 2024",MIN vs. MEM,W,28,1,4,0.25,1,4,0.25,1,2,0.5,1,4,5,7,0,0,2,1,4,-8,1,2024-02-28
22023,201144,22300838,"FEB 27, 2024",MIN vs. SAS,W,20,6,10,0.6,4,6,0.667,0,0,0.0,0,0,0,1,1,0,0,1,16,9,1,2024-02-27
22023,201144,22300815,"FEB 24, 2024",MIN vs. BKN,W,30,5,10,0.5,4,8,0.5,0,0,0.0,0,3,3,3,1,0,1,1,14,4,1,2024-02-24
22023,201144,22300808,"FEB 23, 2024",MIN vs. MIL,L,28,4,8,0.5,1,2,0.5,0,0,0.0,2,0,2,2,2,0,3,0,9,0,1,2024-02-23
22023,1626192,22301007,"MAR 21, 2024",MIL vs. BKN,W,15,1,4,0.25,0,1,0.0,0,0,0.0,0,0,0,4,1,0,0,1,2,17,1,2024-03-21
22023,1626192,22300998,"MAR 20, 2024",MIL @ BOS,L,24,3,4,0.75,1,1,1.0,0,0,0.0,2,3,5,1,0,0,1,3,7,11,1,2024-03-20
22023,1626192,22300976,"MAR 17, 2024",MIL vs. PHX,W,22,1,3,0.333,0,1,0.0,1,1,1.0,1,1,2,0,0,1,1,0,3,-4,1,2024-03-17
22023,1626192,22300958,"MAR 14, 2024",MIL vs. PHI,W,29,3,5,0.6,1,2,0.5,2,2,1.0,0,3,3,4,0,0,0,0,9,3,1,2024-03-14
22023,1626192,22300945,"MAR 12, 2024",MIL @ SAC,L,23,2,9,0.222,1,7,0.143,2,2,1.0,3,1,4,1,0,0,1,1,7,-10,1,2024-03-12
22023,1626192,22300924,"MAR 10, 2024",MIL @ LAC,W,26,1,5,0.2,1,5,0.2,2,2,1.0,0,3,3,2,1,1,0,0,5,-1,1,2024-03-10
22023,1626192,22300915,"MAR 08, 2024",MIL @ LAL,L,31,6,7,0.857,4,5,0.8,1,2,0.5,1,5,6,1,0,0,0,1,17,-2,1,2024-03-08
22023,1626192,22300899,"MAR 06, 2024",MIL @ GSW,L,22,2,4,0.5,2,3,0.667,0,0,0.0,0,2,2,3,0,0,0,0,6,-21,1,2024-03-06
22023,1626192,22300880,"MAR 04, 2024",MIL vs. LAC,W,17,2,3,0.667,1,2,0.5,3,4,0.75,0,1,1,0,0,0,1,1,8,-4,1,2024-03-04
22023,1626192,22300864,"MAR 01, 2024",MIL @ CHI,W,25,0,3,0.0,0,3,0.0,0,0,0.0,0,1,1,1,1,1,1,3,0,-1,1,2024-03-01
22023,1626192,22300849,"FEB 29, 2024",MIL @ CHA,W,24,3,9,0.333,2,7,0.286,3,3,1.0,0,1,1,1,2,0,0,2,11,3,1,2024-02-29
22023,1626192,22300840,"FEB 27, 2024",MIL vs. CHA,W,26,4,9,0.444,1,5,0.2,0,0,0.0,0,3,3,5,3,0,1,1,9,12,1,2024-02-27
22023,1626192,22300817,"FEB 25, 2024",MIL @ PHI,W,22,3,4,0.75,1,2,0.5,0,0,0.0,2,3,5,1,0,2,1,0,7,8,1,2024-02-25
22023,1626192,22300808,"FEB 23, 2024",MIL @ MIN,W,20,3,5,0.6,2,4,0.5,0,0,0.0,1,3,4,0,0,0,0,0,8,8,1,2024-02-23
22023,1641731,22300971,"MAR 16, 2024",WAS @ CHI,L,30,5,9,0.556,1,3,0.333,4,8,0.5,2,6,8,2,1,0,2,3,15,-15,1,2024-03-16
22023,1641731,22300957,"MAR 14, 2024",WAS @ HOU,L,34,3,9,0.333,0,3,0.0,4,4,1.0,2,1,3,4,2,0,0,1,10,-11,1,2024-03-14
22023,1641731,22300940,"MAR 12, 2024",WAS @ MEM,L,32,3,12,0.25,3,10,0.3,2,2,1.0,1,4,5,4,2,1,2,3,11,-8,1,2024-03-12
22023,1641731,22300926,"MAR 10, 2024",WAS @ MIA,W,36,4,8,0.5,3,5,0.6,0,0,0.0,0,4,4,1,2,2,1,2,11,17,1,2024-03-10
22023,1641731,22300910,"MAR 08, 2024",WAS vs. CHA,W,27,4,7,0.571,1,4,0.25,2,2,1.0,1,3,4,0,1,1,2,3,11,0,1,2024-03-08
22023,1641731,22300894,"MAR 06, 2024",WAS vs. ORL,L,28,2,7,0.286,0,4,0.0,3,3,1.0,0,4,4,1,1,1,0,3,7,-14,1,2024-03-06
22023,1641731,22300882,"MAR 04, 2024",WAS @ UTA,L,33,2,7,0.286,1,2,0.5,2,2,1.0,1,3,4,1,0,1,0,3,7,-19,1,2024-03-04
22023,1641731,22300820,"FEB 25, 2024",WAS vs. CLE,L,6,1,1,1.0,0,0,0.0,1,2,0.5,0,1,1,1,0,0,1,2,3,4,1,2024-02-25
22023,1641731,22300809,"FEB 23, 2024",WAS @ OKC,L,31,4,10,0.4,2,5,0.4,1,3,0.333,2,3,5,2,2,0,0,1,11,-30,1,2024-02-23
22023,1641731,22300800,"FEB 22, 2024",WAS @ DEN,L,32,2,6,0.333,0,3,0.0,0,1,0.0,0,1,1,2,1,1,0,1,4,-22,1,2024-02-22
22023,1641741,22301002,"MAR 20, 2024",PHI @ PHX,L,12,4,5,0.8,2,2,1.0,0,0,0.0,0,0,0,2,0,0,0,0,10,11,1,2024-03-20
22023,1641741,22300939,"MAR 12, 2024",PHI @ NYK,L,6,1,3,0.333,0,0,0.0,2,2,1.0,0,0,0,0,0,1,0,0,4,2,1,2024-03-12
22023,1641741,22300909,"MAR 08, 2024",PHI vs. NOP,L,6,1,3,0.333,0,1,0.0,0,0,0.0,0,0,0,0,0,0,0,2,2,1,1,2024-03-08
22023,1641741,22300896,"MAR 06, 2024",PHI vs. MEM,L,9,0,3,0.0,0,2,0.0,1,4,0.25,0,1,1,0,0,0,1,1,1,-10,1,2024-03-06
22023,1641741,22300858,"MAR 01, 2024",PHI vs. CHA,W,5,1,5,0.2,0,1,0.0,1,2,0.5,0,1,1,0,0,0,0,0,3,-15,1,2024-03-01
22023,1641741,22300836,"FEB 27, 2024",PHI @ BOS,L,19,6,8,0.75,0,0,0.0,4,4,1.0,1,3,4,1,0,0,1,0,16,7,1,2024-02-27
22023,1641741,22300817,"FEB 25, 2024",PHI vs. MIL,L,7,1,1,1.0,0,0,0.0,0,0,0.0,0,1,1,1,0,0,0,0,2,-8,1,2024-02-25
22023,1641741,22300805,"FEB 23, 2024",PHI vs. CLE,W,6,0,3,0.0,0,2,0.0,3,4,0.75,0,1,1,0,0,0,0,0,3,1,1,2024-02-23
22023,1641741,22300794,"FEB 22, 2024",PHI vs. NYK,L,4,0,0,0.0,0,0,0.0,0,2,0.0,1,1,2,1,0,0,0,0,0,-9,1,2024-02-22
22023,1628470,22301023,"MAR 23, 2024",CHI vs. BOS,L,19,4,4,1.0,3,3,1.0,0,0,0.0,0,2,2,3,2,0,0,3,11,-3,1,2024-03-23
22023,1628470,22301006,"MAR 21, 2024",CHI @ HOU,L,25,4,9,0.444,2,4,0.5,0,0,0.0,1,3,4,1,0,1,2,3,10,-12,1,2024-03-21
22023,1628470,22300986,"MAR 18, 2024",CHI vs. POR,W,24,2,7,0.286,2,5,0.4,0,0,0.0,1,1,2,2,1,1,0,2,6,3,1,2024-03-18
22023,1628470,22300971,"MAR 16, 2024",CHI vs. WAS,W,18,2,5,0.4,0,3,0.0,0,0,0.0,1,0,1,2,0,0,1,1,4,5,1,2024-03-16
22023,1628470,22300956,"MAR 14, 2024",CHI vs. LAC,L,27,4,8,0.5,4,7,0.571,0,2,0.0,0,6,6,1,0,0,0,1,12,-8,1,2024-03-14
22023,1628470,22300948,"MAR 13, 2024",CHI @ IND,W,22,3,5,0.6,2,4,0.5,2,2,1.0,1,4,5,2,0,0,1,3,10,-12,1,2024-03-13
22023,1628470,22300935,"MAR 11, 2024",CHI vs. DAL,L,17,0,1,0.0,0,1,0.0,0,0,0.0,1,0,1,0,0,0,1,2,0,-21,1,2024-03-11
22023,1628470,22300917,"MAR 09, 2024",CHI @ LAC,L,13,2,6,0.333,2,5,0.4,0,0,0.0,2,1,3,0,1,0,2,2,6,-6,1,2024-03-09
22023,1628470,22300907,"MAR 07, 2024",CHI @ GSW,W,14,0,1,0.0,0,1,0.0,0,0,0.0,0,1,1,2,0,1,1,1,0,-1,1,2024-03-07
22023,203109,22301007,"MAR 21, 2024",MIL vs. BKN,W,30,3,6,0.5,0,3,0.0,0,0,0.0,2,1,3,2,0,0,1,1,6,0,1,2024-03-21
22023,203109,22300998,"MAR 20, 2024",MIL @ BOS,L,15,3,5,0.6,1,3,0.333,0,0,0.0,0,2,2,2,0,0,1,4,7,3,1,2024-03-20
22023,203109,22300976,"MAR 17, 2024",MIL vs. PHX,W,32,7,11,0.636,4,6,0.667,0,0,0.0,0,2,2,0,3,0,0,1,18,9,1,2024-03-17
22023,203109,22300958,"MAR 14, 2024",MIL vs. PHI,W,19,3,8,0.375,3,6,0.5,0,0,0.0,1,1,2,0,0,0,0,1,9,4,1,2024-03-14
22023,203109,22300945,"MAR 12, 2024",MIL @ SAC,L,16,0,0,0.0,0,0,0.0,0,0,0.0,0,0,0,2,1,0,0,1,0,-21,1,2024-03-12
22023,203109,22300924,"MAR 10, 2024",MIL @ LAC,W,19,3,5,0.6,1,2,0.5,0,0,0.0,1,1,2,1,1,1,0,3,7,6,1,2024-03-10
22023,203109,22300915,"MAR 08, 2024",MIL @ LAL,L,21,1,5,0.2,0,2,0.0,2,2,1.0,1,2,3,0,1,0,0,2,4,-3,1,2024-03-08
22023,203109,22300899,"MAR 06, 2024",MIL @ GSW,L,17,2,6,0.333,0,1,0.0,0,0,0.0,1,5,6,1,1,0,0,0,4,-3,1,2024-03-06
22023,203109,22300880,"MAR 04, 2024",MIL vs. LAC,W,18,1,4,0.25,1,3,0.333,0,0,0.0,2,0,2,1,0,0,0,1,3,-7,1,2024-03-04
22023,203109,22300864,"MAR 01, 2024",MIL @ CHI,W,24,1,2,0.5,1,2,0.5,0,0,0.0,0,3,3,0,2,0,0,3,3,15,1,2024-03-01
22023,203109,22300849,"FEB 29, 2024",MIL @ CHA,W,23,2,5,0.4,0,2,0.0,0,0,0.0,0,2,2,1,2,0,1,4,4,17,1,2024-02-29
22023,203109,22300840,"FEB 27, 2024",MIL vs. CHA,W,23,4,5,0.8,2,3,0.667,0,0,0.0,2,5,7,2,0,0,0,1,10,33,1,2024-02-27
22023,203109,22300817,"FEB 25, 2024",MIL @ PHI,W,25,0,4,0.0,0,3,0.0,0,0,0.0,1,7,8,3,1,0,1,1,0,17,1,2024-02-25
22023,203109,22300808,"FEB 23, 2024",MIL @ MIN,W,35,1,5,0.2,0,3,0.0,0,0,0.0,0,7,7,1,2,1,2,3,2,3,1,2024-02-23
22023,1630595,22301011,"MAR 22, 2024",DET vs. BOS,L,29,6,17,0.353,1,4,0.25,2,2,1.0,1,5,6,6,2,0,3,4,15,-27,1,2024-03-22
22023,1630595,22300997,"MAR 20, 2024",DET vs. IND,L,29,9,22,0.409,0,2,0.0,5,6,0.833,0,6,6,10,1,0,4,1,23,-19,1,2024-03-20
22023,1630595,22300977,"MAR 17, 2024",DET vs. MIA,L,32,8,19,0.421,1,6,0.167,0,0,0.0,0,4,4,9,1,1,3,2,17,-15,1,2024-03-17
22023,1630595,22300962,"MAR 15, 2024",DET vs. MIA,L,31,5,15,0.333,0,4,0.0,1,1,1.0,3,3,6,9,0,0,3,2,11,-13,1,2024-03-15
22023,1630595,22300946,"MAR 13, 2024",DET vs. TOR,W,28,8,20,0.4,2,5,0.4,1,2,0.5,0,3,3,6,1,0,3,2,19,7,1,2024-03-13
22023,1630595,22300933,"MAR 11, 2024",DET vs. CHA,W,32,8,20,0.4,2,10,0.2,4,4,1.0,0,6,6,8,1,0,2,1,22,20,1,2024-03-11
22023,1630595,22300919,"MAR 09, 2024",DET vs. DAL,L,32,11,21,0.524,3,7,0.429,8,8,1.0,3,6,9,10,0,0,5,2,33,-7,1,2024-03-09
22023,1630595,22300902,"MAR 07, 2024",DET vs. BKN,W,38,10,22,0.455,4,8,0.5,8,9,0.889,1,4,5,11,0,1,5,0,32,19,1,2024-03-07
22023,1630595,22300888,"MAR 05, 2024",DET @ MIA,L,34,8,20,0.4,4,8,0.5,3,3,1.0,1,3,4,8,0,0,3,2,23,-6,1,2024-03-05
22023,1630595,22300874,"MAR 03, 2024",DET @ ORL,L,23,4,12,0.333,1,4,0.25,0,0,0.0,0,2,2,7,1,0,1,2,9,-21,1,2024-03-03
22023,1630595,22300857,"MAR 01, 2024",DET vs. CLE,L,37,6,19,0.316,2,8,0.25,7,7,1.0,0,3,3,10,1,0,1,3,21,3,1,2024-03-01
22023,1630595,22300839,"FEB 27, 2024",DET @ CHI,W,36,9,13,0.692,3,5,0.6,5,7,0.714,1,4,5,5,0,1,3,0,26,23,1,2024-02-27
22023,1630595,22300828,"FEB 26, 2024",DET @ NYK,L,36,10,19,0.526,5,7,0.714,7,8,0.875,2,3,5,8,0,2,5,1,32,3,1,2024-02-26
22023,1630595,22300814,"FEB 24, 2024",DET vs. ORL,L,31,11,20,0.55,4,7,0.571,0,0,0.0,1,6,7,4,1,0,3,4,26,-1,1,2024-02-24
22023,1630595,22300793,"FEB 22, 2024",DET @ IND,L,30,13,21,0.619,4,9,0.444,0,0,0.0,0,5,5,8,1,0,3,4,30,10,1,2024-02-22
22023,203552,22300858,"MAR 01, 2024",CHA @ PHI,L,23,2,8,0.25,1,3,0.333,0,0,0.0,1,1,2,2,1,0,0,2,5,-9,1,2024-03-01
22023,203552,22300849,"FEB 29, 2024",CHA vs. MIL,L,16,5,7,0.714,2,3,0.667,1,1,1.0,0,2,2,1,1,0,2,2,13,-6,1,2024-02-29
22023,203552,22300840,"FEB 27, 2024",CHA @ MIL,L,20,1,6,0.167,1,3,0.333,5,5,1.0,0,4,4,4,0,1,1,1,8,-20,1,2024-02-27
22023,203552,22300811,"FEB 23, 2024",CHA @ GSW,L,25,2,8,0.25,0,3,0.0,2,3,0.667,0,2,2,3,0,1,0,2,6,-4,1,2024-02-23
22023,203552,22300801,"FEB 22, 2024",CHA @ UTA,W,19,4,8,0.5,1,4,0.25,1,1,1.0,1,1,2,0,0,0,1,0,10,3,1,2024-02-22
22023,201939,22301016,"MAR 22, 2024",GSW vs. IND,L,35,9,24,0.375,6,18,0.333,1,1,1.0,3,8,11,5,0,0,1,0,25,-13,1,2024-03-22
22023,201939,22301001,"MAR 20, 2024",GSW vs. MEM,W,24,5,9,0.556,4,7,0.571,0,0,0.0,1,1,2,3,0,1,2,1,14,17,1,2024-03-20
22023,201939,22300988,"MAR 18, 2024",GSW vs. NYK,L,33,8,20,0.4,4,13,0.308,7,7,1.0,0,5,5,5,0,0,2,1,27,-9,1,2024-03-18
22023,201939,22300973,"MAR 16, 2024",GSW @ LAL,W,34,12,24,0.5,3,10,0.3,4,5,0.8,1,5,6,5,2,0,1,0,31,4,1,2024-03-16
22023,201939,22300907,"MAR 07, 2024",GSW vs. CHI,L,29,5,18,0.278,3,12,0.25,2,2,1.0,0,3,3,1,0,0,2,1,15,9,1,2024-03-07
22023,201939,22300899,"MAR 06, 2024",GSW vs. MIL,W,31,10,18,0.556,6,10,0.6,3,4,0.75,2,6,8,5,0,0,2,1,29,15,1,2024-03-06
22023,201939,22300872,"MAR 03, 2024",GSW @ BOS,L,17,2,13,0.154,0,9,0.0,0,0,0.0,0,1,1,3,0,0,2,0,4,-29,1,2024-03-03
22023,201939,22300860,"MAR 01, 2024",GSW @ TOR,W,30,9,22,0.409,7,15,0.467,0,0,0.0,2,4,6,6,0,0,4,2,25,12,1,2024-03-01
22023,201939,22300852,"FEB 29, 2024",GSW @ NYK,W,32,11,26,0.423,8,18,0.444,1,1,1.0,2,9,11,1,1,0,3,0,31,20,1,2024-02-29
22023,201939,22300834,"FEB 27, 2024",GSW @ WAS,W,30,6,21,0.286,4,16,0.25,2,2,1.0,0,5,5,6,1,1,3,1,18,1,1,2024-02-27
22023,201939,22300824,"FEB 25, 2024",GSW vs. DEN,L,32,6,19,0.316,1,10,0.1,7,8,0.875,0,1,1,4,0,0,3,2,20,-22,1,2024-02-25
22023,201939,22300811,"FEB 23, 2024",GSW vs. CHA,W,31,5,14,0.357,3,11,0.273,2,2,1.0,0,2,2,5,1,0,4,1,15,10,1,2024-02-23
22023,201939,22300802,"FEB 22, 2024",GSW vs. LAL,W,32,12,24,0.5,6,13,0.462,2,2,1.0,0,1,1,8,3,0,1,1,32,25,1,2024-02-22
22023,203076,22301018,"MAR 22, 2024",LAL vs. PHI,W,40,10,16,0.625,1,2,0.5,2,4,0.5,7,12,19,4,0,4,3,4,23,4,1,2024-03-22
22023,203076,22300990,"MAR 18, 2024",LAL vs. ATL,W,31,10,14,0.714,1,2,0.5,1,2,0.5,1,14,15,6,2,1,2,2,22,28,1,2024-03-18
22023,203076,22300973,"MAR 16, 2024",LAL vs. GSW,L,12,3,6,0.5,0,0,0.0,2,2,1.0,1,3,4,2,1,1,0,0,8,6,1,2024-03-16
22023,203076,22300954,"MAR 13, 2024",LAL @ SAC,L,41,7,18,0.389,1,2,0.5,7,8,0.875,3,7,10,3,1,1,2,1,22,-8,1,2024-03-13
22023,203076,22300932,"MAR 10, 2024",LAL vs. MIN,W,39,9,17,0.529,0,0,0.0,9,13,0.692,10,15,25,5,7,3,3,2,27,15,1,2024-03-10
22023,203076,22300915,"MAR 08, 2024",LAL vs. MIL,W,41,10,21,0.476,0,1,0.0,2,2,1.0,1,12,13,5,0,3,0,3,22,-3,1,2024-03-08
22023,203076,22300901,"MAR 06, 2024",LAL vs. SAC,L,34,5,13,0.385,0,1,0.0,4,5,0.8,1,10,11,3,0,1,2,4,14,-6,1,2024-03-06
22023,203076,22300884,"MAR 04, 2024",LAL vs. OKC,W,30,7,12,0.583,0,0,0.0,10,11,0.909,4,8,12,4,1,3,2,1,24,10,1,2024-03-04
22023,203076,22300869,"MAR 02, 2024",LAL vs. DEN,L,39,7,13,0.538,0,0,0.0,3,4,0.75,2,9,11,2,0,3,0,3,17,-11,1,2024-03-02
22023,203076,22300856,"FEB 29, 2024",LAL vs. WAS,W,41,14,22,0.636,0,0,0.0,12,13,0.923,3,12,15,4,1,3,1,2,40,6,1,2024-02-29
22023,203076,22300848,"FEB 28, 2024",LAL @ LAC,W,36,8,15,0.533,0,2,0.0,4,5,0.8,3,9,12,2,2,3,2,2,20,-4,1,2024-02-28
22023,203076,22300818,"FEB 25, 2024",LAL @ PHX,L,42,11,17,0.647,0,0,0.0,0,0,0.0,2,12,14,0,3,2,3,3,22,-2,1,2024-02-25
22023,203076,22300813,"FEB 23, 2024",LAL vs. SAS,W,29,10,14,0.714,0,1,0.0,8,10,0.8,5,8,13,0,1,0,1,2,28,10,1,2024-02-23
22023,203076,22300802,"FEB 22, 2024",LAL @ GSW,L,33,11,19,0.579,0,2,0.0,5,6,0.833,3,12,15,1,0,3,3,3,27,-16,1,2024-02-22
22023,1631098,22301022,"MAR 23, 2024",WAS vs. TOR,W,17,2,3,0.667,0,1,0.0,0,0,0.0,0,1,1,1,1,1,0,0,4,6,1,2024-03-23
22023,1631098,22301005,"MAR 21, 2024",WAS vs. SAC,W,13,1,2,0.5,0,0,0.0,2,2,1.0,1,2,3,1,0,0,0,2,4,1,1,2024-03-21
22023,1631098,22300992,"MAR 19, 2024",WAS vs. HOU,L,27,1,7,0.143,0,1,0.0,0,0,0.0,0,1,1,0,1,0,0,2,2,-11,1,2024-03-19
22023,1631098,22300980,"MAR 17, 2024",WAS vs. BOS,L,22,4,7,0.571,0,2,0.0,0,0,0.0,1,3,4,1,0,2,0,3,8,-17,1,2024-03-17
22023,1631098,22300971,"MAR 16, 2024",WAS @ CHI,L,15,2,6,0.333,1,3,0.333,0,0,0.0,0,0,0,3,1,0,0,1,5,-16,1,2024-03-16
22023,1631098,22300957,"MAR 14, 2024",WAS @ HOU,L,8,1,2,0.5,0,1,0.0,0,0,0.0,0,0,0,0,0,1,0,1,2,-7,1,2024-03-14
22023,1631098,22300940,"MAR 12, 2024",WAS @ MEM,L,5,0,2,0.0,0,1,0.0,0,0,0.0,0,1,1,0,0,0,0,1,0,-5,1,2024-03-12
22023,1631098,22300926,"MAR 10, 2024",WAS @ MIA,W,9,0,0,0.0,0,0,0.0,1,2,0.5,0,2,2,0,0,0,0,1,1,-4,1,2024-03-10
22023,1631098,22300910,"MAR 08, 2024",WAS vs. CHA,W,8,0,1,0.0,0,0,0.0,0,0,0.0,1,1,2,0,0,1,1,2,0,-7,1,2024-03-08
22023,1631098,22300894,"MAR 06, 2024",WAS vs. ORL,L,18,2,7,0.286,2,4,0.5,2,2,1.0,1,1,2,1,0,0,0,0,8,14,1,2024-03-06
22023,1631098,22300882,"MAR 04, 2024",WAS @ UTA,L,8,1,1,1.0,1,1,1.0,0,0,0.0,0,1,1,1,0,0,0,0,3,10,1,2024-03-04
22023,1631098,22300865,"MAR 01, 2024",WAS @ LAC,L,24,1,4,0.25,0,1,0.0,0,0,0.0,0,2,2,2,1,0,0,1,2,-8,1,2024-03-01
22023,1631098,22300856,"FEB 29, 2024",WAS @ LAL,L,17,0,3,0.0,0,0,0.0,0,0,0.0,1,1,2,0,0,0,0,0,0,-3,1,2024-02-29
22023,1631098,22300834,"FEB 27, 2024",WAS vs. GSW,L,8,0,0,0.0,0,0,0.0,0,0,0.0,0,1,1,0,0,0,0,1,0,-13,1,2024-02-27
22023,1631098,22300820,"FEB 25, 2024",WAS vs. CLE,L,16,1,3,0.333,0,2,0.0,0,0,0.0,0,2,2,0,0,0,0,5,2,-16,1,2024-02-25
22023,1631098,22300809,"FEB 23, 2024",WAS @ OKC,L,22,1,8,0.125,0,2,0.0,0,0,0.0,2,5,7,1,0,0,1,2,2,-16,1,2024-02-23
22023,1631098,22300800,"FEB 22, 2024",WAS @ DEN,L,14,1,4,0.25,0,1,0.0,0,2,0.0,0,3,3,1,1,0,0,2,2,-8,1,2024-02-22
22023,1631120,22301011,"MAR 22, 2024",BOS @ DET,W,3,1,1,1.0,1,1,1.0,0,0,0.0,0,0,0,1,0,0,0,0,3,6,1,2024-03-22
22023,1631120,22300943,"MAR 12, 2024",BOS @ UTA,W,1,0,0,0.0,0,0,0.0,0,0,0.0,0,0,0,0,0,0,0,0,0,0,1,2024-03-12
22023,1631120,22300938,"MAR 11, 2024",BOS @ POR,W,2,1,1,1.0,1,1,1.0,0,0,0.0,0,1,1,0,0,0,0,1,3,2,1,2024-03-11
22023,1631120,22300920,"MAR 09, 2024",BOS @ PHX,W,0,0,0,0.0,0,0,0.0,0,0,0.0,0,0,0,0,0,0,0,0,0,-1,1,2024-03-09
22023,201942,22301023,"MAR 23, 2024",CHI vs. BOS,L,42,12,19,0.632,0,1,0.0,4,4,1.0,0,6,6,9,0,1,2,1,28,-3,1,2024-03-23
22023,201942,22301006,"MAR 21, 2024",CHI @ HOU,L,24,4,15,0.267,0,1,0.0,8,9,0.889,0,2,2,2,2,0,0,1,16,-14,1,2024-03-21
22023,201942,22300986,"MAR 18, 2024",CHI vs. POR,W,40,10,17,0.588,1,2,0.5,7,7,1.0,2,3,5,6,0,1,2,0,28,12,1,2024-03-18
22023,201942,22300971,"MAR 16, 2024",CHI vs. WAS,W,35,3,7,0.429,0,1,0.0,7,11,0.636,0,4,4,6,2,2,1,3,13,16,1,2024-03-16
22023,201942,22300956,"MAR 14, 2024",CHI vs. LAC,L,36,6,16,0.375,2,5,0.4,7,8,0.875,1,4,5,4,0,0,5,2,21,-13,1,2024-03-14
22023,201942,22300948,"MAR 13, 2024",CHI @ IND,W,44,15,24,0.625,1,6,0.167,15,17,0.882,0,9,9,3,2,1,2,1,46,18,1,2024-03-13
22023,201942,22300935,"MAR 11, 2024",CHI vs. DAL,L,22,4,9,0.444,0,1,0.0,5,6,0.833,0,2,2,2,0,0,1,1,13,-12,1,2024-03-11
22023,201942,22300917,"MAR 09, 2024",CHI @ LAC,L,42,8,19,0.421,0,3,0.0,8,9,0.889,1,7,8,10,0,0,2,2,24,-10,1,2024-03-09
22023,201942,22300907,"MAR 07, 2024",CHI @ GSW,W,39,10,17,0.588,3,6,0.5,10,11,0.909,0,8,8,4,0,1,1,2,33,4,1,2024-03-07
22023,201942,22300898,"MAR 06, 2024",CHI @ UTA,W,38,10,21,0.476,2,5,0.4,7,7,1.0,0,6,6,7,1,0,2,1,29,5,1,2024-03-06
22023,201942,22300883,"MAR 04, 2024",CHI @ SAC,W,38,10,12,0.833,2,3,0.667,11,12,0.917,0,0,0,4,2,0,2,1,33,-3,1,2024-03-04
22023,201942,22300864,"MAR 01, 2024",CHI vs. MIL,L,33,5,13,0.385,0,0,0.0,2,2,1.0,1,3,4,9,0,1,0,3,12,-12,1,2024-03-01
22023,201942,22300846,"FEB 28, 2024",CHI vs. CLE,W,49,8,26,0.308,2,5,0.4,17,19,0.895,2,8,10,5,0,1,0,4,35,5,1,2024-02-28
22023,201942,22300839,"FEB 27, 2024",CHI vs. DET,L,40,9,16,0.563,0,2,0.0,7,7,1.0,0,3,3,4,1,0,0,2,25,-7,1,2024-02-27
22023,201942,22300823,"FEB 25, 2024",CHI @ NOP,W,40,6,13,0.462,2,4,0.5,10,12,0.833,1,5,6,7,0,0,2,1,24,4,1,2024-02-25
22023,201942,22300797,"FEB 22, 2024",CHI vs. BOS,L,36,7,17,0.412,1,3,0.333,4,4,1.0,1,3,4,5,1,0,2,2,19,-5,1,2024-02-22
22023,1628978,22301019,"MAR 23, 2024",NYK vs. BKN,W,41,12,24,0.5,4,13,0.308,3,4,0.75,2,4,6,5,2,1,2,3,31,10,1,2024-03-23
22023,1628978,22301009,"MAR 21, 2024",NYK @ DEN,L,31,4,11,0.364,3,8,0.375,0,0,0.0,0,2,2,4,2,1,0,2,11,-17,1,2024-03-21
22023,1628978,22300988,"MAR 18, 2024",NYK @ GSW,W,31,7,13,0.538,4,8,0.5,0,0,0.0,1,3,4,1,1,0,0,4,18,5,1,2024-03-18
22023,1628978,22300975,"MAR 16, 2024",NYK @ SAC,W,30,5,16,0.313,3,12,0.25,2,3,0.667,1,1,2,2,1,0,0,4,15,-6,1,2024-03-16
22023,1628978,22300960,"MAR 14, 2024",NYK @ POR,W,37,4,12,0.333,2,8,0.25,2,2,1.0,0,5,5,3,2,0,1,3,12,2,1,2024-03-14
22023,1628978,22300939,"MAR 12, 2024",NYK vs. PHI,W,34,4,11,0.364,4,9,0.444,4,4,1.0,1,1,2,4,1,1,1,2,16,32,1,2024-03-12
22023,1628978,22300927,"MAR 10, 2024",NYK vs. PHI,L,36,6,17,0.353,3,12,0.25,0,0,0.0,2,7,9,3,2,1,4,3,15,1,1,2024-03-10
22023,1628978,22300912,"MAR 08, 2024",NYK vs. ORL,W,42,3,13,0.231,3,10,0.3,2,2,1.0,0,4,4,6,2,1,5,1,11,24,1,2024-03-08
22023,1628978,22300889,"MAR 05, 2024",NYK vs. ATL,L,39,7,24,0.292,5,17,0.294,2,2,1.0,0,4,4,6,2,0,4,2,21,-13,1,2024-03-05
22023,1628978,22300876,"MAR 03, 2024",NYK @ CLE,W,39,11,22,0.5,6,14,0.429,0,0,0.0,1,5,6,4,3,1,1,2,28,9,1,2024-03-03
22023,1628978,22300852,"FEB 29, 2024",NYK vs. GSW,L,36,6,21,0.286,2,12,0.167,2,4,0.5,5,2,7,2,1,1,3,2,16,-14,1,2024-02-29
22023,1628978,22300837,"FEB 27, 2024",NYK vs. NOP,L,37,8,21,0.381,7,18,0.389,0,0,0.0,1,3,4,2,2,0,3,3,23,-18,1,2024-02-27
22023,1628978,22300828,"FEB 26, 2024",NYK vs. DET,W,32,8,13,0.615,5,10,0.5,0,0,0.0,0,3,3,4,2,0,2,1,21,-6,1,2024-02-26
22023,1628978,22300816,"FEB 24, 2024",NYK vs. BOS,L,32,4,12,0.333,4,8,0.5,0,0,0.0,2,2,4,0,0,1,0,4,12,-5,1,2024-02-24
22023,1628978,22300794,"FEB 22, 2024",NYK @ PHI,W,35,6,15,0.4,4,11,0.364,0,0,0.0,0,3,3,3,2,2,2,1,16,13,1,2024-02-22
22023,1631217,22300865,"MAR 01, 2024",LAC vs. WAS,W,7,1,1,1.0,0,0,0.0,0,2,0.0,1,3,4,0,1,1,0,0,2,1,1,2024-03-01
22023,1641711,22301022,"MAR 23, 2024",TOR @ WAS,L,34,6,13,0.462,3,8,0.375,2,2,1.0,0,2,2,2,0,1,0,3,17,-7,1,2024-03-23
22023,1641711,22301012,"MAR 22, 2024",TOR vs. OKC,L,33,8,15,0.533,4,7,0.571,1,3,0.333,0,5,5,1,1,0,4,1,21,-11,1,2024-03-22
22023,1641711,22300999,"MAR 20, 2024",TOR vs. SAC,L,32,1,8,0.125,1,6,0.167,2,2,1.0,0,1,1,3,1,0,2,1,5,-16,1,2024-03-20
22023,1641711,22300979,"MAR 17, 2024",TOR @ ORL,L,27,4,11,0.364,2,3,0.667,0,0,0.0,0,0,0,1,0,0,3,2,10,-27,1,2024-03-17
22023,1641711,22300963,"MAR 15, 2024",TOR vs. ORL,L,23,3,9,0.333,0,3,0.0,2,2,1.0,1,1,2,1,0,1,1,3,8,-32,1,2024-03-15
22023,1641711,22300946,"MAR 13, 2024",TOR @ DET,L,32,4,13,0.308,1,6,0.167,0,0,0.0,0,3,3,1,1,0,2,2,9,-3,1,2024-03-13
22023,1641711,22300937,"MAR 11, 2024",TOR @ DEN,L,36,7,12,0.583,2,4,0.5,1,1,1.0,1,3,4,7,2,0,1,0,17,-5,1,2024-03-11
22023,1641711,22300923,"MAR 09, 2024",TOR @ POR,L,39,3,10,0.3,2,7,0.286,0,0,0.0,2,3,5,2,0,0,0,3,8,1,1,2024-03-09
22023,1641711,22300905,"MAR 07, 2024",TOR @ PHX,L,31,4,12,0.333,4,10,0.4,0,0,0.0,0,2,2,0,0,0,1,2,12,-11,1,2024-03-07
22023,1641711,22300890,"MAR 05, 2024",TOR vs. NOP,L,27,1,7,0.143,0,5,0.0,0,0,0.0,1,1,2,0,1,0,2,1,2,-35,1,2024-03-05
22023,1641711,22300875,"MAR 03, 2024",TOR vs. CHA,W,24,4,7,0.571,3,5,0.6,0,0,0.0,1,3,4,0,1,0,0,3,11,-2,1,2024-03-03
22023,1641711,22300860,"MAR 01, 2024",TOR vs. GSW,L,27,5,11,0.455,2,6,0.333,0,0,0.0,0,2,2,3,1,0,0,1,12,-6,1,2024-03-01
22023,1641711,22300844,"FEB 28, 2024",TOR vs. DAL,L,19,3,6,0.5,1,3,0.333,0,0,0.0,0,3,3,0,0,0,1,2,7,-14,1,2024-02-28
22023,1641711,22300829,"FEB 26, 2024",TOR @ IND,W,23,7,9,0.778,4,4,1.0,0,0,0.0,2,3,5,2,1,0,0,0,18,3,1,2024-02-26
22023,1641711,22300804,"FEB 23, 2024",TOR @ ATL,W,22,8,13,0.615,2,5,0.4,0,0,0.0,0,2,2,1,0,0,0,1,18,-7,1,2024-02-23
22023,1641711,22300795,"FEB 22, 2024",TOR vs. BKN,W,17,3,6,0.5,1,3,0.333,0,0,0.0,1,3,4,0,0,0,0,0,7,15,1,2024-02-22
22023,1631172,22301000,"MAR 20, 2024",OKC vs. UTA,W,4,0,1,0.0,0,1,0.0,0,0,0.0,0,1,1,0,0,0,1,1,0,-7,1,2024-03-20
22023,1631172,22300931,"MAR 10, 2024",OKC vs. MEM,W,12,0,2,0.0,0,2,0.0,0,0,0.0,0,0,0,2,0,0,0,0,0,-3,1,2024-03-10
22023,203915,22301018,"MAR 22, 2024",LAL vs. PHI,W,24,3,8,0.375,3,6,0.5,2,2,1.0,0,0,0,2,0,1,0,1,11,8,1,2024-03-22
22023,203915,22300990,"MAR 18, 2024",LAL vs. ATL,W,21,1,4,0.25,1,2,0.5,0,0,0.0,0,1,1,3,0,0,1,0,3,23,1,2024-03-18
22023,203915,22300973,"MAR 16, 2024",LAL vs. GSW,L,19,2,2,1.0,1,1,1.0,2,2,1.0,0,2,2,0,0,0,0,2,7,5,1,2024-03-16
22023,203915,22300954,"MAR 13, 2024",LAL @ SAC,L,20,0,2,0.0,0,1,0.0,0,0,0.0,0,1,1,1,1,0,0,1,0,-9,1,2024-03-13
22023,203915,22300932,"MAR 10, 2024",LAL vs. MIN,W,17,0,3,0.0,0,1,0.0,0,0,0.0,0,1,1,1,0,0,1,3,0,-5,1,2024-03-10
22023,203915,22300915,"MAR 08, 2024",LAL vs. MIL,W,34,1,3,0.333,1,2,0.5,2,2,1.0,0,2,2,3,1,2,0,3,5,-5,1,2024-03-08
22023,203915,22300901,"MAR 06, 2024",LAL vs. SAC,L,24,2,3,0.667,2,3,0.667,2,4,0.5,0,2,2,1,0,0,1,3,8,-9,1,2024-03-06
22023,203915,22300884,"MAR 04, 2024",LAL vs. OKC,W,24,1,4,0.25,0,2,0.0,0,0,0.0,0,2,2,3,0,1,1,0,2,35,1,2024-03-04
22023,203915,22300869,"MAR 02, 2024",LAL vs. DEN,L,20,1,4,0.25,1,3,0.333,0,0,0.0,1,0,1,3,0,0,1,0,3,-7,1,2024-03-02
22023,203915,22300856,"FEB 29, 2024",LAL vs. WAS,W,26,3,5,0.6,2,3,0.667,2,3,0.667,0,0,0,3,0,0,1,2,10,4,1,2024-02-29
22023,203915,22300848,"FEB 28, 2024",LAL @ LAC,W,20,3,6,0.5,1,4,0.25,0,0,0.0,0,2,2,6,0,0,2,0,7,-3,1,2024-02-28
22023,203915,22300818,"FEB 25, 2024",LAL @ PHX,L,23,1,5,0.2,1,4,0.25,0,0,0.0,0,0,0,2,0,0,0,2,3,-5,1,2024-02-25
22023,203915,22300813,"FEB 23, 2024",LAL vs. SAS,W,24,0,6,0.0,0,3,0.0,0,0,0.0,0,1,1,1,0,0,0,1,0,21,1,2024-02-23
22023,203915,22300802,"FEB 22, 2024",LAL @ GSW,L,18,2,6,0.333,0,1,0.0,1,1,1.0,0,0,0,3,0,1,0,5,5,6,1,2024-02-22
22023,1629029,22301008,"MAR 21, 2024",DAL vs. UTA,W,35,11,23,0.478,4,10,0.4,8,12,0.667,1,8,9,8,4,0,4,2,34,-3,1,2024-03-21
22023,1629029,22300994,"MAR 19, 2024",DAL @ SAS,W,40,6,27,0.222,2,12,0.167,4,5,0.8,0,10,10,16,1,0,4,0,18,5,1,2024-03-19
22023,1629029,22300978,"MAR 17, 2024",DAL vs. DEN,W,40,12,27,0.444,5,11,0.455,8,10,0.8,4,6,10,3,2,0,3,3,37,-1,1,2024-03-17
22023,1629029,22300952,"MAR 13, 2024",DAL vs. GSW,W,30,7,18,0.389,1,6,0.167,6,8,0.75,1,2,3,9,0,0,6,0,21,14,1,2024-03-13
22023,1629029,22300935,"MAR 11, 2024",DAL @ CHI,W,34,9,23,0.391,6,15,0.4,3,4,0.75,2,10,12,14,1,0,2,2,27,34,1,2024-03-11
22023,1629029,22300919,"MAR 09, 2024",DAL @ DET,W,37,13,24,0.542,4,13,0.308,9,10,0.9,0,10,10,10,3,2,6,1,39,13,1,2024-03-09
22023,1629029,22300904,"MAR 07, 2024",DAL vs. MIA,W,40,12,24,0.5,7,13,0.538,4,4,1.0,0,11,11,11,1,0,4,2,35,11,1,2024-03-07
22023,1629029,22300892,"MAR 05, 2024",DAL vs. IND,L,43,15,30,0.5,4,13,0.308,5,6,0.833,0,10,10,11,0,0,5,4,39,-18,1,2024-03-05
22023,1629029,22300871,"MAR 03, 2024",DAL vs. PHI,L,40,14,27,0.519,4,10,0.4,6,6,1.0,2,9,11,10,1,0,7,2,38,9,1,2024-03-03
22023,1629029,22300859,"MAR 01, 2024",DAL @ BOS,L,37,14,25,0.56,3,9,0.333,6,8,0.75,3,9,12,11,0,0,2,3,37,-20,1,2024-03-01
22023,1629029,22300844,"FEB 28, 2024",DAL @ TOR,W,36,11,23,0.478,1,8,0.125,7,9,0.778,1,11,12,16,2,0,5,3,30,11,1,2024-02-28
22023,1629029,22300832,"FEB 27, 2024",DAL @ CLE,L,41,17,29,0.586,6,11,0.545,5,5,1.0,0,9,9,14,3,0,1,1,45,13,1,2024-02-27
22023,1629029,22300819,"FEB 25, 2024",DAL @ IND,L,33,10,21,0.476,4,8,0.5,9,12,0.75,1,5,6,6,1,2,3,4,33,-13,1,2024-02-25
22023,1629029,22300796,"FEB 22, 2024",DAL vs. PHX,W,38,14,27,0.519,6,11,0.545,7,7,1.0,0,9,9,11,3,0,3,4,41,9,1,2024-02-22
22023,1629652,22301012,"MAR 22, 2024",OKC @ TOR,W,23,4,9,0.444,1,5,0.2,1,1,1.0,0,3,3,2,0,0,1,3,10,8,1,2024-03-22
22023,1629652,22301000,"MAR 20, 2024",OKC vs. UTA,W,26,2,5,0.4,1,4,0.25,4,4,1.0,1,2,3,1,0,0,2,4,9,18,1,2024-03-20
22023,1629652,22300972,"MAR 16, 2024",OKC @ MEM,W,31,3,6,0.5,2,5,0.4,4,4,1.0,2,3,5,4,0,0,2,5,12,4,1,2024-03-16
22023,1629652,22300959,"MAR 14, 2024",OKC vs. DAL,W,28,4,9,0.444,3,6,0.5,1,1,1.0,1,0,1,3,1,0,1,6,12,9,1,2024-03-14
22023,1629652,22300941,"MAR 12, 2024",OKC vs. IND,L,35,6,12,0.5,3,6,0.5,3,3,1.0,1,1,2,3,1,0,0,2,18,-12,1,2024-03-12
22023,1629652,22300931,"MAR 10, 2024",OKC vs. MEM,W,23,5,5,1.0,4,4,1.0,0,0,0.0,0,2,2,0,2,0,0,0,14,26,1,2024-03-10
22023,1629652,22300914,"MAR 08, 2024",OKC vs. MIA,W,33,4,9,0.444,1,6,0.167,0,0,0.0,1,6,7,2,1,1,1,2,9,19,1,2024-03-08
22023,1629652,22300900,"MAR 06, 2024",OKC @ POR,W,30,2,5,0.4,2,3,0.667,0,0,0.0,0,1,1,1,1,0,1,4,6,-2,1,2024-03-06
22023,1629652,22300884,"MAR 04, 2024",OKC @ LAL,L,24,5,9,0.556,5,7,0.714,0,0,0.0,1,1,2,2,1,0,0,3,15,4,1,2024-03-04
22023,1629652,22300878,"MAR 03, 2024",OKC @ PHX,W,31,5,13,0.385,3,7,0.429,0,0,0.0,1,4,5,0,3,1,1,3,13,-3,1,2024-03-03
22023,1629652,22300853,"FEB 29, 2024",OKC @ SAS,L,33,3,8,0.375,1,6,0.167,1,1,1.0,1,3,4,0,0,0,0,3,8,-17,1,2024-02-29
22023,1629652,22300841,"FEB 27, 2024",OKC vs. HOU,W,22,1,9,0.111,1,5,0.2,0,0,0.0,0,3,3,1,0,1,1,2,3,4,1,2024-02-27
22023,1629652,22300822,"FEB 25, 2024",OKC @ HOU,W,32,5,9,0.556,4,6,0.667,2,2,1.0,0,5,5,2,1,0,0,4,16,17,1,2024-02-25
22023,1629652,22300809,"FEB 23, 2024",OKC vs. WAS,W,23,3,6,0.5,3,4,0.75,0,0,0.0,0,0,0,0,2,0,0,3,9,28,1,2024-02-23
22023,1629652,22300799,"FEB 22, 2024",OKC vs. LAC,W,31,8,13,0.615,3,6,0.5,0,0,0.0,1,2,3,1,1,2,0,3,19,2,1,2024-02-22
22023,1630245,22301023,"MAR 23, 2024",CHI vs. BOS,L,40,7,16,0.438,0,4,0.0,0,0,0.0,0,2,2,4,2,0,1,4,14,-9,1,2024-03-23
22023,1630245,22301006,"MAR 21, 2024",CHI @ HOU,L,39,13,18,0.722,5,6,0.833,4,4,1.0,0,2,2,2,3,0,2,2,35,2,1,2024-03-21
22023,1630245,22300986,"MAR 18, 2024",CHI vs. POR,W,39,9,17,0.529,2,6,0.333,3,3,1.0,1,0,1,10,1,0,2,2,23,12,1,2024-03-18
22023,1630245,22300971,"MAR 16, 2024",CHI vs. WAS,W,41,14,22,0.636,4,7,0.571,2,2,1.0,1,2,3,9,1,0,1,2,34,22,1,2024-03-16
22023,1630245,22300956,"MAR 14, 2024",CHI vs. LAC,L,35,2,11,0.182,1,5,0.2,2,2,1.0,2,2,4,4,0,0,3,2,7,-24,1,2024-03-14
22023,1630245,22300948,"MAR 13, 2024",CHI @ IND,W,43,7,12,0.583,1,4,0.25,5,6,0.833,0,4,4,3,0,2,2,3,20,1,1,2024-03-13
22023,1630245,22300935,"MAR 11, 2024",CHI vs. DAL,L,29,4,13,0.308,1,5,0.2,0,0,0.0,2,6,8,6,1,1,2,2,9,-35,1,2024-03-11
22023,1630245,22300917,"MAR 09, 2024",CHI @ LAC,L,36,5,11,0.455,3,7,0.429,0,0,0.0,0,2,2,4,2,1,1,4,13,-7,1,2024-03-09
22023,1630245,22300907,"MAR 07, 2024",CHI @ GSW,W,38,6,12,0.5,2,5,0.4,0,0,0.0,1,2,3,6,0,2,2,3,14,-9,1,2024-03-07
22023,1630245,22300898,"MAR 06, 2024",CHI @ UTA,W,36,2,11,0.182,1,6,0.167,3,4,0.75,0,2,2,9,1,0,2,2,8,-3,1,2024-03-06
22023,1630245,22300883,"MAR 04, 2024",CHI @ SAC,W,39,9,15,0.6,2,5,0.4,0,0,0.0,1,1,2,5,1,0,0,2,20,-7,1,2024-03-04
22023,1630245,22300864,"MAR 01, 2024",CHI vs. MIL,L,38,6,12,0.5,2,6,0.333,1,1,1.0,0,5,5,6,0,0,3,2,15,-3,1,2024-03-01
22023,1630245,22300846,"FEB 28, 2024",CHI vs. CLE,W,48,6,14,0.429,4,9,0.444,5,6,0.833,1,2,3,4,1,1,4,0,21,10,1,2024-02-28
22023,1630245,22300839,"FEB 27, 2024",CHI vs. DET,L,38,4,14,0.286,0,5,0.0,0,0,0.0,3,3,6,6,3,0,2,2,8,-18,1,2024-02-27
22023,1630245,22300823,"FEB 25, 2024",CHI @ NOP,W,39,8,15,0.533,3,6,0.5,2,2,1.0,1,2,3,8,3,0,1,1,21,6,1,2024-02-25
22023,1630245,22300797,"FEB 22, 2024",CHI vs. BOS,L,41,6,14,0.429,2,6,0.333,0,0,0.0,1,7,8,8,1,0,2,3,14,-14,1,2024-02-22
22023,203083,22301023,"MAR 23, 2024",CHI vs. BOS,L,16,3,3,1.0,0,0,0.0,1,1,1.0,1,5,6,0,0,0,1,0,7,-5,1,2024-03-23
22023,203083,22301006,"MAR 21, 2024",CHI @ HOU,L,24,3,5,0.6,0,0,0.0,3,4,0.75,3,5,8,0,1,1,2,1,9,-3,1,2024-03-21
22023,203083,22300986,"MAR 18, 2024",CHI vs. POR,W,14,2,10,0.2,0,0,0.0,5,5,1.0,7,4,11,0,0,0,0,2,9,6,1,2024-03-18
22023,203083,22300971,"MAR 16, 2024",CHI vs. WAS,W,15,4,5,0.8,0,0,0.0,5,8,0.625,4,5,9,1,0,0,0,2,13,10,1,2024-03-16
22023,203083,22300956,"MAR 14, 2024",CHI vs. LAC,L,16,7,8,0.875,0,0,0.0,1,1,1.0,3,4,7,1,0,1,0,2,15,2,1,2024-03-14
22023,203083,22300948,"MAR 13, 2024",CHI @ IND,W,10,1,4,0.25,0,0,0.0,1,2,0.5,1,3,4,0,0,0,1,3,3,-18,1,2024-03-13
22023,203083,22300935,"MAR 11, 2024",CHI vs. DAL,L,16,1,3,0.333,0,0,0.0,2,4,0.5,1,9,10,1,1,0,1,0,4,-11,1,2024-03-11
22023,203083,22300917,"MAR 09, 2024",CHI @ LAC,L,12,0,1,0.0,0,0,0.0,3,4,0.75,3,4,7,0,0,0,1,1,3,1,1,2024-03-09
22023,203083,22300907,"MAR 07, 2024",CHI @ GSW,W,13,0,1,0.0,0,0,0.0,1,6,0.167,3,4,7,0,0,0,2,1,1,10,1,2024-03-07
22023,203083,22300898,"MAR 06, 2024",CHI @ UTA,W,17,4,7,0.571,0,0,0.0,2,4,0.5,3,3,6,0,0,0,0,1,10,-2,1,2024-03-06
22023,203083,22300883,"MAR 04, 2024",CHI @ SAC,W,16,2,5,0.4,0,0,0.0,0,0,0.0,0,6,6,0,0,0,0,5,4,9,1,2024-03-04
22023,203083,22300864,"MAR 01, 2024",CHI vs. MIL,L,24,4,11,0.364,0,0,0.0,1,1,1.0,3,7,10,0,1,1,3,4,9,-5,1,2024-03-01
22023,203083,22300846,"FEB 28, 2024",CHI vs. CLE,W,36,8,12,0.667,0,0,0.0,1,2,0.5,9,17,26,1,0,3,3,3,17,2,1,2024-02-28
22023,203083,22300839,"FEB 27, 2024",CHI vs. DET,L,28,9,14,0.643,0,0,0.0,2,2,1.0,6,5,11,0,0,1,1,2,20,8,1,2024-02-27
22023,203083,22300823,"FEB 25, 2024",CHI @ NOP,W,14,2,5,0.4,0,0,0.0,3,3,1.0,1,7,8,1,0,0,0,2,7,6,1,2024-02-25
22023,203083,22300797,"FEB 22, 2024",CHI vs. BOS,L,17,4,8,0.5,0,0,0.0,3,4,0.75,4,4,8,0,0,1,0,0,11,-11,1,2024-02-22
22023,1630537,22301020,"MAR 23, 2024",SAC @ ORL,W,10,2,3,0.667,1,2,0.5,0,0,0.0,0,0,0,0,0,0,0,2,5,-19,1,2024-03-23
22023,1630537,22301005,"MAR 21, 2024",SAC @ WAS,L,19,1,8,0.125,1,7,0.143,0,0,0.0,1,2,3,2,1,2,1,0,3,-2,1,2024-03-21
22023,1630537,22300999,"MAR 20, 2024",SAC @ TOR,W,19,5,6,0.833,2,2,1.0,2,2,1.0,2,3,5,2,0,0,1,0,14,14,1,2024-03-20
22023,1630537,22300989,"MAR 18, 2024",SAC vs. MEM,W,18,3,6,0.5,2,4,0.5,0,0,0.0,1,1,2,1,0,0,0,2,8,0,1,2024-03-18
22023,1630537,22300975,"MAR 16, 2024",SAC vs. NYK,L,0,0,0,0.0,0,0,0.0,0,0,0.0,0,0,0,0,0,0,0,0,0,0,1,2024-03-16
22023,1630537,22300954,"MAR 13, 2024",SAC vs. LAL,W,8,2,3,0.667,2,3,0.667,0,0,0.0,0,1,1,0,1,0,0,0,6,1,1,2024-03-13
22023,1630537,22300945,"MAR 12, 2024",SAC vs. MIL,W,11,2,4,0.5,1,2,0.5,1,2,0.5,1,4,5,2,0,0,0,2,6,4,1,2024-03-12
22023,1630537,22300883,"MAR 04, 2024",SAC vs. CHI,L,13,3,4,0.75,2,3,0.667,0,0,0.0,1,4,5,0,0,0,0,2,8,-4,1,2024-03-04
22023,1630537,22300862,"MAR 01, 2024",SAC @ MIN,W,6,0,1,0.0,0,0,0.0,0,0,0.0,1,1,2,0,0,0,0,1,0,-4,1,2024-03-01
22023,1630537,22300847,"FEB 28, 2024",SAC @ DEN,L,26,7,14,0.5,4,8,0.5,0,0,0.0,0,3,3,1,2,2,0,1,18,2,1,2024-02-28
22023,1630537,22300831,"FEB 26, 2024",SAC vs. MIA,L,17,0,2,0.0,0,2,0.0,0,0,0.0,1,0,1,1,1,1,0,0,0,2,1,2024-02-26
22023,1630537,22300827,"FEB 25, 2024",SAC @ LAC,W,16,1,3,0.333,1,3,0.333,1,1,1.0,0,2,2,0,2,0,0,0,4,-1,1,2024-02-25
22023,1630537,22300803,"FEB 22, 2024",SAC vs. SAS,W,20,2,3,0.667,2,3,0.667,0,0,0.0,1,3,4,1,0,0,0,2,6,4,1,2024-02-22
22023,1627739,22301024,"MAR 23, 2024",UTA @ HOU,L,6,1,3,0.333,0,1,0.0,0,0,0.0,1,0,1,0,0,0,0,0,2,-20,1,2024-03-23
22023,1627739,22301008,"MAR 21, 2024",UTA @ DAL,L,20,2,3,0.667,0,1,0.0,0,0,0.0,0,4,4,5,1,1,4,5,4,10,1,2024-03-21
22023,1627739,22301000,"MAR 20, 2024",UTA @ OKC,L,23,2,5,0.4,1,2,0.5,0,0,0.0,0,1,1,3,1,0,0,3,5,-15,1,2024-03-20
22023,1627739,22300987,"MAR 18, 2024",UTA vs. MIN,L,27,3,9,0.333,2,6,0.333,0,0,0.0,3,0,3,5,0,0,0,3,8,2,1,2024-03-18
22023,1627739,22300974,"MAR 16, 2024",UTA vs. MIN,L,24,2,7,0.286,0,1,0.0,0,0,0.0,1,2,3,3,2,0,0,1,4,-17,1,2024-03-16
22023,1627739,22300943,"MAR 12, 2024",UTA vs. BOS,L,24,2,6,0.333,2,3,0.667,0,0,0.0,0,3,3,4,1,1,0,2,6,1,1,2024-03-12
22023,1627739,22300922,"MAR 09, 2024",UTA @ DEN,L,15,0,0,0.0,0,0,0.0,0,0,0.0,0,1,1,1,0,0,0,4,0,-22,1,2024-03-09
22023,1627739,22300898,"MAR 06, 2024",UTA vs. CHI,L,29,5,6,0.833,1,1,1.0,0,0,0.0,2,0,2,5,1,0,1,1,11,-1,1,2024-03-06
22023,1627739,22300882,"MAR 04, 2024",UTA vs. WAS,W,28,2,5,0.4,0,2,0.0,0,0,0.0,1,4,5,4,2,1,3,2,4,9,1,2024-03-04
22023,1627739,22300867,"MAR 02, 2024",UTA @ MIA,L,10,0,1,0.0,0,1,0.0,0,0,0.0,1,0,1,2,1,0,0,4,0,1,1,2024-03-02
22023,1627739,22300850,"FEB 29, 2024",UTA @ ORL,L,22,3,7,0.429,1,4,0.25,0,0,0.0,0,1,1,2,1,0,1,3,7,-5,1,2024-02-29
22023,1627739,22300835,"FEB 27, 2024",UTA @ ATL,L,16,1,5,0.2,0,1,0.0,0,0,0.0,0,2,2,3,0,0,2,1,2,-11,1,2024-02-27
22023,1627739,22300825,"FEB 25, 2024",UTA vs. SAS,W,20,3,3,1.0,1,1,1.0,1,2,0.5,0,2,2,1,4,0,3,1,8,5,1,2024-02-25
22023,1627739,22300801,"FEB 22, 2024",UTA vs. CHA,L,25,4,7,0.571,0,3,0.0,0,0,0.0,2,1,3,3,0,0,0,3,8,-12,1,2024-02-22
22023,201142,22301025,"MAR 23, 2024",PHX @ SAS,W,31,12,16,0.75,1,2,0.5,0,0,0.0,0,4,4,4,3,0,0,0,25,31,1,2024-03-23
22023,201142,22301010,"MAR 21, 2024",PHX vs. ATL,W,37,5,15,0.333,2,8,0.25,7,7,1.0,1,3,4,2,0,3,5,1,19,0,1,2024-03-21
22023,201142,22301002,"MAR 20, 2024",PHX vs. PHI,W,36,10,18,0.556,2,6,0.333,0,0,0.0,0,8,8,4,0,3,4,1,22,1,1,2024-03-20
22023,201142,22300976,"MAR 17, 2024",PHX @ MIL,L,41,4,10,0.4,1,3,0.333,2,2,1.0,1,8,9,4,3,2,1,3,11,-11,1,2024-03-17
22023,201142,22300961,"MAR 15, 2024",PHX @ CHA,W,38,5,15,0.333,1,6,0.167,2,2,1.0,0,8,8,5,1,0,3,1,13,-2,1,2024-03-15
22023,201142,22300955,"MAR 14, 2024",PHX @ BOS,L,34,9,19,0.474,1,3,0.333,1,2,0.5,0,3,3,1,0,1,3,1,20,-17,1,2024-03-14
22023,201142,22300934,"MAR 11, 2024",PHX @ CLE,W,39,14,26,0.538,5,10,0.5,4,5,0.8,0,8,8,6,1,0,3,2,37,13,1,2024-03-11
22023,201142,22300920,"MAR 09, 2024",PHX vs. BOS,L,37,18,26,0.692,4,7,0.571,5,7,0.714,1,9,10,6,1,0,6,2,45,-1,1,2024-03-09
22023,201142,22300905,"MAR 07, 2024",PHX vs. TOR,W,35,11,19,0.579,2,5,0.4,11,12,0.917,0,3,3,1,1,0,4,1,35,8,1,2024-03-07
22023,201142,22300893,"MAR 05, 2024",PHX @ DEN,W,44,14,34,0.412,3,8,0.375,4,5,0.8,0,8,8,5,0,2,2,1,35,14,2,2024-03-05
22023,201142,22300878,"MAR 03, 2024",PHX vs. OKC,L,36,6,15,0.4,2,4,0.5,6,6,1.0,0,4,4,3,1,1,5,2,20,-9,1,2024-03-03
22023,201142,22300870,"MAR 02, 2024",PHX vs. HOU,L,39,12,19,0.632,1,4,0.25,5,8,0.625,2,7,9,2,0,3,6,1,30,-5,1,2024-03-02
22023,201142,22300854,"FEB 29, 2024",PHX vs. HOU,W,40,8,19,0.421,1,3,0.333,7,10,0.7,2,5,7,6,0,0,3,1,24,2,1,2024-02-29
22023,201142,22300818,"FEB 25, 2024",PHX vs. LAL,W,39,7,20,0.35,2,8,0.25,6,6,1.0,1,4,5,7,0,2,3,2,22,2,1,2024-02-25
22023,201142,22300806,"FEB 23, 2024",PHX @ HOU,L,38,10,22,0.455,1,7,0.143,7,10,0.7,0,11,11,8,1,2,2,3,28,5,1,2024-02-23
22023,201142,22300796,"FEB 22, 2024",PHX @ DAL,L,40,9,22,0.409,2,8,0.25,3,5,0.6,0,6,6,1,1,1,5,3,23,-4,1,2024-02-22
22023,1631105,22300997,"MAR 20, 2024",DET vs. IND,L,27,3,8,0.375,0,0,0.0,5,6,0.833,3,9,12,1,1,1,2,3,11,-14,1,2024-03-20
22023,1631105,22300984,"MAR 18, 2024",DET @ BOS,L,22,3,7,0.429,0,0,0.0,2,2,1.0,0,9,9,0,0,0,2,2,8,-7,1,2024-03-18
22023,1631105,22300977,"MAR 17, 2024",DET vs. MIA,L,29,4,10,0.4,0,0,0.0,3,4,0.75,3,7,10,1,0,1,2,3,11,-17,1,2024-03-17
22023,1631105,22300962,"MAR 15, 2024",DET vs. MIA,L,34,7,9,0.778,0,0,0.0,1,2,0.5,2,15,17,1,0,1,3,2,15,-16,1,2024-03-15
22023,1631105,22300946,"MAR 13, 2024",DET vs. TOR,W,28,8,9,0.889,0,0,0.0,8,10,0.8,9,14,23,5,1,0,5,3,24,9,1,2024-03-13
22023,1631105,22300933,"MAR 11, 2024",DET vs. CHA,W,30,8,10,0.8,0,0,0.0,4,6,0.667,4,6,10,1,1,1,3,3,20,9,1,2024-03-11
22023,1631105,22300919,"MAR 09, 2024",DET vs. DAL,L,16,1,4,0.25,0,0,0.0,4,4,1.0,2,6,8,3,0,0,2,4,6,-21,1,2024-03-09
22023,1631105,22300902,"MAR 07, 2024",DET vs. BKN,W,30,6,8,0.75,0,0,0.0,0,0,0.0,3,11,14,4,2,0,3,3,12,9,1,2024-03-07
22023,1631105,22300888,"MAR 05, 2024",DET @ MIA,L,32,5,5,1.0,0,0,0.0,4,4,1.0,4,6,10,3,0,0,2,5,14,-8,1,2024-03-05
22023,1631105,22300874,"MAR 03, 2024",DET @ ORL,L,25,4,9,0.444,0,0,0.0,3,3,1.0,1,3,4,2,1,0,3,3,11,-25,1,2024-03-03
22023,1631105,22300857,"MAR 01, 2024",DET vs. CLE,L,31,4,7,0.571,0,0,0.0,6,7,0.857,4,6,10,2,0,1,1,5,14,-10,1,2024-03-01
22023,1631105,22300839,"FEB 27, 2024",DET @ CHI,W,31,5,9,0.556,0,0,0.0,4,4,1.0,2,8,10,5,1,3,5,4,14,24,1,2024-02-27
22023,1631105,22300828,"FEB 26, 2024",DET @ NYK,L,31,4,11,0.364,0,0,0.0,3,4,0.75,5,11,16,4,1,1,0,2,11,3,1,2024-02-26
22023,1631105,22300814,"FEB 24, 2024",DET vs. ORL,L,33,6,7,0.857,0,0,0.0,4,6,0.667,2,9,11,3,1,4,1,5,16,-4,1,2024-02-24
22023,1631105,22300793,"FEB 22, 2024",DET @ IND,L,30,7,11,0.636,0,0,0.0,1,1,1.0,2,11,13,2,0,0,4,3,15,-3,1,2024-02-22
22023,1630162,22301014,"MAR 22, 2024",MIN vs. CLE,W,35,6,17,0.353,1,1,1.0,3,4,0.75,2,11,13,5,0,0,3,1,16,12,1,2024-03-22
22023,1630162,22300995,"MAR 19, 2024",MIN vs. DEN,L,38,13,26,0.5,3,8,0.375,1,2,0.5,1,7,8,8,2,0,3,1,30,-8,1,2024-03-19
22023,1630162,22300987,"MAR 18, 2024",MIN @ UTA,W,38,13,23,0.565,2,8,0.25,4,4,1.0,1,6,7,8,1,2,3,2,32,-1,1,2024-03-18
22023,1630162,22300974,"MAR 16, 2024",MIN @ UTA,W,35,12,20,0.6,5,7,0.714,2,3,0.667,1,9,10,5,3,3,4,1,31,16,1,2024-03-16
22023,1630162,22300944,"MAR 12, 2024",MIN @ LAC,W,37,15,29,0.517,2,8,0.25,5,7,0.714,2,6,8,4,1,0,2,3,37,22,1,2024-03-12
22023,1630162,22300932,"MAR 10, 2024",MIN @ LAL,L,40,10,23,0.435,2,9,0.222,3,4,0.75,1,6,7,7,2,2,3,2,25,-14,1,2024-03-10
22023,1630162,22300911,"MAR 08, 2024",MIN @ CLE,L,42,7,27,0.259,0,7,0.0,5,5,1.0,1,4,5,3,1,1,5,3,19,-20,1,2024-03-08
22023,1630162,22300903,"MAR 07, 2024",MIN @ IND,W,39,18,35,0.514,3,7,0.429,5,8,0.625,2,4,6,3,2,2,0,1,44,2,1,2024-03-07
22023,1630162,22300881,"MAR 04, 2024",MIN vs. POR,W,35,4,10,0.4,1,3,0.333,4,6,0.667,0,4,4,6,1,0,2,2,13,8,1,2024-03-04
22023,1630162,22300873,"MAR 03, 2024",MIN vs. LAC,L,37,9,20,0.45,3,10,0.3,6,6,1.0,0,5,5,2,3,0,3,1,27,10,1,2024-03-03
22023,1630162,22300862,"MAR 01, 2024",MIN vs. SAC,L,19,2,11,0.182,1,3,0.333,6,6,1.0,0,2,2,2,0,1,1,0,11,-3,1,2024-03-01
22023,1630162,22300845,"FEB 28, 2024",MIN vs. MEM,W,40,11,21,0.524,1,6,0.167,11,11,1.0,0,2,2,4,0,1,3,3,34,8,1,2024-02-28
22023,1630162,22300838,"FEB 27, 2024",MIN vs. SAS,W,33,13,29,0.448,4,10,0.4,4,4,1.0,1,4,5,5,4,1,4,0,34,5,1,2024-02-27
22023,1630162,22300815,"FEB 24, 2024",MIN vs. BKN,W,38,11,23,0.478,1,3,0.333,6,9,0.667,0,8,8,3,2,1,1,0,29,16,1,2024-02-24
22023,1630162,22300808,"FEB 23, 2024",MIN vs. MIL,L,38,10,27,0.37,4,12,0.333,4,6,0.667,0,9,9,5,1,0,3,2,28,-16,1,2024-02-23
22023,1630556,22301005,"MAR 21, 2024",SAC @ WAS,L,9,1,2,0.5,1,1,1.0,0,0,0.0,1,2,3,1,1,0,0,1,3,12,1,2024-03-21
22023,1630556,22300999,"MAR 20, 2024",SAC @ TOR,W,12,4,8,0.5,1,5,0.2,0,0,0.0,1,2,3,1,1,0,1,1,9,0,1,2024-03-20
22023,1630556,22300975,"MAR 16, 2024",SAC vs. NYK,L,1,0,0,0.0,0,0,0.0,0,0,0.0,0,0,0,0,0,0,0,0,0,0,1,2024-03-16
22023,1630556,22300954,"MAR 13, 2024",SAC vs. LAL,W,1,1,1,1.0,0,0,0.0,0,0,0.0,0,0,0,0,0,0,0,0,2,0,1,2024-03-13
22023,1630556,22300945,"MAR 12, 2024",SAC vs. MIL,W,4,0,0,0.0,0,0,0.0,0,0,0.0,0,0,0,0,1,0,0,0,0,4,1,2024-03-12
22023,1630556,22300847,"FEB 28, 2024",SAC @ DEN,L,10,0,2,0.0,0,0,0.0,1,2,0.5,0,2,2,0,0,0,0,1,1,3,1,2024-02-28
22023,1630556,22300827,"FEB 25, 2024",SAC @ LAC,W,1,0,0,0.0,0,0,0.0,0,0,0.0,0,0,0,0,0,0,0,0,0,1,1,2024-02-25
22023,1630556,22300803,"FEB 22, 2024",SAC vs. SAS,W,0,0,0,0.0,0,0,0.0,0,0,0.0,0,0,0,0,0,0,0,0,0,0,1,2024-02-22
22023,1631165,22301020,"MAR 23, 2024",SAC @ ORL,W,37,7,12,0.583,4,9,0.444,1,2,0.5,1,4,5,6,2,1,0,1,19,18,1,2024-03-23
22023,1631165,22301005,"MAR 21, 2024",SAC @ WAS,L,21,1,3,0.333,0,2,0.0,0,0,0.0,0,1,1,0,1,0,0,4,2,-1,1,2024-03-21
22023,1631165,22300999,"MAR 20, 2024",SAC @ TOR,W,25,2,6,0.333,2,5,0.4,0,0,0.0,0,1,1,2,4,1,0,1,6,28,1,2024-03-20
22023,1631165,22300989,"MAR 18, 2024",SAC vs. MEM,W,34,2,4,0.5,1,2,0.5,0,0,0.0,2,5,7,3,1,5,2,4,5,13,1,2024-03-18
22023,1631165,22300975,"MAR 16, 2024",SAC vs. NYK,L,29,2,4,0.5,1,2,0.5,0,0,0.0,0,3,3,0,2,1,0,4,5,-4,1,2024-03-16
22023,1631165,22300954,"MAR 13, 2024",SAC vs. LAL,W,28,5,8,0.625,3,5,0.6,1,2,0.5,0,2,2,0,3,1,1,2,14,6,1,2024-03-13
22023,1631165,22300945,"MAR 12, 2024",SAC vs. MIL,W,27,3,4,0.75,1,2,0.5,0,0,0.0,0,4,4,2,3,0,1,4,7,27,1,2024-03-12
22023,1631165,22300929,"MAR 10, 2024",SAC vs. HOU,L,18,0,2,0.0,0,1,0.0,0,0,0.0,0,1,1,3,0,0,0,1,0,-9,1,2024-03-10
22023,1631165,22300908,"MAR 07, 2024",SAC vs. SAS,W,17,4,6,0.667,3,5,0.6,0,0,0.0,2,1,3,0,2,0,0,0,11,15,1,2024-03-07
22023,1631165,22300901,"MAR 06, 2024",SAC @ LAL,W,14,2,4,0.5,1,2,0.5,0,0,0.0,1,2,3,0,1,0,1,1,5,17,1,2024-03-06
22023,1631165,22300862,"MAR 01, 2024",SAC @ MIN,W,19,1,2,0.5,0,1,0.0,0,0,0.0,2,0,2,7,4,1,0,4,2,0,1,2024-03-01
22023,1631165,22300847,"FEB 28, 2024",SAC @ DEN,L,8,0,2,0.0,0,1,0.0,0,0,0.0,2,0,2,1,0,0,1,1,0,-9,1,2024-02-28
22023,1629234,22301025,"MAR 23, 2024",PHX @ SAS,W,18,3,4,0.75,0,0,0.0,4,5,0.8,0,3,3,1,1,3,0,1,10,2,1,2024-03-23
22023,1629234,22301010,"MAR 21, 2024",PHX vs. ATL,W,16,3,4,0.75,0,0,0.0,1,1,1.0,1,3,4,0,0,3,1,2,7,18,1,2024-03-21
22023,1629234,22301002,"MAR 20, 2024",PHX vs. PHI,W,14,2,5,0.4,0,0,0.0,0,0,0.0,1,3,4,1,1,0,1,1,4,3,1,2024-03-20
22023,1629234,22300976,"MAR 17, 2024",PHX @ MIL,L,5,2,2,1.0,0,0,0.0,0,0,0.0,0,1,1,0,0,0,0,1,4,0,1,2024-03-17
22023,1629234,22300961,"MAR 15, 2024",PHX @ CHA,W,15,3,4,0.75,0,0,0.0,0,0,0.0,2,6,8,0,0,0,1,2,6,11,1,2024-03-15
22023,1629234,22300955,"MAR 14, 2024",PHX @ BOS,L,4,0,2,0.0,0,0,0.0,0,0,0.0,3,0,3,0,0,0,0,0,0,-9,1,2024-03-14
22023,1629234,22300934,"MAR 11, 2024",PHX @ CLE,W,18,2,2,1.0,0,0,0.0,0,0,0.0,2,4,6,0,1,1,0,0,4,5,1,2024-03-11
22023,1629234,22300920,"MAR 09, 2024",PHX vs. BOS,L,11,0,0,0.0,0,0,0.0,0,0,0.0,0,1,1,0,0,0,0,1,0,-20,1,2024-03-09
22023,1629234,22300905,"MAR 07, 2024",PHX vs. TOR,W,21,3,5,0.6,0,0,0.0,0,0,0.0,4,4,8,1,1,1,1,0,6,8,1,2024-03-07
22023,1629234,22300893,"MAR 05, 2024",PHX @ DEN,W,23,3,3,1.0,0,0,0.0,4,4,1.0,4,4,8,0,0,2,0,3,10,1,2,2024-03-05
22023,1629234,22300878,"MAR 03, 2024",PHX vs. OKC,L,11,2,3,0.667,0,0,0.0,2,2,1.0,0,3,3,1,0,0,0,0,6,-13,1,2024-03-03
22023,1629234,22300870,"MAR 02, 2024",PHX vs. HOU,L,14,1,3,0.333,0,0,0.0,0,0,0.0,0,2,2,1,0,0,1,2,2,-10,1,2024-03-02
22023,1629234,22300854,"FEB 29, 2024",PHX vs. HOU,W,16,1,2,0.5,0,0,0.0,2,2,1.0,1,6,7,0,0,1,2,0,4,-2,1,2024-02-29
22023,1629234,22300818,"FEB 25, 2024",PHX vs. LAL,W,10,1,2,0.5,0,0,0.0,0,0,0.0,1,0,1,1,1,2,0,1,2,2,1,2024-02-25
22023,1629234,22300806,"FEB 23, 2024",PHX @ HOU,L,25,3,5,0.6,0,0,0.0,3,4,0.75,1,4,5,1,1,2,1,2,9,0,1,2024-02-23
22023,1629234,22300796,"FEB 22, 2024",PHX @ DAL,L,6,0,0,0.0,0,0,0.0,0,0,0.0,2,1,3,0,0,1,1,2,0,-10,1,2024-02-22
22023,203957,22301008,"MAR 21, 2024",DAL vs. UTA,W,15,0,1,0.0,0,0,0.0,0,0,0.0,0,2,2,2,0,0,2,2,0,-8,1,2024-03-21
22023,203957,22300994,"MAR 19, 2024",DAL @ SAS,W,28,5,8,0.625,4,4,1.0,2,2,1.0,0,1,1,2,0,0,2,1,16,16,1,2024-03-19
22023,203957,22300978,"MAR 17, 2024",DAL vs. DEN,W,18,4,8,0.5,0,1,0.0,0,0,0.0,0,3,3,1,0,0,0,1,8,-10,1,2024-03-17
22023,203957,22300959,"MAR 14, 2024",DAL @ OKC,L,22,2,8,0.25,1,2,0.5,2,2,1.0,0,0,0,2,0,0,4,3,7,-8,1,2024-03-14
22023,203957,22300952,"MAR 13, 2024",DAL vs. GSW,W,25,3,4,0.75,1,1,1.0,2,3,0.667,0,2,2,6,1,0,1,1,9,6,1,2024-03-13
22023,203957,22300935,"MAR 11, 2024",DAL @ CHI,W,19,1,3,0.333,0,2,0.0,0,0,0.0,1,3,4,2,0,0,1,0,2,11,1,2024-03-11
22023,203957,22300919,"MAR 09, 2024",DAL @ DET,W,18,1,3,0.333,0,1,0.0,0,0,0.0,1,1,2,5,0,0,0,2,2,7,1,2024-03-09
22023,203957,22300904,"MAR 07, 2024",DAL vs. MIA,W,17,3,5,0.6,2,2,1.0,5,5,1.0,0,4,4,5,0,0,1,2,13,16,1,2024-03-07
22023,203957,22300892,"MAR 05, 2024",DAL vs. IND,L,16,1,1,1.0,0,0,0.0,2,2,1.0,0,2,2,2,1,0,0,2,4,5,1,2024-03-05
22023,203957,22300871,"MAR 03, 2024",DAL vs. PHI,L,8,0,0,0.0,0,0,0.0,1,2,0.5,0,0,0,0,0,0,1,0,1,-5,1,2024-03-03
22023,203957,22300859,"MAR 01, 2024",DAL @ BOS,L,15,1,5,0.2,0,1,0.0,2,2,1.0,0,2,2,1,0,0,0,1,4,0,1,2024-03-01
22023,203957,22300844,"FEB 28, 2024",DAL @ TOR,W,17,1,2,0.5,1,1,1.0,1,2,0.5,0,3,3,5,0,0,0,2,4,6,1,2024-02-28
22023,1628981,22301021,"MAR 23, 2024",ATL vs. CHA,W,26,11,14,0.786,0,1,0.0,3,4,0.75,4,2,6,1,1,1,0,4,25,19,1,2024-03-23
22023,1628981,22301010,"MAR 21, 2024",ATL @ PHX,L,4,1,2,0.5,0,0,0.0,2,2,1.0,2,1,3,0,0,0,0,0,4,-6,1,2024-03-21
22023,1628981,22300990,"MAR 18, 2024",ATL @ LAL,L,9,1,3,0.333,0,0,0.0,3,4,0.75,2,4,6,2,0,1,1,1,5,-4,1,2024-03-18
22023,1628981,22300982,"MAR 17, 2024",ATL @ LAC,W,22,2,6,0.333,0,0,0.0,2,2,1.0,2,5,7,1,2,0,4,4,6,-1,1,2024-03-17
22023,1628981,22300966,"MAR 15, 2024",ATL @ UTA,L,16,1,1,1.0,0,0,0.0,0,0,0.0,1,4,5,2,2,0,0,3,2,-2,1,2024-03-15
22023,1628981,22300953,"MAR 13, 2024",ATL @ POR,L,21,3,5,0.6,0,0,0.0,0,0,0.0,1,6,7,0,1,1,2,2,6,2,1,2024-03-13
22023,1628981,22300925,"MAR 10, 2024",ATL vs. NOP,L,22,3,5,0.6,0,0,0.0,0,0,0.0,3,8,11,2,2,3,1,3,6,-17,1,2024-03-10
22023,1628981,22300913,"MAR 08, 2024",ATL @ MEM,W,21,0,1,0.0,0,0,0.0,1,2,0.5,1,6,7,0,2,0,1,3,1,-6,1,2024-03-08
22023,1628981,22300895,"MAR 06, 2024",ATL vs. CLE,W,25,3,6,0.5,0,0,0.0,1,2,0.5,1,9,10,2,2,1,0,3,7,5,1,2024-03-06
22023,1628981,22300889,"MAR 05, 2024",ATL @ NYK,W,23,2,4,0.5,0,0,0.0,0,0,0.0,3,4,7,0,0,2,7,4,4,3,1,2024-03-05
22023,1628981,22300866,"MAR 02, 2024",ATL @ BKN,L,19,4,5,0.8,0,0,0.0,2,2,1.0,2,2,4,1,0,3,0,4,10,1,1,2024-03-02
22023,1628981,22300851,"FEB 29, 2024",ATL @ BKN,L,18,1,3,0.333,0,0,0.0,0,0,0.0,1,2,3,1,2,0,1,2,2,-18,1,2024-02-29
22023,1628981,22300835,"FEB 27, 2024",ATL vs. UTA,W,18,4,4,1.0,0,0,0.0,0,0,0.0,3,0,3,1,0,0,1,2,8,13,1,2024-02-27
22023,1628981,22300821,"FEB 25, 2024",ATL vs. ORL,W,19,2,5,0.4,0,0,0.0,3,4,0.75,0,1,1,4,2,0,0,2,7,14,1,2024-02-25
22023,1628981,22300804,"FEB 23, 2024",ATL vs. TOR,L,11,5,8,0.625,0,0,0.0,2,4,0.5,4,0,4,0,1,0,1,0,12,-1,1,2024-02-23
22023,1627827,22301019,"MAR 23, 2024",BKN @ NYK,L,21,1,5,0.2,0,4,0.0,0,0,0.0,0,4,4,2,0,0,0,4,2,-7,1,2024-03-23
22023,1627827,22300993,"MAR 19, 2024",BKN vs. NOP,L,28,0,6,0.0,0,4,0.0,2,2,1.0,0,3,3,1,1,1,0,0,2,-15,1,2024-03-19
22023,1627827,22300981,"MAR 17, 2024",BKN @ SAS,L,38,4,9,0.444,0,3,0.0,0,0,0.0,3,4,7,1,4,1,1,3,8,-9,1,2024-03-17
22023,1627827,22300968,"MAR 16, 2024",BKN @ IND,L,26,5,5,1.0,2,2,1.0,0,0,0.0,1,3,4,0,1,0,0,4,12,-7,1,2024-03-16
22023,1627827,22300947,"MAR 13, 2024",BKN @ ORL,L,25,2,8,0.25,0,5,0.0,2,2,1.0,1,2,3,2,2,0,0,3,6,-17,1,2024-03-13
22023,1627827,22300930,"MAR 10, 2024",BKN @ CLE,W,33,3,10,0.3,3,9,0.333,2,2,1.0,2,2,4,4,0,1,0,1,11,3,1,2024-03-10
22023,1627827,22300918,"MAR 09, 2024",BKN @ CHA,L,38,2,8,0.25,1,6,0.167,3,4,0.75,2,3,5,2,1,0,2,1,8,9,1,2024-03-09
22023,1627827,22300902,"MAR 07, 2024",BKN @ DET,L,37,5,9,0.556,3,7,0.429,0,0,0.0,0,3,3,0,3,1,1,2,13,6,1,2024-03-07
22023,1627827,22300887,"MAR 05, 2024",BKN vs. PHI,W,31,8,11,0.727,4,7,0.571,0,0,0.0,3,5,8,2,0,0,1,0,20,9,1,2024-03-05
22023,1627827,22300879,"MAR 04, 2024",BKN vs. MEM,L,37,3,8,0.375,3,6,0.5,0,0,0.0,4,1,5,5,1,1,3,4,9,-8,1,2024-03-04
22023,1627827,22300866,"MAR 02, 2024",BKN vs. ATL,W,35,5,7,0.714,1,3,0.333,0,0,0.0,2,2,4,5,1,0,1,2,11,19,1,2024-03-02
22023,1627827,22300851,"FEB 29, 2024",BKN vs. ATL,W,27,3,8,0.375,1,6,0.167,0,0,0.0,0,3,3,1,0,0,1,0,7,25,1,2024-02-29
22023,1627827,22300833,"FEB 27, 2024",BKN @ ORL,L,21,1,2,0.5,1,1,1.0,0,0,0.0,1,3,4,2,2,1,3,2,3,-20,1,2024-02-27
22023,1627827,22300830,"FEB 26, 2024",BKN @ MEM,W,25,6,10,0.6,1,4,0.25,0,0,0.0,4,5,9,4,0,1,0,4,13,23,1,2024-02-26
22023,1627827,22300815,"FEB 24, 2024",BKN @ MIN,L,30,4,9,0.444,1,4,0.25,2,2,1.0,3,6,9,0,0,0,1,4,11,-10,1,2024-02-24
22023,1627827,22300795,"FEB 22, 2024",BKN @ TOR,L,15,1,3,0.333,1,3,0.333,0,0,0.0,1,1,2,0,1,0,3,4,3,-10,1,2024-02-22
22023,1630201,22301027,"MAR 24, 2024",DET vs. NOP,L,25,6,12,0.5,3,7,0.429,2,3,0.667,3,1,4,4,1,0,0,0,17,-4,1,2024-03-24
22023,1630201,22300997,"MAR 20, 2024",DET vs. IND,L,3,0,2,0.0,0,2,0.0,0,0,0.0,1,1,2,1,0,0,1,0,0,7,1,2024-03-20
22023,1630201,22300984,"MAR 18, 2024",DET @ BOS,L,18,3,8,0.375,2,5,0.4,3,4,0.75,0,2,2,1,2,0,0,0,11,-23,1,2024-03-18
22023,1630201,22300962,"MAR 15, 2024",DET vs. MIA,L,1,0,0,0.0,0,0,0.0,0,0,0.0,0,0,0,0,0,0,0,0,0,2,1,2024-03-15
22023,1630201,22300919,"MAR 09, 2024",DET vs. DAL,L,2,1,1,1.0,0,0,0.0,0,0,0.0,0,0,0,1,0,0,1,1,2,-2,1,2024-03-09
22023,1630201,22300902,"MAR 07, 2024",DET vs. BKN,W,4,0,0,0.0,0,0,0.0,0,0,0.0,0,0,0,0,0,0,0,0,0,-2,1,2024-03-07
22023,1630201,22300857,"MAR 01, 2024",DET vs. CLE,L,5,0,3,0.0,0,2,0.0,0,0,0.0,0,0,0,0,0,0,0,1,0,-10,1,2024-03-01
22023,1630201,22300839,"FEB 27, 2024",DET @ CHI,W,12,3,8,0.375,1,4,0.25,0,0,0.0,0,2,2,1,0,0,2,0,7,-13,1,2024-02-27
22023,1630201,22300828,"FEB 26, 2024",DET @ NYK,L,12,3,6,0.5,1,2,0.5,1,2,0.5,0,3,3,2,0,0,0,1,8,-5,1,2024-02-26
22023,1630201,22300814,"FEB 24, 2024",DET vs. ORL,L,17,3,6,0.5,1,2,0.5,1,2,0.5,0,1,1,3,1,0,1,0,8,-2,1,2024-02-24
22023,1630201,22300793,"FEB 22, 2024",DET @ IND,L,11,1,5,0.2,0,1,0.0,0,0,0.0,0,1,1,3,2,0,2,2,2,-12,1,2024-02-22
22023,1631323,22300977,"MAR 17, 2024",DET vs. MIA,L,35,5,12,0.417,2,7,0.286,1,1,1.0,2,6,8,2,0,2,0,3,13,-5,1,2024-03-17
22023,1631323,22300962,"MAR 15, 2024",DET vs. MIA,L,34,9,16,0.563,5,8,0.625,1,2,0.5,1,5,6,0,1,0,2,2,24,-9,1,2024-03-15
22023,1631323,22300946,"MAR 13, 2024",DET vs. TOR,W,38,3,11,0.273,2,7,0.286,4,4,1.0,0,4,4,0,0,0,3,1,12,17,1,2024-03-13
22023,1631323,22300933,"MAR 11, 2024",DET vs. CHA,W,37,7,11,0.636,3,7,0.429,0,0,0.0,0,8,8,3,2,1,2,4,17,18,1,2024-03-11
22023,1631323,22300919,"MAR 09, 2024",DET vs. DAL,L,32,9,13,0.692,4,5,0.8,5,5,1.0,1,3,4,2,1,1,0,4,27,2,1,2024-03-09
22023,1631323,22300902,"MAR 07, 2024",DET vs. BKN,W,23,2,7,0.286,0,2,0.0,0,0,0.0,2,4,6,1,0,1,1,0,4,-1,1,2024-03-07
22023,1631323,22300888,"MAR 05, 2024",DET @ MIA,L,29,7,16,0.438,5,12,0.417,3,3,1.0,0,4,4,2,1,0,1,1,22,-3,1,2024-03-05
22023,1631323,22300874,"MAR 03, 2024",DET @ ORL,L,33,5,10,0.5,2,5,0.4,3,3,1.0,0,4,4,4,2,0,1,2,15,4,1,2024-03-03
22023,1631323,22300857,"MAR 01, 2024",DET vs. CLE,L,25,2,8,0.25,1,3,0.333,2,3,0.667,0,2,2,1,2,0,3,3,7,-4,1,2024-03-01
22023,1631323,22300839,"FEB 27, 2024",DET @ CHI,W,21,6,12,0.5,5,9,0.556,0,0,0.0,2,1,3,1,1,0,0,0,17,-13,1,2024-02-27
22023,1631323,22300828,"FEB 26, 2024",DET @ NYK,L,33,5,9,0.556,2,5,0.4,0,0,0.0,0,3,3,1,0,0,2,1,12,-2,1,2024-02-26
22023,1631323,22300814,"FEB 24, 2024",DET vs. ORL,L,31,7,13,0.538,3,5,0.6,0,0,0.0,1,2,3,5,1,0,0,2,17,1,1,2024-02-24
22023,1631323,22300793,"FEB 22, 2024",DET @ IND,L,33,6,12,0.5,2,6,0.333,0,0,0.0,0,1,1,0,0,0,1,1,14,-3,1,2024-02-22
22023,1630235,22301021,"MAR 23, 2024",ATL vs. CHA,W,17,2,5,0.4,0,1,0.0,0,0,0.0,0,1,1,9,2,0,1,0,4,18,1,2024-03-23
22023,1630235,22301010,"MAR 21, 2024",ATL @ PHX,L,10,1,2,0.5,0,1,0.0,0,0,0.0,1,0,1,4,1,0,1,1,2,-9,1,2024-03-21
22023,1630235,22300990,"MAR 18, 2024",ATL @ LAL,L,22,1,2,0.5,0,0,0.0,0,0,0.0,1,3,4,6,0,0,1,0,2,-14,1,2024-03-18
22023,1630235,22300982,"MAR 17, 2024",ATL @ LAC,W,16,1,3,0.333,0,0,0.0,0,0,0.0,0,1,1,3,0,0,0,1,2,9,1,2024-03-17
22023,1630235,22300966,"MAR 15, 2024",ATL @ UTA,L,19,0,1,0.0,0,0,0.0,0,0,0.0,0,2,2,4,0,1,0,1,0,-7,1,2024-03-15
22023,1630235,22300953,"MAR 13, 2024",ATL @ POR,L,11,2,4,0.5,0,0,0.0,2,2,1.0,0,0,0,4,0,0,1,0,6,2,1,2024-03-13
22023,1630235,22300925,"MAR 10, 2024",ATL vs. NOP,L,7,0,1,0.0,0,0,0.0,0,0,0.0,0,1,1,0,0,0,0,1,0,-8,1,2024-03-10
22023,1630235,22300913,"MAR 08, 2024",ATL @ MEM,W,8,1,2,0.5,0,0,0.0,0,0,0.0,0,1,1,0,0,0,0,0,2,-8,1,2024-03-08
22023,1630235,22300895,"MAR 06, 2024",ATL vs. CLE,W,14,3,4,0.75,0,0,0.0,0,0,0.0,1,2,3,1,0,0,0,1,6,3,1,2024-03-06
22023,1630235,22300889,"MAR 05, 2024",ATL @ NYK,W,11,2,2,1.0,0,0,0.0,1,2,0.5,0,1,1,4,0,0,0,2,5,14,1,2024-03-05
22023,1630235,22300866,"MAR 02, 2024",ATL @ BKN,L,2,0,0,0.0,0,0,0.0,0,0,0.0,0,0,0,1,0,0,0,0,0,2,1,2024-03-02
22023,1630235,22300851,"FEB 29, 2024",ATL @ BKN,L,5,0,1,0.0,0,0,0.0,0,0,0.0,0,0,0,1,0,0,0,0,0,-2,1,2024-02-29
22023,203095,22301027,"MAR 24, 2024",DET vs. NOP,L,10,0,5,0.0,0,4,0.0,2,2,1.0,0,1,1,0,0,0,0,0,2,-8,1,2024-03-24
22023,203095,22301011,"MAR 22, 2024",DET vs. BOS,L,28,3,7,0.429,0,3,0.0,0,0,0.0,0,1,1,3,1,1,1,4,6,-8,1,2024-03-22
22023,203095,22300997,"MAR 20, 2024",DET vs. IND,L,22,2,6,0.333,1,2,0.5,0,0,0.0,1,2,3,4,1,0,2,0,5,-6,1,2024-03-20
22023,203095,22300984,"MAR 18, 2024",DET @ BOS,L,22,1,9,0.111,1,7,0.143,0,0,0.0,0,1,1,4,0,0,1,2,3,-6,1,2024-03-18
22023,203095,22300977,"MAR 17, 2024",DET vs. MIA,L,31,6,14,0.429,4,8,0.5,2,3,0.667,0,4,4,1,3,0,2,5,18,12,1,2024-03-17
22023,203095,22300962,"MAR 15, 2024",DET vs. MIA,L,16,4,8,0.5,1,5,0.2,3,3,1.0,0,1,1,3,1,0,0,1,12,-8,1,2024-03-15
22023,203095,22300946,"MAR 13, 2024",DET vs. TOR,W,5,1,3,0.333,0,1,0.0,0,0,0.0,0,1,1,1,0,0,0,1,2,-2,1,2024-03-13
22023,203095,22300933,"MAR 11, 2024",DET vs. CHA,W,11,1,4,0.25,1,4,0.25,0,0,0.0,0,1,1,2,2,0,0,2,3,2,1,2024-03-11
22023,203095,22300919,"MAR 09, 2024",DET vs. DAL,L,11,0,3,0.0,0,2,0.0,0,0,0.0,0,2,2,1,0,0,0,0,0,-12,1,2024-03-09
22023,203095,22300902,"MAR 07, 2024",DET vs. BKN,W,13,1,2,0.5,0,1,0.0,0,0,0.0,0,2,2,1,1,0,1,2,2,1,1,2024-03-07
22023,203095,22300888,"MAR 05, 2024",DET @ MIA,L,15,2,10,0.2,2,8,0.25,1,1,1.0,0,2,2,1,0,0,0,3,7,2,1,2024-03-05
22023,203095,22300874,"MAR 03, 2024",DET @ ORL,L,26,6,13,0.462,3,8,0.375,2,2,1.0,1,0,1,5,1,0,0,2,17,8,1,2024-03-03
22023,203095,22300857,"MAR 01, 2024",DET vs. CLE,L,15,0,2,0.0,0,1,0.0,3,3,1.0,0,2,2,1,1,0,0,1,3,-1,1,2024-03-01
22023,203095,22300839,"FEB 27, 2024",DET @ CHI,W,6,0,2,0.0,0,1,0.0,0,0,0.0,0,0,0,0,0,1,0,0,0,-5,1,2024-02-27
22023,203095,22300828,"FEB 26, 2024",DET @ NYK,L,20,3,5,0.6,1,3,0.333,0,0,0.0,0,0,0,1,2,0,2,3,7,-1,1,2024-02-26
22023,203095,22300814,"FEB 24, 2024",DET vs. ORL,L,19,5,7,0.714,2,3,0.667,1,1,1.0,0,3,3,1,1,0,0,0,13,-2,1,2024-02-24
22023,203095,22300793,"FEB 22, 2024",DET @ IND,L,18,3,4,0.75,3,4,0.75,1,2,0.5,0,4,4,0,0,0,1,1,10,-18,1,2024-02-22
22023,1628368,22301020,"MAR 23, 2024",SAC @ ORL,W,36,10,22,0.455,3,12,0.25,8,9,0.889,2,6,8,2,3,0,2,3,31,14,1,2024-03-23
22023,1628368,22301005,"MAR 21, 2024",SAC @ WAS,L,37,10,30,0.333,5,15,0.333,0,0,0.0,3,2,5,5,6,1,3,4,25,-7,1,2024-03-21
22023,1628368,22300999,"MAR 20, 2024",SAC @ TOR,W,28,8,15,0.533,3,7,0.429,1,2,0.5,0,4,4,5,2,0,3,0,20,22,1,2024-03-20
22023,1628368,22300989,"MAR 18, 2024",SAC vs. MEM,W,43,8,16,0.5,4,7,0.571,3,4,0.75,1,6,7,10,3,1,6,4,23,0,1,2024-03-18
22023,1628368,22300975,"MAR 16, 2024",SAC vs. NYK,L,36,5,19,0.263,2,7,0.286,8,10,0.8,1,6,7,9,2,0,3,4,20,0,1,2024-03-16
22023,1628368,22300954,"MAR 13, 2024",SAC vs. LAL,W,35,9,20,0.45,1,5,0.2,2,2,1.0,1,3,4,7,1,0,2,3,21,13,1,2024-03-13
22023,1628368,22300945,"MAR 12, 2024",SAC vs. MIL,W,32,11,17,0.647,4,5,0.8,3,3,1.0,1,5,6,7,2,1,4,2,29,25,1,2024-03-12
22023,1628368,22300929,"MAR 10, 2024",SAC vs. HOU,L,34,7,21,0.333,2,9,0.222,2,2,1.0,0,9,9,1,1,1,0,2,18,-9,1,2024-03-10
22023,1628368,22300908,"MAR 07, 2024",SAC vs. SAS,W,35,14,32,0.438,1,7,0.143,4,4,1.0,2,3,5,5,3,0,1,6,33,0,1,2024-03-07
22023,1628368,22300901,"MAR 06, 2024",SAC @ LAL,W,39,19,32,0.594,2,6,0.333,4,5,0.8,0,4,4,4,2,0,3,3,44,5,1,2024-03-06
22023,1628368,22300883,"MAR 04, 2024",SAC vs. CHI,L,39,8,16,0.5,2,7,0.286,2,3,0.667,0,1,1,10,1,0,5,0,20,8,1,2024-03-04
22023,1628368,22300831,"FEB 26, 2024",SAC vs. MIA,L,39,13,24,0.542,1,5,0.2,0,0,0.0,3,5,8,6,3,1,7,2,27,-9,1,2024-02-26
22023,1628368,22300827,"FEB 25, 2024",SAC @ LAC,W,33,12,22,0.545,0,4,0.0,9,10,0.9,2,4,6,7,3,0,3,3,33,23,1,2024-02-25
22023,1628368,22300803,"FEB 22, 2024",SAC vs. SAS,W,37,12,18,0.667,2,6,0.333,2,4,0.5,0,5,5,9,2,1,3,1,28,-1,1,2024-02-22
22023,1631241,22301022,"MAR 23, 2024",TOR @ WAS,L,23,1,5,0.2,0,2,0.0,2,2,1.0,1,3,4,4,2,0,3,1,4,-7,1,2024-03-23
22023,1631241,22301012,"MAR 22, 2024",TOR vs. OKC,L,29,4,10,0.4,0,3,0.0,2,2,1.0,0,4,4,3,0,0,2,1,10,-9,1,2024-03-22
22023,1631241,22300999,"MAR 20, 2024",TOR vs. SAC,L,21,1,4,0.25,0,1,0.0,2,2,1.0,1,3,4,1,1,0,0,3,4,-8,1,2024-03-20
22023,1631241,22300979,"MAR 17, 2024",TOR @ ORL,L,3,0,1,0.0,0,1,0.0,0,0,0.0,0,0,0,0,0,0,0,1,0,5,1,2024-03-17
22023,1631241,22300937,"MAR 11, 2024",TOR @ DEN,L,12,0,2,0.0,0,2,0.0,0,0,0.0,0,1,1,2,0,1,0,1,0,3,1,2024-03-11
22023,1631241,22300923,"MAR 09, 2024",TOR @ POR,L,18,2,3,0.667,0,1,0.0,2,2,1.0,1,3,4,2,0,0,3,3,6,-2,1,2024-03-09
22023,1631241,22300905,"MAR 07, 2024",TOR @ PHX,L,18,1,4,0.25,1,2,0.5,2,2,1.0,0,3,3,2,0,1,0,1,5,2,1,2024-03-07
22023,1631241,22300890,"MAR 05, 2024",TOR vs. NOP,L,18,4,7,0.571,1,3,0.333,4,5,0.8,0,3,3,1,0,0,0,0,13,-5,1,2024-03-05
22023,1631241,22300860,"MAR 01, 2024",TOR vs. GSW,L,1,0,0,0.0,0,0,0.0,0,0,0.0,0,0,0,0,0,0,0,0,0,-5,1,2024-03-01
22023,1628365,22301020,"MAR 23, 2024",ORL vs. SAC,L,19,2,5,0.4,0,0,0.0,0,0,0.0,0,1,1,2,2,0,1,2,4,21,1,2024-03-23
22023,1628365,22301004,"MAR 21, 2024",ORL vs. NOP,W,20,3,4,0.75,0,0,0.0,0,0,0.0,1,0,1,6,1,0,0,3,6,21,1,2024-03-21
22023,1628365,22300991,"MAR 19, 2024",ORL vs. CHA,W,18,0,4,0.0,0,0,0.0,0,0,0.0,2,1,3,1,0,0,1,3,0,10,1,2024-03-19
22023,1628365,22300979,"MAR 17, 2024",ORL vs. TOR,W,15,2,7,0.286,0,1,0.0,0,0,0.0,2,3,5,2,0,0,1,0,4,-1,1,2024-03-17
22023,1628365,22300963,"MAR 15, 2024",ORL @ TOR,W,17,3,8,0.375,0,0,0.0,0,0,0.0,0,0,0,2,0,1,0,1,6,1,1,2024-03-15
22023,1628365,22300947,"MAR 13, 2024",ORL vs. BKN,W,19,4,10,0.4,0,0,0.0,2,2,1.0,2,6,8,2,1,0,3,1,10,5,1,2024-03-13
22023,1628365,22300912,"MAR 08, 2024",ORL @ NYK,L,9,1,4,0.25,0,1,0.0,0,0,0.0,0,1,1,0,0,0,1,1,2,0,1,2024-03-08
22023,1628365,22300894,"MAR 06, 2024",ORL @ WAS,W,19,3,8,0.375,0,0,0.0,0,0,0.0,1,1,2,1,0,0,0,0,6,-20,1,2024-03-06
22023,1628365,22300874,"MAR 03, 2024",ORL vs. DET,W,16,8,8,1.0,0,0,0.0,0,0,0.0,1,2,3,1,0,1,2,1,16,-8,1,2024-03-03
22023,1628365,22300850,"FEB 29, 2024",ORL vs. UTA,W,18,1,4,0.25,0,0,0.0,5,6,0.833,1,2,3,3,2,0,0,2,7,8,1,2024-02-29
22023,1628365,22300833,"FEB 27, 2024",ORL vs. BKN,W,25,6,12,0.5,0,1,0.0,0,1,0.0,1,2,3,1,0,0,4,1,12,14,1,2024-02-27
22023,1628365,22300821,"FEB 25, 2024",ORL @ ATL,L,12,1,5,0.2,0,1,0.0,1,2,0.5,3,1,4,1,0,1,1,0,3,-16,1,2024-02-25
22023,1629655,22301008,"MAR 21, 2024",DAL vs. UTA,W,27,10,11,0.909,0,0,0.0,4,6,0.667,3,4,7,5,1,0,1,2,24,25,1,2024-03-21
22023,1629655,22300994,"MAR 19, 2024",DAL @ SAS,W,24,5,7,0.714,0,0,0.0,3,4,0.75,0,8,8,3,1,1,1,4,13,7,1,2024-03-19
22023,1629655,22300978,"MAR 17, 2024",DAL vs. DEN,W,24,4,7,0.571,0,0,0.0,0,0,0.0,3,3,6,1,0,1,0,5,8,13,1,2024-03-17
22023,1629655,22300959,"MAR 14, 2024",DAL @ OKC,L,26,8,11,0.727,0,0,0.0,3,3,1.0,6,9,15,1,0,1,2,3,19,-7,1,2024-03-14
22023,1629655,22300952,"MAR 13, 2024",DAL vs. GSW,W,26,5,5,1.0,0,0,0.0,0,0,0.0,2,4,6,1,2,7,2,4,10,6,1,2024-03-13
22023,1629655,22300935,"MAR 11, 2024",DAL @ CHI,W,23,9,9,1.0,0,0,0.0,2,3,0.667,3,4,7,1,1,2,0,4,20,11,1,2024-03-11
22023,1629655,22300919,"MAR 09, 2024",DAL @ DET,W,24,7,7,1.0,0,0,0.0,3,4,0.75,0,7,7,1,0,4,1,3,17,22,1,2024-03-09
22023,1629655,22300904,"MAR 07, 2024",DAL vs. MIA,W,21,5,5,1.0,0,0,0.0,2,4,0.5,2,5,7,0,1,1,0,3,12,-15,1,2024-03-07
22023,1629655,22300892,"MAR 05, 2024",DAL vs. IND,L,21,7,7,1.0,0,0,0.0,2,5,0.4,3,7,10,2,1,3,0,2,16,-6,1,2024-03-05
22023,1629655,22300871,"MAR 03, 2024",DAL vs. PHI,L,13,0,1,0.0,0,0,0.0,0,0,0.0,1,3,4,0,2,0,0,3,0,-11,1,2024-03-03
22023,1629655,22300859,"MAR 01, 2024",DAL @ BOS,L,6,0,0,0.0,0,0,0.0,0,0,0.0,0,2,2,0,0,1,0,0,0,-2,1,2024-03-01
22023,1629655,22300844,"FEB 28, 2024",DAL @ TOR,W,25,6,7,0.857,0,0,0.0,1,1,1.0,4,3,7,1,1,1,4,4,13,11,1,2024-02-28
22023,1629655,22300832,"FEB 27, 2024",DAL @ CLE,L,7,2,3,0.667,0,0,0.0,0,0,0.0,0,2,2,0,0,0,0,2,4,-7,1,2024-02-27
22023,1629655,22300819,"FEB 25, 2024",DAL @ IND,L,19,4,6,0.667,0,0,0.0,0,2,0.0,3,2,5,0,0,1,0,2,8,-23,1,2024-02-25
22023,1629655,22300796,"FEB 22, 2024",DAL vs. PHX,W,17,0,1,0.0,0,0,0.0,4,4,1.0,2,3,5,1,0,1,1,4,4,11,1,2024-02-22
22023,201568,22300998,"MAR 20, 2024",MIL @ BOS,L,19,2,3,0.667,0,1,0.0,0,0,0.0,0,1,1,1,1,1,0,1,4,-8,1,2024-03-20
22023,201568,22300958,"MAR 14, 2024",MIL vs. PHI,W,5,0,0,0.0,0,0,0.0,0,0,0.0,0,1,1,1,0,0,0,1,0,-5,1,2024-03-14
22023,201568,22300945,"MAR 12, 2024",MIL @ SAC,L,7,2,4,0.5,0,2,0.0,3,4,0.75,0,0,0,0,0,0,0,0,7,-7,1,2024-03-12
22023,201568,22300924,"MAR 10, 2024",MIL @ LAC,W,6,1,1,1.0,1,1,1.0,0,0,0.0,0,0,0,0,0,0,0,0,3,5,1,2024-03-10
22023,201568,22300915,"MAR 08, 2024",MIL @ LAL,L,3,0,1,0.0,0,1,0.0,0,0,0.0,0,0,0,0,0,0,0,1,0,-6,1,2024-03-08
22023,201568,22300899,"MAR 06, 2024",MIL @ GSW,L,9,0,2,0.0,0,2,0.0,0,0,0.0,0,1,1,0,1,0,1,0,0,-15,1,2024-03-06
22023,201568,22300880,"MAR 04, 2024",MIL vs. LAC,W,17,1,2,0.5,0,1,0.0,2,2,1.0,1,1,2,3,0,0,1,1,4,4,1,2024-03-04
22023,201568,22300864,"MAR 01, 2024",MIL @ CHI,W,6,0,2,0.0,0,1,0.0,0,0,0.0,0,1,1,0,0,0,0,2,0,-1,1,2024-03-01
22023,201568,22300849,"FEB 29, 2024",MIL @ CHA,W,12,1,3,0.333,0,1,0.0,0,0,0.0,1,0,1,1,0,0,0,1,2,-13,1,2024-02-29
22023,201568,22300840,"FEB 27, 2024",MIL vs. CHA,W,15,2,4,0.5,0,1,0.0,4,4,1.0,1,1,2,0,0,0,1,1,8,0,1,2024-02-27
22023,201568,22300817,"FEB 25, 2024",MIL @ PHI,W,9,0,2,0.0,0,1,0.0,0,0,0.0,0,0,0,3,0,0,0,0,0,-3,1,2024-02-25
22023,201568,22300808,"FEB 23, 2024",MIL @ MIN,W,5,0,1,0.0,0,0,0.0,0,0,0.0,1,0,1,0,1,0,1,2,0,1,1,2024-02-23
22023,1629636,22301014,"MAR 22, 2024",CLE @ MIN,L,35,8,21,0.381,0,6,0.0,3,3,1.0,1,1,2,4,0,0,2,2,19,-9,1,2024-03-22
22023,1629636,22300996,"MAR 20, 2024",CLE vs. MIA,L,41,7,18,0.389,5,12,0.417,1,1,1.0,1,0,1,9,0,0,1,2,20,3,1,2024-03-20
22023,1629636,22300983,"MAR 18, 2024",CLE @ IND,W,36,5,18,0.278,1,9,0.111,2,4,0.5,4,2,6,7,2,0,5,4,13,10,1,2024-03-18
22023,1629636,22300967,"MAR 16, 2024",CLE @ HOU,L,33,5,13,0.385,1,6,0.167,1,2,0.5,0,5,5,4,1,0,0,0,12,-16,1,2024-03-16
22023,1629636,22300951,"MAR 13, 2024",CLE @ NOP,W,34,10,16,0.625,6,10,0.6,1,1,1.0,0,6,6,11,2,1,1,2,27,23,1,2024-03-13
22023,1629636,22300934,"MAR 11, 2024",CLE vs. PHX,L,36,10,17,0.588,7,10,0.7,3,4,0.75,0,2,2,5,1,0,5,2,30,-16,1,2024-03-11
22023,1629636,22300930,"MAR 10, 2024",CLE vs. BKN,L,27,4,9,0.444,3,6,0.5,3,3,1.0,0,1,1,5,1,0,4,3,14,-16,1,2024-03-10
22023,1629636,22300911,"MAR 08, 2024",CLE vs. MIN,W,44,13,26,0.5,2,10,0.2,6,7,0.857,2,2,4,8,0,0,6,5,34,19,1,2024-03-08
22023,1629636,22300895,"MAR 06, 2024",CLE @ ATL,L,32,5,14,0.357,3,11,0.273,2,3,0.667,0,1,1,7,0,0,2,4,15,-11,1,2024-03-06
22023,1629636,22300886,"MAR 05, 2024",CLE vs. BOS,W,36,6,20,0.3,3,8,0.375,1,2,0.5,0,1,1,11,2,0,3,2,16,0,1,2024-03-05
22023,1629636,22300876,"MAR 03, 2024",CLE vs. NYK,L,40,7,14,0.5,5,8,0.625,0,0,0.0,1,3,4,5,2,0,2,1,19,-6,1,2024-03-03
22023,1629636,22300857,"MAR 01, 2024",CLE @ DET,W,36,9,21,0.429,8,12,0.667,3,3,1.0,1,4,5,4,1,0,5,4,29,5,1,2024-03-01
22023,1629636,22300846,"FEB 28, 2024",CLE @ CHI,L,44,8,22,0.364,7,14,0.5,0,0,0.0,0,2,2,5,1,0,1,4,23,3,1,2024-02-28
22023,1629636,22300832,"FEB 27, 2024",CLE vs. DAL,W,32,2,10,0.2,1,5,0.2,3,5,0.6,1,0,1,7,0,0,2,1,8,12,1,2024-02-27
22023,1629636,22300820,"FEB 25, 2024",CLE @ WAS,W,33,6,15,0.4,3,9,0.333,2,2,1.0,0,2,2,7,1,0,3,2,17,22,1,2024-02-25
22023,1629636,22300805,"FEB 23, 2024",CLE @ PHI,L,38,6,13,0.462,2,6,0.333,6,6,1.0,0,5,5,9,2,0,3,1,20,-1,1,2024-02-23
22023,1629636,22300792,"FEB 22, 2024",CLE vs. ORL,L,37,6,12,0.5,3,5,0.6,3,5,0.6,0,2,2,10,2,0,4,2,18,2,1,2024-02-22
22023,1630586,22300824,"FEB 25, 2024",GSW vs. DEN,L,2,0,0,0.0,0,0,0.0,0,0,0.0,1,0,1,0,0,0,0,1,0,-2,1,2024-02-25
22023,1630568,22300995,"MAR 19, 2024",MIN vs. DEN,L,22,4,11,0.364,2,8,0.25,1,2,0.5,3,3,6,0,2,1,0,1,11,-3,1,2024-03-19
22023,1630568,22300987,"MAR 18, 2024",MIN @ UTA,W,11,3,5,0.6,2,4,0.5,0,0,0.0,1,0,1,0,0,0,2,1,8,-13,1,2024-03-18
22023,1630568,22300974,"MAR 16, 2024",MIN @ UTA,W,13,4,9,0.444,1,4,0.25,0,0,0.0,1,2,3,0,0,0,0,2,9,2,1,2024-03-16
22023,1630568,22300932,"MAR 10, 2024",MIN @ LAL,L,10,2,5,0.4,1,3,0.333,4,4,1.0,2,1,3,1,0,0,1,3,9,-1,1,2024-03-10
22023,1630568,22300815,"FEB 24, 2024",MIN vs. BKN,W,0,0,0,0.0,0,0,0.0,0,0,0.0,0,0,0,0,0,0,0,0,0,0,1,2024-02-24
22023,1641718,22301024,"MAR 23, 2024",UTA @ HOU,L,31,4,13,0.308,2,9,0.222,5,6,0.833,0,4,4,5,0,0,2,0,15,-30,1,2024-03-23
22023,1641718,22301008,"MAR 21, 2024",UTA @ DAL,L,33,6,16,0.375,1,6,0.167,5,5,1.0,0,2,2,5,1,0,6,0,18,-9,1,2024-03-21
22023,1641718,22301000,"MAR 20, 2024",UTA @ OKC,L,28,3,14,0.214,0,7,0.0,3,3,1.0,0,7,7,2,0,0,2,1,9,-23,1,2024-03-20
22023,1641718,22300987,"MAR 18, 2024",UTA vs. MIN,L,30,6,12,0.5,2,3,0.667,1,1,1.0,0,3,3,8,1,0,6,0,15,-5,1,2024-03-18
22023,1641718,22300974,"MAR 16, 2024",UTA vs. MIN,L,30,5,16,0.313,1,7,0.143,7,8,0.875,0,3,3,2,0,0,4,2,18,-13,1,2024-03-16
22023,1641718,22300966,"MAR 15, 2024",UTA vs. ATL,W,35,8,19,0.421,1,7,0.143,8,8,1.0,0,4,4,5,2,0,2,2,25,0,1,2024-03-15
22023,1641718,22300943,"MAR 12, 2024",UTA vs. BOS,L,35,9,17,0.529,5,10,0.5,3,4,0.75,0,1,1,6,0,2,3,5,26,-26,1,2024-03-12
22023,1641718,22300922,"MAR 09, 2024",UTA @ DEN,L,38,10,17,0.588,5,8,0.625,4,5,0.8,0,5,5,6,0,0,4,2,29,-2,1,2024-03-09
22023,1641718,22300882,"MAR 04, 2024",UTA vs. WAS,W,6,0,2,0.0,0,0,0.0,0,0,0.0,0,1,1,1,0,0,1,0,0,-6,1,2024-03-04
22023,1641718,22300867,"MAR 02, 2024",UTA @ MIA,L,43,12,23,0.522,6,14,0.429,1,2,0.5,0,4,4,4,0,0,5,0,31,-8,1,2024-03-02
22023,1641718,22300850,"FEB 29, 2024",UTA @ ORL,L,31,5,12,0.417,2,4,0.5,7,7,1.0,0,3,3,9,1,0,2,0,19,-4,1,2024-02-29
22023,1641718,22300835,"FEB 27, 2024",UTA @ ATL,L,34,5,15,0.333,4,9,0.444,0,0,0.0,0,1,1,6,0,0,2,1,14,-14,1,2024-02-27
22023,1641718,22300825,"FEB 25, 2024",UTA vs. SAS,W,30,3,13,0.231,1,4,0.25,0,0,0.0,0,3,3,6,1,1,3,0,7,11,1,2024-02-25
22023,1641718,22300801,"FEB 22, 2024",UTA vs. CHA,L,31,7,14,0.5,2,8,0.25,0,0,0.0,0,3,3,5,0,0,5,2,16,7,1,2024-02-22
22023,202331,22301028,"MAR 24, 2024",LAC vs. PHI,L,34,7,15,0.467,4,8,0.5,0,0,0.0,1,2,3,1,0,1,5,2,18,-18,0,2024-03-24
22023,202331,22301017,"MAR 22, 2024",LAC @ POR,W,28,10,14,0.714,4,8,0.5,7,7,1.0,0,4,4,3,2,2,0,3,31,24,1,2024-03-22
22023,202331,22301003,"MAR 20, 2024",LAC @ POR,W,36,10,18,0.556,4,7,0.571,3,3,1.0,0,6,6,4,2,1,0,1,27,23,1,2024-03-20
22023,202331,22300982,"MAR 17, 2024",LAC vs. ATL,L,35,9,20,0.45,4,12,0.333,4,4,1.0,0,6,6,1,4,1,1,1,26,-8,1,2024-03-17
22023,202331,22300964,"MAR 15, 2024",LAC @ NOP,L,41,10,21,0.476,3,9,0.333,3,3,1.0,0,5,5,6,1,1,2,1,26,-9,1,2024-03-15
22023,202331,22300956,"MAR 14, 2024",LAC @ CHI,W,35,11,12,0.917,6,7,0.857,0,0,0.0,0,5,5,7,1,1,1,4,28,22,1,2024-03-14
22023,202331,22300944,"MAR 12, 2024",LAC vs. MIN,L,35,5,11,0.455,2,5,0.4,10,10,1.0,0,3,3,3,1,0,5,4,22,-12,1,2024-03-12
22023,202331,22300917,"MAR 09, 2024",LAC vs. CHI,W,40,8,16,0.5,2,6,0.333,4,5,0.8,0,5,5,9,2,3,3,5,22,13,1,2024-03-09
22023,202331,22300897,"MAR 06, 2024",LAC @ HOU,W,39,7,15,0.467,4,9,0.444,3,3,1.0,1,6,7,2,1,1,2,0,21,9,1,2024-03-06
22023,202331,22300880,"MAR 04, 2024",LAC @ MIL,L,36,10,17,0.588,6,10,0.6,3,7,0.429,1,4,5,1,2,0,3,5,29,-12,1,2024-03-04
22023,202331,22300873,"MAR 03, 2024",LAC @ MIN,W,34,5,16,0.313,3,11,0.273,2,3,0.667,0,4,4,1,1,1,3,0,15,2,1,2024-03-03
22023,202331,22300865,"MAR 01, 2024",LAC vs. WAS,W,30,8,15,0.533,2,6,0.333,4,5,0.8,0,6,6,3,0,0,0,1,22,16,1,2024-03-01
22023,202331,22300807,"FEB 23, 2024",LAC @ MEM,W,37,5,12,0.417,4,7,0.571,0,1,0.0,0,5,5,3,0,0,5,2,14,7,1,2024-02-23
22023,202331,22300799,"FEB 22, 2024",LAC @ OKC,L,36,6,16,0.375,2,6,0.333,0,0,0.0,1,6,7,6,1,0,0,2,14,0,1,2024-02-22
22023,1630581,22301012,"MAR 22, 2024",OKC @ TOR,W,22,4,6,0.667,1,2,0.5,1,1,1.0,0,2,2,5,0,1,2,3,10,13,1,2024-03-22
22023,1630581,22301000,"MAR 20, 2024",OKC vs. UTA,W,26,2,9,0.222,1,3,0.333,0,0,0.0,2,9,11,8,0,1,0,1,5,28,1,2024-03-20
22023,1630581,22300972,"MAR 16, 2024",OKC @ MEM,W,19,6,12,0.5,1,6,0.167,0,0,0.0,2,4,6,2,0,0,2,1,13,-3,1,2024-03-16
22023,1630581,22300959,"MAR 14, 2024",OKC vs. DAL,W,22,8,14,0.571,2,7,0.286,0,0,0.0,1,2,3,5,1,1,3,4,18,-1,1,2024-03-14
22023,1630581,22300941,"MAR 12, 2024",OKC vs. IND,L,28,7,15,0.467,1,2,0.5,0,0,0.0,4,3,7,3,0,0,1,0,15,2,1,2024-03-12
22023,1630581,22300931,"MAR 10, 2024",OKC vs. MEM,W,19,7,15,0.467,1,4,0.25,1,1,1.0,3,7,10,4,2,0,1,2,16,22,1,2024-03-10
22023,1630581,22300914,"MAR 08, 2024",OKC vs. MIA,W,23,5,9,0.556,1,3,0.333,0,0,0.0,1,8,9,6,0,0,1,0,11,-7,1,2024-03-08
22023,1630581,22300900,"MAR 06, 2024",OKC @ POR,W,32,8,9,0.889,1,2,0.5,2,2,1.0,1,5,6,7,1,0,5,3,19,17,1,2024-03-06
22023,1630581,22300884,"MAR 04, 2024",OKC @ LAL,L,29,6,10,0.6,1,2,0.5,0,0,0.0,2,3,5,4,1,1,3,2,13,6,1,2024-03-04
22023,1630581,22300878,"MAR 03, 2024",OKC @ PHX,W,19,4,9,0.444,2,4,0.5,0,0,0.0,0,1,1,2,2,2,1,2,10,-2,1,2024-03-03
22023,1630581,22300853,"FEB 29, 2024",OKC @ SAS,L,18,1,5,0.2,0,3,0.0,0,0,0.0,0,2,2,2,0,0,1,1,2,-10,1,2024-02-29
22023,1630581,22300841,"FEB 27, 2024",OKC vs. HOU,W,20,6,11,0.545,1,3,0.333,1,2,0.5,1,6,7,4,0,0,3,1,14,4,1,2024-02-27
22023,1630581,22300822,"FEB 25, 2024",OKC @ HOU,W,23,1,5,0.2,0,0,0.0,0,0,0.0,3,6,9,5,3,1,1,5,2,0,1,2024-02-25
22023,1630581,22300809,"FEB 23, 2024",OKC vs. WAS,W,22,5,8,0.625,1,2,0.5,1,2,0.5,2,5,7,3,1,2,3,0,12,22,1,2024-02-23
22023,1630581,22300799,"FEB 22, 2024",OKC vs. LAC,W,23,4,10,0.4,1,3,0.333,3,3,1.0,0,5,5,2,0,1,3,0,12,0,1,2024-02-22
22023,1628385,22300990,"MAR 18, 2024",LAL vs. ATL,W,5,1,1,1.0,0,0,0.0,0,0,0.0,0,1,1,0,0,0,0,0,2,-3,1,2024-03-18
22023,1628385,22300954,"MAR 13, 2024",LAL @ SAC,L,1,0,0,0.0,0,0,0.0,0,0,0.0,0,0,0,0,0,0,0,0,0,0,1,2024-03-13
22023,1628385,22300932,"MAR 10, 2024",LAL vs. MIN,W,1,0,1,0.0,0,0,0.0,0,0,0.0,0,0,0,0,0,0,0,0,0,-2,1,2024-03-10
22023,1628385,22300901,"MAR 06, 2024",LAL vs. SAC,L,1,0,0,0.0,0,0,0.0,0,0,0.0,0,0,0,0,0,0,0,0,0,0,1,2024-03-06
22023,1628385,22300884,"MAR 04, 2024",LAL vs. OKC,W,4,0,1,0.0,0,1,0.0,0,0,0.0,0,1,1,0,0,0,0,0,0,-11,1,2024-03-04
22023,1628983,22301012,"MAR 22, 2024",OKC @ TOR,W,33,9,20,0.45,1,5,0.2,4,6,0.667,1,6,7,8,3,1,6,4,23,7,1,2024-03-22
22023,1628983,22301000,"MAR 20, 2024",OKC vs. UTA,W,33,12,22,0.545,2,4,0.5,5,6,0.833,1,2,3,7,4,0,1,3,31,5,1,2024-03-20
22023,1628983,22300972,"MAR 16, 2024",OKC @ MEM,W,35,8,16,0.5,1,4,0.25,3,6,0.5,1,6,7,3,0,1,3,2,20,7,1,2024-03-16
22023,1628983,22300959,"MAR 14, 2024",OKC vs. DAL,W,37,9,16,0.563,1,4,0.25,12,15,0.8,1,8,9,5,2,0,1,2,31,16,1,2024-03-14
22023,1628983,22300941,"MAR 12, 2024",OKC vs. IND,L,37,12,27,0.444,1,7,0.143,5,6,0.833,2,8,10,5,2,1,4,4,30,-9,1,2024-03-12
22023,1628983,22300931,"MAR 10, 2024",OKC vs. MEM,W,27,8,14,0.571,5,7,0.714,2,2,1.0,0,2,2,6,0,0,1,2,23,29,1,2024-03-10
22023,1628983,22300914,"MAR 08, 2024",OKC vs. MIA,W,36,13,25,0.52,2,7,0.286,9,11,0.818,0,5,5,6,1,2,1,2,37,17,1,2024-03-08
22023,1628983,22300900,"MAR 06, 2024",OKC @ POR,W,36,13,23,0.565,0,3,0.0,11,12,0.917,0,3,3,5,1,1,4,2,37,3,1,2024-03-06
22023,1628983,22300884,"MAR 04, 2024",OKC @ LAL,L,30,5,13,0.385,1,2,0.5,9,9,1.0,2,5,7,4,4,2,4,3,20,-9,1,2024-03-04
22023,1628983,22300878,"MAR 03, 2024",OKC @ PHX,W,38,15,27,0.556,0,5,0.0,5,7,0.714,0,8,8,9,3,3,1,4,35,13,1,2024-03-03
22023,1628983,22300853,"FEB 29, 2024",OKC @ SAS,L,35,12,22,0.545,1,1,1.0,6,7,0.857,1,5,6,3,1,1,1,4,31,-7,1,2024-02-29
22023,1628983,22300841,"FEB 27, 2024",OKC vs. HOU,W,32,11,21,0.524,4,6,0.667,5,6,0.833,2,6,8,3,1,0,2,2,31,6,1,2024-02-27
22023,1628983,22300822,"FEB 25, 2024",OKC @ HOU,W,37,13,23,0.565,2,3,0.667,8,9,0.889,0,5,5,7,3,1,4,2,36,17,1,2024-02-25
22023,1628983,22300809,"FEB 23, 2024",OKC vs. WAS,W,30,10,17,0.588,1,3,0.333,9,9,1.0,0,7,7,9,1,1,1,3,30,38,1,2024-02-23
22023,1628983,22300799,"FEB 22, 2024",OKC vs. LAC,W,35,12,19,0.632,3,6,0.5,4,6,0.667,0,4,4,8,1,2,2,1,31,21,1,2024-02-22
22023,1630264,22301005,"MAR 21, 2024",WAS vs. SAC,W,18,2,4,0.5,0,1,0.0,4,4,1.0,1,1,2,1,1,0,1,2,8,-10,1,2024-03-21
22023,1630264,22300992,"MAR 19, 2024",WAS vs. HOU,L,22,5,9,0.556,2,3,0.667,0,0,0.0,3,5,8,3,0,0,1,3,12,-5,1,2024-03-19
22023,1630264,22300980,"MAR 17, 2024",WAS vs. BOS,L,25,5,11,0.455,1,4,0.25,2,2,1.0,2,2,4,3,0,0,2,4,13,-7,1,2024-03-17
22023,1630264,22300971,"MAR 16, 2024",WAS @ CHI,L,5,1,3,0.333,0,1,0.0,0,0,0.0,2,0,2,0,0,0,0,0,2,-3,1,2024-03-16
22023,1630264,22300957,"MAR 14, 2024",WAS @ HOU,L,4,0,0,0.0,0,0,0.0,0,0,0.0,0,0,0,0,0,0,0,0,0,5,1,2024-03-14
22023,1630264,22300940,"MAR 12, 2024",WAS @ MEM,L,4,1,2,0.5,0,0,0.0,0,0,0.0,0,1,1,0,0,1,0,0,2,-1,1,2024-03-12
22023,1630264,22300926,"MAR 10, 2024",WAS @ MIA,W,0,0,0,0.0,0,0,0.0,0,0,0.0,0,0,0,0,0,0,0,0,0,-1,1,2024-03-10
22023,1630264,22300910,"MAR 08, 2024",WAS vs. CHA,W,2,1,1,1.0,0,0,0.0,0,0,0.0,0,0,0,0,0,0,0,0,2,-3,1,2024-03-08
22023,1630264,22300856,"FEB 29, 2024",WAS @ LAL,L,0,0,0,0.0,0,0,0.0,0,0,0.0,0,0,0,0,0,0,0,0,0,0,1,2024-02-29
22023,1630264,22300809,"FEB 23, 2024",WAS @ OKC,L,6,0,2,0.0,0,1,0.0,0,0,0.0,0,0,0,3,1,0,0,0,0,0,1,2024-02-23
22023,1630264,22300800,"FEB 22, 2024",WAS @ DEN,L,4,0,1,0.0,0,0,0.0,3,4,0.75,1,1,2,0,0,0,0,0,3,4,1,2024-02-22
22023,1631221,22301026,"MAR 23, 2024",DEN @ POR,W,19,4,10,0.4,2,4,0.5,1,2,0.5,0,3,3,1,0,0,2,3,11,13,1,2024-03-23
22023,1631221,22300812,"FEB 23, 2024",DEN @ POR,W,24,7,9,0.778,4,4,1.0,0,1,0.0,0,2,2,4,1,0,0,1,18,23,1,2024-02-23
22023,203497,22301014,"MAR 22, 2024",MIN vs. CLE,W,37,4,8,0.5,0,0,0.0,1,4,0.25,6,9,15,1,0,2,1,2,9,10,1,2024-03-22
22023,203497,22300944,"MAR 12, 2024",MIN @ LAC,W,33,4,7,0.571,0,0,0.0,0,0,0.0,7,4,11,3,2,2,0,2,8,11,1,2024-03-12
22023,203497,22300911,"MAR 08, 2024",MIN @ CLE,L,37,3,7,0.429,0,0,0.0,1,2,0.5,4,13,17,2,1,2,2,6,7,7,1,2024-03-08
22023,203497,22300903,"MAR 07, 2024",MIN @ IND,W,40,7,11,0.636,0,0,0.0,4,5,0.8,6,8,14,0,2,3,2,2,18,6,1,2024-03-07
22023,203497,22300881,"MAR 04, 2024",MIN vs. POR,W,39,9,10,0.9,0,0,0.0,7,7,1.0,5,11,16,0,1,3,3,6,25,-4,1,2024-03-04
22023,203497,22300873,"MAR 03, 2024",MIN vs. LAC,L,40,5,7,0.714,0,0,0.0,2,2,1.0,3,13,16,2,0,3,1,3,12,4,1,2024-03-03
22023,203497,22300862,"MAR 01, 2024",MIN vs. SAC,L,42,6,9,0.667,0,0,0.0,4,8,0.5,2,14,16,1,0,3,1,5,16,-6,1,2024-03-01
22023,203497,22300845,"FEB 28, 2024",MIN vs. MEM,W,27,3,4,0.75,0,0,0.0,2,4,0.5,2,6,8,0,1,2,3,2,8,-16,1,2024-02-28
22023,203497,22300838,"FEB 27, 2024",MIN vs. SAS,W,39,6,12,0.5,0,1,0.0,1,2,0.5,6,11,17,3,0,4,1,2,13,4,1,2024-02-27
22023,203497,22300808,"FEB 23, 2024",MIN vs. MIL,L,38,6,8,0.75,0,0,0.0,0,1,0.0,7,12,19,1,0,2,0,5,12,5,1,2024-02-23
22023,1630692,22301015,"MAR 22, 2024",MEM @ SAS,W,25,1,5,0.2,0,3,0.0,0,0,0.0,0,5,5,5,1,0,3,0,2,-9,1,2024-03-22
22023,1630692,22300950,"MAR 13, 2024",MEM vs. CHA,L,19,5,11,0.455,2,5,0.4,0,0,0.0,0,3,3,1,2,1,2,4,12,-10,1,2024-03-13
22023,1630692,22300940,"MAR 12, 2024",MEM vs. WAS,W,32,3,12,0.25,1,5,0.2,1,2,0.5,3,9,12,7,1,1,2,2,8,2,1,2024-03-12
22023,1630692,22300913,"MAR 08, 2024",MEM vs. ATL,L,24,2,8,0.25,1,3,0.333,0,0,0.0,0,0,0,4,0,1,0,2,5,-10,1,2024-03-08
22023,1630692,22300868,"MAR 02, 2024",MEM vs. POR,L,30,2,6,0.333,0,2,0.0,0,2,0.0,2,3,5,8,3,1,3,2,4,-12,1,2024-03-02
22023,1630692,22300861,"MAR 01, 2024",MEM vs. POR,L,34,4,13,0.308,1,5,0.2,1,2,0.5,2,1,3,2,2,4,3,1,10,-31,1,2024-03-01
22023,1630692,22300845,"FEB 28, 2024",MEM @ MIN,L,31,1,8,0.125,1,3,0.333,2,2,1.0,3,5,8,8,2,0,2,2,5,1,1,2024-02-28
22023,203932,22301026,"MAR 23, 2024",DEN @ POR,W,37,8,21,0.381,0,2,0.0,6,8,0.75,8,4,12,5,0,3,1,0,22,-6,1,2024-03-23
22023,203932,22301009,"MAR 21, 2024",DEN vs. NYK,W,35,5,9,0.556,0,0,0.0,0,1,0.0,3,1,4,8,1,0,0,1,10,22,1,2024-03-21
22023,203932,22300995,"MAR 19, 2024",DEN @ MIN,W,32,5,10,0.5,0,0,0.0,4,5,0.8,7,4,11,2,0,0,4,1,14,-14,1,2024-03-19
22023,203932,22300978,"MAR 17, 2024",DEN @ DAL,L,34,4,7,0.571,0,2,0.0,3,4,0.75,0,8,8,4,0,1,0,3,11,12,1,2024-03-17
22023,203932,22300965,"MAR 15, 2024",DEN @ SAS,W,25,3,3,1.0,0,0,0.0,1,2,0.5,1,2,3,7,0,0,1,2,7,3,1,2024-03-15
22023,203932,22300949,"MAR 13, 2024",DEN @ MIA,W,33,6,11,0.545,1,4,0.25,3,6,0.5,2,6,8,4,0,0,1,4,16,17,1,2024-03-13
22023,203932,22300937,"MAR 11, 2024",DEN vs. TOR,W,31,8,9,0.889,1,2,0.5,2,3,0.667,0,2,2,1,0,0,1,1,19,-1,1,2024-03-11
22023,203932,22300922,"MAR 09, 2024",DEN vs. UTA,W,20,3,3,1.0,0,0,0.0,1,1,1.0,0,2,2,7,2,0,3,4,7,19,1,2024-03-09
22023,203932,22300906,"MAR 07, 2024",DEN vs. BOS,W,34,8,15,0.533,0,2,0.0,0,0,0.0,3,6,9,1,1,0,0,2,16,-6,1,2024-03-07
22023,203932,22300893,"MAR 05, 2024",DEN vs. PHX,L,34,3,10,0.3,1,3,0.333,0,1,0.0,1,2,3,3,0,0,1,2,7,-22,2,2024-03-05
22023,203932,22300869,"MAR 02, 2024",DEN @ LAL,W,35,8,16,0.5,1,4,0.25,1,1,1.0,5,4,9,5,1,0,1,2,18,10,1,2024-03-02
22023,203932,22300855,"FEB 29, 2024",DEN vs. MIA,W,37,5,8,0.625,0,0,0.0,6,6,1.0,2,7,9,3,3,1,4,2,16,-2,1,2024-02-29
22023,203932,22300847,"FEB 28, 2024",DEN vs. SAC,W,24,7,8,0.875,0,1,0.0,3,4,0.75,1,5,6,6,0,0,0,0,17,40,1,2024-02-28
22023,203932,22300824,"FEB 25, 2024",DEN @ GSW,W,33,7,10,0.7,0,3,0.0,3,5,0.6,2,4,6,2,3,1,2,4,17,21,1,2024-02-25
22023,203932,22300812,"FEB 23, 2024",DEN @ POR,W,28,4,5,0.8,0,1,0.0,0,2,0.0,0,2,2,7,2,1,3,1,8,23,1,2024-02-23
22023,203932,22300800,"FEB 22, 2024",DEN vs. WAS,W,21,7,12,0.583,0,2,0.0,3,3,1.0,0,2,2,4,1,0,3,4,17,20,1,2024-02-22
22023,201569,22301025,"MAR 23, 2024",PHX @ SAS,W,23,4,6,0.667,4,5,0.8,0,0,0.0,0,0,0,1,1,0,0,3,12,4,1,2024-03-23
22023,201569,22301010,"MAR 21, 2024",PHX vs. ATL,W,24,8,11,0.727,4,6,0.667,1,1,1.0,0,1,1,5,2,0,0,1,21,17,1,2024-03-21
22023,201569,22301002,"MAR 20, 2024",PHX vs. PHI,W,19,0,2,0.0,0,0,0.0,0,0,0.0,0,3,3,2,0,1,2,0,0,4,1,2024-03-20
22023,201569,22300976,"MAR 17, 2024",PHX @ MIL,L,22,4,5,0.8,2,2,1.0,0,0,0.0,1,0,1,2,1,1,1,2,10,0,1,2024-03-17
22023,201569,22300961,"MAR 15, 2024",PHX @ CHA,W,26,5,9,0.556,4,8,0.5,0,0,0.0,0,1,1,2,0,0,0,4,14,12,1,2024-03-15
22023,201569,22300920,"MAR 09, 2024",PHX vs. BOS,L,29,0,3,0.0,0,2,0.0,0,0,0.0,0,2,2,2,0,0,0,0,0,-9,1,2024-03-09
22023,201569,22300905,"MAR 07, 2024",PHX vs. TOR,W,23,2,7,0.286,1,4,0.25,0,0,0.0,0,2,2,1,1,0,0,1,5,-3,1,2024-03-07
22023,201569,22300893,"MAR 05, 2024",PHX @ DEN,W,22,1,7,0.143,0,4,0.0,2,4,0.5,1,0,1,2,2,0,1,0,4,6,2,2024-03-05
22023,201569,22300878,"MAR 03, 2024",PHX vs. OKC,L,30,6,15,0.4,3,8,0.375,0,0,0.0,0,0,0,3,0,0,1,0,15,-10,1,2024-03-03
22023,201569,22300806,"FEB 23, 2024",PHX @ HOU,L,30,2,8,0.25,1,5,0.2,0,0,0.0,0,2,2,2,1,0,1,0,5,-15,1,2024-02-23
22023,201569,22300796,"FEB 22, 2024",PHX @ DAL,L,35,5,10,0.5,4,7,0.571,2,3,0.667,0,1,1,1,2,1,1,3,16,-7,1,2024-02-22
22023,1628984,22301025,"MAR 23, 2024",SAS vs. PHX,L,9,2,6,0.333,1,5,0.2,1,1,1.0,0,2,2,2,1,0,1,0,6,6,1,2024-03-23
22023,1628984,22300942,"MAR 12, 2024",SAS vs. HOU,L,4,0,1,0.0,0,1,0.0,0,0,0.0,0,0,0,0,0,0,0,0,0,2,1,2024-03-12
22023,1628984,22300921,"MAR 09, 2024",SAS @ GSW,W,11,3,4,0.75,2,2,1.0,0,0,0.0,0,2,2,0,1,0,0,2,8,10,1,2024-03-09
22023,203924,22300938,"MAR 11, 2024",POR vs. BOS,L,36,5,14,0.357,1,4,0.25,3,3,1.0,0,2,2,2,2,0,2,0,14,-14,1,2024-03-11
22023,203924,22300900,"MAR 06, 2024",POR vs. OKC,L,40,6,11,0.545,2,3,0.667,6,6,1.0,0,2,2,4,2,1,6,3,20,-5,1,2024-03-06
22023,203924,22300868,"MAR 02, 2024",POR @ MEM,W,15,1,5,0.2,1,4,0.25,2,2,1.0,0,0,0,1,1,0,1,1,5,3,1,2024-03-02
22023,203924,22300861,"MAR 01, 2024",POR @ MEM,W,33,4,10,0.4,2,5,0.4,0,0,0.0,0,2,2,5,0,0,1,1,10,27,1,2024-03-01
22023,203924,22300842,"FEB 27, 2024",POR vs. MIA,L,40,7,15,0.467,3,5,0.6,7,8,0.875,1,6,7,6,3,0,3,4,24,-15,1,2024-02-27
22023,203924,22300826,"FEB 25, 2024",POR vs. CHA,L,32,6,18,0.333,1,6,0.167,2,2,1.0,0,2,2,5,2,0,5,0,15,-13,1,2024-02-25
22023,203924,22300812,"FEB 23, 2024",POR vs. DEN,L,37,9,21,0.429,3,6,0.5,4,7,0.571,1,1,2,4,3,0,3,2,25,-17,1,2024-02-23
22023,1631260,22301007,"MAR 21, 2024",MIL vs. BKN,W,14,5,7,0.714,5,7,0.714,0,0,0.0,1,1,2,0,0,0,1,1,15,4,1,2024-03-21
22023,1631260,22300998,"MAR 20, 2024",MIL @ BOS,L,8,0,2,0.0,0,1,0.0,0,0,0.0,0,0,0,0,0,0,0,1,0,14,1,2024-03-20
22023,1631260,22300976,"MAR 17, 2024",MIL vs. PHX,W,15,1,1,1.0,1,1,1.0,2,2,1.0,1,0,1,0,1,0,0,1,5,11,1,2024-03-17
22023,1631260,22300958,"MAR 14, 2024",MIL vs. PHI,W,28,4,8,0.5,3,7,0.429,3,3,1.0,0,5,5,0,1,0,0,1,14,1,1,2024-03-14
22023,1631260,22300945,"MAR 12, 2024",MIL @ SAC,L,17,1,6,0.167,1,4,0.25,0,0,0.0,0,1,1,1,0,0,0,2,3,-17,1,2024-03-12
22023,1631260,22300899,"MAR 06, 2024",MIL @ GSW,L,13,1,6,0.167,0,5,0.0,0,0,0.0,0,1,1,1,0,0,1,0,2,-21,1,2024-03-06
22023,1631260,22300880,"MAR 04, 2024",MIL vs. LAC,W,22,2,4,0.5,2,4,0.5,0,0,0.0,0,2,2,3,0,0,1,0,6,14,1,2024-03-04
22023,1631260,22300864,"MAR 01, 2024",MIL @ CHI,W,9,2,3,0.667,1,2,0.5,2,3,0.667,0,2,2,1,0,0,0,1,7,8,1,2024-03-01
22023,1631260,22300849,"FEB 29, 2024",MIL @ CHA,W,5,0,1,0.0,0,0,0.0,0,0,0.0,0,1,1,0,0,0,1,1,0,-6,1,2024-02-29
22023,1631260,22300840,"FEB 27, 2024",MIL vs. CHA,W,13,3,5,0.6,2,4,0.5,0,0,0.0,0,1,1,0,0,0,0,0,8,-11,1,2024-02-27
22023,1631260,22300817,"FEB 25, 2024",MIL @ PHI,W,4,1,1,1.0,1,1,1.0,0,0,0.0,0,0,0,0,0,0,0,0,3,-4,1,2024-02-25
22023,203110,22301016,"MAR 22, 2024",GSW vs. IND,L,33,4,10,0.4,0,1,0.0,3,4,0.75,2,6,8,6,0,2,1,2,11,4,1,2024-03-22
22023,203110,22301001,"MAR 20, 2024",GSW vs. MEM,W,24,5,10,0.5,0,3,0.0,0,0,0.0,4,8,12,7,1,1,1,1,10,25,1,2024-03-20
22023,203110,22300988,"MAR 18, 2024",GSW vs. NYK,L,31,1,7,0.143,0,2,0.0,0,0,0.0,3,5,8,5,1,0,4,2,2,-7,1,2024-03-18
22023,203110,22300973,"MAR 16, 2024",GSW @ LAL,W,34,3,6,0.5,0,2,0.0,0,0,0.0,2,10,12,13,1,0,2,3,6,12,1,2024-03-16
22023,203110,22300936,"MAR 11, 2024",GSW @ SAS,W,28,2,7,0.286,0,2,0.0,1,2,0.5,2,4,6,4,2,0,5,6,5,-6,1,2024-03-11
22023,203110,22300921,"MAR 09, 2024",GSW vs. SAS,L,28,3,6,0.5,1,3,0.333,0,0,0.0,2,3,5,4,2,1,3,2,7,-8,1,2024-03-09
22023,203110,22300907,"MAR 07, 2024",GSW vs. CHI,L,33,5,12,0.417,1,5,0.2,0,0,0.0,2,8,10,12,1,2,4,6,11,0,1,2024-03-07
22023,203110,22300899,"MAR 06, 2024",GSW vs. MIL,W,25,5,11,0.455,2,4,0.5,0,1,0.0,0,6,6,6,0,2,3,4,12,8,1,2024-03-06
22023,203110,22300872,"MAR 03, 2024",GSW @ BOS,L,14,2,2,1.0,0,0,0.0,2,2,1.0,0,4,4,2,0,0,0,2,6,-24,1,2024-03-03
22023,203110,22300860,"MAR 01, 2024",GSW @ TOR,W,28,1,4,0.25,0,0,0.0,4,4,1.0,2,11,13,5,1,2,3,2,6,10,1,2024-03-01
22023,203110,22300852,"FEB 29, 2024",GSW @ NYK,W,27,3,4,0.75,0,0,0.0,1,2,0.5,4,6,10,6,0,1,2,3,7,19,1,2024-02-29
22023,203110,22300834,"FEB 27, 2024",GSW @ WAS,W,29,1,4,0.25,1,2,0.5,3,4,0.75,0,8,8,8,0,0,2,1,6,-6,1,2024-02-27
22023,203110,22300824,"FEB 25, 2024",GSW vs. DEN,L,27,3,6,0.5,1,1,1.0,0,0,0.0,0,5,5,4,1,0,6,1,7,-23,1,2024-02-25
22023,203110,22300811,"FEB 23, 2024",GSW vs. CHA,W,21,2,6,0.333,1,2,0.5,0,0,0.0,3,10,13,3,1,2,1,2,5,18,1,2024-02-23
22023,203110,22300802,"FEB 22, 2024",GSW vs. LAL,W,21,3,5,0.6,2,2,1.0,0,0,0.0,0,7,7,5,0,1,1,1,8,19,1,2024-02-22
22023,1630224,22301024,"MAR 23, 2024",HOU vs. UTA,W,33,15,22,0.682,7,11,0.636,4,4,1.0,1,3,4,4,1,0,3,3,41,31,1,2024-03-23
22023,1630224,22301006,"MAR 21, 2024",HOU vs. CHI,W,40,10,22,0.455,4,12,0.333,2,4,0.5,0,4,4,3,1,1,2,0,26,13,1,2024-03-21
22023,1630224,22300992,"MAR 19, 2024",HOU @ WAS,W,36,12,21,0.571,7,13,0.538,11,13,0.846,2,8,10,3,1,1,1,2,42,26,1,2024-03-19
22023,1630224,22300967,"MAR 16, 2024",HOU vs. CLE,W,33,9,20,0.45,4,9,0.444,4,6,0.667,2,9,11,4,1,2,1,0,26,16,1,2024-03-16
22023,1630224,22300957,"MAR 14, 2024",HOU vs. WAS,W,37,15,23,0.652,5,9,0.556,2,2,1.0,0,8,8,2,0,0,2,2,37,16,1,2024-03-14
22023,1630224,22300942,"MAR 12, 2024",HOU @ SAS,W,37,5,16,0.313,2,6,0.333,4,5,0.8,1,6,7,5,0,0,3,0,16,4,1,2024-03-12
22023,1630224,22300929,"MAR 10, 2024",HOU @ SAC,W,35,6,15,0.4,1,6,0.167,6,8,0.75,0,2,2,3,0,0,0,2,19,6,1,2024-03-10
22023,1630224,22300916,"MAR 08, 2024",HOU @ POR,W,34,11,19,0.579,4,9,0.444,1,2,0.5,0,3,3,5,2,0,2,1,27,2,1,2024-03-08
22023,1630224,22300897,"MAR 06, 2024",HOU vs. LAC,L,32,6,14,0.429,2,6,0.333,1,1,1.0,1,2,3,2,1,0,3,4,15,2,1,2024-03-06
22023,1630224,22300891,"MAR 05, 2024",HOU vs. SAS,W,39,11,23,0.478,1,10,0.1,0,0,0.0,0,2,2,3,1,0,0,1,23,22,1,2024-03-05
22023,1630224,22300870,"MAR 02, 2024",HOU @ PHX,W,38,12,23,0.522,6,12,0.5,4,4,1.0,1,8,9,4,2,0,3,2,34,17,1,2024-03-02
22023,1630224,22300854,"FEB 29, 2024",HOU @ PHX,L,39,10,28,0.357,7,17,0.412,7,7,1.0,0,5,5,2,3,0,4,2,34,0,1,2024-02-29
22023,1630224,22300841,"FEB 27, 2024",HOU @ OKC,L,28,6,17,0.353,2,6,0.333,2,2,1.0,1,5,6,3,0,0,3,2,16,-8,1,2024-02-27
22023,1630224,22300822,"FEB 25, 2024",HOU vs. OKC,L,32,5,13,0.385,1,5,0.2,0,0,0.0,1,6,7,4,0,2,2,1,11,-13,1,2024-02-25
22023,1630224,22300806,"FEB 23, 2024",HOU vs. PHX,W,21,5,13,0.385,3,6,0.5,1,2,0.5,0,3,3,4,0,1,3,0,14,6,1,2024-02-23
22023,1630224,22300798,"FEB 22, 2024",HOU @ NOP,L,24,3,14,0.214,2,8,0.25,2,2,1.0,1,3,4,2,1,0,1,1,10,-17,1,2024-02-22
22023,201145,22301024,"MAR 23, 2024",HOU vs. UTA,W,25,7,14,0.5,4,8,0.5,3,3,1.0,0,4,4,1,0,2,0,3,21,17,1,2024-03-23
22023,201145,22301006,"MAR 21, 2024",HOU vs. CHI,W,27,5,8,0.625,3,6,0.5,1,2,0.5,2,5,7,0,0,1,0,3,14,21,1,2024-03-21
22023,201145,22300992,"MAR 19, 2024",HOU @ WAS,W,18,4,7,0.571,2,4,0.5,2,2,1.0,0,2,2,1,0,0,0,0,12,2,1,2024-03-19
22023,201145,22300967,"MAR 16, 2024",HOU vs. CLE,W,26,4,8,0.5,1,4,0.25,0,0,0.0,0,4,4,1,1,0,1,1,9,0,1,2024-03-16
22023,201145,22300957,"MAR 14, 2024",HOU vs. WAS,W,13,1,7,0.143,0,2,0.0,0,0,0.0,0,0,0,1,0,0,2,0,2,-7,1,2024-03-14
22023,201145,22300942,"MAR 12, 2024",HOU @ SAS,W,14,2,5,0.4,1,2,0.5,3,4,0.75,0,1,1,0,1,0,0,0,8,-5,1,2024-03-12
22023,201145,22300929,"MAR 10, 2024",HOU @ SAC,W,11,2,4,0.5,1,1,1.0,0,0,0.0,1,1,2,1,0,0,0,1,5,3,1,2024-03-10
22023,201145,22300891,"MAR 05, 2024",HOU vs. SAS,W,6,0,0,0.0,0,0,0.0,0,0,0.0,0,1,1,1,0,1,0,0,0,0,1,2024-03-05
22023,201145,22300870,"MAR 02, 2024",HOU @ PHX,W,10,0,3,0.0,0,2,0.0,1,2,0.5,0,2,2,0,0,0,0,2,1,-11,1,2024-03-02
22023,201145,22300854,"FEB 29, 2024",HOU @ PHX,L,12,1,4,0.25,1,1,1.0,0,2,0.0,1,0,1,0,1,0,0,0,3,-6,1,2024-02-29
22023,201145,22300841,"FEB 27, 2024",HOU @ OKC,L,17,2,3,0.667,1,2,0.5,0,0,0.0,0,0,0,3,0,2,1,1,5,-13,1,2024-02-27
22023,201145,22300822,"FEB 25, 2024",HOU vs. OKC,L,16,1,3,0.333,0,2,0.0,0,0,0.0,0,0,0,1,0,0,0,0,2,-2,1,2024-02-25
22023,201145,22300806,"FEB 23, 2024",HOU vs. PHX,W,15,1,3,0.333,1,2,0.5,0,0,0.0,0,2,2,1,0,0,1,1,3,-1,1,2024-02-23
22023,201145,22300798,"FEB 22, 2024",HOU @ NOP,L,9,2,6,0.333,2,3,0.667,2,2,1.0,2,1,3,3,0,0,0,1,8,-7,1,2024-02-22
22023,1630182,22300959,"MAR 14, 2024",DAL @ OKC,L,4,1,2,0.5,0,1,0.0,0,0,0.0,0,0,0,0,0,0,1,0,2,1,1,2024-03-14
22023,1630182,22300952,"MAR 13, 2024",DAL vs. GSW,W,24,5,6,0.833,1,2,0.5,0,0,0.0,2,3,5,0,0,0,1,4,11,-8,1,2024-03-13
22023,1630182,22300935,"MAR 11, 2024",DAL @ CHI,W,23,2,3,0.667,1,2,0.5,0,0,0.0,0,3,3,3,0,0,0,0,5,26,1,2024-03-11
22023,1630182,22300919,"MAR 09, 2024",DAL @ DET,W,27,2,5,0.4,0,1,0.0,4,5,0.8,0,1,1,2,2,0,0,3,8,9,1,2024-03-09
22023,1630182,22300904,"MAR 07, 2024",DAL vs. MIA,W,19,1,3,0.333,0,2,0.0,0,0,0.0,1,1,2,2,1,1,0,0,2,-3,1,2024-03-07
22023,1630182,22300892,"MAR 05, 2024",DAL vs. IND,L,26,3,7,0.429,0,1,0.0,0,0,0.0,1,1,2,0,1,1,2,3,6,-9,1,2024-03-05
22023,1630182,22300871,"MAR 03, 2024",DAL vs. PHI,L,20,3,6,0.5,1,2,0.5,0,0,0.0,2,4,6,1,1,0,2,1,7,-7,1,2024-03-03
22023,1630182,22300859,"MAR 01, 2024",DAL @ BOS,L,28,1,5,0.2,0,2,0.0,0,0,0.0,1,2,3,2,0,0,0,2,2,-16,1,2024-03-01
22023,1630182,22300844,"FEB 28, 2024",DAL @ TOR,W,31,2,4,0.5,1,3,0.333,0,0,0.0,2,4,6,1,0,0,2,1,5,1,1,2024-02-28
22023,1630182,22300832,"FEB 27, 2024",DAL @ CLE,L,29,3,8,0.375,1,5,0.2,0,0,0.0,0,1,1,1,4,0,0,1,7,-11,1,2024-02-27
22023,1630182,22300819,"FEB 25, 2024",DAL @ IND,L,32,6,8,0.75,2,3,0.667,0,0,0.0,2,3,5,1,2,0,2,1,14,-16,1,2024-02-25
22023,1630182,22300796,"FEB 22, 2024",DAL vs. PHX,W,25,3,7,0.429,3,5,0.6,0,0,0.0,1,1,2,5,2,0,2,4,9,4,1,2024-02-22
22023,1629656,22300946,"MAR 13, 2024",DET vs. TOR,W,15,1,6,0.167,0,3,0.0,3,4,0.75,0,0,0,3,0,0,1,3,5,-7,1,2024-03-13
22023,1629656,22300933,"MAR 11, 2024",DET vs. CHA,W,21,1,8,0.125,0,6,0.0,4,4,1.0,1,3,4,3,1,0,1,2,6,4,1,2024-03-11
22023,1629656,22300857,"MAR 01, 2024",DET vs. CLE,L,14,1,6,0.167,0,3,0.0,0,0,0.0,0,0,0,0,1,0,1,0,2,-12,1,2024-03-01
22023,1629656,22300839,"FEB 27, 2024",DET @ CHI,W,14,0,5,0.0,0,5,0.0,0,0,0.0,0,3,3,2,0,0,1,1,0,-14,1,2024-02-27
22023,1629656,22300828,"FEB 26, 2024",DET @ NYK,L,24,4,9,0.444,3,6,0.5,3,3,1.0,0,3,3,2,1,3,2,2,14,-6,1,2024-02-26
22023,1629656,22300814,"FEB 24, 2024",DET vs. ORL,L,26,2,8,0.25,1,5,0.2,0,0,0.0,0,2,2,4,2,1,1,1,5,-9,1,2024-02-24
22023,1629060,22301018,"MAR 22, 2024",LAL vs. PHI,W,24,4,10,0.4,1,3,0.333,5,6,0.833,1,6,7,1,0,0,1,3,14,-6,1,2024-03-22
22023,1629060,22300990,"MAR 18, 2024",LAL vs. ATL,W,26,7,10,0.7,1,2,0.5,2,2,1.0,0,3,3,1,0,0,0,3,17,21,1,2024-03-18
22023,1629060,22300973,"MAR 16, 2024",LAL vs. GSW,L,30,7,10,0.7,0,2,0.0,0,0,0.0,0,4,4,2,0,1,0,3,14,-4,1,2024-03-16
22023,1629060,22300954,"MAR 13, 2024",LAL @ SAC,L,36,9,11,0.818,2,3,0.667,0,0,0.0,1,2,3,1,0,0,2,1,20,-6,1,2024-03-13
22023,1629060,22300932,"MAR 10, 2024",LAL vs. MIN,W,24,5,10,0.5,3,5,0.6,2,2,1.0,1,1,2,3,0,0,1,0,15,3,1,2024-03-10
22023,1629060,22300915,"MAR 08, 2024",LAL vs. MIL,W,38,5,16,0.313,1,6,0.167,1,2,0.5,0,5,5,2,0,0,0,1,12,-2,1,2024-03-08
22023,1629060,22300901,"MAR 06, 2024",LAL vs. SAC,L,33,13,17,0.765,3,5,0.6,0,0,0.0,0,2,2,0,2,1,0,0,29,-3,1,2024-03-06
22023,1629060,22300884,"MAR 04, 2024",LAL vs. OKC,W,22,3,8,0.375,1,3,0.333,0,2,0.0,1,0,1,1,0,0,2,3,7,-7,1,2024-03-04
22023,1629060,22300869,"MAR 02, 2024",LAL vs. DEN,L,37,10,15,0.667,3,4,0.75,0,0,0.0,0,3,3,2,0,0,0,2,23,-13,1,2024-03-02
22023,1629060,22300856,"FEB 29, 2024",LAL vs. WAS,W,35,4,11,0.364,0,2,0.0,0,0,0.0,2,5,7,1,2,0,0,3,8,7,1,2024-02-29
22023,1629060,22300848,"FEB 28, 2024",LAL @ LAC,W,29,8,15,0.533,1,5,0.2,0,0,0.0,1,1,2,0,1,0,2,2,17,1,1,2024-02-28
22023,1629060,22300818,"FEB 25, 2024",LAL @ PHX,L,26,5,9,0.556,2,2,1.0,1,1,1.0,0,4,4,0,0,0,0,2,13,-7,1,2024-02-25
22023,1629060,22300813,"FEB 23, 2024",LAL vs. SAS,W,32,7,11,0.636,3,4,0.75,0,0,0.0,1,6,7,0,2,1,1,3,17,2,1,2024-02-23
22023,1629060,22300802,"FEB 22, 2024",LAL @ GSW,L,32,3,8,0.375,1,4,0.25,1,2,0.5,1,3,4,1,1,2,1,1,8,-28,1,2024-02-22
22023,1630169,22301016,"MAR 22, 2024",IND @ GSW,W,38,9,18,0.5,4,8,0.5,4,5,0.8,0,2,2,11,4,3,1,0,26,25,1,2024-03-22
22023,1630169,22300997,"MAR 20, 2024",IND @ DET,W,26,9,13,0.692,1,3,0.333,1,2,0.5,0,3,3,9,4,0,2,1,20,18,1,2024-03-20
22023,1630169,22300983,"MAR 18, 2024",IND vs. CLE,L,32,4,14,0.286,1,9,0.111,5,5,1.0,1,5,6,12,1,1,3,5,14,-7,1,2024-03-18
22023,1630169,22300968,"MAR 16, 2024",IND vs. BKN,W,31,6,18,0.333,1,9,0.111,1,1,1.0,0,7,7,4,2,1,2,0,14,19,1,2024-03-16
22023,1630169,22300948,"MAR 13, 2024",IND vs. CHI,L,38,6,13,0.462,1,6,0.167,4,4,1.0,0,3,3,14,0,1,2,3,17,-22,1,2024-03-13
22023,1630169,22300941,"MAR 12, 2024",IND @ OKC,W,36,8,15,0.533,2,6,0.333,0,0,0.0,0,4,4,12,2,2,4,0,18,7,1,2024-03-12
22023,1630169,22300928,"MAR 10, 2024",IND @ ORL,W,36,6,15,0.4,1,6,0.167,7,7,1.0,0,7,7,8,0,0,4,2,20,15,1,2024-03-10
22023,1630169,22300903,"MAR 07, 2024",IND vs. MIN,L,37,9,15,0.6,2,7,0.286,3,4,0.75,0,3,3,13,1,0,5,1,23,-1,1,2024-03-07
22023,1630169,22300892,"MAR 05, 2024",IND @ DAL,W,32,8,15,0.533,3,10,0.3,0,0,0.0,1,5,6,11,0,1,2,2,19,18,1,2024-03-05
22023,1630169,22300877,"MAR 03, 2024",IND @ SAS,L,36,4,16,0.25,0,6,0.0,4,4,1.0,3,3,6,8,0,1,1,0,12,-14,1,2024-03-03
22023,1630169,22300863,"MAR 01, 2024",IND @ NOP,L,23,0,7,0.0,0,6,0.0,0,0,0.0,0,3,3,3,0,0,1,0,0,-40,1,2024-03-01
22023,1630169,22300843,"FEB 28, 2024",IND vs. NOP,W,34,7,15,0.467,3,8,0.375,0,0,0.0,0,3,3,13,1,1,1,0,17,11,1,2024-02-28
22023,1630169,22300829,"FEB 26, 2024",IND vs. TOR,L,32,2,11,0.182,1,6,0.167,4,6,0.667,0,0,0,7,2,0,1,0,9,-16,1,2024-02-26
22023,1630169,22300819,"FEB 25, 2024",IND vs. DAL,W,31,8,15,0.533,1,5,0.2,0,0,0.0,0,3,3,10,4,0,1,0,17,13,1,2024-02-25
22023,1630169,22300793,"FEB 22, 2024",IND vs. DET,W,34,10,18,0.556,4,10,0.4,1,1,1.0,0,2,2,13,2,0,5,0,25,12,1,2024-02-22
22023,203501,22301008,"MAR 21, 2024",DAL vs. UTA,W,17,0,4,0.0,0,3,0.0,0,0,0.0,0,1,1,0,0,0,1,0,0,-5,1,2024-03-21
22023,203501,22300994,"MAR 19, 2024",DAL @ SAS,W,17,2,5,0.4,1,2,0.5,0,0,0.0,0,1,1,1,2,0,0,0,5,6,1,2024-03-19
22023,203501,22300978,"MAR 17, 2024",DAL vs. DEN,W,15,0,3,0.0,0,2,0.0,1,2,0.5,0,3,3,1,0,0,1,1,1,2,1,2024-03-17
22023,203501,22300959,"MAR 14, 2024",DAL @ OKC,L,31,8,13,0.615,5,9,0.556,2,2,1.0,1,8,9,3,1,0,2,2,23,13,1,2024-03-14
22023,203501,22300952,"MAR 13, 2024",DAL vs. GSW,W,14,2,7,0.286,1,5,0.2,0,0,0.0,0,0,0,2,0,0,1,0,5,6,1,2024-03-13
22023,203501,22300935,"MAR 11, 2024",DAL @ CHI,W,18,1,4,0.25,0,3,0.0,2,2,1.0,0,1,1,4,2,0,0,0,4,-3,1,2024-03-11
22023,203501,22300919,"MAR 09, 2024",DAL @ DET,W,18,6,13,0.462,4,8,0.5,1,4,0.25,0,1,1,2,0,0,0,0,17,13,1,2024-03-09
22023,203501,22300904,"MAR 07, 2024",DAL vs. MIA,W,21,3,11,0.273,2,6,0.333,3,4,0.75,0,1,1,1,0,0,0,1,11,7,1,2024-03-07
22023,203501,22300892,"MAR 05, 2024",DAL vs. IND,L,13,2,8,0.25,2,5,0.4,0,0,0.0,1,0,1,1,0,0,0,1,6,-5,1,2024-03-05
22023,203501,22300871,"MAR 03, 2024",DAL vs. PHI,L,15,1,8,0.125,0,6,0.0,0,0,0.0,0,0,0,1,0,0,0,0,2,-6,1,2024-03-03
22023,203501,22300859,"MAR 01, 2024",DAL @ BOS,L,20,3,6,0.5,2,4,0.5,2,2,1.0,0,5,5,0,0,0,1,1,10,-21,1,2024-03-01
22023,203501,22300844,"FEB 28, 2024",DAL @ TOR,W,25,5,13,0.385,4,10,0.4,2,2,1.0,0,4,4,4,0,0,0,3,16,14,1,2024-02-28
22023,203501,22300832,"FEB 27, 2024",DAL @ CLE,L,26,2,5,0.4,0,1,0.0,0,0,0.0,1,2,3,1,0,1,0,1,4,10,1,2024-02-27
22023,203501,22300819,"FEB 25, 2024",DAL @ IND,L,23,4,12,0.333,3,6,0.5,0,0,0.0,0,3,3,1,0,1,4,0,11,-14,1,2024-02-25
22023,203501,22300796,"FEB 22, 2024",DAL vs. PHX,W,30,5,13,0.385,1,9,0.111,1,2,0.5,0,4,4,0,2,0,2,2,12,-4,1,2024-02-22
22023,201935,22301028,"MAR 24, 2024",LAC vs. PHI,L,34,5,13,0.385,0,6,0.0,2,2,1.0,1,3,4,14,1,1,2,0,12,-16,1,2024-03-24
22023,201935,22301017,"MAR 22, 2024",LAC @ POR,W,36,5,13,0.385,2,9,0.222,3,4,0.75,1,4,5,10,1,1,2,1,15,21,1,2024-03-22
22023,201935,22301003,"MAR 20, 2024",LAC @ POR,W,36,6,11,0.545,5,9,0.556,2,2,1.0,0,4,4,14,0,1,3,1,19,22,1,2024-03-20
22023,201935,22300982,"MAR 17, 2024",LAC vs. ATL,L,36,3,10,0.3,2,5,0.4,1,1,1.0,0,6,6,9,1,1,3,2,9,-15,1,2024-03-17
22023,201935,22300944,"MAR 12, 2024",LAC vs. MIN,L,34,4,10,0.4,2,6,0.333,2,2,1.0,0,2,2,7,2,0,4,1,12,-15,1,2024-03-12
22023,201935,22300924,"MAR 10, 2024",LAC vs. MIL,L,36,5,16,0.313,1,6,0.167,2,2,1.0,3,2,5,11,0,0,5,4,13,-13,1,2024-03-10
22023,201935,22300917,"MAR 09, 2024",LAC vs. CHI,W,34,4,10,0.4,4,10,0.4,2,2,1.0,0,11,11,10,1,0,1,2,14,4,1,2024-03-09
22023,201935,22300897,"MAR 06, 2024",LAC @ HOU,W,39,6,13,0.462,1,5,0.2,8,8,1.0,0,5,5,7,1,1,2,2,21,8,1,2024-03-06
22023,201935,22300880,"MAR 04, 2024",LAC @ MIL,L,37,9,16,0.563,5,10,0.5,6,9,0.667,0,4,4,8,0,1,3,2,29,-4,1,2024-03-04
22023,201935,22300873,"MAR 03, 2024",LAC @ MIN,W,34,0,10,0.0,0,6,0.0,4,4,1.0,0,5,5,10,1,2,1,1,4,-10,1,2024-03-03
22023,201935,22300865,"MAR 01, 2024",LAC vs. WAS,W,25,9,13,0.692,6,9,0.667,4,4,1.0,1,3,4,8,0,3,3,1,28,19,1,2024-03-01
22023,201935,22300848,"FEB 28, 2024",LAC vs. LAL,L,40,8,16,0.5,2,9,0.222,5,6,0.833,1,2,3,9,1,0,4,1,23,-12,1,2024-02-28
22023,201935,22300827,"FEB 25, 2024",LAC vs. SAC,L,35,4,13,0.308,2,10,0.2,10,10,1.0,0,5,5,8,0,0,3,3,20,-25,1,2024-02-25
22023,201935,22300807,"FEB 23, 2024",LAC @ MEM,W,39,1,8,0.125,1,4,0.25,6,7,0.857,1,7,8,8,0,1,4,0,9,3,1,2024-02-23
22023,201935,22300799,"FEB 22, 2024",LAC @ OKC,L,29,5,9,0.556,3,6,0.5,4,4,1.0,2,4,6,2,1,0,3,2,17,-7,1,2024-02-22
22023,1630702,22301008,"MAR 21, 2024",DAL vs. UTA,W,17,2,5,0.4,2,4,0.5,0,0,0.0,1,1,2,5,0,0,1,4,6,6,1,2024-03-21
22023,1630702,22300994,"MAR 19, 2024",DAL @ SAS,W,5,2,4,0.5,0,0,0.0,0,0,0.0,0,0,0,1,0,0,0,2,4,3,1,2024-03-19
22023,1630702,22300978,"MAR 17, 2024",DAL vs. DEN,W,4,0,0,0.0,0,0,0.0,2,2,1.0,0,0,0,0,0,0,1,1,2,-1,1,2024-03-17
22023,1630702,22300959,"MAR 14, 2024",DAL @ OKC,L,17,4,10,0.4,0,0,0.0,1,1,1.0,0,2,2,5,1,0,3,1,9,0,1,2024-03-14
22023,1630702,22300952,"MAR 13, 2024",DAL vs. GSW,W,2,0,2,0.0,0,1,0.0,0,0,0.0,0,0,0,0,0,0,0,0,0,-4,1,2024-03-13
22023,1630702,22300935,"MAR 11, 2024",DAL @ CHI,W,7,4,5,0.8,1,2,0.5,2,2,1.0,0,0,0,0,0,0,1,0,11,0,1,2024-03-11
22023,1630702,22300919,"MAR 09, 2024",DAL @ DET,W,4,2,4,0.5,0,0,0.0,4,4,1.0,0,1,1,1,0,0,1,0,8,-4,1,2024-03-09
22023,1630702,22300892,"MAR 05, 2024",DAL vs. IND,L,2,0,2,0.0,0,0,0.0,2,2,1.0,0,0,0,0,0,0,0,0,2,1,1,2024-03-05
22023,1630702,22300859,"MAR 01, 2024",DAL @ BOS,L,4,1,3,0.333,0,1,0.0,0,0,0.0,0,0,0,0,0,0,1,0,2,-4,1,2024-03-01
22023,1630702,22300832,"FEB 27, 2024",DAL @ CLE,L,5,1,4,0.25,0,2,0.0,0,0,0.0,0,0,0,1,0,0,0,1,2,-11,1,2024-02-27
22023,1630702,22300819,"FEB 25, 2024",DAL @ IND,L,8,3,6,0.5,1,2,0.5,0,0,0.0,0,0,0,1,0,0,0,0,7,-2,1,2024-02-25
22023,1630702,22300796,"FEB 22, 2024",DAL vs. PHX,W,1,0,1,0.0,0,0,0.0,0,0,0.0,0,0,0,0,0,0,0,0,0,-3,1,2024-02-22
22023,203914,22301004,"MAR 21, 2024",ORL vs. NOP,W,12,2,3,0.667,1,2,0.5,0,0,0.0,1,0,1,0,0,0,1,1,5,-14,1,2024-03-21
22023,203914,22300991,"MAR 19, 2024",ORL vs. CHA,W,17,1,2,0.5,1,2,0.5,0,0,0.0,0,1,1,0,0,0,2,0,3,-1,1,2024-03-19
22023,203914,22300979,"MAR 17, 2024",ORL vs. TOR,W,27,3,9,0.333,1,7,0.143,0,1,0.0,1,1,2,1,1,0,0,1,7,23,1,2024-03-17
22023,203914,22300963,"MAR 15, 2024",ORL @ TOR,W,25,2,7,0.286,2,5,0.4,0,0,0.0,0,1,1,0,0,1,0,3,6,5,1,2024-03-15
22023,203914,22300947,"MAR 13, 2024",ORL vs. BKN,W,30,4,8,0.5,2,5,0.4,3,4,0.75,0,2,2,1,1,1,0,0,13,17,1,2024-03-13
22023,203914,22300928,"MAR 10, 2024",ORL vs. IND,L,28,2,3,0.667,1,2,0.5,0,0,0.0,0,1,1,1,0,0,2,3,5,-22,1,2024-03-10
22023,203914,22300912,"MAR 08, 2024",ORL @ NYK,L,24,2,5,0.4,1,3,0.333,0,0,0.0,0,1,1,1,0,0,1,0,5,-20,1,2024-03-08
22023,203914,22300885,"MAR 05, 2024",ORL @ CHA,W,22,3,4,0.75,2,2,1.0,1,2,0.5,0,0,0,0,3,0,1,3,9,6,1,2024-03-05
22023,203914,22300874,"MAR 03, 2024",ORL vs. DET,W,29,3,5,0.6,2,4,0.5,0,0,0.0,0,2,2,4,2,0,0,1,8,29,1,2024-03-03
22023,203914,22300850,"FEB 29, 2024",ORL vs. UTA,W,24,5,8,0.625,3,6,0.5,0,0,0.0,0,4,4,1,1,1,0,0,13,-1,1,2024-02-29
22023,203914,22300833,"FEB 27, 2024",ORL vs. BKN,W,21,3,6,0.5,2,4,0.5,0,0,0.0,0,2,2,2,0,0,0,1,8,23,1,2024-02-27
22023,203914,22300814,"FEB 24, 2024",ORL @ DET,W,25,4,6,0.667,4,5,0.8,0,1,0.0,0,3,3,0,1,0,0,3,12,-2,1,2024-02-24
22023,203914,22300792,"FEB 22, 2024",ORL @ CLE,W,29,2,4,0.5,2,2,1.0,2,2,1.0,0,0,0,3,3,0,1,3,8,-10,1,2024-02-22
22023,202699,22301028,"MAR 24, 2024",PHI @ LAC,W,38,11,19,0.579,2,4,0.5,0,0,0.0,1,3,4,4,1,1,3,2,24,8,1,2024-03-24
22023,202699,22301018,"MAR 22, 2024",PHI @ LAL,L,41,6,18,0.333,1,6,0.167,3,5,0.6,2,11,13,4,1,1,2,2,16,-9,1,2024-03-22
22023,202699,22300958,"MAR 14, 2024",PHI @ MIL,L,28,5,11,0.455,2,4,0.5,3,4,0.75,0,4,4,3,1,1,0,1,15,-12,1,2024-03-14
22023,202699,22300939,"MAR 12, 2024",PHI @ NYK,L,26,1,6,0.167,0,2,0.0,0,0,0.0,0,3,3,1,2,0,1,0,2,-20,1,2024-03-12
22023,202699,22300927,"MAR 10, 2024",PHI @ NYK,W,38,5,14,0.357,0,4,0.0,1,3,0.333,2,10,12,2,2,0,3,1,11,-3,1,2024-03-10
22023,202699,22300909,"MAR 08, 2024",PHI vs. NOP,L,39,9,19,0.474,0,5,0.0,3,3,1.0,3,7,10,3,3,1,0,1,21,10,1,2024-03-08
22023,202699,22300896,"MAR 06, 2024",PHI vs. MEM,L,35,3,12,0.25,1,4,0.25,1,1,1.0,1,5,6,3,0,1,1,0,8,-2,1,2024-03-06
22023,202699,22300887,"MAR 05, 2024",PHI @ BKN,L,37,8,16,0.5,1,3,0.333,1,2,0.5,1,8,9,4,0,0,2,0,18,-4,1,2024-03-05
22023,202699,22300871,"MAR 03, 2024",PHI @ DAL,W,35,11,19,0.579,3,6,0.5,3,4,0.75,1,4,5,1,1,0,1,4,28,10,1,2024-03-03
22023,202699,22300858,"MAR 01, 2024",PHI vs. CHA,W,40,13,19,0.684,5,8,0.625,0,0,0.0,2,10,12,4,2,1,0,2,31,16,1,2024-03-01
22023,202699,22300836,"FEB 27, 2024",PHI @ BOS,L,29,5,19,0.263,2,7,0.286,1,1,1.0,2,0,2,0,0,0,1,3,13,-20,1,2024-02-27
22023,202699,22300817,"FEB 25, 2024",PHI vs. MIL,L,31,3,11,0.273,0,3,0.0,2,2,1.0,1,7,8,0,1,3,0,1,8,-14,1,2024-02-25
22023,202699,22300805,"FEB 23, 2024",PHI vs. CLE,W,34,6,14,0.429,1,2,0.5,2,2,1.0,2,7,9,4,2,0,1,3,15,9,1,2024-02-23
22023,202699,22300794,"FEB 22, 2024",PHI vs. NYK,L,27,3,9,0.333,1,3,0.333,0,0,0.0,0,4,4,3,3,0,0,2,7,-15,1,2024-02-22
22023,1628404,22301019,"MAR 23, 2024",NYK vs. BKN,W,44,3,8,0.375,0,3,0.0,0,1,0.0,3,10,13,5,1,1,0,2,6,15,1,2024-03-23
22023,1628404,22301009,"MAR 21, 2024",NYK @ DEN,L,36,1,5,0.2,0,2,0.0,0,0,0.0,1,2,3,1,0,0,1,4,2,-21,1,2024-03-21
22023,1628404,22300988,"MAR 18, 2024",NYK @ GSW,W,48,5,18,0.278,0,6,0.0,0,0,0.0,2,9,11,11,1,0,2,3,10,7,1,2024-03-18
22023,1628404,22300975,"MAR 16, 2024",NYK @ SAC,W,39,2,7,0.286,0,2,0.0,5,6,0.833,1,12,13,3,1,0,0,4,9,1,1,2024-03-16
22023,1628404,22300960,"MAR 14, 2024",NYK @ POR,W,42,3,8,0.375,0,2,0.0,1,1,1.0,5,10,15,2,3,0,0,4,7,1,1,2024-03-14
22023,1628404,22300939,"MAR 12, 2024",NYK vs. PHI,W,39,8,16,0.5,1,6,0.167,3,4,0.75,1,18,19,10,1,1,1,1,20,32,1,2024-03-12
22023,1628404,22300927,"MAR 10, 2024",NYK vs. PHI,L,43,4,13,0.308,1,7,0.143,0,0,0.0,3,8,11,2,2,0,6,2,9,-2,1,2024-03-10
22023,1628404,22300912,"MAR 08, 2024",NYK vs. ORL,W,42,8,12,0.667,3,5,0.6,0,0,0.0,2,5,7,4,0,0,2,2,19,23,1,2024-03-08
22023,1628404,22300889,"MAR 05, 2024",NYK vs. ATL,L,43,5,12,0.417,3,7,0.429,1,2,0.5,3,5,8,6,1,2,3,2,14,-26,1,2024-03-05
22023,1628404,22300876,"MAR 03, 2024",NYK @ CLE,W,45,5,12,0.417,3,6,0.5,0,0,0.0,1,18,19,10,2,2,2,2,13,16,1,2024-03-03
22023,1628404,22300852,"FEB 29, 2024",NYK vs. GSW,L,47,4,17,0.235,3,9,0.333,3,4,0.75,4,14,18,7,2,0,0,2,14,-11,1,2024-02-29
22023,1628404,22300837,"FEB 27, 2024",NYK vs. NOP,L,40,6,15,0.4,1,4,0.25,2,6,0.333,3,7,10,5,2,0,1,4,15,-22,1,2024-02-27
22023,1628404,22300828,"FEB 26, 2024",NYK vs. DET,W,42,8,17,0.471,3,5,0.6,4,7,0.571,2,6,8,6,2,1,1,2,23,-1,1,2024-02-26
22023,1628404,22300816,"FEB 24, 2024",NYK vs. BOS,L,42,6,10,0.6,2,5,0.4,2,3,0.667,2,6,8,6,0,0,3,1,16,-8,1,2024-02-24
22023,1628404,22300794,"FEB 22, 2024",NYK @ PHI,W,44,7,13,0.538,2,5,0.4,2,2,1.0,1,11,12,3,0,1,3,2,18,13,1,2024-02-22
22023,1628392,22301019,"MAR 23, 2024",NYK vs. BKN,W,26,8,10,0.8,0,0,0.0,1,2,0.5,4,5,9,2,4,2,3,1,17,13,1,2024-03-23
22023,1628392,22301009,"MAR 21, 2024",NYK @ DEN,L,26,8,10,0.8,0,0,0.0,4,5,0.8,3,5,8,3,1,2,3,6,20,-15,1,2024-03-21
22023,1628392,22300988,"MAR 18, 2024",NYK @ GSW,W,25,6,7,0.857,0,0,0.0,1,2,0.5,5,5,10,4,2,1,0,2,13,26,1,2024-03-18
22023,1628392,22300975,"MAR 16, 2024",NYK @ SAC,W,28,3,3,1.0,0,0,0.0,1,1,1.0,4,10,14,3,1,4,1,3,7,5,1,2024-03-16
22023,1628392,22300960,"MAR 14, 2024",NYK @ POR,W,24,4,6,0.667,0,0,0.0,1,1,1.0,1,8,9,2,0,0,0,2,9,17,1,2024-03-14
22023,1628392,22300939,"MAR 12, 2024",NYK vs. PHI,W,20,3,3,1.0,0,0,0.0,0,0,0.0,3,2,5,2,0,0,0,3,6,17,1,2024-03-12
22023,1628392,22300927,"MAR 10, 2024",NYK vs. PHI,L,24,1,1,1.0,0,0,0.0,1,2,0.5,5,5,10,4,0,0,0,3,3,10,1,2024-03-10
22023,1628392,22300912,"MAR 08, 2024",NYK vs. ORL,W,20,2,3,0.667,0,0,0.0,1,1,1.0,2,4,6,2,1,3,2,3,5,14,1,2024-03-08
22023,1628392,22300889,"MAR 05, 2024",NYK vs. ATL,L,20,2,6,0.333,0,0,0.0,1,2,0.5,3,3,6,2,1,2,0,2,5,-15,1,2024-03-05
22023,1628392,22300876,"MAR 03, 2024",NYK @ CLE,W,23,4,7,0.571,0,0,0.0,0,0,0.0,2,5,7,8,0,1,1,1,8,-3,1,2024-03-03
22023,1628392,22300852,"FEB 29, 2024",NYK vs. GSW,L,20,2,5,0.4,0,0,0.0,2,2,1.0,0,6,6,2,1,0,2,2,6,-18,1,2024-02-29
22023,1628392,22300828,"FEB 26, 2024",NYK vs. DET,W,27,2,5,0.4,0,0,0.0,2,2,1.0,4,4,8,4,0,1,1,2,6,5,1,2024-02-26
22023,1628392,22300816,"FEB 24, 2024",NYK vs. BOS,L,24,1,1,1.0,0,0,0.0,4,4,1.0,5,2,7,4,0,1,2,4,6,-8,1,2024-02-24
22023,1628392,22300794,"FEB 22, 2024",NYK @ PHI,W,11,0,0,0.0,0,0,0.0,0,0,0.0,1,1,2,0,1,0,0,0,0,-2,1,2024-02-22
22023,1630573,22301023,"MAR 23, 2024",BOS @ CHI,W,32,8,9,0.889,7,8,0.875,0,0,0.0,1,4,5,1,2,0,2,0,23,8,1,2024-03-23
22023,1630573,22301011,"MAR 22, 2024",BOS @ DET,W,24,5,14,0.357,4,11,0.364,0,0,0.0,0,4,4,1,1,0,0,1,14,15,1,2024-03-22
22023,1630573,22300980,"MAR 17, 2024",BOS @ WAS,W,23,10,13,0.769,10,13,0.769,0,0,0.0,0,6,6,1,1,0,0,1,30,18,1,2024-03-17
22023,1630573,22300955,"MAR 14, 2024",BOS vs. PHX,W,23,3,7,0.429,2,5,0.4,0,0,0.0,0,4,4,2,1,0,0,0,8,1,1,2024-03-14
22023,1630573,22300943,"MAR 12, 2024",BOS @ UTA,W,34,5,13,0.385,4,11,0.364,0,0,0.0,1,4,5,2,1,2,0,3,14,14,1,2024-03-12
22023,1630573,22300938,"MAR 11, 2024",BOS @ POR,W,32,8,12,0.667,6,10,0.6,0,0,0.0,0,2,2,0,2,1,0,0,22,20,1,2024-03-11
22023,1630573,22300920,"MAR 09, 2024",BOS @ PHX,W,18,1,5,0.2,1,4,0.25,0,0,0.0,0,2,2,0,0,1,0,0,3,10,1,2024-03-09
22023,1630573,22300906,"MAR 07, 2024",BOS @ DEN,L,10,2,3,0.667,2,3,0.667,0,0,0.0,0,0,0,1,0,1,0,0,6,-8,1,2024-03-07
22023,1630573,22300886,"MAR 05, 2024",BOS @ CLE,L,14,2,5,0.4,1,3,0.333,0,0,0.0,1,4,5,1,1,0,0,1,5,14,1,2024-03-05
22023,1630573,22300872,"MAR 03, 2024",BOS vs. GSW,W,20,4,9,0.444,4,9,0.444,0,0,0.0,0,5,5,0,0,1,1,3,12,30,1,2024-03-03
22023,1630573,22300859,"MAR 01, 2024",BOS vs. DAL,W,15,0,3,0.0,0,3,0.0,0,0,0.0,0,4,4,1,0,0,0,1,0,8,1,2024-03-01
22023,1630573,22300836,"FEB 27, 2024",BOS vs. PHI,W,21,1,2,0.5,1,2,0.5,0,0,0.0,0,5,5,0,0,1,1,4,3,-17,1,2024-02-27
22023,1630573,22300816,"FEB 24, 2024",BOS @ NYK,W,10,2,2,1.0,2,2,1.0,0,0,0.0,1,2,3,0,0,0,0,1,6,-1,1,2024-02-24
22023,1630573,22300797,"FEB 22, 2024",BOS @ CHI,W,14,3,3,1.0,2,2,1.0,0,0,0.0,0,1,1,1,0,1,0,0,8,6,1,2024-02-22
22023,1641722,22301027,"MAR 24, 2024",NOP @ DET,W,6,0,2,0.0,0,2,0.0,0,0,0.0,0,1,1,2,0,0,0,1,0,1,1,2024-03-24
22023,1641722,22301013,"MAR 22, 2024",NOP @ MIA,W,3,1,3,0.333,1,1,1.0,0,0,0.0,0,0,0,0,0,0,0,0,3,-1,1,2024-03-22
22023,1641722,22301004,"MAR 21, 2024",NOP @ ORL,L,6,1,1,1.0,0,0,0.0,0,0,0.0,0,1,1,1,1,0,0,0,2,4,1,2024-03-21
22023,1641722,22300970,"MAR 16, 2024",NOP vs. POR,W,5,0,2,0.0,0,2,0.0,0,0,0.0,0,0,0,1,0,0,0,0,0,6,1,2024-03-16
22023,1641722,22300951,"MAR 13, 2024",NOP vs. CLE,L,5,1,4,0.25,0,1,0.0,1,2,0.5,0,0,0,0,0,0,0,0,3,3,1,2024-03-13
22023,1641722,22300890,"MAR 05, 2024",NOP @ TOR,W,10,1,6,0.167,0,2,0.0,0,0,0.0,0,2,2,0,0,0,0,1,2,2,1,2024-03-05
22023,1641722,22300863,"MAR 01, 2024",NOP vs. IND,W,7,2,3,0.667,2,3,0.667,0,0,0.0,1,0,1,0,0,0,0,0,6,-4,1,2024-03-01
22023,1641722,22300843,"FEB 28, 2024",NOP @ IND,L,18,3,5,0.6,1,3,0.333,0,0,0.0,0,0,0,2,0,0,1,1,7,15,1,2024-02-28
22023,1641722,22300837,"FEB 27, 2024",NOP @ NYK,W,17,1,5,0.2,1,4,0.25,0,0,0.0,0,4,4,0,0,1,0,0,3,6,1,2024-02-27
22023,1641722,22300823,"FEB 25, 2024",NOP vs. CHI,L,15,3,7,0.429,2,5,0.4,0,0,0.0,0,1,1,0,0,0,1,1,8,-21,1,2024-02-25
22023,1641722,22300810,"FEB 23, 2024",NOP vs. MIA,L,23,4,17,0.235,3,12,0.25,3,3,1.0,1,2,3,2,0,1,0,2,14,-1,1,2024-02-23
22023,1641722,22300798,"FEB 22, 2024",NOP vs. HOU,W,17,1,6,0.167,1,5,0.2,0,0,0.0,0,2,2,0,0,0,0,3,3,-6,1,2024-02-22
22023,1629637,22301018,"MAR 22, 2024",LAL vs. PHI,W,8,1,1,1.0,0,0,0.0,3,4,0.75,1,4,5,1,0,0,0,0,5,3,1,2024-03-22
22023,1629637,22300990,"MAR 18, 2024",LAL vs. ATL,W,17,3,4,0.75,0,0,0.0,1,2,0.5,1,2,3,0,0,1,0,2,7,3,1,2024-03-18
22023,1629637,22300973,"MAR 16, 2024",LAL vs. GSW,L,28,3,5,0.6,0,0,0.0,1,3,0.333,2,10,12,0,0,0,2,3,7,-8,1,2024-03-16
22023,1629637,22300954,"MAR 13, 2024",LAL @ SAC,L,7,1,1,1.0,0,0,0.0,2,2,1.0,1,0,1,0,0,0,1,3,4,-5,1,2024-03-13
22023,1629637,22300932,"MAR 10, 2024",LAL vs. MIN,W,16,4,4,1.0,0,0,0.0,1,1,1.0,2,3,5,0,0,0,2,2,9,-4,1,2024-03-10
22023,1629637,22300915,"MAR 08, 2024",LAL vs. MIL,W,17,2,2,1.0,0,0,0.0,4,6,0.667,0,1,1,0,0,0,1,3,8,7,1,2024-03-08
22023,1629637,22300901,"MAR 06, 2024",LAL vs. SAC,L,13,0,1,0.0,0,0,0.0,1,2,0.5,1,4,5,0,0,1,2,4,1,1,1,2024-03-06
22023,1629637,22300884,"MAR 04, 2024",LAL vs. OKC,W,18,2,3,0.667,0,1,0.0,0,0,0.0,4,2,6,2,1,1,1,0,4,2,1,2024-03-04
22023,1629637,22300869,"MAR 02, 2024",LAL vs. DEN,L,9,2,3,0.667,0,0,0.0,0,0,0.0,1,3,4,0,1,1,0,0,4,1,1,2024-03-02
22023,1629637,22300856,"FEB 29, 2024",LAL vs. WAS,W,11,3,4,0.75,0,0,0.0,0,0,0.0,1,4,5,0,0,0,0,0,6,-2,1,2024-02-29
22023,1629637,22300848,"FEB 28, 2024",LAL @ LAC,W,11,0,0,0.0,0,0,0.0,0,0,0.0,0,2,2,0,0,0,0,1,0,6,1,2024-02-28
22023,1629637,22300818,"FEB 25, 2024",LAL @ PHX,L,6,1,2,0.5,0,0,0.0,0,0,0.0,0,0,0,0,0,0,0,1,2,-8,1,2024-02-25
22023,1629637,22300813,"FEB 23, 2024",LAL vs. SAS,W,19,4,5,0.8,0,1,0.0,0,0,0.0,2,2,4,0,1,0,0,4,8,-5,1,2024-02-23
22023,1629637,22300802,"FEB 22, 2024",LAL @ GSW,L,18,3,6,0.5,0,0,0.0,1,4,0.25,4,3,7,1,0,1,0,2,7,-7,1,2024-02-22
22023,202330,22301012,"MAR 22, 2024",OKC @ TOR,W,24,1,4,0.25,1,3,0.333,2,2,1.0,0,6,6,1,0,0,2,4,5,7,1,2024-03-22
22023,202330,22301000,"MAR 20, 2024",OKC vs. UTA,W,17,2,3,0.667,2,3,0.667,1,2,0.5,1,1,2,3,0,0,0,0,7,-9,1,2024-03-20
22023,202330,22300972,"MAR 16, 2024",OKC @ MEM,W,14,2,3,0.667,1,1,1.0,1,2,0.5,0,0,0,1,0,0,0,0,6,9,1,2024-03-16
22023,202330,22300959,"MAR 14, 2024",OKC vs. DAL,W,21,1,3,0.333,0,1,0.0,4,4,1.0,1,0,1,1,1,0,0,2,6,6,1,2024-03-14
22023,202330,22300941,"MAR 12, 2024",OKC vs. IND,L,30,3,4,0.75,1,2,0.5,2,4,0.5,1,3,4,5,1,0,2,3,9,2,1,2024-03-12
22023,202330,22300931,"MAR 10, 2024",OKC vs. MEM,W,18,2,3,0.667,1,1,1.0,0,0,0.0,0,3,3,6,0,0,1,1,5,9,1,2024-03-10
22023,202330,22300914,"MAR 08, 2024",OKC vs. MIA,W,18,1,3,0.333,1,2,0.5,0,0,0.0,0,2,2,4,1,0,0,2,3,11,1,2024-03-08
22023,202330,22300900,"MAR 06, 2024",OKC @ POR,W,18,3,3,1.0,1,1,1.0,3,5,0.6,0,2,2,0,2,0,2,0,10,-13,1,2024-03-06
22023,202330,22300884,"MAR 04, 2024",OKC @ LAL,L,14,1,5,0.2,0,1,0.0,0,0,0.0,0,1,1,2,0,0,0,2,2,-10,1,2024-03-04
22023,202330,22300878,"MAR 03, 2024",OKC @ PHX,W,16,1,3,0.333,0,0,0.0,0,0,0.0,2,1,3,1,0,0,0,0,2,-8,1,2024-03-03
22023,202330,22300853,"FEB 29, 2024",OKC @ SAS,L,12,0,3,0.0,0,0,0.0,0,0,0.0,0,1,1,1,0,0,0,1,0,-7,1,2024-02-29
22023,202330,22300841,"FEB 27, 2024",OKC vs. HOU,W,19,2,5,0.4,0,0,0.0,1,1,1.0,1,3,4,0,0,0,0,1,5,7,1,2024-02-27
22023,202330,22300822,"FEB 25, 2024",OKC @ HOU,W,12,0,3,0.0,0,0,0.0,0,0,0.0,2,2,4,2,0,0,1,0,0,-4,1,2024-02-25
22023,202330,22300809,"FEB 23, 2024",OKC vs. WAS,W,15,3,7,0.429,0,0,0.0,2,2,1.0,1,5,6,1,0,0,0,0,8,3,1,2024-02-23
22023,202330,22300799,"FEB 22, 2024",OKC vs. LAC,W,14,0,2,0.0,0,0,0.0,0,0,0.0,0,4,4,0,0,0,0,0,0,-1,1,2024-02-22
22023,1630703,22301026,"MAR 23, 2024",POR vs. DEN,L,28,9,20,0.45,2,4,0.5,2,2,1.0,1,3,4,6,2,0,4,5,22,-6,1,2024-03-23
22023,1630703,22301017,"MAR 22, 2024",POR vs. LAC,L,35,8,18,0.444,3,6,0.5,5,5,1.0,1,3,4,10,2,0,4,0,24,-6,1,2024-03-22
22023,1630703,22301003,"MAR 20, 2024",POR vs. LAC,L,35,6,15,0.4,2,5,0.4,4,6,0.667,0,2,2,5,2,0,2,5,18,-7,1,2024-03-20
22023,1630703,22300986,"MAR 18, 2024",POR @ CHI,L,30,4,17,0.235,1,3,0.333,5,6,0.833,3,2,5,5,1,0,6,3,14,4,1,2024-03-18
22023,1630703,22300970,"MAR 16, 2024",POR @ NOP,L,24,5,8,0.625,0,2,0.0,1,1,1.0,0,2,2,2,2,1,3,2,11,-23,1,2024-03-16
22023,1630703,22300960,"MAR 14, 2024",POR vs. NYK,L,26,4,13,0.308,1,4,0.25,3,4,0.75,0,7,7,6,1,0,2,5,12,-15,1,2024-03-14
22023,1630703,22300953,"MAR 13, 2024",POR vs. ATL,W,17,1,8,0.125,0,4,0.0,0,0,0.0,0,1,1,3,1,0,3,5,2,-3,1,2024-03-13
22023,1630703,22300938,"MAR 11, 2024",POR vs. BOS,L,33,5,12,0.417,1,5,0.2,2,2,1.0,2,4,6,8,0,0,5,3,13,-23,1,2024-03-11
22023,1630703,22300923,"MAR 09, 2024",POR vs. TOR,W,26,5,12,0.417,1,4,0.25,2,2,1.0,0,1,1,5,1,0,1,4,13,5,1,2024-03-09
22023,1641707,22301024,"MAR 23, 2024",UTA @ HOU,L,27,4,9,0.444,1,4,0.25,0,0,0.0,1,5,6,0,0,1,1,3,9,-17,1,2024-03-23
22023,1641707,22301008,"MAR 21, 2024",UTA @ DAL,L,28,2,4,0.5,1,3,0.333,0,0,0.0,0,2,2,0,1,0,1,5,5,-7,1,2024-03-21
22023,1641707,22301000,"MAR 20, 2024",UTA @ OKC,L,24,3,6,0.5,2,5,0.4,4,4,1.0,3,1,4,1,0,3,0,3,12,-22,1,2024-03-20
22023,1641707,22300987,"MAR 18, 2024",UTA vs. MIN,L,28,3,6,0.5,2,4,0.5,0,0,0.0,0,6,6,1,1,1,0,1,8,1,1,2024-03-18
22023,1641707,22300974,"MAR 16, 2024",UTA vs. MIN,L,33,5,12,0.417,2,7,0.286,3,4,0.75,1,9,10,1,1,1,1,1,15,-23,1,2024-03-16
22023,1641707,22300966,"MAR 15, 2024",UTA vs. ATL,W,19,1,7,0.143,0,3,0.0,1,2,0.5,2,8,10,0,0,3,0,5,3,1,1,2024-03-15
22023,1641707,22300882,"MAR 04, 2024",UTA vs. WAS,W,14,3,3,1.0,2,2,1.0,0,0,0.0,0,2,2,1,0,0,0,3,8,1,1,2024-03-04
22023,1641707,22300867,"MAR 02, 2024",UTA @ MIA,L,29,4,7,0.571,0,2,0.0,0,0,0.0,4,9,13,1,0,2,1,3,8,-16,1,2024-03-02
22023,1641707,22300850,"FEB 29, 2024",UTA @ ORL,L,27,3,6,0.5,2,4,0.5,2,2,1.0,2,5,7,1,1,1,1,4,10,-4,1,2024-02-29
22023,1641707,22300835,"FEB 27, 2024",UTA @ ATL,L,29,3,8,0.375,2,4,0.5,0,0,0.0,0,8,8,1,2,0,0,3,8,-9,1,2024-02-27
22023,1641707,22300825,"FEB 25, 2024",UTA vs. SAS,W,26,4,8,0.5,1,5,0.2,0,0,0.0,1,2,3,0,0,1,0,6,9,13,1,2024-02-25
22023,1641707,22300801,"FEB 22, 2024",UTA vs. CHA,L,26,5,9,0.556,1,5,0.2,1,1,1.0,4,5,9,1,0,0,0,2,12,10,1,2024-02-22
22023,1629639,22300810,"FEB 23, 2024",MIA @ NOP,W,31,6,14,0.429,3,5,0.6,0,0,0.0,0,6,6,3,0,1,1,2,15,2,1,2024-02-23
22023,1627741,22301028,"MAR 24, 2024",PHI @ LAC,W,23,3,7,0.429,3,6,0.5,0,0,0.0,1,3,4,2,0,0,1,2,9,2,1,2024-03-24
22023,1627741,22301018,"MAR 22, 2024",PHI @ LAL,L,13,2,6,0.333,1,3,0.333,0,0,0.0,0,0,0,1,2,1,1,3,5,-9,1,2024-03-22
22023,1627741,22301002,"MAR 20, 2024",PHI @ PHX,L,15,3,8,0.375,1,5,0.2,0,0,0.0,1,1,2,0,0,0,0,0,7,-17,1,2024-03-20
22023,1627741,22300985,"MAR 18, 2024",PHI vs. MIA,W,24,4,10,0.4,2,7,0.286,2,2,1.0,1,1,2,1,0,1,1,1,12,-2,1,2024-03-18
22023,1627741,22300969,"MAR 16, 2024",PHI vs. CHA,W,20,6,12,0.5,2,6,0.333,0,0,0.0,0,2,2,2,0,0,1,1,14,-5,1,2024-03-16
22023,1627741,22300958,"MAR 14, 2024",PHI @ MIL,L,21,3,6,0.5,3,4,0.75,0,0,0.0,0,0,0,2,0,1,1,3,9,2,1,2024-03-14
22023,1627741,22300939,"MAR 12, 2024",PHI @ NYK,L,24,4,11,0.364,1,7,0.143,0,0,0.0,1,3,4,4,0,1,1,1,9,4,1,2024-03-12
22023,1627741,22300927,"MAR 10, 2024",PHI @ NYK,W,26,6,9,0.667,4,6,0.667,0,0,0.0,2,5,7,3,1,0,1,1,16,19,1,2024-03-10
22023,1627741,22300909,"MAR 08, 2024",PHI vs. NOP,L,25,2,10,0.2,2,9,0.222,2,2,1.0,0,2,2,2,2,1,2,3,8,-15,1,2024-03-08
22023,1627741,22300896,"MAR 06, 2024",PHI vs. MEM,L,31,6,17,0.353,3,7,0.429,0,0,0.0,1,4,5,3,3,1,1,1,15,-4,1,2024-03-06
22023,1627741,22300887,"MAR 05, 2024",PHI @ BKN,L,28,3,9,0.333,2,3,0.667,5,5,1.0,0,3,3,4,1,0,0,1,13,-10,1,2024-03-05
22023,1627741,22300871,"MAR 03, 2024",PHI @ DAL,W,28,4,11,0.364,3,8,0.375,0,0,0.0,1,2,3,4,1,1,1,2,11,6,1,2024-03-03
22023,1627741,22300858,"MAR 01, 2024",PHI vs. CHA,W,32,5,11,0.455,3,8,0.375,0,0,0.0,1,2,3,6,2,0,0,2,13,3,1,2024-03-01
22023,1627741,22300836,"FEB 27, 2024",PHI @ BOS,L,29,2,8,0.25,2,7,0.286,0,0,0.0,0,2,2,4,0,0,1,4,6,-24,1,2024-02-27
22023,1627741,22300817,"FEB 25, 2024",PHI vs. MIL,L,28,4,13,0.308,3,9,0.333,0,0,0.0,1,1,2,4,0,0,2,0,11,-8,1,2024-02-25
22023,1627741,22300805,"FEB 23, 2024",PHI vs. CLE,W,32,5,9,0.556,3,6,0.5,0,0,0.0,1,4,5,1,0,0,1,5,13,6,1,2024-02-23
22023,1627741,22300794,"FEB 22, 2024",PHI vs. NYK,L,33,5,15,0.333,4,9,0.444,0,0,0.0,0,2,2,6,1,1,2,2,14,-1,1,2024-02-22
22023,1629312,22301013,"MAR 22, 2024",MIA vs. NOP,L,22,0,3,0.0,0,2,0.0,0,0,0.0,1,2,3,3,0,0,0,1,0,-12,1,2024-03-22
22023,1629312,22300996,"MAR 20, 2024",MIA @ CLE,W,5,1,1,1.0,0,0,0.0,0,0,0.0,1,1,2,0,0,0,0,0,2,-5,1,2024-03-20
22023,1629312,22300985,"MAR 18, 2024",MIA @ PHI,L,26,4,7,0.571,3,6,0.5,0,2,0.0,0,5,5,2,0,0,1,0,11,-18,1,2024-03-18
22023,1629312,22300977,"MAR 17, 2024",MIA @ DET,W,25,1,6,0.167,0,3,0.0,1,2,0.5,2,0,2,1,0,0,0,3,3,4,1,2024-03-17
22023,1629312,22300962,"MAR 15, 2024",MIA @ DET,W,5,0,0,0.0,0,0,0.0,0,0,0.0,0,1,1,0,0,0,0,0,0,-6,1,2024-03-15
22023,1629312,22300949,"MAR 13, 2024",MIA vs. DEN,L,8,0,0,0.0,0,0,0.0,0,0,0.0,0,0,0,1,0,0,0,1,0,-3,1,2024-03-13
22023,1629312,22300926,"MAR 10, 2024",MIA vs. WAS,L,5,1,1,1.0,1,1,1.0,0,0,0.0,0,0,0,0,0,0,0,0,3,-2,1,2024-03-10
22023,1629312,22300914,"MAR 08, 2024",MIA @ OKC,L,5,0,0,0.0,0,0,0.0,0,0,0.0,0,0,0,1,0,0,0,1,0,-4,1,2024-03-08
22023,1629312,22300904,"MAR 07, 2024",MIA @ DAL,L,8,1,4,0.25,0,2,0.0,0,0,0.0,0,2,2,1,0,0,0,0,2,-4,1,2024-03-07
22023,1629312,22300888,"MAR 05, 2024",MIA vs. DET,W,11,1,2,0.5,1,2,0.5,0,0,0.0,1,2,3,1,0,1,0,1,3,2,1,2024-03-05
22023,1629312,22300867,"MAR 02, 2024",MIA vs. UTA,W,19,1,5,0.2,0,4,0.0,0,0,0.0,0,1,1,0,0,1,0,1,2,0,1,2024-03-02
22023,1629312,22300842,"FEB 27, 2024",MIA @ POR,W,6,1,2,0.5,0,1,0.0,0,0,0.0,0,2,2,0,0,1,1,2,2,1,1,2024-02-27
22023,1629312,22300831,"FEB 26, 2024",MIA @ SAC,W,29,6,9,0.667,3,5,0.6,0,0,0.0,3,1,4,0,3,1,0,3,15,-2,1,2024-02-26
22023,1629312,22300810,"FEB 23, 2024",MIA @ NOP,W,19,2,2,1.0,1,1,1.0,0,0,0.0,2,2,4,1,0,1,0,1,5,5,1,2024-02-23
22023,1628988,22301024,"MAR 23, 2024",HOU vs. UTA,W,20,3,7,0.429,1,3,0.333,0,0,0.0,0,1,1,3,0,0,0,1,7,-1,1,2024-03-23
22023,1628988,22301006,"MAR 21, 2024",HOU vs. CHI,W,18,5,6,0.833,3,4,0.75,2,2,1.0,1,2,3,1,1,0,1,2,15,11,1,2024-03-21
22023,1628988,22300992,"MAR 19, 2024",HOU @ WAS,W,21,2,7,0.286,1,5,0.2,2,2,1.0,0,0,0,6,2,1,0,2,7,19,1,2024-03-19
22023,1628988,22300967,"MAR 16, 2024",HOU vs. CLE,W,12,1,4,0.25,0,2,0.0,0,0,0.0,0,1,1,3,1,0,0,3,2,0,1,2024-03-16
22023,1628988,22300957,"MAR 14, 2024",HOU vs. WAS,W,11,0,3,0.0,0,3,0.0,0,0,0.0,0,0,0,0,0,0,1,2,0,-8,1,2024-03-14
22023,1628988,22300942,"MAR 12, 2024",HOU @ SAS,W,11,3,6,0.5,0,1,0.0,2,2,1.0,0,1,1,0,0,0,0,1,8,-4,1,2024-03-12
22023,1628988,22300929,"MAR 10, 2024",HOU @ SAC,W,6,0,2,0.0,0,0,0.0,0,0,0.0,0,1,1,1,0,0,0,0,0,0,1,2024-03-10
22023,1628988,22300916,"MAR 08, 2024",HOU @ POR,W,15,3,7,0.429,0,3,0.0,0,0,0.0,0,1,1,1,2,0,0,2,6,6,1,2024-03-08
22023,1628988,22300897,"MAR 06, 2024",HOU vs. LAC,L,8,2,3,0.667,2,3,0.667,0,0,0.0,0,1,1,2,0,0,0,0,6,7,1,2024-03-06
22023,1628988,22300891,"MAR 05, 2024",HOU vs. SAS,W,5,0,2,0.0,0,0,0.0,0,0,0.0,0,0,0,1,0,0,0,1,0,-12,1,2024-03-05
22023,1628988,22300870,"MAR 02, 2024",HOU @ PHX,W,6,0,1,0.0,0,0,0.0,0,0,0.0,0,1,1,1,0,0,1,3,0,-5,1,2024-03-02
22023,1628988,22300854,"FEB 29, 2024",HOU @ PHX,L,9,0,1,0.0,0,0,0.0,0,0,0.0,0,0,0,2,0,0,0,1,0,0,1,2024-02-29
22023,1628988,22300841,"FEB 27, 2024",HOU @ OKC,L,16,4,10,0.4,2,5,0.4,0,0,0.0,1,0,1,0,0,1,0,1,10,-4,1,2024-02-27
22023,1628988,22300822,"FEB 25, 2024",HOU vs. OKC,L,11,3,5,0.6,1,1,1.0,0,0,0.0,0,0,0,1,0,0,1,0,7,-7,1,2024-02-25
22023,1628988,22300806,"FEB 23, 2024",HOU vs. PHX,W,11,0,1,0.0,0,0,0.0,3,3,1.0,0,0,0,3,2,0,1,3,3,-2,1,2024-02-23
22023,1628988,22300798,"FEB 22, 2024",HOU @ NOP,L,8,0,3,0.0,0,1,0.0,0,0,0.0,0,1,1,1,0,0,2,0,0,-10,1,2024-02-22
22023,201950,22300980,"MAR 17, 2024",BOS @ WAS,W,22,3,7,0.429,1,2,0.5,0,0,0.0,0,1,1,3,1,2,3,2,7,17,1,2024-03-17
22023,201950,22300955,"MAR 14, 2024",BOS vs. PHX,W,33,3,5,0.6,3,5,0.6,0,0,0.0,0,0,0,10,2,2,0,1,9,26,1,2024-03-14
22023,201950,22300943,"MAR 12, 2024",BOS @ UTA,W,38,6,12,0.5,2,7,0.286,2,2,1.0,1,4,5,8,2,1,1,1,16,7,1,2024-03-12
22023,201950,22300920,"MAR 09, 2024",BOS @ PHX,W,36,5,7,0.714,3,5,0.6,2,2,1.0,0,3,3,6,2,1,3,1,15,6,1,2024-03-09
22023,201950,22300906,"MAR 07, 2024",BOS @ DEN,L,35,5,10,0.5,2,6,0.333,0,0,0.0,1,3,4,2,0,0,1,2,12,-6,1,2024-03-07
22023,201950,22300886,"MAR 05, 2024",BOS @ CLE,L,36,5,9,0.556,2,6,0.333,0,0,0.0,2,2,4,5,2,0,4,1,12,-14,1,2024-03-05
22023,201950,22300872,"MAR 03, 2024",BOS vs. GSW,W,26,3,7,0.429,1,3,0.333,0,0,0.0,1,5,6,4,0,1,0,2,7,39,1,2024-03-03
22023,201950,22300859,"MAR 01, 2024",BOS vs. DAL,W,27,4,6,0.667,3,3,1.0,0,0,0.0,0,2,2,7,2,1,0,1,11,12,1,2024-03-01
22023,201950,22300836,"FEB 27, 2024",BOS vs. PHI,W,35,6,8,0.75,1,1,1.0,0,0,0.0,3,4,7,4,1,2,4,0,13,19,1,2024-02-27
22023,201950,22300816,"FEB 24, 2024",BOS @ NYK,W,35,5,10,0.5,2,6,0.333,0,0,0.0,0,1,1,6,2,1,1,2,12,14,1,2024-02-24
22023,201950,22300797,"FEB 22, 2024",BOS @ CHI,W,29,3,5,0.6,2,3,0.667,1,2,0.5,0,3,3,6,2,1,2,3,9,9,1,2024-02-22
22023,203200,22300965,"MAR 15, 2024",DEN @ SAS,W,21,5,9,0.556,3,6,0.5,0,0,0.0,0,1,1,2,2,0,0,2,13,7,1,2024-03-15
22023,203200,22300949,"MAR 13, 2024",DEN @ MIA,W,13,1,5,0.2,0,3,0.0,0,0,0.0,0,3,3,2,0,1,0,2,2,-1,1,2024-03-13
22023,203200,22300937,"MAR 11, 2024",DEN vs. TOR,W,8,0,0,0.0,0,0,0.0,0,0,0.0,0,0,0,0,0,0,1,0,0,-2,1,2024-03-11
22023,203200,22300922,"MAR 09, 2024",DEN vs. UTA,W,25,1,1,1.0,1,1,1.0,0,0,0.0,0,2,2,7,0,1,0,1,3,15,1,2024-03-09
22023,203200,22300906,"MAR 07, 2024",DEN vs. BOS,W,13,1,2,0.5,0,1,0.0,0,0,0.0,0,0,0,1,0,1,0,1,2,6,1,2024-03-07
22023,203200,22300869,"MAR 02, 2024",DEN @ LAL,W,31,5,7,0.714,3,5,0.6,0,0,0.0,0,2,2,3,1,0,0,0,13,8,1,2024-03-02
22023,203200,22300855,"FEB 29, 2024",DEN vs. MIA,W,8,2,4,0.5,2,4,0.5,0,0,0.0,0,2,2,1,0,0,0,1,6,-2,1,2024-02-29
22023,203200,22300847,"FEB 28, 2024",DEN vs. SAC,W,12,1,2,0.5,0,1,0.0,0,0,0.0,0,1,1,0,1,0,1,0,2,-14,1,2024-02-28
22023,203200,22300824,"FEB 25, 2024",DEN @ GSW,W,2,0,1,0.0,0,1,0.0,0,0,0.0,0,0,0,0,0,0,0,0,0,2,1,2024-02-25
22023,203200,22300812,"FEB 23, 2024",DEN @ POR,W,7,0,1,0.0,0,1,0.0,0,0,0.0,0,0,0,0,0,0,0,1,0,-7,1,2024-02-23
22023,203200,22300800,"FEB 22, 2024",DEN vs. WAS,W,15,3,5,0.6,2,3,0.667,0,0,0.0,0,1,1,2,2,1,0,0,8,-8,1,2024-02-22
22023,1626158,22301022,"MAR 23, 2024",WAS vs. TOR,W,28,6,9,0.667,0,0,0.0,3,4,0.75,7,7,14,0,0,2,2,3,15,7,1,2024-03-23
22023,1626158,22301005,"MAR 21, 2024",WAS vs. SAC,W,29,2,9,0.222,0,0,0.0,2,2,1.0,6,10,16,2,0,1,1,5,6,15,1,2024-03-21
22023,1626158,22300992,"MAR 19, 2024",WAS vs. HOU,L,26,4,5,0.8,0,0,0.0,4,4,1.0,4,5,9,0,1,1,1,2,12,-18,1,2024-03-19
22023,1626158,22300980,"MAR 17, 2024",WAS vs. BOS,L,19,4,6,0.667,0,0,0.0,0,0,0.0,0,4,4,1,0,1,1,3,8,-18,1,2024-03-17
22023,1626158,22300971,"MAR 16, 2024",WAS @ CHI,L,26,3,8,0.375,0,1,0.0,1,2,0.5,1,3,4,1,1,0,0,5,7,-9,1,2024-03-16
22023,1626158,22300910,"MAR 08, 2024",WAS vs. CHA,W,36,5,5,1.0,0,0,0.0,4,4,1.0,3,8,11,1,1,1,0,5,14,23,1,2024-03-08
22023,1626158,22300894,"MAR 06, 2024",WAS vs. ORL,L,25,5,6,0.833,0,0,0.0,2,2,1.0,3,2,5,2,2,0,0,3,12,11,1,2024-03-06
22023,1626158,22300882,"MAR 04, 2024",WAS @ UTA,L,9,0,3,0.0,0,0,0.0,0,0,0.0,1,1,2,0,1,1,0,1,0,5,1,2024-03-04
22023,1626158,22300865,"MAR 01, 2024",WAS @ LAC,L,7,1,3,0.333,0,0,0.0,0,0,0.0,1,3,4,0,0,1,1,0,2,-5,1,2024-03-01
22023,1626158,22300856,"FEB 29, 2024",WAS @ LAL,L,14,3,4,0.75,1,1,1.0,0,0,0.0,2,1,3,0,0,0,1,4,7,-8,1,2024-02-29
22023,1626158,22300834,"FEB 27, 2024",WAS vs. GSW,L,12,0,3,0.0,0,0,0.0,1,2,0.5,2,1,3,0,0,0,0,0,1,-16,1,2024-02-27
22023,1626158,22300820,"FEB 25, 2024",WAS vs. CLE,L,15,4,6,0.667,0,0,0.0,3,3,1.0,1,6,7,0,0,0,2,2,11,-13,1,2024-02-25
22023,1626158,22300800,"FEB 22, 2024",WAS @ DEN,L,4,0,1,0.0,0,0,0.0,0,0,0.0,0,1,1,0,0,0,0,1,0,-7,1,2024-02-22
22023,1631096,22301030,"MAR 24, 2024",OKC @ MIL,,0,0,2,0.0,0,1,0.0,0,0,0.0,0,0,0,0,0,0,0,0,0,0,0,2024-03-24
22023,1631096,22301012,"MAR 22, 2024",OKC @ TOR,W,27,8,13,0.615,2,4,0.5,0,0,0.0,3,7,10,1,2,1,0,1,18,14,1,2024-03-22
22023,1631096,22301000,"MAR 20, 2024",OKC vs. UTA,W,31,12,18,0.667,1,5,0.2,10,12,0.833,3,11,14,1,2,3,2,1,35,27,1,2024-03-20
22023,1631096,22300972,"MAR 16, 2024",OKC @ MEM,W,32,8,13,0.615,2,4,0.5,4,4,1.0,1,10,11,2,1,3,1,2,22,-7,1,2024-03-16
22023,1631096,22300959,"MAR 14, 2024",OKC vs. DAL,W,32,4,6,0.667,2,3,0.667,1,1,1.0,1,7,8,1,1,1,0,1,11,-1,1,2024-03-14
22023,1631096,22300941,"MAR 12, 2024",OKC vs. IND,L,35,6,16,0.375,3,6,0.5,0,0,0.0,2,11,13,3,0,2,0,2,15,-5,1,2024-03-12
22023,1631096,22300931,"MAR 10, 2024",OKC vs. MEM,W,22,4,10,0.4,0,4,0.0,0,0,0.0,1,5,6,2,0,2,3,2,8,30,1,2024-03-10
22023,1631096,22300914,"MAR 08, 2024",OKC vs. MIA,W,29,3,9,0.333,1,4,0.25,0,0,0.0,0,3,3,3,0,0,0,1,7,-1,1,2024-03-08
22023,1631096,22300900,"MAR 06, 2024",OKC @ POR,W,33,6,9,0.667,1,4,0.25,8,10,0.8,2,12,14,5,0,1,1,1,21,32,1,2024-03-06
22023,1631096,22300884,"MAR 04, 2024",OKC @ LAL,L,28,6,14,0.429,2,6,0.333,1,1,1.0,3,4,7,1,0,1,0,0,15,-12,1,2024-03-04
22023,1631096,22300878,"MAR 03, 2024",OKC @ PHX,W,32,5,10,0.5,0,1,0.0,4,5,0.8,4,5,9,2,1,0,1,1,14,-19,1,2024-03-03
22023,1631096,22300853,"FEB 29, 2024",OKC @ SAS,L,33,8,12,0.667,1,4,0.25,6,6,1.0,0,7,7,5,0,1,1,1,23,-10,1,2024-02-29
22023,1631096,22300841,"FEB 27, 2024",OKC vs. HOU,W,34,6,13,0.462,1,4,0.25,5,5,1.0,2,11,13,2,1,3,2,4,18,10,1,2024-02-27
22023,1631096,22300822,"FEB 25, 2024",OKC @ HOU,W,33,11,16,0.688,5,8,0.625,2,2,1.0,2,6,8,7,1,3,2,3,29,10,1,2024-02-25
22023,1631096,22300809,"FEB 23, 2024",OKC vs. WAS,W,23,11,14,0.786,2,5,0.4,1,2,0.5,1,9,10,0,0,2,3,2,25,6,1,2024-02-23
22023,1631096,22300799,"FEB 22, 2024",OKC vs. LAC,W,33,6,12,0.5,3,6,0.5,2,3,0.667,3,7,10,3,0,3,3,4,17,1,1,2024-02-22
22023,1641720,22300901,"MAR 06, 2024",LAL vs. SAC,L,1,0,1,0.0,0,1,0.0,0,0,0.0,0,0,0,0,0,0,0,0,0,0,1,2024-03-06
22023,1641720,22300884,"MAR 04, 2024",LAL vs. OKC,W,5,0,3,0.0,0,1,0.0,1,2,0.5,0,1,1,0,0,0,0,0,1,-12,1,2024-03-04
22023,1641720,22300813,"FEB 23, 2024",LAL vs. SAS,W,1,0,0,0.0,0,0,0.0,0,0,0.0,0,0,0,0,0,0,0,1,0,-4,1,2024-02-23
22023,1641720,22300802,"FEB 22, 2024",LAL @ GSW,L,6,1,3,0.333,1,2,0.5,1,2,0.5,0,1,1,0,0,0,1,1,4,-1,1,2024-02-22
22023,201143,22301023,"MAR 23, 2024",BOS @ CHI,W,31,8,16,0.5,5,10,0.5,2,2,1.0,2,6,8,1,0,0,2,1,23,9,1,2024-03-23
22023,201143,22300998,"MAR 20, 2024",BOS vs. MIL,W,38,3,3,1.0,2,2,1.0,0,0,0.0,1,3,4,4,1,1,2,2,8,15,1,2024-03-20
22023,201143,22300980,"MAR 17, 2024",BOS @ WAS,W,23,5,7,0.714,2,4,0.5,2,2,1.0,2,2,4,2,0,0,1,3,14,16,1,2024-03-17
22023,201143,22300955,"MAR 14, 2024",BOS vs. PHX,W,33,8,14,0.571,6,10,0.6,2,2,1.0,2,1,3,3,3,1,1,1,24,15,1,2024-03-14
22023,201143,22300938,"MAR 11, 2024",BOS @ POR,W,30,4,4,1.0,3,3,1.0,0,0,0.0,0,4,4,4,1,3,0,1,11,11,1,2024-03-11
22023,201143,22300920,"MAR 09, 2024",BOS @ PHX,W,32,4,12,0.333,1,7,0.143,0,0,0.0,3,9,12,3,1,0,1,4,9,0,1,2024-03-09
22023,201143,22300906,"MAR 07, 2024",BOS @ DEN,L,19,0,2,0.0,0,1,0.0,2,2,1.0,1,3,4,0,0,0,0,1,2,-10,1,2024-03-07
22023,201143,22300886,"MAR 05, 2024",BOS @ CLE,L,20,3,8,0.375,1,4,0.25,0,0,0.0,2,3,5,0,1,0,1,1,7,-2,1,2024-03-05
22023,201143,22300872,"MAR 03, 2024",BOS vs. GSW,W,21,3,5,0.6,1,2,0.5,0,0,0.0,0,4,4,4,1,0,0,2,7,35,1,2024-03-03
22023,201143,22300859,"MAR 01, 2024",BOS vs. DAL,W,28,5,8,0.625,2,5,0.4,0,0,0.0,1,7,8,3,0,2,1,1,12,21,1,2024-03-01
22023,201143,22300836,"FEB 27, 2024",BOS vs. PHI,W,21,4,6,0.667,0,2,0.0,0,0,0.0,0,5,5,1,1,1,0,1,8,-5,1,2024-02-27
22023,201143,22300816,"FEB 24, 2024",BOS @ NYK,W,26,5,7,0.714,0,0,0.0,0,0,0.0,4,3,7,0,0,1,0,2,10,11,1,2024-02-24
22023,201143,22300797,"FEB 22, 2024",BOS @ CHI,W,23,0,1,0.0,0,0,0.0,0,0,0.0,1,4,5,0,0,1,1,1,0,1,1,2024-02-22
22023,1629659,22301000,"MAR 20, 2024",UTA @ OKC,L,16,3,10,0.3,1,5,0.2,1,1,1.0,0,2,2,2,0,0,1,2,8,4,1,2024-03-20
22023,1629659,22300987,"MAR 18, 2024",UTA vs. MIN,L,19,2,7,0.286,1,3,0.333,2,3,0.667,0,1,1,3,2,0,0,1,7,-2,1,2024-03-18
22023,1629659,22300966,"MAR 15, 2024",UTA vs. ATL,W,19,1,6,0.167,1,4,0.25,2,2,1.0,0,0,0,5,1,1,1,1,5,0,1,2024-03-15
22023,1629659,22300943,"MAR 12, 2024",UTA vs. BOS,L,17,2,7,0.286,1,2,0.5,0,0,0.0,0,2,2,0,2,0,0,0,5,-11,1,2024-03-12
22023,1629659,22300922,"MAR 09, 2024",UTA @ DEN,L,9,1,3,0.333,1,3,0.333,0,0,0.0,0,0,0,0,0,0,0,1,3,-16,1,2024-03-09
22023,1629659,22300898,"MAR 06, 2024",UTA vs. CHI,L,24,2,8,0.25,2,5,0.4,2,2,1.0,0,3,3,5,0,2,1,1,8,-10,1,2024-03-06
22023,1629659,22300882,"MAR 04, 2024",UTA vs. WAS,W,15,4,9,0.444,1,3,0.333,0,1,0.0,0,1,1,3,0,0,0,0,9,-2,1,2024-03-04
22023,1629659,22300867,"MAR 02, 2024",UTA @ MIA,L,20,1,7,0.143,1,2,0.5,4,4,1.0,1,7,8,3,0,1,0,4,7,5,1,2024-03-02
22023,1629659,22300835,"FEB 27, 2024",UTA @ ATL,L,10,2,6,0.333,0,2,0.0,5,5,1.0,2,1,3,1,1,1,0,0,9,-7,1,2024-02-27
22023,1631216,22301020,"MAR 23, 2024",ORL vs. SAC,L,11,2,5,0.4,2,5,0.4,0,0,0.0,2,0,2,0,1,0,0,0,6,-7,1,2024-03-23
22023,1631216,22301004,"MAR 21, 2024",ORL vs. NOP,W,13,1,3,0.333,1,3,0.333,0,0,0.0,1,0,1,0,0,0,1,1,3,-1,1,2024-03-21
22023,1631216,22300991,"MAR 19, 2024",ORL vs. CHA,W,15,1,5,0.2,1,5,0.2,0,0,0.0,0,1,1,0,0,0,0,1,3,-7,1,2024-03-19
22023,1631216,22300979,"MAR 17, 2024",ORL vs. TOR,W,15,1,4,0.25,1,4,0.25,0,0,0.0,0,0,0,0,0,0,0,1,3,2,1,2024-03-17
22023,1631216,22300963,"MAR 15, 2024",ORL @ TOR,W,3,0,1,0.0,0,1,0.0,0,0,0.0,0,0,0,0,0,0,0,0,0,-5,1,2024-03-15
22023,1631216,22300947,"MAR 13, 2024",ORL vs. BKN,W,2,0,0,0.0,0,0,0.0,0,0,0.0,0,0,0,0,0,0,0,0,0,-2,1,2024-03-13
22023,1631216,22300928,"MAR 10, 2024",ORL vs. IND,L,22,0,2,0.0,0,1,0.0,0,0,0.0,1,1,2,1,0,0,0,3,0,-6,1,2024-03-10
22023,1631216,22300912,"MAR 08, 2024",ORL @ NYK,L,5,0,1,0.0,0,1,0.0,2,2,1.0,0,0,0,0,0,0,0,0,2,-4,1,2024-03-08
22023,1631216,22300894,"MAR 06, 2024",ORL @ WAS,W,4,0,0,0.0,0,0,0.0,0,0,0.0,0,0,0,0,0,0,0,0,0,-8,1,2024-03-06
22023,1631216,22300885,"MAR 05, 2024",ORL @ CHA,W,1,0,0,0.0,0,0,0.0,0,0,0.0,0,0,0,0,0,0,0,0,0,0,1,2024-03-05
22023,1631216,22300874,"MAR 03, 2024",ORL vs. DET,W,3,0,0,0.0,0,0,0.0,0,0,0.0,0,1,1,0,0,0,0,0,0,1,1,2024-03-03
22023,1631216,22300850,"FEB 29, 2024",ORL vs. UTA,W,14,1,4,0.25,1,4,0.25,0,0,0.0,0,2,2,1,0,2,0,3,3,-1,1,2024-02-29
22023,1631216,22300833,"FEB 27, 2024",ORL vs. BKN,W,31,3,4,0.75,3,4,0.75,0,0,0.0,1,5,6,1,2,0,1,3,9,21,1,2024-02-27
22023,1631216,22300821,"FEB 25, 2024",ORL @ ATL,L,21,4,9,0.444,4,9,0.444,0,0,0.0,0,2,2,0,0,0,0,1,12,-18,1,2024-02-25
22023,1641724,22300979,"MAR 17, 2024",ORL vs. TOR,W,3,0,1,0.0,0,1,0.0,0,0,0.0,0,0,0,0,0,0,0,0,0,-5,1,2024-03-17
22023,1628989,22300989,"MAR 18, 2024",SAC vs. MEM,W,2,0,0,0.0,0,0,0.0,0,0,0.0,0,1,1,1,1,0,1,0,0,2,1,2024-03-18
22023,1628989,22300975,"MAR 16, 2024",SAC vs. NYK,L,16,0,3,0.0,0,2,0.0,0,0,0.0,0,1,1,2,1,0,0,1,0,-1,1,2024-03-16
22023,1628989,22300945,"MAR 12, 2024",SAC vs. MIL,W,25,4,10,0.4,3,8,0.375,0,0,0.0,0,5,5,3,2,0,1,3,11,23,1,2024-03-12
22023,1628989,22300929,"MAR 10, 2024",SAC vs. HOU,L,25,3,7,0.429,0,3,0.0,0,0,0.0,0,3,3,3,2,1,1,5,6,7,1,2024-03-10
22023,1628989,22300908,"MAR 07, 2024",SAC vs. SAS,W,16,0,5,0.0,0,3,0.0,0,0,0.0,1,1,2,2,1,1,1,1,0,-10,1,2024-03-07
22023,1628989,22300901,"MAR 06, 2024",SAC @ LAL,W,12,1,3,0.333,0,2,0.0,0,0,0.0,1,0,1,3,1,0,0,3,2,-5,1,2024-03-06
22023,1628989,22300883,"MAR 04, 2024",SAC vs. CHI,L,23,5,9,0.556,2,3,0.667,0,0,0.0,2,1,3,2,1,0,2,1,12,2,1,2024-03-04
22023,1628989,22300862,"MAR 01, 2024",SAC @ MIN,W,33,3,12,0.25,2,7,0.286,0,0,0.0,2,4,6,4,0,0,1,3,8,2,1,2024-03-01
22023,1628989,22300847,"FEB 28, 2024",SAC @ DEN,L,18,2,5,0.4,0,2,0.0,0,2,0.0,0,1,1,2,0,0,3,2,4,-20,1,2024-02-28
22023,1628989,22300831,"FEB 26, 2024",SAC vs. MIA,L,38,5,15,0.333,2,9,0.222,2,2,1.0,0,5,5,2,0,0,1,2,14,-1,1,2024-02-26
22023,1628989,22300827,"FEB 25, 2024",SAC @ LAC,W,25,6,10,0.6,3,6,0.5,0,0,0.0,0,3,3,2,0,0,1,2,15,8,1,2024-02-25
22023,1628989,22300803,"FEB 22, 2024",SAC vs. SAS,W,31,8,14,0.571,5,8,0.625,0,0,0.0,0,4,4,5,0,0,1,1,21,15,1,2024-02-22
22023,1630643,22300965,"MAR 15, 2024",DEN @ SAS,W,1,0,0,0.0,0,0,0.0,0,0,0.0,0,0,0,0,0,0,0,0,0,-2,1,2024-03-15
22023,1630643,22300922,"MAR 09, 2024",DEN vs. UTA,W,1,1,1,1.0,0,0,0.0,0,0,0.0,0,1,1,0,0,0,0,0,2,2,1,2024-03-09
22023,1630643,22300847,"FEB 28, 2024",DEN vs. SAC,W,4,1,1,1.0,1,1,1.0,0,0,0.0,0,2,2,0,0,0,0,0,3,-1,1,2024-02-28
22023,1630643,22300824,"FEB 25, 2024",DEN @ GSW,W,2,0,0,0.0,0,0,0.0,2,2,1.0,1,1,2,0,0,0,0,0,2,2,1,2024-02-25
22023,1630643,22300812,"FEB 23, 2024",DEN @ POR,W,2,0,1,0.0,0,1,0.0,0,0,0.0,0,0,0,0,0,0,0,0,0,-7,1,2024-02-23
22023,1630643,22300800,"FEB 22, 2024",DEN vs. WAS,W,4,1,2,0.5,0,1,0.0,0,0,0.0,0,2,2,0,0,0,0,2,2,-4,1,2024-02-22
22023,1629631,22301021,"MAR 23, 2024",ATL vs. CHA,W,28,4,14,0.286,1,8,0.125,2,2,1.0,0,1,1,3,0,0,0,1,11,21,1,2024-03-23
22023,1629631,22301010,"MAR 21, 2024",ATL @ PHX,L,34,5,13,0.385,3,7,0.429,9,10,0.9,0,4,4,1,2,0,1,2,22,3,1,2024-03-21
22023,1629631,22300990,"MAR 18, 2024",ATL @ LAL,L,26,4,14,0.286,0,5,0.0,0,0,0.0,0,1,1,3,1,1,0,1,8,-22,1,2024-03-18
22023,1629631,22300982,"MAR 17, 2024",ATL @ LAC,W,24,8,13,0.615,2,5,0.4,2,2,1.0,0,2,2,2,0,1,1,4,20,5,1,2024-03-17
22023,1629631,22300966,"MAR 15, 2024",ATL @ UTA,L,32,10,17,0.588,5,7,0.714,2,2,1.0,0,2,2,1,1,0,2,2,27,4,1,2024-03-15
22023,1629631,22300953,"MAR 13, 2024",ATL @ POR,L,33,4,12,0.333,1,6,0.167,2,2,1.0,1,0,1,1,1,1,1,2,11,8,1,2024-03-13
22023,1629631,22300925,"MAR 10, 2024",ATL vs. NOP,L,36,5,15,0.333,2,8,0.25,0,0,0.0,0,6,6,2,0,0,2,0,12,-8,1,2024-03-10
22023,1629631,22300913,"MAR 08, 2024",ATL @ MEM,W,29,4,11,0.364,3,6,0.5,1,3,0.333,0,2,2,2,1,0,3,5,12,6,1,2024-03-08
22023,1629631,22300895,"MAR 06, 2024",ATL vs. CLE,W,26,6,12,0.5,2,5,0.4,3,4,0.75,0,3,3,2,1,0,1,3,17,4,1,2024-03-06
22023,1629631,22300889,"MAR 05, 2024",ATL @ NYK,W,25,9,14,0.643,2,5,0.4,2,4,0.5,0,3,3,0,1,0,0,0,22,13,1,2024-03-05
22023,1629631,22300866,"MAR 02, 2024",ATL @ BKN,L,29,5,11,0.455,4,6,0.667,1,2,0.5,0,2,2,1,0,0,2,3,15,-13,1,2024-03-02
22023,1629631,22300851,"FEB 29, 2024",ATL @ BKN,L,26,4,8,0.5,1,3,0.333,3,4,0.75,0,0,0,0,1,0,0,1,12,-8,1,2024-02-29
22023,1629631,22300835,"FEB 27, 2024",ATL vs. UTA,W,28,6,10,0.6,1,3,0.333,7,9,0.778,1,4,5,0,0,1,0,1,20,9,1,2024-02-27
22023,1629631,22300821,"FEB 25, 2024",ATL vs. ORL,W,28,5,8,0.625,2,3,0.667,6,6,1.0,1,6,7,2,2,0,1,3,18,25,1,2024-02-25
22023,1629631,22300804,"FEB 23, 2024",ATL vs. TOR,L,25,8,16,0.5,2,7,0.286,4,4,1.0,1,4,5,2,0,0,1,3,22,-8,1,2024-02-23
22023,1630538,22301017,"MAR 22, 2024",LAC @ POR,W,4,0,0,0.0,0,0,0.0,0,0,0.0,0,0,0,0,0,0,1,0,0,-10,1,2024-03-22
22023,1630538,22301003,"MAR 20, 2024",LAC @ POR,W,7,0,4,0.0,0,3,0.0,0,0,0.0,0,1,1,2,0,0,1,2,0,-3,1,2024-03-20
22023,1630538,22300982,"MAR 17, 2024",LAC vs. ATL,L,11,0,4,0.0,0,4,0.0,2,2,1.0,0,1,1,1,0,0,5,0,2,-7,1,2024-03-17
22023,1630538,22300964,"MAR 15, 2024",LAC @ NOP,L,24,2,9,0.222,1,6,0.167,0,0,0.0,1,1,2,4,2,1,2,1,5,-1,1,2024-03-15
22023,1630538,22300956,"MAR 14, 2024",LAC @ CHI,W,32,6,9,0.667,4,7,0.571,1,2,0.5,0,5,5,11,4,0,1,2,17,17,1,2024-03-14
22023,1630538,22300944,"MAR 12, 2024",LAC vs. MIN,L,18,3,8,0.375,2,4,0.5,0,0,0.0,0,2,2,3,0,0,2,4,8,-19,1,2024-03-12
22023,1630538,22300924,"MAR 10, 2024",LAC vs. MIL,L,21,5,12,0.417,2,5,0.4,0,0,0.0,0,2,2,5,1,0,0,2,12,2,1,2024-03-10
22023,1630538,22300917,"MAR 09, 2024",LAC vs. CHI,W,13,3,3,1.0,3,3,1.0,1,2,0.5,0,2,2,1,3,0,1,1,10,6,1,2024-03-09
22023,1630538,22300897,"MAR 06, 2024",LAC @ HOU,W,10,3,6,0.5,0,2,0.0,0,0,0.0,0,1,1,1,0,0,1,2,6,-3,1,2024-03-06
22023,1630538,22300880,"MAR 04, 2024",LAC @ MIL,L,11,2,4,0.5,1,2,0.5,0,0,0.0,0,1,1,1,0,0,1,1,5,-3,1,2024-03-04
22023,1630538,22300873,"MAR 03, 2024",LAC @ MIN,W,14,0,3,0.0,0,0,0.0,0,0,0.0,0,0,0,2,0,0,0,0,0,11,1,2024-03-03
22023,1630538,22300865,"MAR 01, 2024",LAC vs. WAS,W,16,1,7,0.143,0,4,0.0,0,0,0.0,0,0,0,7,0,1,1,0,2,4,1,2024-03-01
22023,204060,22301020,"MAR 23, 2024",ORL vs. SAC,L,12,0,0,0.0,0,0,0.0,0,0,0.0,1,2,3,3,0,0,2,1,0,6,1,2024-03-23
22023,204060,22301004,"MAR 21, 2024",ORL vs. NOP,W,16,0,1,0.0,0,1,0.0,0,0,0.0,0,3,3,2,3,0,1,2,0,17,1,2024-03-21
22023,204060,22300991,"MAR 19, 2024",ORL vs. CHA,W,15,1,3,0.333,1,3,0.333,0,0,0.0,0,3,3,4,1,0,2,0,3,14,1,2024-03-19
22023,204060,22300979,"MAR 17, 2024",ORL vs. TOR,W,13,1,1,1.0,1,1,1.0,2,2,1.0,0,2,2,2,0,0,2,3,5,2,1,2024-03-17
22023,204060,22300963,"MAR 15, 2024",ORL @ TOR,W,15,1,2,0.5,1,2,0.5,2,2,1.0,0,1,1,5,0,0,1,1,5,7,1,2024-03-15
22023,204060,22300947,"MAR 13, 2024",ORL vs. BKN,W,16,2,3,0.667,2,3,0.667,0,0,0.0,0,0,0,3,0,0,0,1,6,-7,1,2024-03-13
22023,204060,22300928,"MAR 10, 2024",ORL vs. IND,L,23,4,5,0.8,3,4,0.75,0,0,0.0,0,2,2,2,1,0,1,2,11,0,1,2024-03-10
22023,204060,22300912,"MAR 08, 2024",ORL @ NYK,L,17,0,0,0.0,0,0,0.0,1,2,0.5,0,1,1,1,2,0,0,0,1,2,1,2024-03-08
22023,204060,22300894,"MAR 06, 2024",ORL @ WAS,W,14,0,0,0.0,0,0,0.0,0,0,0.0,0,1,1,0,0,0,1,1,0,-19,1,2024-03-06
22023,204060,22300885,"MAR 05, 2024",ORL @ CHA,W,17,0,1,0.0,0,1,0.0,0,0,0.0,1,1,2,8,0,0,0,1,0,15,1,2024-03-05
22023,204060,22300874,"MAR 03, 2024",ORL vs. DET,W,16,1,4,0.25,0,2,0.0,0,0,0.0,0,0,0,2,1,0,3,1,2,-8,1,2024-03-03
22023,204060,22300850,"FEB 29, 2024",ORL vs. UTA,W,14,2,4,0.5,1,2,0.5,0,0,0.0,0,0,0,2,0,0,0,0,5,3,1,2024-02-29
22023,204060,22300833,"FEB 27, 2024",ORL vs. BKN,W,18,0,2,0.0,0,2,0.0,0,0,0.0,0,2,2,2,2,0,2,2,0,10,1,2024-02-27
22023,204060,22300821,"FEB 25, 2024",ORL @ ATL,L,19,1,2,0.5,1,2,0.5,0,0,0.0,1,1,2,3,1,0,0,0,3,-11,1,2024-02-25
22023,204060,22300814,"FEB 24, 2024",ORL @ DET,W,16,0,3,0.0,0,1,0.0,0,0,0.0,0,1,1,2,0,0,1,0,0,3,1,2024-02-24
22023,204060,22300792,"FEB 22, 2024",ORL @ CLE,W,18,4,4,1.0,3,3,1.0,1,1,1.0,0,1,1,2,1,0,1,2,12,23,1,2024-02-22
22023,1627742,22301004,"MAR 21, 2024",NOP @ ORL,L,21,7,12,0.583,0,1,0.0,0,0,0.0,0,4,4,3,1,0,2,2,14,-8,1,2024-03-21
22023,1627742,22300993,"MAR 19, 2024",NOP @ BKN,W,32,4,12,0.333,1,5,0.2,2,3,0.667,0,4,4,6,0,1,3,3,11,5,1,2024-03-19
22023,1627742,22300970,"MAR 16, 2024",NOP vs. POR,W,35,10,21,0.476,1,5,0.2,1,1,1.0,2,5,7,2,1,4,1,2,22,11,1,2024-03-16
22023,1627742,22300964,"MAR 15, 2024",NOP vs. LAC,W,35,4,12,0.333,2,4,0.5,3,4,0.75,0,5,5,7,1,0,0,3,13,1,1,2024-03-15
22023,1627742,22300951,"MAR 13, 2024",NOP vs. CLE,L,32,8,14,0.571,0,1,0.0,4,5,0.8,1,4,5,5,1,0,2,2,20,1,1,2024-03-13
22023,1627742,22300925,"MAR 10, 2024",NOP @ ATL,W,32,3,9,0.333,0,1,0.0,1,2,0.5,0,7,7,10,1,0,2,2,7,1,1,2024-03-10
22023,1627742,22300909,"MAR 08, 2024",NOP @ PHI,W,35,6,10,0.6,2,2,1.0,3,4,0.75,0,7,7,5,0,2,4,3,17,-13,1,2024-03-08
22023,1627742,22300890,"MAR 05, 2024",NOP @ TOR,W,25,5,7,0.714,0,1,0.0,2,2,1.0,1,2,3,6,0,0,2,3,12,8,1,2024-03-05
22023,1627742,22300863,"MAR 01, 2024",NOP vs. IND,W,30,13,21,0.619,1,2,0.5,7,9,0.778,1,7,8,6,1,0,2,3,34,45,1,2024-03-01
22023,1627742,22300843,"FEB 28, 2024",NOP @ IND,L,29,8,20,0.4,1,5,0.2,13,13,1.0,1,5,6,4,0,0,1,1,30,-3,1,2024-02-28
22023,1627742,22300837,"FEB 27, 2024",NOP @ NYK,W,34,9,18,0.5,3,7,0.429,3,3,1.0,0,6,6,5,0,2,5,3,24,15,1,2024-02-27
22023,1627742,22300823,"FEB 25, 2024",NOP vs. CHI,L,39,7,16,0.438,2,6,0.333,6,8,0.75,0,3,3,6,3,1,9,1,22,0,1,2024-02-25
22023,202681,22301008,"MAR 21, 2024",DAL vs. UTA,W,35,7,19,0.368,2,8,0.25,0,0,0.0,1,4,5,7,2,0,1,1,16,37,1,2024-03-21
22023,202681,22300994,"MAR 19, 2024",DAL @ SAS,W,38,13,21,0.619,0,5,0.0,2,2,1.0,1,6,7,3,2,0,1,3,28,-10,1,2024-03-19
22023,202681,22300978,"MAR 17, 2024",DAL vs. DEN,W,40,9,23,0.391,4,11,0.364,2,2,1.0,3,4,7,9,3,1,3,2,24,6,1,2024-03-17
22023,202681,22300959,"MAR 14, 2024",DAL @ OKC,L,38,12,18,0.667,4,7,0.571,8,8,1.0,1,3,4,12,2,0,4,1,36,-10,1,2024-03-14
22023,202681,22300952,"MAR 13, 2024",DAL vs. GSW,W,35,8,16,0.5,1,5,0.2,6,6,1.0,0,8,8,10,1,1,1,3,23,1,1,2024-03-13
22023,202681,22300935,"MAR 11, 2024",DAL @ CHI,W,27,6,14,0.429,2,6,0.333,0,0,0.0,0,3,3,1,1,1,1,2,14,12,1,2024-03-11
22023,202681,22300919,"MAR 09, 2024",DAL @ DET,W,30,9,18,0.5,3,6,0.5,0,0,0.0,1,2,3,5,1,0,4,1,21,15,1,2024-03-09
22023,202681,22300904,"MAR 07, 2024",DAL vs. MIA,W,36,9,19,0.474,3,9,0.333,2,2,1.0,0,4,4,4,1,1,2,1,23,-7,1,2024-03-07
22023,202681,22300892,"MAR 05, 2024",DAL vs. IND,L,36,8,19,0.421,3,9,0.333,4,4,1.0,2,5,7,3,0,0,0,3,23,-20,1,2024-03-05
22023,202681,22300871,"MAR 03, 2024",DAL vs. PHI,L,38,10,20,0.5,5,9,0.556,3,3,1.0,0,5,5,4,1,0,4,0,28,-8,1,2024-03-03
22023,202681,22300859,"MAR 01, 2024",DAL @ BOS,L,37,9,23,0.391,1,7,0.143,0,0,0.0,2,2,4,2,0,0,1,1,19,-15,1,2024-03-01
22023,202681,22300844,"FEB 28, 2024",DAL @ TOR,W,35,11,20,0.55,2,6,0.333,5,5,1.0,0,1,1,3,2,1,1,4,29,0,1,2024-02-28
22023,202681,22300832,"FEB 27, 2024",DAL @ CLE,L,39,12,24,0.5,5,8,0.625,1,1,1.0,1,5,6,3,1,1,3,1,30,-8,1,2024-02-27
22023,202681,22300819,"FEB 25, 2024",DAL @ IND,L,32,10,22,0.455,3,7,0.429,6,6,1.0,0,6,6,2,0,0,1,0,29,-16,1,2024-02-25
22023,202681,22300796,"FEB 22, 2024",DAL vs. PHX,W,36,11,18,0.611,5,8,0.625,2,2,1.0,1,4,5,3,1,0,1,2,29,20,1,2024-02-22
22023,1628371,22301020,"MAR 23, 2024",ORL vs. SAC,L,23,10,13,0.769,3,4,0.75,2,3,0.667,2,5,7,0,1,2,0,3,25,26,1,2024-03-23
22023,1628371,22301004,"MAR 21, 2024",ORL vs. NOP,W,16,4,6,0.667,1,3,0.333,0,0,0.0,3,2,5,2,2,1,1,1,9,14,1,2024-03-21
22023,1628371,22300991,"MAR 19, 2024",ORL vs. CHA,W,8,2,2,1.0,1,1,1.0,3,3,1.0,0,2,2,1,1,0,0,0,8,13,1,2024-03-19
22023,1628371,22300963,"MAR 15, 2024",ORL @ TOR,W,20,4,7,0.571,2,4,0.5,0,0,0.0,0,6,6,0,0,2,0,1,10,2,1,2024-03-15
22023,1628371,22300947,"MAR 13, 2024",ORL vs. BKN,W,20,4,6,0.667,3,5,0.6,0,0,0.0,0,3,3,0,0,2,0,1,11,9,1,2024-03-13
22023,1628371,22300928,"MAR 10, 2024",ORL vs. IND,L,19,3,7,0.429,3,4,0.75,0,0,0.0,3,4,7,0,0,2,1,2,9,6,1,2024-03-10
22023,1628371,22300912,"MAR 08, 2024",ORL @ NYK,L,16,4,6,0.667,1,2,0.5,2,2,1.0,2,4,6,0,1,2,0,0,11,2,1,2024-03-08
22023,1628371,22300885,"MAR 05, 2024",ORL @ CHA,W,18,4,4,1.0,1,1,1.0,2,3,0.667,1,5,6,0,1,1,0,0,11,2,1,2024-03-05
22023,1628371,22300874,"MAR 03, 2024",ORL vs. DET,W,13,1,2,0.5,0,0,0.0,0,0,0.0,0,2,2,1,0,0,1,0,2,-9,1,2024-03-03
22023,1628371,22300821,"FEB 25, 2024",ORL @ ATL,L,2,0,0,0.0,0,0,0.0,0,2,0.0,0,1,1,0,0,0,0,0,0,1,1,2024-02-25
22023,1628371,22300814,"FEB 24, 2024",ORL @ DET,W,20,5,7,0.714,2,2,1.0,0,0,0.0,1,5,6,0,2,1,0,0,12,-3,1,2024-02-24
22023,1628371,22300792,"FEB 22, 2024",ORL @ CLE,W,19,3,8,0.375,0,1,0.0,1,2,0.5,5,2,7,1,0,2,1,0,7,17,1,2024-02-22
22023,1631093,22301027,"MAR 24, 2024",DET vs. NOP,L,29,5,12,0.417,3,7,0.429,3,4,0.75,1,1,2,4,1,0,4,3,16,-15,1,2024-03-24
22023,1631093,22301011,"MAR 22, 2024",DET vs. BOS,L,27,7,13,0.538,1,4,0.25,1,1,1.0,0,4,4,0,0,0,2,3,16,-13,1,2024-03-22
22023,1631093,22300997,"MAR 20, 2024",DET vs. IND,L,30,6,13,0.462,1,3,0.333,2,4,0.5,0,2,2,3,2,0,2,1,15,-21,1,2024-03-20
22023,1631093,22300984,"MAR 18, 2024",DET @ BOS,L,29,10,19,0.526,1,4,0.25,0,0,0.0,1,4,5,5,0,1,3,3,21,-16,1,2024-03-18
22023,1631093,22300977,"MAR 17, 2024",DET vs. MIA,L,24,4,7,0.571,1,3,0.333,1,2,0.5,0,1,1,2,0,1,2,4,10,-6,1,2024-03-17
22023,1631093,22300962,"MAR 15, 2024",DET vs. MIA,L,38,3,14,0.214,2,9,0.222,6,6,1.0,0,3,3,9,1,0,4,3,14,-3,1,2024-03-15
22023,1631093,22300946,"MAR 13, 2024",DET vs. TOR,W,37,5,13,0.385,0,2,0.0,4,6,0.667,1,2,3,7,2,1,5,2,14,9,1,2024-03-13
22023,1631093,22300933,"MAR 11, 2024",DET vs. CHA,W,33,4,13,0.308,0,6,0.0,4,4,1.0,1,2,3,4,1,1,1,1,12,8,1,2024-03-11
22023,1631093,22300919,"MAR 09, 2024",DET vs. DAL,L,36,7,21,0.333,2,9,0.222,1,2,0.5,4,2,6,4,2,1,6,3,17,-16,1,2024-03-09
22023,1631093,22300902,"MAR 07, 2024",DET vs. BKN,W,39,10,17,0.588,6,9,0.667,8,8,1.0,2,1,3,2,2,0,4,4,34,9,1,2024-03-07
22023,1631093,22300888,"MAR 05, 2024",DET @ MIA,L,29,6,15,0.4,0,5,0.0,4,5,0.8,0,2,2,4,1,1,2,1,16,-4,1,2024-03-05
22023,1631093,22300874,"MAR 03, 2024",DET @ ORL,L,25,3,11,0.273,0,5,0.0,4,4,1.0,1,0,1,0,0,0,0,3,10,-29,1,2024-03-03
22023,1631093,22300857,"MAR 01, 2024",DET vs. CLE,L,31,6,17,0.353,1,9,0.111,5,6,0.833,1,2,3,4,0,1,1,6,18,-13,1,2024-03-01
22023,1631093,22300839,"FEB 27, 2024",DET @ CHI,W,34,4,7,0.571,1,3,0.333,6,8,0.75,0,2,2,5,1,1,4,3,15,24,1,2024-02-27
22023,1631093,22300828,"FEB 26, 2024",DET @ NYK,L,24,3,10,0.3,1,4,0.25,7,7,1.0,1,1,2,3,1,0,1,1,14,4,1,2024-02-26
22023,1631093,22300814,"FEB 24, 2024",DET vs. ORL,L,34,3,14,0.214,2,6,0.333,0,0,0.0,0,0,0,7,0,1,2,2,8,1,1,2024-02-24
22023,1631093,22300793,"FEB 22, 2024",DET @ IND,L,32,5,11,0.455,1,3,0.333,3,4,0.75,1,1,2,3,0,0,1,2,14,6,1,2024-02-22
22023,1641713,22301015,"MAR 22, 2024",MEM @ SAS,W,37,5,16,0.313,2,8,0.25,2,4,0.5,3,5,8,3,0,0,3,3,14,-15,1,2024-03-22
22023,1641713,22301001,"MAR 20, 2024",MEM @ GSW,L,35,11,19,0.579,7,14,0.5,6,7,0.857,1,4,5,3,0,0,1,2,35,-8,1,2024-03-20
22023,1641713,22300989,"MAR 18, 2024",MEM @ SAC,L,44,8,13,0.615,4,8,0.5,2,2,1.0,1,6,7,0,3,0,2,2,22,-5,1,2024-03-18
22023,1641713,22300972,"MAR 16, 2024",MEM vs. OKC,L,35,5,14,0.357,2,8,0.25,7,8,0.875,1,3,4,4,0,1,0,1,19,-11,1,2024-03-16
22023,1641713,22300950,"MAR 13, 2024",MEM vs. CHA,L,37,8,17,0.471,6,12,0.5,4,4,1.0,3,1,4,0,0,0,3,3,26,-12,1,2024-03-13
22023,1641713,22300940,"MAR 12, 2024",MEM vs. WAS,W,27,7,16,0.438,1,7,0.143,4,6,0.667,0,2,2,1,0,1,3,0,19,6,1,2024-03-12
22023,1641713,22300931,"MAR 10, 2024",MEM @ OKC,L,38,10,19,0.526,3,10,0.3,7,8,0.875,3,3,6,3,0,1,1,3,30,-25,1,2024-03-10
22023,1641713,22300896,"MAR 06, 2024",MEM @ PHI,W,22,3,10,0.3,0,5,0.0,0,0,0.0,2,4,6,1,0,0,0,0,6,5,1,2024-03-06
22023,1641713,22300879,"MAR 04, 2024",MEM @ BKN,W,24,2,9,0.222,1,4,0.25,2,2,1.0,1,1,2,1,0,1,2,1,7,-6,1,2024-03-04
22023,1641713,22300868,"MAR 02, 2024",MEM vs. POR,L,31,4,15,0.267,1,5,0.2,8,10,0.8,2,4,6,1,2,0,4,0,17,-5,1,2024-03-02
22023,1641713,22300861,"MAR 01, 2024",MEM vs. POR,L,23,4,8,0.5,2,3,0.667,1,2,0.5,0,1,1,0,0,0,2,1,11,-2,1,2024-03-01
22023,1641713,22300845,"FEB 28, 2024",MEM @ MIN,L,27,5,7,0.714,2,4,0.5,2,2,1.0,2,1,3,0,0,0,2,1,14,-12,1,2024-02-28
22023,1641713,22300830,"FEB 26, 2024",MEM vs. BKN,L,23,1,13,0.077,0,6,0.0,4,4,1.0,0,5,5,0,0,0,0,1,6,-23,1,2024-02-26
22023,1641713,22300807,"FEB 23, 2024",MEM vs. LAC,L,24,4,9,0.444,1,5,0.2,2,4,0.5,1,1,2,1,0,0,1,3,11,3,1,2024-02-23
22023,1630543,22300997,"MAR 20, 2024",IND @ DET,W,28,4,7,0.571,0,0,0.0,2,4,0.5,3,8,11,6,3,0,0,2,10,10,1,2024-03-20
22023,1630543,22300968,"MAR 16, 2024",IND vs. BKN,W,3,2,2,1.0,0,0,0.0,0,0,0.0,1,2,3,0,0,0,0,0,4,0,1,2024-03-16
22023,1630543,22300948,"MAR 13, 2024",IND vs. CHI,L,0,0,0,0.0,0,0,0.0,0,0,0.0,0,0,0,0,0,0,0,0,0,0,1,2024-03-13
22023,1630543,22300928,"MAR 10, 2024",IND @ ORL,W,11,2,3,0.667,0,0,0.0,3,4,0.75,2,1,3,0,1,0,0,4,7,-1,1,2024-03-10
22023,1630543,22300903,"MAR 07, 2024",IND vs. MIN,L,7,1,1,1.0,0,0,0.0,2,2,1.0,0,0,0,0,0,1,0,1,4,0,1,2024-03-07
22023,1630543,22300863,"MAR 01, 2024",IND @ NOP,L,18,6,9,0.667,0,0,0.0,1,2,0.5,7,4,11,1,2,0,2,1,13,5,1,2024-03-01
22023,1630543,22300819,"FEB 25, 2024",IND vs. DAL,W,3,1,1,1.0,0,0,0.0,0,0,0.0,0,1,1,0,0,0,1,0,2,4,1,2024-02-25
22023,1630543,22300793,"FEB 22, 2024",IND vs. DET,W,20,4,4,1.0,0,0,0.0,5,6,0.833,0,0,0,0,0,0,1,2,13,10,1,2024-02-22
22023,202704,22301026,"MAR 23, 2024",DEN @ POR,W,29,7,12,0.583,1,4,0.25,8,11,0.727,0,0,0,5,2,0,3,2,23,-10,1,2024-03-23
22023,202704,22301009,"MAR 21, 2024",DEN vs. NYK,W,13,1,3,0.333,0,1,0.0,2,2,1.0,0,0,0,4,0,1,1,1,4,7,1,2024-03-21
22023,202704,22300995,"MAR 19, 2024",DEN @ MIN,W,17,1,3,0.333,0,2,0.0,0,0,0.0,0,3,3,6,1,0,2,1,2,17,1,2024-03-19
22023,202704,22300978,"MAR 17, 2024",DEN @ DAL,L,13,3,8,0.375,2,3,0.667,0,0,0.0,0,0,0,2,0,0,1,1,8,0,1,2024-03-17
22023,202704,22300965,"MAR 15, 2024",DEN @ SAS,W,14,3,8,0.375,1,2,0.5,0,0,0.0,0,1,1,3,0,0,1,1,7,2,1,2024-03-15
22023,202704,22300949,"MAR 13, 2024",DEN @ MIA,W,19,4,9,0.444,1,1,1.0,0,0,0.0,0,1,1,2,0,0,2,1,9,7,1,2024-03-13
22023,202704,22300937,"MAR 11, 2024",DEN vs. TOR,W,15,4,9,0.444,1,5,0.2,0,0,0.0,1,0,1,0,0,0,0,2,9,-7,1,2024-03-11
22023,202704,22300922,"MAR 09, 2024",DEN vs. UTA,W,9,2,7,0.286,2,5,0.4,0,0,0.0,0,1,1,2,0,0,1,0,6,8,1,2024-03-09
22023,202704,22300906,"MAR 07, 2024",DEN vs. BOS,W,11,2,7,0.286,0,1,0.0,0,0,0.0,0,1,1,2,0,1,0,0,4,2,1,2024-03-07
22023,202704,22300893,"MAR 05, 2024",DEN vs. PHX,L,16,1,6,0.167,1,3,0.333,0,0,0.0,0,2,2,0,0,0,0,1,3,-7,2,2024-03-05
22023,202704,22300869,"MAR 02, 2024",DEN @ LAL,W,11,0,1,0.0,0,0,0.0,0,0,0.0,0,1,1,2,0,0,0,1,0,3,1,2024-03-02
22023,202704,22300855,"FEB 29, 2024",DEN vs. MIA,W,29,3,10,0.3,0,5,0.0,0,0,0.0,0,2,2,2,1,0,1,5,6,-2,1,2024-02-29
22023,202704,22300847,"FEB 28, 2024",DEN vs. SAC,W,19,2,6,0.333,1,2,0.5,0,0,0.0,0,1,1,4,0,0,1,0,5,12,1,2024-02-28
22023,202704,22300824,"FEB 25, 2024",DEN @ GSW,W,16,1,2,0.5,1,2,0.5,0,0,0.0,0,0,0,2,0,0,1,4,3,-2,1,2024-02-25
22023,202704,22300812,"FEB 23, 2024",DEN @ POR,W,22,4,10,0.4,1,5,0.2,0,0,0.0,0,0,0,3,0,0,2,1,9,-1,1,2024-02-23
22023,202704,22300800,"FEB 22, 2024",DEN vs. WAS,W,22,5,14,0.357,1,7,0.143,0,0,0.0,0,1,1,5,1,0,2,1,11,21,1,2024-02-22
22023,1641748,22300945,"MAR 12, 2024",MIL @ SAC,L,7,1,1,1.0,0,0,0.0,0,0,0.0,3,1,4,2,0,0,1,0,2,-7,1,2024-03-12
22023,1641748,22300899,"MAR 06, 2024",MIL @ GSW,L,4,0,1,0.0,0,0,0.0,0,0,0.0,0,1,1,0,0,0,1,0,0,-9,1,2024-03-06
22023,1641748,22300864,"MAR 01, 2024",MIL @ CHI,W,2,0,0,0.0,0,0,0.0,0,0,0.0,0,0,0,1,0,0,0,0,0,2,1,2024-03-01
22023,1641748,22300817,"FEB 25, 2024",MIL @ PHI,W,1,1,1,1.0,0,0,0.0,0,0,0.0,0,1,1,0,1,0,0,0,2,5,1,2024-02-25
22023,1628991,22301015,"MAR 22, 2024",MEM @ SAS,W,36,11,22,0.5,2,6,0.333,4,6,0.667,2,5,7,2,1,2,4,4,28,7,1,2024-03-22
22023,1628991,22301001,"MAR 20, 2024",MEM @ GSW,L,31,13,21,0.619,1,4,0.25,1,2,0.5,1,3,4,3,1,0,2,4,28,-27,1,2024-03-20
22023,1628991,22300989,"MAR 18, 2024",MEM @ SAC,L,39,8,27,0.296,1,6,0.167,8,9,0.889,1,1,2,4,1,4,4,6,25,-2,1,2024-03-18
22023,1628991,22300972,"MAR 16, 2024",MEM vs. OKC,L,36,7,11,0.636,3,4,0.75,2,2,1.0,0,6,6,7,2,1,5,4,19,0,1,2024-03-16
22023,1628991,22300931,"MAR 10, 2024",MEM @ OKC,L,28,4,10,0.4,3,5,0.6,5,8,0.625,1,1,2,2,0,1,4,3,16,-31,1,2024-03-10
22023,1628991,22300913,"MAR 08, 2024",MEM vs. ATL,L,35,8,19,0.421,0,2,0.0,5,8,0.625,2,7,9,3,3,2,2,4,21,-13,1,2024-03-08
22023,1628991,22300896,"MAR 06, 2024",MEM @ PHI,W,37,10,25,0.4,2,7,0.286,8,10,0.8,3,8,11,1,0,6,3,4,30,10,1,2024-03-06
22023,1628991,22300845,"FEB 28, 2024",MEM @ MIN,L,38,11,23,0.478,3,10,0.3,8,10,0.8,4,9,13,1,3,1,2,5,33,-7,1,2024-02-28
22023,1628991,22300830,"FEB 26, 2024",MEM vs. BKN,L,30,2,12,0.167,1,2,0.5,10,13,0.769,1,3,4,1,2,1,3,1,15,-17,1,2024-02-26
22023,1628991,22300807,"FEB 23, 2024",MEM vs. LAC,L,32,11,25,0.44,2,7,0.286,5,7,0.714,1,3,4,5,4,0,2,2,29,-5,1,2024-02-23
22023,1631218,22301031,"MAR 24, 2024",GSW @ MIN,,7,1,3,0.333,0,0,0.0,0,0,0.0,0,0,0,0,0,0,0,1,2,-2,0,2024-03-24
22023,1631218,22301016,"MAR 22, 2024",GSW vs. IND,L,26,4,5,0.8,0,0,0.0,1,3,0.333,5,5,10,2,1,2,1,1,9,-9,1,2024-03-22
22023,1631218,22301001,"MAR 20, 2024",GSW vs. MEM,W,26,6,8,0.75,0,0,0.0,1,4,0.25,0,5,5,2,0,2,0,3,13,5,1,2024-03-20
22023,1631218,22300988,"MAR 18, 2024",GSW vs. NYK,L,26,9,9,1.0,0,0,0.0,1,2,0.5,3,6,9,2,0,3,0,2,19,6,1,2024-03-18
22023,1631218,22300973,"MAR 16, 2024",GSW @ LAL,W,21,4,5,0.8,0,0,0.0,2,2,1.0,2,1,3,4,0,2,1,2,10,-4,1,2024-03-16
22023,1631218,22300952,"MAR 13, 2024",GSW @ DAL,L,25,5,9,0.556,0,0,0.0,0,0,0.0,6,3,9,1,0,1,1,1,10,-5,1,2024-03-13
22023,1631218,22300936,"MAR 11, 2024",GSW @ SAS,W,26,6,7,0.857,0,0,0.0,1,1,1.0,3,7,10,5,0,0,1,0,13,20,1,2024-03-11
22023,1631218,22300921,"MAR 09, 2024",GSW vs. SAS,L,24,5,5,1.0,0,0,0.0,1,5,0.2,1,5,6,0,1,3,1,4,11,-5,1,2024-03-09
22023,1631218,22300907,"MAR 07, 2024",GSW vs. CHI,L,18,3,3,1.0,0,0,0.0,2,3,0.667,0,4,4,2,1,0,0,4,8,-15,1,2024-03-07
22023,1631218,22300899,"MAR 06, 2024",GSW vs. MIL,W,19,7,8,0.875,0,0,0.0,1,2,0.5,2,4,6,0,1,4,1,1,15,20,1,2024-03-06
22023,1631218,22300872,"MAR 03, 2024",GSW @ BOS,L,22,4,6,0.667,0,0,0.0,0,0,0.0,4,4,8,2,0,2,1,1,8,-19,1,2024-03-03
22023,1631218,22300860,"MAR 01, 2024",GSW @ TOR,W,16,3,4,0.75,0,0,0.0,3,4,0.75,2,2,4,0,0,0,0,3,9,8,1,2024-03-01
22023,1631218,22300852,"FEB 29, 2024",GSW @ NYK,W,11,3,4,0.75,0,0,0.0,0,2,0.0,0,1,1,1,0,0,1,2,6,-3,1,2024-02-29
22023,1631218,22300834,"FEB 27, 2024",GSW @ WAS,W,9,2,2,1.0,0,0,0.0,1,2,0.5,1,1,2,0,0,1,0,1,5,-3,1,2024-02-27
22023,1631218,22300824,"FEB 25, 2024",GSW vs. DEN,L,12,3,4,0.75,0,0,0.0,0,2,0.0,1,1,2,1,1,2,1,2,6,1,1,2024-02-25
22023,1631218,22300811,"FEB 23, 2024",GSW vs. CHA,W,15,1,4,0.25,0,0,0.0,0,0,0.0,5,3,8,2,0,0,1,2,2,-11,1,2024-02-23
22023,1631218,22300802,"FEB 22, 2024",GSW vs. LAL,W,15,8,10,0.8,0,0,0.0,1,1,1.0,4,1,5,1,0,2,0,2,17,-4,1,2024-02-22
22023,2544,22301018,"MAR 22, 2024",LAL vs. PHI,W,38,7,15,0.467,1,3,0.333,5,7,0.714,0,8,8,6,0,1,8,1,20,7,1,2024-03-22
22023,2544,22300990,"MAR 18, 2024",LAL vs. ATL,W,29,10,14,0.714,2,5,0.4,3,3,1.0,0,7,7,10,0,0,2,0,25,20,1,2024-03-18
22023,2544,22300973,"MAR 16, 2024",LAL vs. GSW,L,38,15,23,0.652,3,5,0.6,7,8,0.875,3,5,8,9,1,1,4,1,40,-6,1,2024-03-16
22023,2544,22300954,"MAR 13, 2024",LAL @ SAC,L,40,6,16,0.375,2,8,0.25,4,6,0.667,1,12,13,9,2,0,5,3,18,-10,1,2024-03-13
22023,2544,22300932,"MAR 10, 2024",LAL vs. MIN,W,38,10,16,0.625,2,4,0.5,7,9,0.778,0,8,8,9,0,0,4,1,29,14,1,2024-03-10
22023,2544,22300901,"MAR 06, 2024",LAL vs. SAC,L,36,10,16,0.625,1,4,0.25,10,10,1.0,0,5,5,13,1,0,3,0,31,-3,1,2024-03-06
22023,2544,22300884,"MAR 04, 2024",LAL vs. OKC,W,31,7,14,0.5,1,3,0.333,4,5,0.8,1,10,11,8,1,0,3,1,19,14,1,2024-03-04
22023,2544,22300869,"MAR 02, 2024",LAL vs. DEN,L,37,12,20,0.6,2,5,0.4,0,2,0.0,0,4,4,9,3,0,3,1,26,-1,1,2024-03-02
22023,2544,22300856,"FEB 29, 2024",LAL vs. WAS,W,39,12,24,0.5,2,5,0.4,5,7,0.714,0,4,4,9,1,1,4,1,31,-5,1,2024-02-29
22023,2544,22300848,"FEB 28, 2024",LAL @ LAC,W,37,13,21,0.619,7,12,0.583,1,1,1.0,1,5,6,8,0,2,3,2,34,11,1,2024-02-28
22023,2544,22300818,"FEB 25, 2024",LAL @ PHX,L,37,12,19,0.632,3,6,0.5,1,4,0.25,1,6,7,12,2,1,3,3,28,-8,1,2024-02-25
22023,2544,22300813,"FEB 23, 2024",LAL vs. SAS,W,34,13,22,0.591,2,3,0.667,2,2,1.0,1,6,7,9,1,0,2,0,30,21,1,2024-02-23
22023,1631170,22301013,"MAR 22, 2024",MIA vs. NOP,L,14,1,7,0.143,1,5,0.2,0,0,0.0,0,0,0,3,0,0,0,1,3,-15,1,2024-03-22
22023,1631170,22300996,"MAR 20, 2024",MIA @ CLE,W,31,3,5,0.6,0,1,0.0,1,1,1.0,0,1,1,2,0,0,1,4,7,-7,1,2024-03-20
22023,1631170,22300985,"MAR 18, 2024",MIA @ PHI,L,35,3,13,0.231,1,5,0.2,2,2,1.0,0,9,9,4,1,0,1,1,9,-2,1,2024-03-18
22023,1631170,22300977,"MAR 17, 2024",MIA @ DET,W,35,6,14,0.429,1,3,0.333,2,4,0.5,3,0,3,4,1,1,1,1,15,6,1,2024-03-17
22023,1631170,22300962,"MAR 15, 2024",MIA @ DET,W,26,1,5,0.2,0,2,0.0,0,0,0.0,0,5,5,4,1,0,0,5,2,13,1,2024-03-15
22023,1631170,22300949,"MAR 13, 2024",MIA vs. DEN,L,28,2,6,0.333,0,1,0.0,4,4,1.0,0,2,2,0,0,0,1,2,8,-6,1,2024-03-13
22023,1631170,22300926,"MAR 10, 2024",MIA vs. WAS,L,25,3,6,0.5,0,1,0.0,0,1,0.0,2,5,7,2,2,2,2,2,6,5,1,2024-03-10
22023,1631170,22300914,"MAR 08, 2024",MIA @ OKC,L,31,10,13,0.769,1,3,0.333,4,6,0.667,0,3,3,3,3,0,0,2,25,-9,1,2024-03-08
22023,1631170,22300904,"MAR 07, 2024",MIA @ DAL,L,28,4,7,0.571,3,4,0.75,2,2,1.0,0,6,6,2,1,0,0,2,13,2,1,2024-03-07
22023,1631170,22300888,"MAR 05, 2024",MIA vs. DET,W,27,4,7,0.571,1,2,0.5,2,2,1.0,1,5,6,2,0,0,0,1,11,-2,1,2024-03-05
22023,1631170,22300867,"MAR 02, 2024",MIA vs. UTA,W,29,5,10,0.5,1,3,0.333,1,2,0.5,2,2,4,1,1,0,1,3,12,-1,1,2024-03-02
22023,1631170,22300855,"FEB 29, 2024",MIA @ DEN,L,27,1,5,0.2,0,1,0.0,1,2,0.5,1,3,4,5,2,0,3,1,3,-3,1,2024-02-29
22023,1631170,22300842,"FEB 27, 2024",MIA @ POR,W,29,2,5,0.4,1,2,0.5,2,2,1.0,2,1,3,4,0,0,1,3,7,10,1,2024-02-27
22023,1631170,22300831,"FEB 26, 2024",MIA @ SAC,W,38,12,17,0.706,1,2,0.5,1,2,0.5,1,4,5,2,4,0,2,2,26,-5,1,2024-02-26
22023,1631170,22300810,"FEB 23, 2024",MIA @ NOP,W,27,2,8,0.25,0,3,0.0,4,4,1.0,2,2,4,1,1,0,0,0,8,8,1,2024-02-23
22023,1629610,22300837,"FEB 27, 2024",NYK vs. NOP,L,3,0,1,0.0,0,1,0.0,0,0,0.0,0,0,0,0,0,0,0,0,0,-1,1,2024-02-27
22023,1629610,22300816,"FEB 24, 2024",NYK vs. BOS,L,1,0,1,0.0,0,1,0.0,0,0,0.0,0,0,0,0,0,0,0,0,0,2,1,2024-02-24
22023,1629610,22300794,"FEB 22, 2024",NYK @ PHI,W,0,0,0,0.0,0,0,0.0,0,0,0.0,0,0,0,0,0,0,0,0,0,0,1,2024-02-22
22023,1630198,22301030,"MAR 24, 2024",OKC @ MIL,,5,1,1,1.0,1,1,1.0,0,0,0.0,0,0,0,0,0,0,0,0,3,-6,0,2024-03-24
22023,1630198,22301012,"MAR 22, 2024",OKC @ TOR,W,17,2,5,0.4,1,4,0.25,3,3,1.0,0,1,1,2,0,0,0,3,8,11,1,2024-03-22
22023,1630198,22301000,"MAR 20, 2024",OKC vs. UTA,W,14,0,4,0.0,0,3,0.0,0,0,0.0,0,1,1,0,0,0,0,1,0,-9,1,2024-03-20
22023,1630198,22300972,"MAR 16, 2024",OKC @ MEM,W,20,4,8,0.5,2,5,0.4,0,0,0.0,0,2,2,1,0,1,0,2,10,1,1,2024-03-16
22023,1630198,22300959,"MAR 14, 2024",OKC vs. DAL,W,19,3,7,0.429,2,5,0.4,0,0,0.0,1,1,2,2,1,0,1,0,8,7,1,2024-03-14
22023,1630198,22300941,"MAR 12, 2024",OKC vs. IND,L,19,2,8,0.25,2,5,0.4,0,0,0.0,0,3,3,1,1,0,1,1,6,-19,1,2024-03-12
22023,1630198,22300931,"MAR 10, 2024",OKC vs. MEM,W,16,3,6,0.5,1,4,0.25,0,0,0.0,0,1,1,0,0,0,0,2,7,10,1,2024-03-10
22023,1630198,22300914,"MAR 08, 2024",OKC vs. MIA,W,19,4,10,0.4,2,6,0.333,0,0,0.0,2,2,4,1,0,0,1,0,10,14,1,2024-03-08
22023,1630198,22300900,"MAR 06, 2024",OKC @ POR,W,16,0,1,0.0,0,1,0.0,0,0,0.0,0,1,1,2,1,1,0,2,0,-8,1,2024-03-06
22023,1630198,22300884,"MAR 04, 2024",OKC @ LAL,L,14,0,4,0.0,0,3,0.0,0,0,0.0,0,2,2,0,0,1,0,0,0,-16,1,2024-03-04
22023,1630198,22300878,"MAR 03, 2024",OKC @ PHX,W,15,3,9,0.333,2,8,0.25,0,0,0.0,0,1,1,0,0,1,0,0,8,6,1,2024-03-03
22023,1630198,22300853,"FEB 29, 2024",OKC @ SAS,L,23,5,8,0.625,4,7,0.571,1,1,1.0,1,0,1,0,0,0,1,0,15,-1,1,2024-02-29
22023,1630198,22300841,"FEB 27, 2024",OKC vs. HOU,W,16,1,2,0.5,0,0,0.0,0,0,0.0,1,1,2,1,0,0,2,0,2,14,1,2024-02-27
22023,1630198,22300822,"FEB 25, 2024",OKC @ HOU,W,17,2,5,0.4,1,3,0.333,0,0,0.0,0,3,3,0,3,0,1,3,5,11,1,2024-02-25
22023,1630198,22300809,"FEB 23, 2024",OKC vs. WAS,W,20,3,6,0.5,2,5,0.4,0,0,0.0,0,2,2,5,1,1,0,1,8,34,1,2024-02-23
22023,1630198,22300799,"FEB 22, 2024",OKC vs. LAC,W,19,4,5,0.8,1,2,0.5,0,0,0.0,0,2,2,1,0,0,1,2,9,9,1,2024-02-22
22023,1629661,22301019,"MAR 23, 2024",BKN @ NYK,L,32,3,7,0.429,3,6,0.5,4,4,1.0,0,2,2,2,1,0,0,3,13,-13,1,2024-03-23
22023,1629661,22301007,"MAR 21, 2024",BKN @ MIL,L,35,6,13,0.462,4,9,0.444,1,1,1.0,2,6,8,4,0,0,1,0,17,2,1,2024-03-21
22023,1629661,22300993,"MAR 19, 2024",BKN vs. NOP,L,22,4,9,0.444,2,6,0.333,0,1,0.0,0,4,4,1,0,0,2,1,10,-8,1,2024-03-19
22023,1629661,22300981,"MAR 17, 2024",BKN @ SAS,L,27,4,9,0.444,1,5,0.2,3,4,0.75,1,4,5,2,1,0,0,1,12,1,1,2024-03-17
22023,1629661,22300968,"MAR 16, 2024",BKN @ IND,L,27,4,11,0.364,3,7,0.429,3,4,0.75,1,3,4,2,2,0,2,0,14,-14,1,2024-03-16
22023,1629661,22300947,"MAR 13, 2024",BKN @ ORL,L,29,4,7,0.571,2,4,0.5,3,3,1.0,0,3,3,2,1,0,2,2,13,4,1,2024-03-13
22023,1629661,22300887,"MAR 05, 2024",BKN vs. PHI,W,8,2,4,0.5,1,2,0.5,1,1,1.0,1,0,1,0,0,0,0,1,6,-17,1,2024-03-05
22023,1629661,22300879,"MAR 04, 2024",BKN vs. MEM,L,37,6,15,0.4,3,10,0.3,3,4,0.75,0,5,5,3,2,1,3,4,18,3,1,2024-03-04
22023,1629661,22300866,"MAR 02, 2024",BKN vs. ATL,W,31,6,12,0.5,4,7,0.571,7,7,1.0,1,4,5,1,1,0,1,2,23,7,1,2024-03-02
22023,1629661,22300851,"FEB 29, 2024",BKN vs. ATL,W,30,10,15,0.667,7,11,0.636,2,3,0.667,1,0,1,4,2,0,2,0,29,29,1,2024-02-29
22023,1629661,22300833,"FEB 27, 2024",BKN @ ORL,L,29,4,11,0.364,1,4,0.25,0,0,0.0,0,1,1,2,1,0,1,2,9,-23,1,2024-02-27
22023,1629661,22300830,"FEB 26, 2024",BKN @ MEM,W,25,5,9,0.556,2,6,0.333,0,0,0.0,0,2,2,3,1,0,1,3,12,13,1,2024-02-26
22023,1629661,22300815,"FEB 24, 2024",BKN @ MIN,L,22,2,9,0.222,2,7,0.286,4,5,0.8,3,4,7,0,1,0,0,2,10,-13,1,2024-02-24
22023,1629661,22300795,"FEB 22, 2024",BKN @ TOR,L,21,1,7,0.143,0,6,0.0,4,4,1.0,0,2,2,2,1,1,0,2,6,-7,1,2024-02-22
22023,1630552,22300990,"MAR 18, 2024",ATL @ LAL,L,32,9,20,0.45,2,11,0.182,5,6,0.833,2,7,9,4,0,1,1,1,25,-22,1,2024-03-18
22023,1630552,22300982,"MAR 17, 2024",ATL @ LAC,W,36,7,14,0.5,3,3,1.0,1,1,1.0,1,11,12,6,3,2,1,4,18,16,1,2024-03-17
22023,1630552,22300966,"MAR 15, 2024",ATL @ UTA,L,35,8,23,0.348,4,8,0.5,6,10,0.6,1,4,5,5,0,0,3,1,26,-2,1,2024-03-15
22023,1630552,22300895,"MAR 06, 2024",ATL vs. CLE,W,19,3,5,0.6,1,2,0.5,0,0,0.0,0,4,4,4,0,1,1,1,7,12,1,2024-03-06
22023,1630552,22300889,"MAR 05, 2024",ATL @ NYK,W,38,12,17,0.706,2,3,0.667,0,0,0.0,1,8,9,7,1,0,1,4,26,23,1,2024-03-05
22023,1630552,22300866,"MAR 02, 2024",ATL @ BKN,L,35,3,12,0.25,0,4,0.0,1,2,0.5,2,7,9,1,0,0,1,1,7,-10,1,2024-03-02
22023,1630552,22300851,"FEB 29, 2024",ATL @ BKN,L,33,5,12,0.417,1,4,0.25,3,4,0.75,1,4,5,0,0,2,2,1,14,-38,1,2024-02-29
22023,1630552,22300835,"FEB 27, 2024",ATL vs. UTA,W,35,9,14,0.643,2,4,0.5,2,2,1.0,0,13,13,6,1,0,5,3,22,33,1,2024-02-27
22023,1630552,22300821,"FEB 25, 2024",ATL vs. ORL,W,39,9,19,0.474,2,5,0.4,1,1,1.0,2,8,10,7,1,2,0,3,21,16,1,2024-02-25
22023,1630552,22300804,"FEB 23, 2024",ATL vs. TOR,L,37,6,13,0.462,0,2,0.0,0,3,0.0,3,9,12,4,1,3,1,0,12,7,1,2024-02-23
22023,1629640,22301025,"MAR 23, 2024",SAS vs. PHX,L,24,5,11,0.455,0,5,0.0,4,5,0.8,1,3,4,1,1,0,1,1,14,-9,1,2024-03-23
22023,1629640,22301015,"MAR 22, 2024",SAS vs. MEM,L,29,2,9,0.222,0,4,0.0,4,6,0.667,3,5,8,1,0,0,0,3,8,-9,1,2024-03-22
22023,1629640,22300994,"MAR 19, 2024",SAS vs. DAL,L,28,5,10,0.5,3,6,0.5,1,2,0.5,1,5,6,2,0,0,1,1,14,-8,1,2024-03-19
22023,1629640,22300981,"MAR 17, 2024",SAS vs. BKN,W,34,8,12,0.667,5,8,0.625,3,3,1.0,2,3,5,0,0,0,1,2,24,14,1,2024-03-17
22023,1629640,22300965,"MAR 15, 2024",SAS vs. DEN,L,26,4,7,0.571,1,4,0.25,0,0,0.0,1,6,7,2,1,0,2,2,9,-13,1,2024-03-15
22023,1629640,22300936,"MAR 11, 2024",SAS vs. GSW,L,30,5,12,0.417,2,6,0.333,4,4,1.0,2,4,6,1,0,1,0,0,16,-10,1,2024-03-11
22023,1629640,22300921,"MAR 09, 2024",SAS @ GSW,W,32,9,18,0.5,4,9,0.444,0,0,0.0,3,8,11,1,0,0,1,1,22,4,1,2024-03-09
22023,1629640,22300908,"MAR 07, 2024",SAS @ SAC,L,28,9,17,0.529,4,11,0.364,0,0,0.0,1,2,3,4,1,0,1,0,22,-14,1,2024-03-07
22023,1629640,22300891,"MAR 05, 2024",SAS @ HOU,L,34,5,12,0.417,3,5,0.6,5,6,0.833,1,5,6,2,0,0,1,1,18,-4,1,2024-03-05
22023,1629640,22300877,"MAR 03, 2024",SAS vs. IND,W,27,7,13,0.538,3,7,0.429,0,0,0.0,2,2,4,2,0,0,1,4,17,6,1,2024-03-03
22023,1629640,22300853,"FEB 29, 2024",SAS vs. OKC,W,31,3,10,0.3,2,7,0.286,2,2,1.0,1,1,2,4,0,0,1,3,10,8,1,2024-02-29
22023,1629640,22300838,"FEB 27, 2024",SAS @ MIN,L,34,7,17,0.412,5,11,0.455,1,2,0.5,3,3,6,4,1,0,3,3,20,-2,1,2024-02-27
22023,1629640,22300825,"FEB 25, 2024",SAS @ UTA,L,4,0,0,0.0,0,0,0.0,0,0,0.0,0,0,0,0,0,0,0,1,0,-7,1,2024-02-25
22023,1629640,22300813,"FEB 23, 2024",SAS @ LAL,L,29,5,9,0.556,1,3,0.333,3,4,0.75,1,1,2,3,0,0,3,0,14,-13,1,2024-02-23
22023,1629640,22300803,"FEB 22, 2024",SAS @ SAC,L,31,7,12,0.583,2,4,0.5,2,2,1.0,0,4,4,3,1,0,0,3,18,-5,1,2024-02-22
22023,1630553,22300833,"FEB 27, 2024",BKN @ ORL,L,4,1,3,0.333,0,1,0.0,2,2,1.0,1,0,1,0,0,0,1,1,4,4,1,2024-02-27
22023,1641749,22300841,"FEB 27, 2024",OKC vs. HOU,W,2,1,2,0.5,0,0,0.0,0,0,0.0,1,0,1,0,1,0,0,0,2,-1,1,2024-02-27
22023,1641749,22300809,"FEB 23, 2024",OKC vs. WAS,W,6,0,2,0.0,0,1,0.0,0,0,0.0,0,3,3,0,0,0,0,1,0,2,1,2024-02-23
22023,203999,22301009,"MAR 21, 2024",DEN vs. NYK,W,39,12,23,0.522,0,1,0.0,6,7,0.857,2,12,14,11,1,0,1,1,30,30,1,2024-03-21
22023,203999,22300995,"MAR 19, 2024",DEN @ MIN,W,38,14,22,0.636,3,4,0.75,4,6,0.667,1,15,16,2,0,0,3,3,35,8,1,2024-03-19
22023,203999,22300978,"MAR 17, 2024",DEN @ DAL,L,39,6,16,0.375,0,2,0.0,4,5,0.8,3,8,11,7,2,0,3,1,16,10,1,2024-03-17
22023,203999,22300965,"MAR 15, 2024",DEN @ SAS,W,31,13,19,0.684,1,3,0.333,4,4,1.0,1,6,7,5,0,2,3,1,31,7,1,2024-03-15
22023,203999,22300949,"MAR 13, 2024",DEN @ MIA,W,38,5,8,0.625,0,0,0.0,2,3,0.667,3,11,14,6,1,0,4,1,12,10,1,2024-03-13
22023,203999,22300937,"MAR 11, 2024",DEN vs. TOR,W,38,14,26,0.538,1,3,0.333,6,6,1.0,6,11,17,12,6,2,2,3,35,13,1,2024-03-11
22023,203999,22300922,"MAR 09, 2024",DEN vs. UTA,W,32,12,14,0.857,0,0,0.0,2,2,1.0,2,4,6,8,1,2,3,1,26,6,1,2024-03-09
22023,203999,22300906,"MAR 07, 2024",DEN vs. BOS,W,39,11,19,0.579,0,0,0.0,10,10,1.0,4,8,12,11,2,0,0,1,32,9,1,2024-03-07
22023,203999,22300893,"MAR 05, 2024",DEN vs. PHX,L,44,8,18,0.444,4,7,0.571,5,7,0.714,3,13,16,5,0,0,7,2,25,-13,2,2024-03-05
22023,203999,22300869,"MAR 02, 2024",DEN @ LAL,W,39,16,25,0.64,1,5,0.2,2,2,1.0,2,8,10,7,0,1,3,1,35,16,1,2024-03-02
22023,203999,22300855,"FEB 29, 2024",DEN vs. MIA,W,38,6,15,0.4,0,3,0.0,6,6,1.0,2,9,11,7,1,2,4,4,18,12,1,2024-02-29
22023,203999,22300847,"FEB 28, 2024",DEN vs. SAC,W,32,5,9,0.556,0,0,0.0,4,4,1.0,1,13,14,11,3,1,2,3,14,37,1,2024-02-28
22023,203999,22300824,"FEB 25, 2024",DEN @ GSW,W,37,13,24,0.542,2,6,0.333,4,4,1.0,2,14,16,16,4,1,2,3,32,20,1,2024-02-25
22023,203999,22300812,"FEB 23, 2024",DEN @ POR,W,35,12,17,0.706,1,3,0.333,4,5,0.8,3,12,15,14,2,1,2,4,29,24,1,2024-02-23
22023,203999,22300800,"FEB 22, 2024",DEN vs. WAS,W,31,10,10,1.0,0,0,0.0,1,2,0.5,2,17,19,15,1,0,3,3,21,23,1,2024-02-22
22023,1641732,22300999,"MAR 20, 2024",SAC @ TOR,W,8,0,2,0.0,0,2,0.0,0,0,0.0,1,0,1,1,0,0,1,2,0,-1,1,2024-03-20
22023,1641732,22300954,"MAR 13, 2024",SAC vs. LAL,W,1,0,0,0.0,0,0,0.0,0,0,0.0,0,0,0,0,0,0,0,0,0,0,1,2024-03-13
22023,1641732,22300945,"MAR 12, 2024",SAC vs. MIL,W,5,1,2,0.5,0,0,0.0,0,0,0.0,0,1,1,1,0,0,0,0,2,5,1,2024-03-12
22023,1627745,22300967,"MAR 16, 2024",CLE @ HOU,L,11,1,4,0.25,0,2,0.0,1,1,1.0,3,3,6,1,0,1,1,1,3,5,1,2024-03-16
22023,1627745,22300951,"MAR 13, 2024",CLE @ NOP,W,21,7,8,0.875,0,0,0.0,0,0,0.0,1,5,6,0,1,0,1,2,14,15,1,2024-03-13
22023,1627745,22300934,"MAR 11, 2024",CLE vs. PHX,L,12,4,7,0.571,0,2,0.0,1,1,1.0,2,3,5,1,1,0,0,0,9,-4,1,2024-03-11
22023,1627745,22300930,"MAR 10, 2024",CLE vs. BKN,L,19,3,4,0.75,0,0,0.0,2,4,0.5,2,1,3,0,2,0,0,1,8,-17,1,2024-03-10
22023,1627745,22300911,"MAR 08, 2024",CLE vs. MIN,W,7,0,2,0.0,0,0,0.0,0,0,0.0,0,2,2,0,0,0,1,1,0,-12,1,2024-03-08
22023,1627745,22300895,"MAR 06, 2024",CLE @ ATL,L,11,1,1,1.0,0,0,0.0,0,0,0.0,1,1,2,0,0,1,0,1,2,-10,1,2024-03-06
22023,1630529,22301027,"MAR 24, 2024",NOP @ DET,W,35,2,4,0.5,2,3,0.667,1,2,0.5,0,1,1,2,4,1,1,3,7,-2,1,2024-03-24
22023,1630529,22301013,"MAR 22, 2024",NOP @ MIA,W,39,3,8,0.375,1,4,0.25,3,3,1.0,0,3,3,2,0,1,0,3,10,24,1,2024-03-22
22023,1630529,22301004,"MAR 21, 2024",NOP @ ORL,L,32,5,6,0.833,0,1,0.0,3,4,0.75,2,4,6,5,1,0,2,1,13,2,1,2024-03-21
22023,1630529,22300993,"MAR 19, 2024",NOP @ BKN,W,34,4,8,0.5,2,5,0.4,1,1,1.0,2,1,3,3,0,3,2,3,11,1,1,2024-03-19
22023,1630529,22300964,"MAR 15, 2024",NOP vs. LAC,W,33,3,6,0.5,1,3,0.333,0,0,0.0,0,4,4,5,1,1,3,3,7,6,1,2024-03-15
22023,1630529,22300951,"MAR 13, 2024",NOP vs. CLE,L,26,0,0,0.0,0,0,0.0,3,4,0.75,1,4,5,3,2,3,1,5,3,4,1,2024-03-13
22023,1630529,22300925,"MAR 10, 2024",NOP @ ATL,W,30,3,5,0.6,1,2,0.5,0,0,0.0,0,1,1,2,2,3,2,3,7,0,1,2024-03-10
22023,1630529,22300909,"MAR 08, 2024",NOP @ PHI,W,31,1,4,0.25,1,3,0.333,1,1,1.0,0,3,3,3,0,1,1,2,4,-15,1,2024-03-08
22023,1630529,22300890,"MAR 05, 2024",NOP @ TOR,W,25,6,10,0.6,5,8,0.625,0,0,0.0,0,2,2,3,2,0,1,3,17,11,1,2024-03-05
22023,1630529,22300863,"MAR 01, 2024",NOP vs. IND,W,26,3,4,0.75,0,0,0.0,0,0,0.0,0,1,1,1,2,0,0,2,6,30,1,2024-03-01
22023,1630529,22300843,"FEB 28, 2024",NOP @ IND,L,38,5,9,0.556,1,3,0.333,3,4,0.75,1,3,4,1,0,1,0,4,14,8,1,2024-02-28
22023,1630529,22300837,"FEB 27, 2024",NOP @ NYK,W,34,4,6,0.667,3,4,0.75,4,4,1.0,0,1,1,1,2,0,1,3,15,17,1,2024-02-27
22023,1630529,22300823,"FEB 25, 2024",NOP vs. CHI,L,39,5,10,0.5,4,6,0.667,1,2,0.5,2,1,3,6,0,1,0,4,15,10,1,2024-02-25
22023,1630529,22300810,"FEB 23, 2024",NOP vs. MIA,L,38,8,10,0.8,1,1,1.0,2,2,1.0,0,5,5,2,1,0,2,5,19,-8,1,2024-02-23
22023,1630529,22300798,"FEB 22, 2024",NOP vs. HOU,W,37,6,9,0.667,3,5,0.6,2,3,0.667,1,4,5,4,7,0,1,4,17,36,1,2024-02-22
22023,1630200,22301025,"MAR 23, 2024",SAS vs. PHX,L,21,4,5,0.8,0,1,0.0,2,2,1.0,0,1,1,5,0,0,1,0,10,-21,1,2024-03-23
22023,1630200,22301015,"MAR 22, 2024",SAS vs. MEM,L,32,7,13,0.538,2,4,0.5,0,0,0.0,3,4,7,5,2,0,1,3,16,5,1,2024-03-22
22023,1630200,22300994,"MAR 19, 2024",SAS vs. DAL,L,33,8,11,0.727,4,5,0.8,2,2,1.0,0,3,3,9,0,0,1,0,22,7,1,2024-03-19
22023,1630200,22300981,"MAR 17, 2024",SAS vs. BKN,W,36,4,7,0.571,0,1,0.0,3,3,1.0,1,3,4,7,3,0,1,1,11,7,1,2024-03-17
22023,1630200,22300965,"MAR 15, 2024",SAS vs. DEN,L,33,2,6,0.333,1,2,0.5,3,4,0.75,0,6,6,9,1,0,3,0,8,-4,1,2024-03-15
22023,1630200,22300942,"MAR 12, 2024",SAS vs. HOU,L,32,9,15,0.6,4,7,0.571,2,2,1.0,1,2,3,5,3,0,2,3,24,3,1,2024-03-12
22023,1630200,22300936,"MAR 11, 2024",SAS vs. GSW,L,32,3,5,0.6,0,1,0.0,0,0,0.0,1,4,5,7,1,0,1,3,6,5,1,2024-03-11
22023,1630200,22300921,"MAR 09, 2024",SAS @ GSW,W,31,1,5,0.2,0,2,0.0,5,6,0.833,1,4,5,11,2,0,1,1,7,3,1,2024-03-09
22023,1630200,22300908,"MAR 07, 2024",SAS @ SAC,L,24,1,1,1.0,0,0,0.0,0,0,0.0,0,5,5,12,0,0,2,0,2,9,1,2024-03-07
22023,1630200,22300891,"MAR 05, 2024",SAS @ HOU,L,21,2,7,0.286,0,3,0.0,0,0,0.0,1,3,4,5,0,0,1,0,4,-5,1,2024-03-05
22023,1630200,22300877,"MAR 03, 2024",SAS vs. IND,W,30,0,2,0.0,0,0,0.0,2,2,1.0,0,1,1,4,0,1,0,0,2,16,1,2024-03-03
22023,1630200,22300853,"FEB 29, 2024",SAS vs. OKC,W,33,6,9,0.667,3,5,0.6,2,2,1.0,1,5,6,8,1,0,0,2,17,21,1,2024-02-29
22023,1630200,22300838,"FEB 27, 2024",SAS @ MIN,L,29,5,5,1.0,1,1,1.0,0,1,0.0,1,7,8,6,1,0,6,0,11,2,1,2024-02-27
22023,1630200,22300825,"FEB 25, 2024",SAS @ UTA,L,30,5,6,0.833,3,4,0.75,2,2,1.0,0,3,3,9,1,0,3,3,15,-11,1,2024-02-25
22023,1630200,22300813,"FEB 23, 2024",SAS @ LAL,L,27,3,6,0.5,2,2,1.0,0,0,0.0,1,2,3,4,1,0,0,1,8,-11,1,2024-02-23
22023,1630200,22300803,"FEB 22, 2024",SAS @ SAC,L,30,5,8,0.625,0,1,0.0,0,0,0.0,1,1,2,9,0,0,2,0,10,1,1,2024-02-22
22023,1626145,22300957,"MAR 14, 2024",WAS @ HOU,L,31,5,11,0.455,3,6,0.5,0,0,0.0,0,1,1,8,0,0,2,0,13,-19,1,2024-03-14
22023,1626145,22300940,"MAR 12, 2024",WAS @ MEM,L,34,1,9,0.111,0,4,0.0,2,2,1.0,0,0,0,9,1,0,1,1,4,-17,1,2024-03-12
22023,1626145,22300926,"MAR 10, 2024",WAS @ MIA,W,38,5,9,0.556,2,5,0.4,0,0,0.0,0,4,4,16,1,0,1,0,12,9,1,2024-03-10
22023,1626145,22300910,"MAR 08, 2024",WAS vs. CHA,W,22,3,7,0.429,1,4,0.25,0,0,0.0,0,4,4,4,0,1,1,1,7,-4,1,2024-03-08
22023,1626145,22300894,"MAR 06, 2024",WAS vs. ORL,L,27,3,8,0.375,1,4,0.25,0,0,0.0,1,2,3,6,0,1,2,0,7,-19,1,2024-03-06
22023,1626145,22300882,"MAR 04, 2024",WAS @ UTA,L,30,8,11,0.727,5,8,0.625,0,0,0.0,1,4,5,6,1,0,0,1,21,-6,1,2024-03-04
22023,1626145,22300865,"MAR 01, 2024",WAS @ LAC,L,23,1,7,0.143,0,4,0.0,0,0,0.0,0,0,0,9,1,0,1,0,2,-14,1,2024-03-01
22023,1626145,22300856,"FEB 29, 2024",WAS @ LAL,L,37,3,7,0.429,1,3,0.333,1,1,1.0,0,1,1,11,2,0,3,0,8,6,1,2024-02-29
22023,1626145,22300834,"FEB 27, 2024",WAS vs. GSW,L,36,6,11,0.545,1,4,0.25,1,1,1.0,1,5,6,17,2,0,1,0,14,5,1,2024-02-27
22023,1626145,22300820,"FEB 25, 2024",WAS vs. CLE,L,35,1,4,0.25,1,1,1.0,0,0,0.0,0,1,1,11,1,0,1,1,3,-11,1,2024-02-25
22023,1626145,22300809,"FEB 23, 2024",WAS @ OKC,L,23,2,8,0.25,1,4,0.25,0,0,0.0,0,1,1,6,0,0,0,0,5,-28,1,2024-02-23
22023,1626145,22300800,"FEB 22, 2024",WAS @ DEN,L,31,5,8,0.625,3,5,0.6,0,0,0.0,2,0,2,14,0,0,2,0,13,-11,1,2024-02-22
22023,1627884,22301008,"MAR 21, 2024",DAL vs. UTA,W,24,4,4,1.0,0,0,0.0,4,6,0.667,0,4,4,2,0,1,0,1,12,21,1,2024-03-21
22023,1627884,22300994,"MAR 19, 2024",DAL @ SAS,W,15,1,2,0.5,0,1,0.0,2,2,1.0,0,1,1,0,0,0,1,1,4,-2,1,2024-03-19
22023,1627884,22300978,"MAR 17, 2024",DAL vs. DEN,W,24,4,11,0.364,0,3,0.0,1,2,0.5,6,2,8,1,0,0,0,1,9,20,1,2024-03-17
22023,1627884,22300959,"MAR 14, 2024",DAL @ OKC,L,32,4,6,0.667,2,2,1.0,0,0,0.0,1,0,1,0,1,0,1,4,10,-17,1,2024-03-14
22023,1627884,22300952,"MAR 13, 2024",DAL vs. GSW,W,19,3,4,0.75,0,1,0.0,1,2,0.5,2,1,3,0,0,0,2,0,7,3,1,2024-03-13
22023,1627884,22300935,"MAR 11, 2024",DAL @ CHI,W,16,3,7,0.429,2,5,0.4,0,0,0.0,0,0,0,2,0,0,0,1,8,19,1,2024-03-11
22023,1627884,22300919,"MAR 09, 2024",DAL @ DET,W,18,5,7,0.714,0,2,0.0,2,2,1.0,0,1,1,1,4,1,0,2,12,16,1,2024-03-09
22023,1627884,22300904,"MAR 07, 2024",DAL vs. MIA,W,12,0,2,0.0,0,1,0.0,1,2,0.5,1,1,2,1,0,0,1,1,1,-6,1,2024-03-07
22023,1627884,22300892,"MAR 05, 2024",DAL vs. IND,L,12,1,1,1.0,0,0,0.0,0,0,0.0,0,0,0,1,0,1,1,1,2,-9,1,2024-03-05
22023,1627884,22300871,"MAR 03, 2024",DAL vs. PHI,L,26,7,9,0.778,5,5,1.0,2,4,0.5,3,4,7,0,0,1,0,1,21,1,1,2024-03-03
22023,1627884,22300859,"MAR 01, 2024",DAL @ BOS,L,7,0,1,0.0,0,0,0.0,1,2,0.5,0,0,0,1,1,0,1,0,1,-10,1,2024-03-01
22023,1627884,22300844,"FEB 28, 2024",DAL @ TOR,W,15,2,5,0.4,1,4,0.25,0,0,0.0,0,6,6,1,0,0,0,1,5,16,1,2024-02-28
22023,1627884,22300832,"FEB 27, 2024",DAL @ CLE,L,9,1,3,0.333,0,1,0.0,1,2,0.5,0,0,0,0,0,0,1,0,3,-5,1,2024-02-27
22023,1627884,22300819,"FEB 25, 2024",DAL @ IND,L,15,0,0,0.0,0,0,0.0,0,0,0.0,1,2,3,0,0,0,1,0,0,-5,1,2024-02-25
22023,1627884,22300796,"FEB 22, 2024",DAL vs. PHX,W,18,1,3,0.333,1,2,0.5,1,2,0.5,1,1,2,1,0,1,0,0,4,8,1,2024-02-22
22023,201599,22301026,"MAR 23, 2024",DEN @ POR,W,20,4,7,0.571,0,0,0.0,3,3,1.0,2,6,8,3,1,1,2,3,11,10,1,2024-03-23
22023,201599,22301009,"MAR 21, 2024",DEN vs. NYK,W,9,1,1,1.0,0,0,0.0,0,0,0.0,0,1,1,0,0,0,0,1,2,-15,1,2024-03-21
22023,1631107,22301029,"MAR 24, 2024",MIA vs. CLE,,18,3,6,0.5,2,4,0.5,0,0,0.0,0,0,0,1,1,0,2,3,8,7,0,2024-03-24
22023,1631107,22301013,"MAR 22, 2024",MIA vs. NOP,L,19,4,9,0.444,2,5,0.4,0,0,0.0,0,1,1,1,1,0,1,1,10,-4,1,2024-03-22
22023,1631107,22300996,"MAR 20, 2024",MIA @ CLE,W,33,5,12,0.417,4,10,0.4,0,0,0.0,0,6,6,1,0,1,1,2,14,3,1,2024-03-20
22023,1631107,22300962,"MAR 15, 2024",MIA @ DET,W,15,3,6,0.5,1,3,0.333,0,0,0.0,0,5,5,0,1,0,1,4,7,1,1,2024-03-15
22023,1631107,22300949,"MAR 13, 2024",MIA vs. DEN,L,16,1,3,0.333,1,2,0.5,0,0,0.0,0,1,1,1,1,0,1,1,3,1,1,2024-03-13
22023,1631107,22300926,"MAR 10, 2024",MIA vs. WAS,L,23,3,6,0.5,1,4,0.25,3,3,1.0,1,5,6,4,1,1,1,3,10,0,1,2024-03-10
22023,1631107,22300914,"MAR 08, 2024",MIA @ OKC,L,30,2,5,0.4,1,3,0.333,2,2,1.0,0,8,8,3,0,2,1,1,7,4,1,2024-03-08
22023,1631107,22300904,"MAR 07, 2024",MIA @ DAL,L,16,2,6,0.333,0,3,0.0,0,0,0.0,0,2,2,1,0,0,2,1,4,0,1,2024-03-07
22023,1631107,22300888,"MAR 05, 2024",MIA vs. DET,W,21,3,5,0.6,1,2,0.5,1,2,0.5,0,4,4,2,2,0,0,2,8,8,1,2024-03-05
22023,1631107,22300867,"MAR 02, 2024",MIA vs. UTA,W,19,3,6,0.5,2,5,0.4,0,0,0.0,1,2,3,4,1,0,0,3,8,7,1,2024-03-02
22023,1631107,22300855,"FEB 29, 2024",MIA @ DEN,L,25,3,8,0.375,1,4,0.25,0,0,0.0,0,6,6,1,2,0,3,0,7,-16,1,2024-02-29
22023,1631107,22300842,"FEB 27, 2024",MIA @ POR,W,15,3,5,0.6,2,4,0.5,0,2,0.0,0,2,2,0,0,0,0,1,8,2,1,2024-02-27
22023,1631107,22300810,"FEB 23, 2024",MIA @ NOP,W,21,1,3,0.333,1,1,1.0,0,0,0.0,0,3,3,2,0,1,1,1,3,7,1,2024-02-23
22023,1630548,22301024,"MAR 23, 2024",UTA @ HOU,L,21,3,5,0.6,2,4,0.5,0,0,0.0,0,0,0,1,0,0,0,2,8,-7,1,2024-03-23
22023,1630548,22301008,"MAR 21, 2024",UTA @ DAL,L,8,0,1,0.0,0,1,0.0,0,0,0.0,0,0,0,0,0,0,0,3,0,-7,1,2024-03-21
22023,1630548,22301000,"MAR 20, 2024",UTA @ OKC,L,20,3,6,0.5,3,6,0.5,0,0,0.0,0,1,1,0,0,0,1,2,9,3,1,2024-03-20
22023,1630548,22300974,"MAR 16, 2024",UTA vs. MIN,L,22,3,5,0.6,2,3,0.667,0,0,0.0,0,4,4,0,0,0,1,2,8,-5,1,2024-03-16
22023,1630548,22300966,"MAR 15, 2024",UTA vs. ATL,W,25,7,11,0.636,5,8,0.625,0,0,0.0,0,3,3,0,0,0,1,1,19,3,1,2024-03-15
22023,1630548,22300922,"MAR 09, 2024",UTA @ DEN,L,6,1,3,0.333,0,2,0.0,0,0,0.0,0,0,0,1,0,0,0,0,2,-12,1,2024-03-09
22023,1630548,22300898,"MAR 06, 2024",UTA vs. CHI,L,20,1,5,0.2,0,3,0.0,0,0,0.0,1,2,3,1,0,0,1,0,2,3,1,2024-03-06
22023,1630548,22300882,"MAR 04, 2024",UTA vs. WAS,W,20,4,8,0.5,2,5,0.4,0,0,0.0,1,3,4,1,0,0,0,1,10,18,1,2024-03-04
22023,1630548,22300825,"FEB 25, 2024",UTA vs. SAS,W,3,0,1,0.0,0,1,0.0,0,0,0.0,0,0,0,0,0,0,0,1,0,-2,1,2024-02-25
22023,1628379,22300972,"MAR 16, 2024",MEM vs. OKC,L,30,3,7,0.429,3,7,0.429,0,0,0.0,0,3,3,9,1,0,2,2,9,-6,1,2024-03-16
22023,1628379,22300950,"MAR 13, 2024",MEM vs. CHA,L,27,6,13,0.462,4,8,0.5,1,1,1.0,1,3,4,3,1,0,2,0,17,-1,1,2024-03-13
22023,1628379,22300940,"MAR 12, 2024",MEM vs. WAS,W,26,5,11,0.455,3,6,0.5,0,0,0.0,1,3,4,8,1,0,2,2,13,7,1,2024-03-12
22023,1628379,22300931,"MAR 10, 2024",MEM @ OKC,L,23,1,6,0.167,1,6,0.167,0,0,0.0,0,2,2,2,1,0,2,0,3,-27,1,2024-03-10
22023,1628379,22300896,"MAR 06, 2024",MEM @ PHI,W,28,5,10,0.5,3,6,0.5,2,2,1.0,0,2,2,2,0,0,1,1,15,0,1,2024-03-06
22023,1628379,22300879,"MAR 04, 2024",MEM @ BKN,W,27,8,11,0.727,6,9,0.667,3,3,1.0,0,2,2,7,0,0,5,0,25,3,1,2024-03-04
22023,1628379,22300868,"MAR 02, 2024",MEM vs. POR,L,28,1,2,0.5,1,2,0.5,2,2,1.0,0,2,2,5,1,0,1,1,5,-3,1,2024-03-02
22023,1628379,22300830,"FEB 26, 2024",MEM vs. BKN,L,24,2,3,0.667,2,3,0.667,5,5,1.0,0,2,2,0,1,0,0,1,11,-17,1,2024-02-26
22023,1628379,22300807,"FEB 23, 2024",MEM vs. LAC,L,26,3,8,0.375,1,6,0.167,0,0,0.0,0,2,2,2,1,0,1,1,7,-17,1,2024-02-23
22023,1631117,22301024,"MAR 23, 2024",UTA @ HOU,L,28,5,8,0.625,0,0,0.0,2,2,1.0,3,6,9,1,0,3,1,1,12,-12,1,2024-03-23
22023,1631117,22301008,"MAR 21, 2024",UTA @ DAL,L,27,7,7,1.0,0,0,0.0,0,0,0.0,1,8,9,2,0,0,2,3,14,-7,1,2024-03-21
22023,1631117,22301000,"MAR 20, 2024",UTA @ OKC,L,23,2,2,1.0,0,0,0.0,0,0,0.0,2,6,8,1,0,1,2,3,4,-5,1,2024-03-20
22023,1631117,22300987,"MAR 18, 2024",UTA vs. MIN,L,28,2,3,0.667,0,0,0.0,2,2,1.0,5,9,14,2,0,1,1,2,6,-14,1,2024-03-18
22023,1631117,22300974,"MAR 16, 2024",UTA vs. MIN,L,30,3,4,0.75,0,0,0.0,1,2,0.5,2,8,10,0,0,1,0,2,7,-19,1,2024-03-16
22023,1631117,22300966,"MAR 15, 2024",UTA vs. ATL,W,26,3,5,0.6,0,0,0.0,0,0,0.0,3,6,9,1,1,2,2,2,6,0,1,2024-03-15
22023,1631117,22300943,"MAR 12, 2024",UTA vs. BOS,L,19,1,1,1.0,0,0,0.0,0,0,0.0,3,5,8,1,0,1,0,0,2,-12,1,2024-03-12
22023,1631117,22300922,"MAR 09, 2024",UTA @ DEN,L,24,3,9,0.333,0,0,0.0,0,0,0.0,7,4,11,2,0,1,0,1,6,-19,1,2024-03-09
22023,1631117,22300835,"FEB 27, 2024",UTA @ ATL,L,30,6,8,0.75,0,0,0.0,2,2,1.0,4,8,12,0,1,2,1,0,14,-13,1,2024-02-27
22023,1631117,22300825,"FEB 25, 2024",UTA vs. SAS,W,19,4,5,0.8,0,0,0.0,2,4,0.5,1,5,6,2,0,3,2,3,10,3,1,2024-02-25
22023,1631117,22300801,"FEB 22, 2024",UTA vs. CHA,L,17,1,4,0.25,0,1,0.0,0,0,0.0,1,1,2,0,1,1,1,1,2,-18,1,2024-02-22
22023,1630296,22300824,"FEB 25, 2024",DEN @ GSW,W,2,0,1,0.0,0,0,0.0,0,0,0.0,0,1,1,0,0,0,0,0,0,2,1,2024-02-25
22023,1630296,22300812,"FEB 23, 2024",DEN @ POR,W,2,0,0,0.0,0,0,0.0,0,0,0.0,0,1,1,0,0,1,0,0,0,-7,1,2024-02-23
22023,1630557,22301022,"MAR 23, 2024",WAS vs. TOR,W,33,7,12,0.583,4,6,0.667,0,0,0.0,0,1,1,2,1,0,2,2,18,-1,1,2024-03-23
22023,1630557,22301005,"MAR 21, 2024",WAS vs. SAC,W,37,6,9,0.667,1,4,0.25,2,6,0.333,0,3,3,2,1,0,1,1,15,14,1,2024-03-21
22023,1630557,22300992,"MAR 19, 2024",WAS vs. HOU,L,35,6,11,0.545,4,7,0.571,0,2,0.0,0,1,1,1,0,0,3,3,16,-27,1,2024-03-19
22023,1630557,22300980,"MAR 17, 2024",WAS vs. BOS,L,21,1,5,0.2,1,5,0.2,1,2,0.5,0,2,2,1,0,0,1,3,4,-19,1,2024-03-17
22023,1630557,22300971,"MAR 16, 2024",WAS @ CHI,L,29,6,12,0.5,3,6,0.5,1,1,1.0,0,3,3,1,3,3,0,1,16,-15,1,2024-03-16
22023,1630557,22300957,"MAR 14, 2024",WAS @ HOU,L,27,4,9,0.444,3,7,0.429,0,2,0.0,0,2,2,2,1,0,0,4,11,-5,1,2024-03-14
22023,1630557,22300940,"MAR 12, 2024",WAS @ MEM,L,36,8,12,0.667,5,7,0.714,1,2,0.5,0,2,2,0,1,0,0,3,22,-9,1,2024-03-12
22023,1630557,22300926,"MAR 10, 2024",WAS @ MIA,W,39,8,15,0.533,5,10,0.5,1,2,0.5,3,2,5,6,0,0,2,1,22,12,1,2024-03-10
22023,1630557,22300910,"MAR 08, 2024",WAS vs. CHA,W,30,3,7,0.429,1,5,0.2,6,6,1.0,0,4,4,2,0,0,0,0,13,19,1,2024-03-08
22023,1630557,22300894,"MAR 06, 2024",WAS vs. ORL,L,19,2,6,0.333,1,3,0.333,3,4,0.75,0,1,1,2,1,0,2,4,8,-14,1,2024-03-06
22023,1630557,22300882,"MAR 04, 2024",WAS @ UTA,L,16,2,9,0.222,1,6,0.167,0,0,0.0,0,4,4,1,0,0,3,1,5,6,1,2024-03-04
22023,1630557,22300865,"MAR 01, 2024",WAS @ LAC,L,23,4,7,0.571,1,3,0.333,0,1,0.0,0,2,2,0,0,1,0,2,9,-22,1,2024-03-01
22023,1630557,22300856,"FEB 29, 2024",WAS @ LAL,L,27,8,15,0.533,2,7,0.286,2,2,1.0,2,4,6,6,1,0,2,2,20,-4,1,2024-02-29
22023,1630557,22300834,"FEB 27, 2024",WAS vs. GSW,L,33,8,15,0.533,4,9,0.444,0,1,0.0,0,3,3,5,0,2,3,2,20,1,1,2024-02-27
22023,1630557,22300809,"FEB 23, 2024",WAS @ OKC,L,25,6,12,0.5,3,7,0.429,5,6,0.833,0,2,2,0,2,0,1,2,20,-30,1,2024-02-23
22023,1630557,22300800,"FEB 22, 2024",WAS @ DEN,L,25,4,11,0.364,3,5,0.6,1,2,0.5,0,2,2,3,2,0,4,0,12,-7,1,2024-02-22
22023,1628467,22301008,"MAR 21, 2024",DAL vs. UTA,W,18,2,3,0.667,2,3,0.667,1,2,0.5,1,1,2,2,3,0,1,3,7,15,1,2024-03-21
22023,1628467,22300994,"MAR 19, 2024",DAL @ SAS,W,22,2,2,1.0,1,1,1.0,0,0,0.0,0,1,1,4,0,0,0,3,5,27,1,2024-03-19
22023,1628467,22300978,"MAR 17, 2024",DAL vs. DEN,W,21,0,3,0.0,0,3,0.0,0,0,0.0,0,4,4,3,0,0,0,3,0,-8,1,2024-03-17
22023,1628467,22300959,"MAR 14, 2024",DAL @ OKC,L,21,1,2,0.5,0,1,0.0,1,2,0.5,0,2,2,1,1,1,0,0,3,-6,1,2024-03-14
22023,1628467,22300952,"MAR 13, 2024",DAL vs. GSW,W,8,0,1,0.0,0,0,0.0,0,0,0.0,0,0,0,1,0,0,0,3,0,-2,1,2024-03-13
22023,1628467,22300935,"MAR 11, 2024",DAL @ CHI,W,13,0,1,0.0,0,1,0.0,2,2,1.0,0,4,4,1,0,0,0,1,2,15,1,2024-03-11
22023,1628467,22300919,"MAR 09, 2024",DAL @ DET,W,17,0,2,0.0,0,2,0.0,0,0,0.0,1,5,6,0,1,1,0,2,0,6,1,2024-03-09
22023,1628467,22300904,"MAR 07, 2024",DAL vs. MIA,W,22,1,3,0.333,1,2,0.5,0,0,0.0,0,4,4,1,0,2,0,1,3,16,1,2024-03-07
22023,1628467,22300892,"MAR 05, 2024",DAL vs. IND,L,15,0,3,0.0,0,3,0.0,0,0,0.0,0,1,1,0,0,0,0,3,0,-8,1,2024-03-05
22023,1628467,22300871,"MAR 03, 2024",DAL vs. PHI,L,26,0,2,0.0,0,2,0.0,2,2,1.0,0,5,5,2,0,0,0,4,2,10,1,2024-03-03
22023,1628467,22300859,"MAR 01, 2024",DAL @ BOS,L,20,0,1,0.0,0,1,0.0,1,2,0.5,0,2,2,2,0,0,1,1,1,-7,1,2024-03-01
22023,1628467,22300832,"FEB 27, 2024",DAL @ CLE,L,27,1,3,0.333,1,2,0.5,1,2,0.5,1,6,7,1,0,1,0,2,4,-3,1,2024-02-27
22023,1628467,22300819,"FEB 25, 2024",DAL @ IND,L,25,1,3,0.333,1,2,0.5,0,0,0.0,0,1,1,1,0,0,0,0,3,-9,1,2024-02-25
22023,1628467,22300796,"FEB 22, 2024",DAL vs. PHX,W,26,3,7,0.429,1,3,0.333,0,0,0.0,0,2,2,1,1,0,0,1,7,3,1,2024-02-22
22023,1629723,22301015,"MAR 22, 2024",MEM @ SAS,W,33,2,5,0.4,2,5,0.4,0,0,0.0,0,5,5,2,1,0,1,1,6,13,1,2024-03-22
22023,1629723,22301001,"MAR 20, 2024",MEM @ GSW,L,33,0,2,0.0,0,2,0.0,0,0,0.0,2,5,7,5,1,0,1,3,0,-20,1,2024-03-20
22023,1629723,22300989,"MAR 18, 2024",MEM @ SAC,L,35,2,6,0.333,0,2,0.0,2,2,1.0,4,6,10,3,4,2,1,5,6,8,1,2024-03-18
22023,1629723,22300972,"MAR 16, 2024",MEM vs. OKC,L,25,3,5,0.6,1,2,0.5,2,3,0.667,2,0,2,3,1,0,2,1,9,-12,1,2024-03-16
22023,1629723,22300950,"MAR 13, 2024",MEM vs. CHA,L,34,5,8,0.625,3,5,0.6,0,0,0.0,1,8,9,4,3,0,3,2,13,3,1,2024-03-13
22023,1629723,22300940,"MAR 12, 2024",MEM vs. WAS,W,33,1,5,0.2,1,3,0.333,0,0,0.0,3,7,10,3,0,2,2,0,3,-5,1,2024-03-12
22023,1629723,22300913,"MAR 08, 2024",MEM vs. ATL,L,29,2,4,0.5,1,2,0.5,0,0,0.0,2,3,5,3,0,1,2,1,5,-9,1,2024-03-08
22023,1629723,22300896,"MAR 06, 2024",MEM @ PHI,W,28,1,3,0.333,1,3,0.333,0,0,0.0,1,3,4,1,0,2,2,4,3,5,1,2024-03-06
22023,1629723,22300879,"MAR 04, 2024",MEM @ BKN,W,31,2,3,0.667,1,1,1.0,4,4,1.0,2,6,8,4,1,0,2,3,9,15,1,2024-03-04
22023,1629723,22300868,"MAR 02, 2024",MEM vs. POR,L,18,1,5,0.2,1,4,0.25,0,0,0.0,2,2,4,1,2,2,1,0,3,-1,1,2024-03-02
22023,1629723,22300807,"FEB 23, 2024",MEM vs. LAC,L,21,2,4,0.5,1,2,0.5,2,2,1.0,2,2,4,3,2,1,0,0,7,11,1,2024-02-23
22023,1628436,22301023,"MAR 23, 2024",BOS @ CHI,W,31,4,5,0.8,0,0,0.0,0,0,0.0,5,8,13,4,0,2,1,2,8,3,1,2024-03-23
22023,1628436,22301011,"MAR 22, 2024",BOS @ DET,W,17,1,2,0.5,0,0,0.0,1,2,0.5,1,2,3,4,0,1,0,2,3,-1,1,2024-03-22
22023,1628436,22300998,"MAR 20, 2024",BOS vs. MIL,W,9,0,1,0.0,0,0,0.0,0,0,0.0,0,0,0,0,0,0,0,0,0,7,1,2024-03-20
22023,1628436,22300984,"MAR 18, 2024",BOS vs. DET,W,28,2,4,0.5,0,0,0.0,0,0,0.0,6,4,10,0,2,3,0,1,4,9,1,2024-03-18
22023,1628436,22300980,"MAR 17, 2024",BOS @ WAS,W,20,5,9,0.556,0,0,0.0,4,4,1.0,3,3,6,1,0,2,1,1,14,9,1,2024-03-17
22023,1628436,22300955,"MAR 14, 2024",BOS vs. PHX,W,12,1,2,0.5,0,0,0.0,0,0,0.0,0,1,1,1,1,0,0,1,2,6,1,2024-03-14
22023,1628436,22300943,"MAR 12, 2024",BOS @ UTA,W,28,4,7,0.571,0,0,0.0,4,4,1.0,4,5,9,6,0,1,0,2,12,10,1,2024-03-12
22023,1628436,22300938,"MAR 11, 2024",BOS @ POR,W,21,3,3,1.0,0,0,0.0,0,0,0.0,3,2,5,2,0,2,1,0,6,10,1,2024-03-11
22023,1628436,22300920,"MAR 09, 2024",BOS @ PHX,W,20,6,7,0.857,0,0,0.0,2,2,1.0,3,3,6,0,0,1,0,2,14,12,1,2024-03-09
22023,1628436,22300886,"MAR 05, 2024",BOS @ CLE,L,16,2,4,0.5,0,0,0.0,0,0,0.0,0,3,3,1,0,2,0,1,4,-2,1,2024-03-05
22023,1628436,22300872,"MAR 03, 2024",BOS vs. GSW,W,11,1,2,0.5,0,0,0.0,0,0,0.0,1,2,3,0,0,1,0,0,2,14,1,2024-03-03
22023,1628436,22300836,"FEB 27, 2024",BOS vs. PHI,W,11,0,0,0.0,0,0,0.0,2,2,1.0,0,1,1,0,0,0,0,3,2,0,1,2024-02-27
22023,1628436,22300816,"FEB 24, 2024",BOS @ NYK,W,10,1,1,1.0,0,0,0.0,0,0,0.0,0,2,2,0,0,0,0,0,2,-4,1,2024-02-24
22023,1628436,22300797,"FEB 22, 2024",BOS @ CHI,W,14,5,6,0.833,0,0,0.0,0,0,0.0,4,0,4,2,1,0,0,1,10,10,1,2024-02-22
22023,1630228,22301031,"MAR 24, 2024",GSW @ MIN,,13,5,9,0.556,0,0,0.0,0,0,0.0,0,2,2,1,1,1,0,1,10,1,0,2024-03-24
22023,1630228,22301016,"MAR 22, 2024",GSW vs. IND,L,30,4,17,0.235,0,3,0.0,3,4,0.75,2,6,8,2,2,1,3,2,11,-13,1,2024-03-22
22023,1630228,22301001,"MAR 20, 2024",GSW vs. MEM,W,28,12,17,0.706,2,3,0.667,0,0,0.0,0,5,5,4,2,0,0,3,26,21,1,2024-03-20
22023,1630228,22300988,"MAR 18, 2024",GSW vs. NYK,L,26,7,13,0.538,0,2,0.0,2,2,1.0,0,1,1,1,1,0,2,2,16,-11,1,2024-03-18
22023,1630228,22300973,"MAR 16, 2024",GSW @ LAL,W,31,9,16,0.563,2,3,0.667,3,5,0.6,0,2,2,4,0,0,1,5,23,5,1,2024-03-16
22023,1630228,22300952,"MAR 13, 2024",GSW @ DAL,L,35,8,17,0.471,2,2,1.0,9,10,0.9,1,3,4,2,1,0,6,2,27,-6,1,2024-03-13
22023,1630228,22300936,"MAR 11, 2024",GSW @ SAS,W,31,9,18,0.5,2,3,0.667,2,2,1.0,0,5,5,1,1,1,2,4,22,4,1,2024-03-11
22023,1630228,22300921,"MAR 09, 2024",GSW vs. SAS,L,30,10,17,0.588,0,1,0.0,6,8,0.75,0,3,3,2,1,0,2,4,26,-8,1,2024-03-09
22023,1630228,22300907,"MAR 07, 2024",GSW vs. CHI,L,33,5,11,0.455,0,1,0.0,9,10,0.9,3,7,10,2,1,0,1,4,19,3,1,2024-03-07
22023,1630228,22300899,"MAR 06, 2024",GSW vs. MIL,W,25,9,14,0.643,2,4,0.5,0,0,0.0,1,3,4,2,2,3,2,2,20,12,1,2024-03-06
22023,1630228,22300872,"MAR 03, 2024",GSW @ BOS,L,20,2,9,0.222,0,2,0.0,2,2,1.0,0,2,2,3,0,0,1,1,6,-30,1,2024-03-03
22023,1630228,22300860,"MAR 01, 2024",GSW @ TOR,W,27,9,19,0.474,0,2,0.0,6,6,1.0,2,4,6,2,0,0,2,1,24,5,1,2024-03-01
22023,1630228,22300852,"FEB 29, 2024",GSW @ NYK,W,30,12,19,0.632,0,1,0.0,1,2,0.5,5,3,8,2,2,2,1,3,25,19,1,2024-02-29
22023,1630228,22300834,"FEB 27, 2024",GSW @ WAS,W,28,10,13,0.769,0,0,0.0,1,2,0.5,1,5,6,5,0,0,1,1,21,10,1,2024-02-27
22023,1630228,22300824,"FEB 25, 2024",GSW vs. DEN,L,25,5,10,0.5,0,1,0.0,9,13,0.692,1,5,6,3,0,0,1,1,19,-20,1,2024-02-25
22023,1630228,22300811,"FEB 23, 2024",GSW vs. CHA,W,28,2,9,0.222,0,2,0.0,2,2,1.0,1,6,7,6,2,3,3,2,6,15,1,2024-02-23
22023,1630228,22300802,"FEB 22, 2024",GSW vs. LAL,W,24,5,12,0.417,1,3,0.333,1,2,0.5,1,2,3,3,1,0,0,2,12,25,1,2024-02-22
22023,1628398,22301022,"MAR 23, 2024",WAS vs. TOR,W,34,7,18,0.389,0,3,0.0,2,4,0.5,0,9,9,5,0,0,4,4,16,-4,1,2024-03-23
22023,1628398,22301005,"MAR 21, 2024",WAS vs. SAC,W,37,13,22,0.591,3,6,0.5,2,2,1.0,0,6,6,5,1,1,5,2,31,10,1,2024-03-21
22023,1628398,22300971,"MAR 16, 2024",WAS @ CHI,L,29,5,10,0.5,0,0,0.0,1,2,0.5,1,4,5,4,1,0,3,2,11,-9,1,2024-03-16
22023,1628398,22300957,"MAR 14, 2024",WAS @ HOU,L,31,8,10,0.8,0,1,0.0,7,7,1.0,0,3,3,3,2,0,5,2,23,-17,1,2024-03-14
22023,1628398,22300940,"MAR 12, 2024",WAS @ MEM,L,37,10,18,0.556,1,4,0.25,3,3,1.0,1,6,7,5,1,0,4,2,24,-16,1,2024-03-12
22023,1628398,22300926,"MAR 10, 2024",WAS @ MIA,W,38,9,23,0.391,2,7,0.286,12,16,0.75,1,8,9,4,0,2,4,2,32,9,1,2024-03-10
22023,1628398,22300910,"MAR 08, 2024",WAS vs. CHA,W,40,11,23,0.478,0,7,0.0,6,6,1.0,0,8,8,9,1,2,2,3,28,21,1,2024-03-08
22023,1628398,22300894,"MAR 06, 2024",WAS vs. ORL,L,31,10,19,0.526,3,6,0.5,2,3,0.667,0,5,5,4,1,1,1,0,25,-24,1,2024-03-06
22023,1628398,22300882,"MAR 04, 2024",WAS @ UTA,L,35,7,18,0.389,2,6,0.333,7,11,0.636,0,5,5,8,0,0,1,3,23,-13,1,2024-03-04
22023,1628398,22300865,"MAR 01, 2024",WAS @ LAC,L,29,13,19,0.684,5,7,0.714,1,1,1.0,0,7,7,1,1,0,1,2,32,-16,1,2024-03-01
22023,1628398,22300856,"FEB 29, 2024",WAS @ LAL,L,37,7,16,0.438,4,8,0.5,2,2,1.0,2,8,10,4,1,3,2,3,20,0,1,2024-02-29
22023,1628398,22300834,"FEB 27, 2024",WAS vs. GSW,L,38,12,21,0.571,1,4,0.25,2,2,1.0,1,11,12,2,0,1,6,0,27,-16,1,2024-02-27
22023,1628398,22300820,"FEB 25, 2024",WAS vs. CLE,L,39,10,24,0.417,2,10,0.2,5,7,0.714,0,6,6,5,1,1,2,0,27,-15,1,2024-02-25
22023,1628398,22300809,"FEB 23, 2024",WAS @ OKC,L,27,7,14,0.5,0,2,0.0,0,2,0.0,1,3,4,2,0,0,3,2,14,-25,1,2024-02-23
22023,1628398,22300800,"FEB 22, 2024",WAS @ DEN,L,31,12,25,0.48,6,8,0.75,1,4,0.25,6,6,12,3,3,0,3,4,31,-17,1,2024-02-22
22023,1631222,22301015,"MAR 22, 2024",MEM @ SAS,W,28,3,8,0.375,1,3,0.333,8,9,0.889,2,3,5,1,1,0,1,3,15,21,1,2024-03-22
22023,1631222,22301001,"MAR 20, 2024",MEM @ GSW,L,32,3,10,0.3,2,6,0.333,4,5,0.8,4,1,5,3,0,1,1,0,12,-6,1,2024-03-20
22023,1631222,22300989,"MAR 18, 2024",MEM @ SAC,L,41,4,13,0.308,2,6,0.333,2,4,0.5,3,5,8,5,0,0,1,3,12,-18,1,2024-03-18
22023,1631222,22300972,"MAR 16, 2024",MEM vs. OKC,L,24,4,9,0.444,2,5,0.4,4,4,1.0,1,3,4,0,2,0,1,1,14,4,1,2024-03-16
22023,1631222,22300950,"MAR 13, 2024",MEM vs. CHA,L,30,2,13,0.154,1,6,0.167,0,0,0.0,3,2,5,0,3,0,1,2,5,-19,1,2024-03-13
22023,1631222,22300940,"MAR 12, 2024",MEM vs. WAS,W,24,4,9,0.444,1,4,0.25,7,7,1.0,2,2,4,1,2,0,0,2,16,3,1,2024-03-12
22023,1631222,22300931,"MAR 10, 2024",MEM @ OKC,L,24,4,9,0.444,2,4,0.5,3,4,0.75,0,1,1,4,2,0,1,4,13,-25,1,2024-03-10
22023,1631222,22300913,"MAR 08, 2024",MEM vs. ATL,L,26,3,10,0.3,2,7,0.286,6,6,1.0,2,1,3,3,3,1,0,2,14,2,1,2024-03-08
22023,1631222,22300896,"MAR 06, 2024",MEM @ PHI,W,32,7,15,0.467,2,4,0.5,3,4,0.75,5,8,13,0,0,3,3,3,19,8,1,2024-03-06
22023,1631222,22300879,"MAR 04, 2024",MEM @ BKN,W,29,4,12,0.333,0,4,0.0,6,8,0.75,4,6,10,3,2,0,3,4,14,6,1,2024-03-04
22023,1631222,22300868,"MAR 02, 2024",MEM vs. POR,L,14,0,3,0.0,0,2,0.0,6,8,0.75,0,2,2,0,0,0,1,1,6,-1,1,2024-03-02
22023,1631222,22300861,"MAR 01, 2024",MEM vs. POR,L,26,7,13,0.538,3,7,0.429,4,5,0.8,0,2,2,2,1,0,3,2,21,-7,1,2024-03-01
22023,1631222,22300845,"FEB 28, 2024",MEM @ MIN,L,19,1,4,0.25,1,4,0.25,2,2,1.0,1,4,5,2,0,0,0,1,5,-17,1,2024-02-28
22023,1631222,22300830,"FEB 26, 2024",MEM vs. BKN,L,28,4,10,0.4,1,3,0.333,1,2,0.5,2,3,5,2,1,2,0,2,10,-17,1,2024-02-26
22023,1631222,22300807,"FEB 23, 2024",MEM vs. LAC,L,17,1,8,0.125,0,3,0.0,1,1,1.0,3,1,4,2,2,0,1,1,3,1,1,2024-02-23
22023,1629111,22301024,"MAR 23, 2024",HOU vs. UTA,W,18,3,4,0.75,0,1,0.0,0,0,0.0,2,0,2,3,0,0,2,4,6,19,1,2024-03-23
22023,1629111,22301006,"MAR 21, 2024",HOU vs. CHI,W,27,6,10,0.6,0,0,0.0,5,5,1.0,7,5,12,5,0,2,3,2,17,-1,1,2024-03-21
22023,1629111,22300992,"MAR 19, 2024",HOU @ WAS,W,20,4,7,0.571,0,0,0.0,2,2,1.0,2,1,3,0,0,7,0,2,10,16,1,2024-03-19
22023,1629111,22300967,"MAR 16, 2024",HOU vs. CLE,W,17,3,5,0.6,0,2,0.0,0,0,0.0,1,2,3,0,0,1,0,2,6,7,1,2024-03-16
22023,1629111,22300957,"MAR 14, 2024",HOU vs. WAS,W,27,4,5,0.8,0,0,0.0,5,6,0.833,1,4,5,1,0,0,2,2,13,7,1,2024-03-14
22023,1629111,22300942,"MAR 12, 2024",HOU @ SAS,W,26,5,8,0.625,1,2,0.5,0,0,0.0,3,1,4,5,2,1,1,4,11,15,1,2024-03-12
22023,1629111,22300929,"MAR 10, 2024",HOU @ SAC,W,17,3,4,0.75,1,1,1.0,2,3,0.667,2,3,5,4,0,1,0,2,9,1,1,2024-03-10
22023,1629111,22300916,"MAR 08, 2024",HOU @ POR,W,13,2,4,0.5,1,1,1.0,0,0,0.0,2,1,3,3,0,1,0,1,5,10,1,2024-03-08
22023,1629111,22300897,"MAR 06, 2024",HOU vs. LAC,L,6,1,2,0.5,0,0,0.0,2,2,1.0,1,0,1,0,0,0,0,1,4,-8,1,2024-03-06
22023,1629111,22300891,"MAR 05, 2024",HOU vs. SAS,W,11,1,4,0.25,0,1,0.0,0,0,0.0,3,5,8,0,1,0,0,3,2,-5,1,2024-03-05
22023,1629111,22300870,"MAR 02, 2024",HOU @ PHX,W,10,0,1,0.0,0,0,0.0,0,0,0.0,0,2,2,1,0,0,0,0,0,-1,1,2024-03-02
22023,1629111,22300854,"FEB 29, 2024",HOU @ PHX,L,10,2,4,0.5,0,0,0.0,4,5,0.8,5,1,6,0,0,2,0,3,8,12,1,2024-02-29
22023,1629111,22300841,"FEB 27, 2024",HOU @ OKC,L,2,0,1,0.0,0,0,0.0,0,0,0.0,0,0,0,0,0,0,0,0,0,1,1,2024-02-27
22023,1629111,22300822,"FEB 25, 2024",HOU vs. OKC,L,1,0,0,0.0,0,0,0.0,0,0,0.0,0,0,0,0,0,0,0,0,0,-1,1,2024-02-25
22023,1629111,22300798,"FEB 22, 2024",HOU @ NOP,L,12,1,1,1.0,0,0,0.0,0,0,0.0,1,2,3,3,1,0,0,1,2,0,1,2024-02-22
22023,1630639,22301008,"MAR 21, 2024",DAL vs. UTA,W,1,1,2,0.5,0,0,0.0,0,0,0.0,0,0,0,0,0,0,0,0,2,0,1,2024-03-21
22023,1630639,22300952,"MAR 13, 2024",DAL vs. GSW,W,2,0,0,0.0,0,0,0.0,0,0,0.0,0,0,0,0,0,0,0,0,0,-4,1,2024-03-13
22023,1630639,22300935,"MAR 11, 2024",DAL @ CHI,W,6,1,5,0.2,0,2,0.0,1,2,0.5,0,1,1,1,1,0,0,1,3,2,1,2024-03-11
22023,1630639,22300919,"MAR 09, 2024",DAL @ DET,W,3,1,1,1.0,0,0,0.0,0,0,0.0,0,0,0,0,0,0,0,0,2,-2,1,2024-03-09
22023,1630639,22300892,"MAR 05, 2024",DAL vs. IND,L,2,1,1,1.0,0,0,0.0,0,0,0.0,0,0,0,0,0,0,0,0,2,1,1,2024-03-05
22023,1630639,22300844,"FEB 28, 2024",DAL @ TOR,W,1,1,1,1.0,0,0,0.0,0,0,0.0,1,0,1,0,0,0,0,0,2,-1,1,2024-02-28
22023,1627747,22301029,"MAR 24, 2024",CLE @ MIA,,20,1,5,0.2,0,3,0.0,0,2,0.0,1,2,3,1,1,0,0,2,2,-26,0,2024-03-24
22023,1627747,22301014,"MAR 22, 2024",CLE @ MIN,L,38,6,16,0.375,2,5,0.4,2,2,1.0,1,4,5,6,1,1,3,3,16,-13,1,2024-03-22
22023,1627747,22300996,"MAR 20, 2024",CLE vs. MIA,L,37,4,9,0.444,1,4,0.25,7,8,0.875,1,4,5,12,2,1,5,3,16,-9,1,2024-03-20
22023,1627747,22300983,"MAR 18, 2024",CLE @ IND,W,38,7,15,0.467,1,5,0.2,8,11,0.727,1,7,8,11,1,1,1,2,23,12,1,2024-03-18
22023,1627747,22300967,"MAR 16, 2024",CLE @ HOU,L,32,8,14,0.571,1,4,0.25,4,5,0.8,1,2,3,7,3,1,1,3,21,-3,1,2024-03-16
22023,1627747,22300951,"MAR 13, 2024",CLE @ NOP,W,30,1,6,0.167,0,3,0.0,0,0,0.0,1,4,5,9,1,0,1,1,2,27,1,2024-03-13
22023,1627747,22300934,"MAR 11, 2024",CLE vs. PHX,L,33,7,16,0.438,3,10,0.3,0,0,0.0,1,5,6,11,1,0,1,2,17,2,1,2024-03-11
22023,1627747,22300930,"MAR 10, 2024",CLE vs. BKN,L,29,2,6,0.333,1,3,0.333,1,2,0.5,0,3,3,7,3,0,3,0,6,-3,1,2024-03-10
22023,1627747,22300911,"MAR 08, 2024",CLE vs. MIN,W,34,5,15,0.333,2,6,0.333,3,5,0.6,0,5,5,8,3,1,2,1,15,18,1,2024-03-08
22023,1627747,22300895,"MAR 06, 2024",CLE @ ATL,L,36,5,17,0.294,2,8,0.25,1,2,0.5,1,3,4,7,0,1,4,1,13,-2,1,2024-03-06
22023,1627747,22300886,"MAR 05, 2024",CLE vs. BOS,W,30,4,10,0.4,2,5,0.4,0,0,0.0,0,4,4,5,3,0,2,1,10,2,1,2024-03-05
22023,1627747,22300846,"FEB 28, 2024",CLE @ CHI,L,39,5,12,0.417,3,7,0.429,1,2,0.5,0,7,7,15,2,2,2,4,14,-10,1,2024-02-28
22023,1627747,22300832,"FEB 27, 2024",CLE vs. DAL,W,28,5,10,0.5,1,3,0.333,0,0,0.0,0,4,4,6,0,0,2,2,11,16,1,2024-02-27
22023,1627747,22300820,"FEB 25, 2024",CLE @ WAS,W,28,6,10,0.6,1,3,0.333,5,6,0.833,2,10,12,8,0,0,0,2,18,-1,1,2024-02-25
22023,1627747,22300805,"FEB 23, 2024",CLE @ PHI,L,25,1,11,0.091,0,4,0.0,4,4,1.0,1,4,5,4,0,2,1,2,6,3,1,2024-02-23
22023,1627747,22300792,"FEB 22, 2024",CLE vs. ORL,L,27,2,10,0.2,0,2,0.0,2,2,1.0,0,2,2,2,1,1,2,2,6,-10,1,2024-02-22
22023,1630240,22300920,"MAR 09, 2024",PHX vs. BOS,L,4,0,3,0.0,0,2,0.0,1,2,0.5,1,0,1,1,0,0,1,1,1,-4,1,2024-03-09
22023,1630240,22300905,"MAR 07, 2024",PHX vs. TOR,W,15,0,5,0.0,0,1,0.0,0,0,0.0,0,1,1,4,0,0,0,2,0,3,1,2024-03-07
22023,1630240,22300893,"MAR 05, 2024",PHX @ DEN,W,13,1,3,0.333,0,0,0.0,2,2,1.0,1,2,3,2,0,0,0,0,4,-12,2,2024-03-05
22023,1630240,22300878,"MAR 03, 2024",PHX vs. OKC,L,16,2,6,0.333,1,3,0.333,0,0,0.0,0,2,2,2,0,0,0,3,5,-3,1,2024-03-03
22023,1630240,22300870,"MAR 02, 2024",PHX vs. HOU,L,7,0,0,0.0,0,0,0.0,1,2,0.5,0,0,0,1,0,0,0,1,1,-1,1,2024-03-02
22023,1630240,22300854,"FEB 29, 2024",PHX vs. HOU,W,8,1,2,0.5,0,0,0.0,2,2,1.0,1,0,1,2,0,0,0,0,4,3,1,2024-02-29
22023,1630240,22300818,"FEB 25, 2024",PHX vs. LAL,W,9,1,3,0.333,1,2,0.5,2,2,1.0,1,2,3,2,0,0,0,0,5,8,1,2024-02-25
22023,1630240,22300796,"FEB 22, 2024",PHX @ DAL,L,6,0,0,0.0,0,0,0.0,0,0,0.0,0,2,2,2,0,0,0,0,0,10,1,2024-02-22
22023,203458,22301020,"MAR 23, 2024",SAC @ ORL,W,9,0,0,0.0,0,0,0.0,0,0,0.0,0,1,1,0,0,2,1,1,0,-7,1,2024-03-23
22023,203458,22301005,"MAR 21, 2024",SAC @ WAS,L,9,0,0,0.0,0,0,0.0,2,2,1.0,1,3,4,0,0,0,0,0,2,-1,1,2024-03-21
22023,203458,22300999,"MAR 20, 2024",SAC @ TOR,W,16,2,2,1.0,0,0,0.0,2,2,1.0,0,3,3,4,0,1,0,1,6,1,1,2024-03-20
22023,203458,22300989,"MAR 18, 2024",SAC vs. MEM,W,13,2,2,1.0,0,0,0.0,2,2,1.0,0,3,3,1,0,2,0,4,6,5,1,2024-03-18
22023,203458,22300975,"MAR 16, 2024",SAC vs. NYK,L,7,0,2,0.0,0,0,0.0,0,0,0.0,1,0,1,0,0,3,0,0,0,6,1,2024-03-16
22023,203458,22300954,"MAR 13, 2024",SAC vs. LAL,W,9,2,2,1.0,0,0,0.0,0,0,0.0,0,0,0,0,2,0,1,2,4,3,1,2024-03-13
22023,203458,22300945,"MAR 12, 2024",SAC vs. MIL,W,9,1,2,0.5,0,0,0.0,3,4,0.75,1,0,1,1,0,0,0,3,5,12,1,2024-03-12
22023,203458,22300929,"MAR 10, 2024",SAC vs. HOU,L,5,2,2,1.0,0,0,0.0,0,0,0.0,0,1,1,1,0,0,0,1,4,-1,1,2024-03-10
22023,203458,22300908,"MAR 07, 2024",SAC vs. SAS,W,9,0,0,0.0,0,0,0.0,0,0,0.0,1,2,3,2,0,0,1,0,0,7,1,2024-03-07
22023,203458,22300901,"MAR 06, 2024",SAC @ LAL,W,10,0,2,0.0,0,0,0.0,0,0,0.0,0,3,3,0,0,0,1,4,0,-1,1,2024-03-06
22023,203458,22300883,"MAR 04, 2024",SAC vs. CHI,L,10,2,3,0.667,0,0,0.0,0,0,0.0,1,3,4,0,0,2,1,1,4,3,1,2024-03-04
22023,203458,22300862,"MAR 01, 2024",SAC @ MIN,W,5,2,4,0.5,0,0,0.0,0,2,0.0,1,1,2,1,0,0,0,0,4,-2,1,2024-03-01
22023,203458,22300847,"FEB 28, 2024",SAC @ DEN,L,16,2,4,0.5,0,0,0.0,0,0,0.0,2,0,2,0,2,2,1,0,4,5,1,2024-02-28
22023,203458,22300803,"FEB 22, 2024",SAC vs. SAS,W,14,2,5,0.4,0,0,0.0,0,0,0.0,1,3,4,0,0,2,0,1,4,-3,1,2024-02-22
22023,202695,22301028,"MAR 24, 2024",LAC vs. PHI,L,31,7,16,0.438,1,6,0.167,5,5,1.0,1,5,6,3,1,0,2,1,20,-1,1,2024-03-24
22023,202695,22301017,"MAR 22, 2024",LAC @ POR,W,29,9,15,0.6,2,4,0.5,2,3,0.667,1,5,6,3,0,1,3,0,22,17,1,2024-03-22
22023,202695,22301003,"MAR 20, 2024",LAC @ POR,W,28,9,16,0.563,1,3,0.333,5,6,0.833,1,3,4,2,4,0,2,0,24,11,1,2024-03-20
22023,202695,22300982,"MAR 17, 2024",LAC vs. ATL,L,37,8,17,0.471,3,8,0.375,9,10,0.9,0,2,2,2,1,1,3,0,28,-15,1,2024-03-17
22023,202695,22300964,"MAR 15, 2024",LAC @ NOP,L,39,8,15,0.533,1,3,0.333,6,6,1.0,1,6,7,2,0,2,1,1,23,0,1,2024-03-15
22023,202695,22300956,"MAR 14, 2024",LAC @ CHI,W,34,12,17,0.706,2,5,0.4,1,2,0.5,2,3,5,3,1,1,3,0,27,21,1,2024-03-14
22023,202695,22300944,"MAR 12, 2024",LAC vs. MIN,L,12,2,4,0.5,1,2,0.5,1,2,0.5,0,2,2,2,0,0,0,0,6,13,1,2024-03-12
22023,202695,22300917,"MAR 09, 2024",LAC vs. CHI,W,38,8,15,0.533,0,1,0.0,3,3,1.0,2,7,9,4,0,1,2,1,19,4,1,2024-03-09
22023,202695,22300897,"MAR 06, 2024",LAC @ HOU,W,39,11,18,0.611,1,4,0.25,5,5,1.0,1,5,6,7,2,0,0,1,28,9,1,2024-03-06
22023,202695,22300880,"MAR 04, 2024",LAC @ MIL,L,37,6,19,0.316,2,8,0.25,2,3,0.667,0,4,4,5,4,1,1,2,16,0,1,2024-03-04
22023,202695,22300873,"MAR 03, 2024",LAC @ MIN,W,38,12,26,0.462,1,4,0.25,7,8,0.875,1,4,5,1,2,1,2,1,32,-11,1,2024-03-03
22023,202695,22300865,"MAR 01, 2024",LAC vs. WAS,W,29,9,20,0.45,2,8,0.25,7,7,1.0,4,5,9,4,1,1,1,2,27,12,1,2024-03-01
22023,202695,22300848,"FEB 28, 2024",LAC vs. LAL,L,39,11,19,0.579,3,6,0.5,1,2,0.5,2,5,7,6,1,0,1,1,26,-2,1,2024-02-28
22023,202695,22300827,"FEB 25, 2024",LAC vs. SAC,L,36,7,18,0.389,0,3,0.0,6,7,0.857,0,8,8,3,4,1,3,0,20,-12,1,2024-02-25
22023,202695,22300807,"FEB 23, 2024",LAC @ MEM,W,36,10,18,0.556,2,6,0.333,2,2,1.0,2,6,8,4,3,1,6,2,24,8,1,2024-02-23
22023,202695,22300799,"FEB 22, 2024",LAC @ OKC,L,31,9,12,0.75,0,2,0.0,2,2,1.0,0,3,3,2,1,0,2,2,20,-17,1,2024-02-22
22023,1641721,22300990,"MAR 18, 2024",LAL vs. ATL,W,5,0,1,0.0,0,1,0.0,0,0,0.0,0,0,0,2,0,0,0,0,0,-3,1,2024-03-18
22023,1641721,22300954,"MAR 13, 2024",LAL @ SAC,L,1,0,0,0.0,0,0,0.0,0,0,0.0,0,0,0,0,0,0,0,0,0,0,1,2024-03-13
22023,1641721,22300932,"MAR 10, 2024",LAL vs. MIN,W,1,0,0,0.0,0,0,0.0,0,0,0.0,0,0,0,0,0,0,0,0,0,-2,1,2024-03-10
22023,1641721,22300901,"MAR 06, 2024",LAL vs. SAC,L,1,0,0,0.0,0,0,0.0,0,0,0.0,0,0,0,0,0,0,0,0,0,0,1,2024-03-06
22023,1641721,22300884,"MAR 04, 2024",LAL vs. OKC,W,4,0,0,0.0,0,0,0.0,0,0,0.0,0,0,0,0,0,0,2,1,0,-11,1,2024-03-04
22023,1641721,22300813,"FEB 23, 2024",LAL vs. SAS,W,1,0,0,0.0,0,0,0.0,0,0,0.0,0,0,0,0,0,0,0,0,0,-4,1,2024-02-23
22023,1630184,22301024,"MAR 23, 2024",UTA @ HOU,L,25,4,9,0.444,1,3,0.333,3,4,0.75,1,4,5,4,0,0,2,0,12,-11,1,2024-03-23
22023,1630184,22301008,"MAR 21, 2024",UTA @ DAL,L,7,0,2,0.0,0,0,0.0,0,0,0.0,0,0,0,3,0,0,0,1,0,0,1,2024-03-21
22023,1630184,22301000,"MAR 20, 2024",UTA @ OKC,L,4,2,3,0.667,0,1,0.0,2,2,1.0,1,0,1,2,0,0,0,0,6,7,1,2024-03-20
22023,1630184,22300987,"MAR 18, 2024",UTA vs. MIN,L,7,0,0,0.0,0,0,0.0,0,0,0.0,0,0,0,0,0,0,0,0,0,-10,1,2024-03-18
22023,1630184,22300825,"FEB 25, 2024",UTA vs. SAS,W,3,1,1,1.0,0,0,0.0,0,0,0.0,1,0,1,1,0,0,0,0,2,-2,1,2024-02-25
22023,203081,22301030,"MAR 24, 2024",MIL vs. OKC,,18,1,8,0.125,0,3,0.0,0,0,0.0,0,3,3,3,0,0,0,2,2,4,0,2024-03-24
22023,203081,22301007,"MAR 21, 2024",MIL vs. BKN,W,37,11,22,0.5,5,11,0.455,3,3,1.0,0,3,3,12,2,0,4,3,30,-7,1,2024-03-21
22023,203081,22300998,"MAR 20, 2024",MIL @ BOS,L,36,11,21,0.524,6,10,0.6,4,4,1.0,0,4,4,6,1,1,4,1,32,1,1,2024-03-20
22023,203081,22300976,"MAR 17, 2024",MIL vs. PHX,W,39,10,19,0.526,4,8,0.5,7,7,1.0,1,4,5,16,1,0,4,1,31,14,1,2024-03-17
22023,203081,22300958,"MAR 14, 2024",MIL vs. PHI,W,38,7,16,0.438,2,7,0.286,1,1,1.0,1,2,3,9,1,1,0,1,17,23,1,2024-03-14
22023,203081,22300945,"MAR 12, 2024",MIL @ SAC,L,33,2,12,0.167,1,6,0.167,5,6,0.833,0,5,5,6,1,1,2,2,10,-22,1,2024-03-12
22023,203081,22300924,"MAR 10, 2024",MIL @ LAC,W,38,11,19,0.579,7,13,0.538,6,7,0.857,1,6,7,11,0,0,2,1,35,-1,1,2024-03-10
22023,203081,22300915,"MAR 08, 2024",MIL @ LAL,L,38,10,23,0.435,4,12,0.333,4,4,1.0,0,5,5,12,0,0,1,2,28,13,1,2024-03-08
22023,203081,22300899,"MAR 06, 2024",MIL @ GSW,L,33,7,16,0.438,5,10,0.5,1,1,1.0,0,1,1,6,1,1,2,0,20,-18,1,2024-03-06
22023,203081,22300880,"MAR 04, 2024",MIL vs. LAC,W,42,12,22,0.545,4,9,0.444,13,13,1.0,0,4,4,4,1,0,4,3,41,6,1,2024-03-04
22023,203081,22300864,"MAR 01, 2024",MIL @ CHI,W,33,4,18,0.222,3,10,0.3,5,5,1.0,0,3,3,7,0,0,3,2,16,11,1,2024-03-01
22023,203081,22300849,"FEB 29, 2024",MIL @ CHA,W,34,5,14,0.357,3,6,0.5,4,5,0.8,1,5,6,2,2,0,2,2,17,15,1,2024-02-29
22023,203081,22300840,"FEB 27, 2024",MIL vs. CHA,W,25,8,14,0.571,4,9,0.444,3,3,1.0,0,9,9,7,0,0,3,3,23,41,1,2024-02-27
22023,203081,22300817,"FEB 25, 2024",MIL @ PHI,W,36,8,15,0.533,4,8,0.5,4,4,1.0,0,7,7,9,2,0,5,4,24,37,1,2024-02-25
22023,203081,22300808,"FEB 23, 2024",MIL @ MIN,W,38,8,23,0.348,2,8,0.25,3,4,0.75,0,9,9,10,2,1,3,3,21,8,1,2024-02-23
22023,1629642,22301025,"MAR 23, 2024",PHX @ SAS,W,6,1,2,0.5,0,1,0.0,0,0,0.0,0,0,0,1,0,0,0,1,2,-2,1,2024-03-23
22023,1629642,22301002,"MAR 20, 2024",PHX vs. PHI,W,2,1,1,1.0,1,1,1.0,0,0,0.0,0,0,0,0,0,0,0,0,3,-1,1,2024-03-20
22023,1629642,22300976,"MAR 17, 2024",PHX @ MIL,L,1,0,0,0.0,0,0,0.0,0,0,0.0,0,0,0,0,0,0,0,0,0,2,1,2024-03-17
22023,1629642,22300961,"MAR 15, 2024",PHX @ CHA,W,1,0,1,0.0,0,1,0.0,0,0,0.0,0,0,0,0,0,0,0,0,0,-2,1,2024-03-15
22023,1629642,22300955,"MAR 14, 2024",PHX @ BOS,L,3,0,1,0.0,0,1,0.0,0,0,0.0,0,1,1,0,0,0,0,0,0,3,1,2024-03-14
22023,1629642,22300818,"FEB 25, 2024",PHX vs. LAL,W,1,0,0,0.0,0,0,0.0,0,0,0.0,0,0,0,0,0,0,0,0,0,-2,1,2024-02-25
22023,1629642,22300796,"FEB 22, 2024",PHX @ DAL,L,6,1,2,0.5,1,1,1.0,0,0,0.0,0,1,1,0,0,0,0,1,3,0,1,2024-02-22
22023,1641726,22301008,"MAR 21, 2024",DAL vs. UTA,W,15,3,5,0.6,0,0,0.0,0,2,0.0,3,2,5,1,0,0,1,0,6,-17,1,2024-03-21
22023,1641726,22300994,"MAR 19, 2024",DAL @ SAS,W,16,5,7,0.714,0,0,0.0,2,2,1.0,1,4,5,1,0,1,0,3,12,-4,1,2024-03-19
22023,1641726,22300978,"MAR 17, 2024",DAL vs. DEN,W,23,7,8,0.875,0,0,0.0,0,3,0.0,4,4,8,0,0,2,3,3,14,-18,1,2024-03-17
22023,1641726,22300959,"MAR 14, 2024",DAL @ OKC,L,14,2,3,0.667,0,0,0.0,0,0,0.0,1,1,2,0,0,0,0,2,4,-2,1,2024-03-14
22023,1641726,22300952,"MAR 13, 2024",DAL vs. GSW,W,20,6,8,0.75,0,0,0.0,0,0,0.0,1,7,8,0,0,2,1,0,12,8,1,2024-03-13
22023,1641726,22300935,"MAR 11, 2024",DAL @ CHI,W,20,11,12,0.917,0,0,0.0,0,0,0.0,2,5,7,3,2,2,1,3,22,22,1,2024-03-11
22023,1641726,22300904,"MAR 07, 2024",DAL vs. MIA,W,23,2,3,0.667,0,0,0.0,0,0,0.0,2,0,2,1,0,0,0,4,4,17,1,2024-03-07
22023,1641726,22300892,"MAR 05, 2024",DAL vs. IND,L,16,0,2,0.0,0,0,0.0,0,0,0.0,1,0,1,0,0,0,1,3,0,-8,1,2024-03-05
22023,1641726,22300871,"MAR 03, 2024",DAL vs. PHI,L,18,2,3,0.667,0,0,0.0,0,0,0.0,2,1,3,0,0,1,1,5,4,-7,1,2024-03-03
22023,1641726,22300859,"MAR 01, 2024",DAL @ BOS,L,23,7,7,1.0,0,0,0.0,1,2,0.5,2,2,4,1,2,1,0,0,15,-15,1,2024-03-01
22023,1641726,22300844,"FEB 28, 2024",DAL @ TOR,W,23,4,4,1.0,0,0,0.0,1,2,0.5,1,3,4,1,2,5,0,1,9,0,1,2024-02-28
22023,1641726,22300832,"FEB 27, 2024",DAL @ CLE,L,22,4,4,1.0,0,0,0.0,1,4,0.25,2,4,6,0,0,2,0,1,9,-5,1,2024-02-27
22023,1641726,22300819,"FEB 25, 2024",DAL @ IND,L,14,2,3,0.667,0,0,0.0,0,1,0.0,1,2,3,0,4,0,0,3,4,9,1,2024-02-25
22023,1641726,22300796,"FEB 22, 2024",DAL vs. PHX,W,16,2,3,0.667,0,0,0.0,1,2,0.5,3,1,4,1,0,2,0,1,5,-3,1,2024-02-22
22023,1641753,22300840,"FEB 27, 2024",MIL vs. CHA,W,6,0,2,0.0,0,2,0.0,0,0,0.0,0,1,1,1,0,0,1,4,0,-10,1,2024-02-27
22023,1626172,22301001,"MAR 20, 2024",GSW vs. MEM,W,6,1,2,0.5,0,0,0.0,0,0,0.0,0,1,1,1,0,0,1,3,2,-4,1,2024-03-20
22023,1626172,22300952,"MAR 13, 2024",GSW @ DAL,L,17,2,2,1.0,0,0,0.0,0,1,0.0,1,1,2,0,0,0,0,3,4,6,1,2024-03-13
22023,1626172,22300899,"MAR 06, 2024",GSW vs. MIL,W,6,2,2,1.0,0,0,0.0,0,0,0.0,0,1,1,1,0,0,0,0,4,6,1,2024-03-06
22023,1626172,22300872,"MAR 03, 2024",GSW @ BOS,L,11,0,4,0.0,0,0,0.0,3,4,0.75,1,1,2,1,0,0,1,2,3,-10,1,2024-03-03
22023,1626172,22300860,"MAR 01, 2024",GSW @ TOR,W,10,0,1,0.0,0,0,0.0,0,2,0.0,1,3,4,2,1,1,1,1,0,2,1,2024-03-01
22023,1626172,22300852,"FEB 29, 2024",GSW @ NYK,W,10,2,2,1.0,0,0,0.0,0,0,0.0,0,2,2,1,0,0,1,3,4,-5,1,2024-02-29
22023,1626172,22300834,"FEB 27, 2024",GSW @ WAS,W,10,1,2,0.5,0,0,0.0,0,0,0.0,0,5,5,1,0,2,0,0,2,20,1,2024-02-27
22023,1626172,22300824,"FEB 25, 2024",GSW vs. DEN,L,10,0,1,0.0,0,0,0.0,0,0,0.0,1,2,3,2,0,0,0,3,0,3,1,2024-02-25
22023,1626172,22300811,"FEB 23, 2024",GSW vs. CHA,W,10,1,3,0.333,0,0,0.0,0,0,0.0,1,2,3,0,0,0,1,1,2,6,1,2024-02-23
22023,1626172,22300802,"FEB 22, 2024",GSW vs. LAL,W,8,1,1,1.0,0,0,0.0,0,0,0.0,1,4,5,1,0,0,1,0,2,1,1,2024-02-22
22023,201572,22301030,"MAR 24, 2024",MIL vs. OKC,,16,4,8,0.5,2,4,0.5,0,0,0.0,1,1,2,1,1,0,0,1,10,-2,0,2024-03-24
22023,201572,22301007,"MAR 21, 2024",MIL vs. BKN,W,28,7,9,0.778,3,5,0.6,0,0,0.0,1,4,5,0,0,0,1,2,17,-14,1,2024-03-21
22023,201572,22300998,"MAR 20, 2024",MIL @ BOS,L,21,2,5,0.4,2,4,0.5,2,2,1.0,0,2,2,4,0,2,2,4,8,-7,1,2024-03-20
22023,201572,22300976,"MAR 17, 2024",MIL vs. PHX,W,18,4,8,0.5,2,5,0.4,0,0,0.0,3,4,7,3,1,1,1,1,10,-4,1,2024-03-17
22023,201572,22300958,"MAR 14, 2024",MIL vs. PHI,W,37,7,12,0.583,5,10,0.5,0,0,0.0,0,7,7,5,1,2,2,3,19,23,1,2024-03-14
22023,201572,22300945,"MAR 12, 2024",MIL @ SAC,L,26,2,7,0.286,1,4,0.25,2,2,1.0,3,1,4,0,0,1,2,1,7,-21,1,2024-03-12
22023,201572,22300924,"MAR 10, 2024",MIL @ LAC,W,31,2,4,0.5,1,2,0.5,2,2,1.0,2,4,6,1,0,2,1,2,7,-5,1,2024-03-10
22023,201572,22300915,"MAR 08, 2024",MIL @ LAL,L,32,4,6,0.667,3,3,1.0,0,0,0.0,0,3,3,1,0,1,0,2,11,13,1,2024-03-08
22023,201572,22300899,"MAR 06, 2024",MIL @ GSW,L,28,4,11,0.364,1,4,0.25,0,0,0.0,2,2,4,0,1,0,0,1,9,-12,1,2024-03-06
22023,201572,22300880,"MAR 04, 2024",MIL vs. LAC,W,31,1,4,0.25,1,2,0.5,3,6,0.5,1,5,6,3,0,2,0,3,6,3,1,2024-03-04
22023,201572,22300864,"MAR 01, 2024",MIL @ CHI,W,29,4,8,0.5,4,8,0.5,0,0,0.0,2,1,3,1,0,0,1,2,12,19,1,2024-03-01
22023,201572,22300849,"FEB 29, 2024",MIL @ CHA,W,25,3,9,0.333,3,7,0.429,2,2,1.0,0,3,3,4,0,3,0,2,11,17,1,2024-02-29
22023,201572,22300840,"FEB 27, 2024",MIL vs. CHA,W,23,0,2,0.0,0,2,0.0,0,0,0.0,0,1,1,1,2,2,0,0,0,33,1,2024-02-27
22023,201572,22300817,"FEB 25, 2024",MIL @ PHI,W,32,4,9,0.444,1,4,0.25,2,2,1.0,2,5,7,3,0,5,2,2,11,33,1,2024-02-25
22023,201572,22300808,"FEB 23, 2024",MIL @ MIN,W,31,6,12,0.5,4,10,0.4,0,0,0.0,1,2,3,1,1,1,1,2,16,14,1,2024-02-23
22023,201567,22300842,"FEB 27, 2024",MIA @ POR,W,14,3,6,0.5,2,5,0.4,0,0,0.0,1,1,2,2,0,1,2,2,8,6,1,2024-02-27
22023,201567,22300831,"FEB 26, 2024",MIA @ SAC,W,15,6,9,0.667,2,3,0.667,5,6,0.833,1,6,7,1,0,0,1,1,19,10,1,2024-02-26
22023,201567,22300810,"FEB 23, 2024",MIA @ NOP,W,17,1,6,0.167,1,5,0.2,0,0,0.0,2,6,8,1,0,1,0,5,3,3,1,2024-02-23
22023,200768,22301018,"MAR 22, 2024",PHI @ LAL,L,32,1,6,0.167,1,4,0.25,2,2,1.0,1,1,2,3,0,1,1,1,5,2,1,2024-03-22
22023,200768,22301002,"MAR 20, 2024",PHI @ PHX,L,25,2,6,0.333,1,4,0.25,0,2,0.0,0,3,3,7,0,0,1,1,5,-7,1,2024-03-20
22023,200768,22300985,"MAR 18, 2024",PHI vs. MIA,W,35,6,12,0.5,3,5,0.6,1,1,1.0,0,4,4,1,2,1,0,2,16,6,1,2024-03-18
22023,200768,22300969,"MAR 16, 2024",PHI vs. CHA,W,29,1,5,0.2,1,5,0.2,2,2,1.0,0,6,6,7,3,0,1,4,5,15,1,2024-03-16
22023,200768,22300958,"MAR 14, 2024",PHI @ MIL,L,27,4,7,0.571,1,3,0.333,3,3,1.0,0,2,2,0,0,0,2,2,12,-11,1,2024-03-14
22023,200768,22300939,"MAR 12, 2024",PHI @ NYK,L,21,1,4,0.25,0,3,0.0,0,0,0.0,0,2,2,6,2,0,1,0,2,-16,1,2024-03-12
22023,200768,22300927,"MAR 10, 2024",PHI @ NYK,W,31,3,8,0.375,2,5,0.4,0,0,0.0,0,2,2,3,1,0,2,2,8,-14,1,2024-03-10
22023,200768,22300909,"MAR 08, 2024",PHI vs. NOP,L,31,1,5,0.2,1,4,0.25,3,4,0.75,1,2,3,7,1,0,1,1,6,-11,1,2024-03-08
22023,200768,22300887,"MAR 05, 2024",PHI @ BKN,L,36,5,9,0.556,4,7,0.571,0,0,0.0,0,2,2,5,1,0,3,6,14,1,1,2024-03-05
22023,200768,22300871,"MAR 03, 2024",PHI @ DAL,W,33,1,9,0.111,1,5,0.2,5,5,1.0,1,3,4,7,1,1,0,0,8,-7,1,2024-03-03
22023,200768,22300858,"MAR 01, 2024",PHI vs. CHA,W,36,5,9,0.556,3,6,0.5,2,2,1.0,1,5,6,10,0,0,2,3,15,5,1,2024-03-01
22023,200768,22300836,"FEB 27, 2024",PHI @ BOS,L,23,1,3,0.333,0,1,0.0,1,1,1.0,0,2,2,4,2,0,0,0,3,-4,1,2024-02-27
22023,200768,22300817,"FEB 25, 2024",PHI vs. MIL,L,21,1,2,0.5,1,2,0.5,0,0,0.0,1,1,2,3,2,0,1,2,3,-8,1,2024-02-25
22023,200768,22300794,"FEB 22, 2024",PHI vs. NYK,L,25,5,7,0.714,1,2,0.5,0,0,0.0,1,3,4,5,0,0,3,3,11,4,1,2024-02-22
22023,1626168,22300945,"MAR 12, 2024",SAC vs. MIL,W,8,0,2,0.0,0,2,0.0,0,0,0.0,0,4,4,0,0,0,0,1,0,1,1,2024-03-12
22023,1626168,22300929,"MAR 10, 2024",SAC vs. HOU,L,20,1,3,0.333,0,0,0.0,3,4,0.75,1,1,2,0,0,0,1,1,5,-4,1,2024-03-10
22023,1626168,22300908,"MAR 07, 2024",SAC vs. SAS,W,18,3,5,0.6,1,2,0.5,2,2,1.0,2,3,5,2,0,0,0,1,9,4,1,2024-03-07
22023,1626168,22300901,"MAR 06, 2024",SAC @ LAL,W,30,3,5,0.6,0,2,0.0,1,1,1.0,1,5,6,1,0,0,0,1,7,14,1,2024-03-06
22023,1626168,22300883,"MAR 04, 2024",SAC vs. CHI,L,21,3,10,0.3,1,6,0.167,2,2,1.0,1,2,3,1,0,1,1,3,9,-12,1,2024-03-04
22023,1626168,22300862,"MAR 01, 2024",SAC @ MIN,W,19,1,3,0.333,0,2,0.0,1,2,0.5,2,3,5,2,0,1,0,4,3,0,1,2024-03-01
22023,1626168,22300847,"FEB 28, 2024",SAC @ DEN,L,23,3,7,0.429,1,2,0.5,1,1,1.0,1,4,5,2,0,0,2,2,8,-1,1,2024-02-28
22023,1626168,22300831,"FEB 26, 2024",SAC vs. MIA,L,21,2,3,0.667,1,1,1.0,0,0,0.0,1,2,3,0,0,1,1,5,5,9,1,2024-02-26
22023,1626168,22300827,"FEB 25, 2024",SAC @ LAC,W,11,1,2,0.5,0,0,0.0,1,2,0.5,2,1,3,0,0,0,2,1,3,5,1,2024-02-25
22023,1626168,22300803,"FEB 22, 2024",SAC vs. SAS,W,15,1,6,0.167,1,5,0.2,1,2,0.5,0,3,3,0,0,0,0,0,4,-15,1,2024-02-22
22023,1630177,22300870,"MAR 02, 2024",PHX vs. HOU,L,1,0,1,0.0,0,0,0.0,0,0,0.0,0,0,0,0,0,0,0,0,0,0,1,2024-03-02
22023,1630177,22300796,"FEB 22, 2024",PHX @ DAL,L,1,0,0,0.0,0,0,0.0,0,0,0.0,0,0,0,0,0,0,0,0,0,3,1,2024-02-22
22023,1630572,22301025,"MAR 23, 2024",SAS vs. PHX,L,8,5,7,0.714,1,2,0.5,0,0,0.0,1,2,3,0,0,0,1,0,11,6,1,2024-03-23
22023,1630572,22300942,"MAR 12, 2024",SAS vs. HOU,L,11,3,3,1.0,0,0,0.0,0,0,0.0,4,1,5,3,0,0,0,2,6,0,1,2024-03-12
22023,1630572,22300936,"MAR 11, 2024",SAS vs. GSW,L,1,0,0,0.0,0,0,0.0,0,0,0.0,0,0,0,0,0,0,0,0,0,0,1,2024-03-11
22023,1630572,22300921,"MAR 09, 2024",SAS @ GSW,W,6,0,1,0.0,0,0,0.0,0,0,0.0,1,0,1,1,0,0,0,0,0,8,1,2024-03-09
22023,1630572,22300908,"MAR 07, 2024",SAS @ SAC,L,4,0,1,0.0,0,1,0.0,0,0,0.0,1,2,3,0,0,0,0,0,0,-10,1,2024-03-07
22023,1630572,22300877,"MAR 03, 2024",SAS vs. IND,W,0,0,0,0.0,0,0,0.0,0,0,0.0,0,0,0,0,0,0,0,0,0,0,1,2024-03-03
22023,1630572,22300825,"FEB 25, 2024",SAS @ UTA,L,14,4,5,0.8,0,0,0.0,0,0,0.0,1,0,1,1,2,0,0,2,8,8,1,2024-02-25
22023,1630572,22300813,"FEB 23, 2024",SAS @ LAL,L,2,0,0,0.0,0,0,0.0,0,0,0.0,0,2,2,0,0,0,0,0,0,7,1,2024-02-23
22023,1629611,22301028,"MAR 24, 2024",LAC vs. PHI,L,23,2,5,0.4,2,2,1.0,0,0,0.0,1,0,1,1,0,0,0,2,6,0,1,2024-03-24
22023,1629611,22301017,"MAR 22, 2024",LAC @ POR,W,36,7,12,0.583,1,4,0.25,5,5,1.0,0,1,1,4,2,1,1,3,20,10,1,2024-03-22
22023,1629611,22300982,"MAR 17, 2024",LAC vs. ATL,L,32,2,6,0.333,1,2,0.5,2,2,1.0,0,4,4,0,2,1,0,2,7,-15,1,2024-03-17
22023,1629611,22300964,"MAR 15, 2024",LAC @ NOP,L,18,3,5,0.6,1,1,1.0,2,2,1.0,1,3,4,0,1,0,1,1,9,3,1,2024-03-15
22023,1629611,22300956,"MAR 14, 2024",LAC @ CHI,W,31,4,13,0.308,2,7,0.286,2,2,1.0,0,4,4,2,1,0,0,2,12,10,1,2024-03-14
22023,1629611,22300944,"MAR 12, 2024",LAC vs. MIN,L,28,3,6,0.5,1,3,0.333,0,0,0.0,1,1,2,0,3,0,1,2,7,-20,1,2024-03-12
22023,1629611,22300924,"MAR 10, 2024",LAC vs. MIL,L,30,6,10,0.6,2,6,0.333,2,2,1.0,2,0,2,1,0,2,0,2,16,-9,1,2024-03-10
22023,1629611,22300917,"MAR 09, 2024",LAC vs. CHI,W,25,3,7,0.429,1,3,0.333,0,0,0.0,0,1,1,1,0,0,1,2,7,0,1,2024-03-09
22023,1629611,22300897,"MAR 06, 2024",LAC @ HOU,W,27,5,5,1.0,3,3,1.0,2,2,1.0,0,2,2,0,0,0,0,2,15,7,1,2024-03-06
22023,1629611,22300880,"MAR 04, 2024",LAC @ MIL,L,19,1,4,0.25,0,0,0.0,2,2,1.0,0,3,3,1,0,0,1,3,4,6,1,2024-03-04
22023,1629611,22300873,"MAR 03, 2024",LAC @ MIN,W,19,2,3,0.667,0,1,0.0,2,2,1.0,2,2,4,1,0,0,0,4,6,-17,1,2024-03-03
22023,1629611,22300865,"MAR 01, 2024",LAC vs. WAS,W,22,6,7,0.857,0,0,0.0,0,0,0.0,1,2,3,0,0,0,0,0,12,14,1,2024-03-01
22023,1629611,22300848,"FEB 28, 2024",LAC vs. LAL,L,30,7,9,0.778,0,1,0.0,2,2,1.0,1,5,6,2,1,0,0,2,16,-1,1,2024-02-28
22023,1629611,22300827,"FEB 25, 2024",LAC vs. SAC,L,39,6,7,0.857,1,2,0.5,1,1,1.0,3,3,6,4,0,0,2,1,14,-18,1,2024-02-25
22023,1629611,22300807,"FEB 23, 2024",LAC @ MEM,W,31,9,17,0.529,4,8,0.5,1,1,1.0,5,7,12,1,1,0,1,4,23,14,1,2024-02-23
22023,1629611,22300799,"FEB 22, 2024",LAC @ OKC,L,28,3,8,0.375,2,3,0.667,0,0,0.0,2,4,6,6,0,0,1,0,8,-14,1,2024-02-22
22023,1630544,22301021,"MAR 23, 2024",CHA @ ATL,L,29,4,11,0.364,1,5,0.2,0,0,0.0,1,2,3,9,1,0,1,0,9,-19,1,2024-03-23
22023,1630544,22300991,"MAR 19, 2024",CHA @ ORL,L,29,5,8,0.625,1,2,0.5,0,0,0.0,0,4,4,5,1,0,1,0,11,-2,1,2024-03-19
22023,1630544,22300969,"MAR 16, 2024",CHA @ PHI,L,37,7,16,0.438,3,6,0.5,4,7,0.571,3,5,8,6,4,0,2,3,21,-3,1,2024-03-16
22023,1630544,22300961,"MAR 15, 2024",CHA vs. PHX,L,36,4,10,0.4,1,5,0.2,3,5,0.6,1,3,4,7,1,0,0,2,12,-1,1,2024-03-15
22023,1630544,22300950,"MAR 13, 2024",CHA @ MEM,W,30,5,9,0.556,0,2,0.0,0,1,0.0,1,4,5,0,2,0,3,1,10,-4,1,2024-03-13
22023,1630544,22300885,"MAR 05, 2024",CHA vs. ORL,L,34,7,9,0.778,2,4,0.5,2,2,1.0,0,6,6,4,2,0,2,2,18,-6,1,2024-03-05
22023,1630544,22300875,"MAR 03, 2024",CHA @ TOR,L,30,3,8,0.375,0,0,0.0,0,0,0.0,0,4,4,4,2,0,1,2,6,-10,1,2024-03-03
22023,1630544,22300858,"MAR 01, 2024",CHA @ PHI,L,32,3,10,0.3,1,4,0.25,2,2,1.0,0,3,3,6,0,0,0,2,9,-9,1,2024-03-01
22023,1630544,22300849,"FEB 29, 2024",CHA vs. MIL,L,29,4,10,0.4,1,5,0.2,0,0,0.0,1,6,7,4,2,0,1,1,9,-16,1,2024-02-29
22023,1630544,22300840,"FEB 27, 2024",CHA @ MIL,L,33,6,12,0.5,2,5,0.4,2,5,0.4,0,4,4,3,2,0,2,1,16,-8,1,2024-02-27
22023,1630544,22300826,"FEB 25, 2024",CHA @ POR,W,25,2,7,0.286,1,3,0.333,1,1,1.0,0,2,2,3,3,0,0,3,6,8,1,2024-02-25
22023,1630544,22300811,"FEB 23, 2024",CHA @ GSW,L,32,3,9,0.333,2,5,0.4,2,2,1.0,0,4,4,2,1,0,3,4,10,-4,1,2024-02-23
22023,1630544,22300801,"FEB 22, 2024",CHA @ UTA,W,30,4,8,0.5,2,3,0.667,3,4,0.75,1,5,6,4,2,0,1,4,13,2,1,2024-02-22
22023,1626246,22301024,"MAR 23, 2024",HOU vs. UTA,W,3,0,1,0.0,0,0,0.0,0,0,0.0,0,1,1,0,0,0,0,0,0,1,1,2024-03-23
22023,1626246,22300992,"MAR 19, 2024",HOU @ WAS,W,2,1,1,1.0,0,0,0.0,3,3,1.0,0,0,0,0,0,0,0,0,5,0,1,2024-03-19
22023,1626246,22300967,"MAR 16, 2024",HOU vs. CLE,W,2,0,1,0.0,0,0,0.0,0,0,0.0,0,0,0,0,0,0,0,1,0,-4,1,2024-03-16
22023,1628374,22301008,"MAR 21, 2024",UTA @ DAL,L,36,6,20,0.3,1,9,0.111,8,8,1.0,0,3,3,2,2,0,0,1,21,-19,1,2024-03-21
22023,1628374,22300987,"MAR 18, 2024",UTA vs. MIN,L,31,8,16,0.5,1,5,0.2,5,5,1.0,3,9,12,1,2,1,6,1,22,-7,1,2024-03-18
22023,1628374,22300867,"MAR 02, 2024",UTA @ MIA,L,41,5,15,0.333,4,9,0.444,11,12,0.917,2,2,4,6,2,1,1,4,25,6,1,2024-03-02
22023,1628374,22300850,"FEB 29, 2024",UTA @ ORL,L,34,6,15,0.4,4,7,0.571,2,2,1.0,2,1,3,0,1,0,1,2,18,0,1,2024-02-29
22023,1628374,22300835,"FEB 27, 2024",UTA @ ATL,L,26,4,13,0.308,0,6,0.0,3,4,0.75,2,2,4,0,0,0,2,0,11,-23,1,2024-02-27
22023,1628374,22300825,"FEB 25, 2024",UTA vs. SAS,W,32,10,18,0.556,5,8,0.625,1,1,1.0,1,6,7,4,2,1,1,0,26,8,1,2024-02-25
22023,1628374,22300801,"FEB 22, 2024",UTA vs. CHA,L,37,5,14,0.357,2,9,0.222,9,10,0.9,1,8,9,6,0,0,2,2,21,-11,1,2024-02-22
22023,1630230,22301027,"MAR 24, 2024",NOP @ DET,W,24,5,10,0.5,4,7,0.571,0,0,0.0,2,6,8,3,0,0,1,2,14,8,1,2024-03-24
22023,1630230,22301013,"MAR 22, 2024",NOP @ MIA,W,23,6,11,0.545,1,2,0.5,0,0,0.0,0,7,7,1,1,0,0,1,13,26,1,2024-03-22
22023,1630230,22301004,"MAR 21, 2024",NOP @ ORL,L,18,2,6,0.333,0,2,0.0,0,0,0.0,0,0,0,2,1,0,1,0,4,-19,1,2024-03-21
22023,1630230,22300993,"MAR 19, 2024",NOP @ BKN,W,19,2,4,0.5,0,2,0.0,0,0,0.0,0,5,5,3,3,0,1,1,4,11,1,2024-03-19
22023,1630230,22300970,"MAR 16, 2024",NOP vs. POR,W,23,5,7,0.714,1,1,1.0,0,0,0.0,1,4,5,2,1,0,0,0,11,15,1,2024-03-16
22023,1630230,22300964,"MAR 15, 2024",NOP vs. LAC,W,14,3,8,0.375,2,5,0.4,0,0,0.0,0,2,2,1,1,0,0,3,8,2,1,2024-03-15
22023,1630230,22300951,"MAR 13, 2024",NOP vs. CLE,L,26,2,7,0.286,1,5,0.2,2,2,1.0,0,5,5,2,1,0,1,0,7,-27,1,2024-03-13
22023,1630230,22300925,"MAR 10, 2024",NOP @ ATL,W,18,3,5,0.6,1,1,1.0,0,0,0.0,0,5,5,3,0,0,0,0,7,13,1,2024-03-10
22023,1630230,22300909,"MAR 08, 2024",NOP @ PHI,W,18,7,8,0.875,4,4,1.0,1,1,1.0,1,3,4,1,1,1,2,1,19,23,1,2024-03-08
22023,1630230,22300890,"MAR 05, 2024",NOP @ TOR,W,20,5,10,0.5,1,4,0.25,0,0,0.0,3,4,7,4,1,0,1,2,11,25,1,2024-03-05
22023,1630230,22300863,"MAR 01, 2024",NOP vs. IND,W,22,0,1,0.0,0,0,0.0,1,2,0.5,0,3,3,1,1,0,0,0,1,-13,1,2024-03-01
22023,1630230,22300843,"FEB 28, 2024",NOP @ IND,L,28,0,0,0.0,0,0,0.0,0,0,0.0,0,8,8,4,1,2,4,0,0,-5,1,2024-02-28
22023,1630230,22300837,"FEB 27, 2024",NOP @ NYK,W,28,1,4,0.25,1,3,0.333,0,0,0.0,1,3,4,3,1,0,1,0,3,13,1,2024-02-27
22023,1630230,22300810,"FEB 23, 2024",NOP vs. MIA,L,13,0,4,0.0,0,3,0.0,0,0,0.0,0,1,1,2,0,1,0,1,0,-7,1,2024-02-23
22023,1630230,22300798,"FEB 22, 2024",NOP vs. HOU,W,20,2,5,0.4,2,4,0.5,0,0,0.0,0,2,2,3,1,0,0,2,6,4,1,2024-02-22
22023,1628997,22301029,"MAR 24, 2024",MIA vs. CLE,W,20,3,7,0.429,2,3,0.667,3,4,0.75,1,1,2,2,1,0,0,0,11,13,0,2024-03-24
22023,1628997,22301013,"MAR 22, 2024",MIA vs. NOP,L,17,0,8,0.0,0,7,0.0,0,0,0.0,1,2,3,0,0,0,1,0,0,-23,1,2024-03-22
22023,1628997,22300996,"MAR 20, 2024",MIA @ CLE,W,32,1,7,0.143,0,4,0.0,2,2,1.0,1,5,6,2,0,0,0,4,4,2,1,2024-03-20
22023,1628997,22300985,"MAR 18, 2024",MIA @ PHI,L,35,6,14,0.429,1,6,0.167,0,1,0.0,1,3,4,2,4,1,4,3,13,0,1,2024-03-18
22023,1628997,22300977,"MAR 17, 2024",MIA @ DET,W,31,3,9,0.333,2,6,0.333,2,2,1.0,1,6,7,0,1,1,2,1,10,-15,1,2024-03-17
22023,1628997,22300962,"MAR 15, 2024",MIA @ DET,W,33,8,14,0.571,1,5,0.2,1,1,1.0,3,5,8,6,2,0,2,0,18,14,1,2024-03-15
22023,1628997,22300949,"MAR 13, 2024",MIA vs. DEN,L,25,3,7,0.429,1,3,0.333,2,2,1.0,1,1,2,1,0,0,1,1,9,-14,1,2024-03-13
22023,1628997,22300926,"MAR 10, 2024",MIA vs. WAS,L,30,4,9,0.444,3,3,1.0,0,0,0.0,3,4,7,3,1,1,1,1,11,3,1,2024-03-10
22023,1628997,22300914,"MAR 08, 2024",MIA @ OKC,L,30,3,10,0.3,1,4,0.25,0,0,0.0,0,3,3,0,0,1,1,4,7,4,1,2024-03-08
22023,1628997,22300904,"MAR 07, 2024",MIA @ DAL,L,33,4,9,0.444,3,7,0.429,2,3,0.667,1,2,3,2,0,1,0,6,13,-11,1,2024-03-07
22023,1628997,22300888,"MAR 05, 2024",MIA vs. DET,W,28,5,9,0.556,3,6,0.5,2,2,1.0,0,6,6,1,1,0,1,2,15,8,1,2024-03-05
22023,1628997,22300867,"MAR 02, 2024",MIA vs. UTA,W,23,5,9,0.556,4,6,0.667,4,4,1.0,0,5,5,4,0,3,0,2,18,1,1,2024-03-02
22023,1628997,22300855,"FEB 29, 2024",MIA @ DEN,L,28,5,10,0.5,2,3,0.667,1,1,1.0,3,6,9,1,0,1,2,4,13,1,1,2024-02-29
22023,1628997,22300842,"FEB 27, 2024",MIA @ POR,W,27,3,6,0.5,2,2,1.0,0,0,0.0,0,3,3,1,0,1,3,1,8,7,1,2024-02-27
22023,1628997,22300831,"FEB 26, 2024",MIA @ SAC,W,40,6,14,0.429,3,6,0.5,1,1,1.0,2,4,6,1,1,0,1,2,16,18,1,2024-02-26
22023,1628997,22300810,"FEB 23, 2024",MIA @ NOP,W,32,2,5,0.4,1,2,0.5,3,5,0.6,1,4,5,3,1,1,3,2,8,1,1,2024-02-23
22023,1628998,22300858,"MAR 01, 2024",CHA @ PHI,L,32,4,9,0.444,1,4,0.25,3,3,1.0,1,3,4,2,0,2,1,2,12,2,1,2024-03-01
22023,1628998,22300849,"FEB 29, 2024",CHA vs. MIL,L,29,2,6,0.333,1,3,0.333,0,0,0.0,1,1,2,5,0,2,1,3,5,-2,1,2024-02-29
22023,1628998,22300840,"FEB 27, 2024",CHA @ MIL,L,22,1,7,0.143,0,3,0.0,0,0,0.0,0,6,6,7,0,0,1,2,2,-23,1,2024-02-27
22023,1628998,22300826,"FEB 25, 2024",CHA @ POR,W,31,4,8,0.5,1,3,0.333,2,2,1.0,1,5,6,10,2,1,2,0,11,10,1,2024-02-25
22023,1628998,22300811,"FEB 23, 2024",CHA @ GSW,L,28,3,9,0.333,1,5,0.2,0,0,0.0,0,3,3,3,4,0,1,1,7,-13,1,2024-02-23
22023,1628998,22300801,"FEB 22, 2024",CHA @ UTA,W,31,2,7,0.286,1,3,0.333,0,0,0.0,0,5,5,2,3,1,3,3,5,0,1,2024-02-22
22023,1630231,22301028,"MAR 24, 2024",PHI @ LAC,W,24,4,6,0.667,0,1,0.0,0,1,0.0,1,1,2,4,1,1,0,3,8,15,1,2024-03-24
22023,1630231,22301018,"MAR 22, 2024",PHI @ LAL,L,3,0,1,0.0,0,0,0.0,0,0,0.0,2,0,2,0,0,0,0,2,0,-3,1,2024-03-22
22023,1630231,22301002,"MAR 20, 2024",PHI @ PHX,L,26,4,9,0.444,1,2,0.5,2,4,0.5,3,10,13,2,0,0,0,1,11,4,1,2024-03-20
22023,1630231,22300985,"MAR 18, 2024",PHI vs. MIA,W,7,0,1,0.0,0,0,0.0,1,2,0.5,0,0,0,0,0,0,1,2,1,2,1,2024-03-18
22023,1630231,22300969,"MAR 16, 2024",PHI vs. CHA,W,13,2,3,0.667,1,1,1.0,1,1,1.0,1,2,3,2,0,0,1,4,6,-8,1,2024-03-16
22023,1630231,22300958,"MAR 14, 2024",PHI @ MIL,L,14,1,1,1.0,0,0,0.0,2,2,1.0,0,1,1,1,2,0,0,4,4,8,1,2024-03-14
22023,1630231,22300939,"MAR 12, 2024",PHI @ NYK,L,11,0,2,0.0,0,0,0.0,0,0,0.0,0,0,0,0,0,0,0,0,0,-1,1,2024-03-12
22023,1630231,22300927,"MAR 10, 2024",PHI @ NYK,W,4,1,3,0.333,0,0,0.0,0,0,0.0,2,0,2,0,0,0,0,0,2,-3,1,2024-03-10
22023,1630231,22300909,"MAR 08, 2024",PHI vs. NOP,L,17,0,3,0.0,0,1,0.0,0,0,0.0,1,1,2,0,0,0,1,3,0,-17,1,2024-03-08
22023,1630231,22300896,"MAR 06, 2024",PHI vs. MEM,L,20,2,2,1.0,1,1,1.0,2,2,1.0,1,3,4,3,0,1,1,6,7,-1,1,2024-03-06
22023,1630231,22300887,"MAR 05, 2024",PHI @ BKN,L,11,3,4,0.75,0,0,0.0,0,0,0.0,2,1,3,0,1,0,1,3,6,-2,1,2024-03-05
22023,1630231,22300871,"MAR 03, 2024",PHI @ DAL,W,4,0,0,0.0,0,0,0.0,0,0,0.0,0,0,0,0,1,0,0,0,0,-4,1,2024-03-03
22023,1630231,22300805,"FEB 23, 2024",PHI vs. CLE,W,17,3,5,0.6,0,0,0.0,0,1,0.0,1,5,6,2,0,1,0,3,6,0,1,2024-02-23
22023,1630231,22300794,"FEB 22, 2024",PHI vs. NYK,L,21,3,5,0.6,0,0,0.0,0,0,0.0,2,5,7,1,1,1,0,1,6,-1,1,2024-02-22
22023,1629726,22301021,"MAR 23, 2024",ATL vs. CHA,W,27,6,8,0.75,4,6,0.667,4,5,0.8,0,3,3,2,0,1,0,3,20,31,1,2024-03-23
22023,1629726,22301010,"MAR 21, 2024",ATL @ PHX,L,21,2,5,0.4,0,2,0.0,5,6,0.833,0,2,2,2,1,0,0,3,9,-16,1,2024-03-21
22023,1629726,22300990,"MAR 18, 2024",ATL @ LAL,L,19,0,3,0.0,0,3,0.0,0,0,0.0,0,0,0,1,0,0,0,2,0,-15,1,2024-03-18
22023,1629726,22300982,"MAR 17, 2024",ATL @ LAC,W,13,2,5,0.4,2,3,0.667,0,0,0.0,0,0,0,0,1,1,0,0,6,12,1,2024-03-17
22023,1629726,22300966,"MAR 15, 2024",ATL @ UTA,L,22,3,5,0.6,3,4,0.75,0,0,0.0,0,3,3,4,1,1,0,2,9,-11,1,2024-03-15
22023,1629726,22300953,"MAR 13, 2024",ATL @ POR,L,21,2,3,0.667,2,3,0.667,2,2,1.0,0,2,2,0,1,0,0,4,8,4,1,2024-03-13
22023,1629726,22300925,"MAR 10, 2024",ATL vs. NOP,L,19,1,3,0.333,0,2,0.0,0,0,0.0,0,0,0,0,0,0,0,4,2,-18,1,2024-03-10
22023,1629726,22300913,"MAR 08, 2024",ATL @ MEM,W,16,2,4,0.5,2,3,0.667,0,0,0.0,2,1,3,0,0,0,0,3,6,-7,1,2024-03-08
22023,1629726,22300895,"MAR 06, 2024",ATL vs. CLE,W,17,1,1,1.0,1,1,1.0,0,0,0.0,1,0,1,0,0,0,0,2,3,2,1,2024-03-06
22023,1629726,22300889,"MAR 05, 2024",ATL @ NYK,W,14,0,1,0.0,0,1,0.0,3,3,1.0,1,2,3,0,0,0,0,1,3,-10,1,2024-03-05
22023,1629726,22300866,"MAR 02, 2024",ATL @ BKN,L,13,0,1,0.0,0,1,0.0,0,0,0.0,0,0,0,0,0,0,0,2,0,3,1,2024-03-02
22023,1629726,22300851,"FEB 29, 2024",ATL @ BKN,L,11,0,4,0.0,0,3,0.0,0,0,0.0,1,2,3,1,0,0,0,0,0,3,1,2024-02-29
22023,1629726,22300835,"FEB 27, 2024",ATL vs. UTA,W,17,2,4,0.5,2,3,0.667,0,0,0.0,0,5,5,1,1,0,0,3,6,3,1,2024-02-27
22023,1629726,22300821,"FEB 25, 2024",ATL vs. ORL,W,17,1,4,0.25,1,4,0.25,0,0,0.0,0,2,2,0,0,0,0,2,3,-6,1,2024-02-25
22023,1629726,22300804,"FEB 23, 2024",ATL vs. TOR,L,13,1,2,0.5,1,2,0.5,0,0,0.0,0,0,0,0,0,0,0,0,3,4,1,2024-02-23
22023,1631097,22300892,"MAR 05, 2024",IND @ DAL,W,25,7,16,0.438,2,7,0.286,3,3,1.0,0,0,0,0,0,0,1,3,19,5,1,2024-03-05
22023,1631097,22300877,"MAR 03, 2024",IND @ SAS,L,31,2,8,0.25,0,2,0.0,9,13,0.692,0,3,3,3,1,2,0,2,13,-5,1,2024-03-03
22023,1631097,22300863,"MAR 01, 2024",IND @ NOP,L,20,4,10,0.4,1,3,0.333,4,4,1.0,1,1,2,1,0,0,2,1,13,-20,1,2024-03-01
22023,1631097,22300843,"FEB 28, 2024",IND vs. NOP,W,30,6,17,0.353,4,9,0.444,0,0,0.0,2,2,4,2,0,0,2,5,16,4,1,2024-02-28
22023,1631097,22300829,"FEB 26, 2024",IND vs. TOR,L,39,11,15,0.733,5,8,0.625,7,9,0.778,1,8,9,5,2,1,2,4,34,-3,1,2024-02-26
22023,1631097,22300819,"FEB 25, 2024",IND vs. DAL,W,33,5,14,0.357,3,7,0.429,1,1,1.0,2,9,11,5,3,0,2,4,14,10,1,2024-02-25
22023,1631097,22300793,"FEB 22, 2024",IND vs. DET,W,35,5,14,0.357,1,3,0.333,4,5,0.8,3,3,6,5,1,0,2,2,15,11,1,2024-02-22
22023,202083,22301021,"MAR 23, 2024",ATL vs. CHA,W,13,2,5,0.4,2,4,0.5,0,0,0.0,0,4,4,0,1,2,0,1,6,11,1,2024-03-23
22023,202083,22301010,"MAR 21, 2024",ATL @ PHX,L,14,1,4,0.25,1,2,0.5,0,0,0.0,0,1,1,0,0,0,0,3,3,-16,1,2024-03-21
22023,202083,22300990,"MAR 18, 2024",ATL @ LAL,L,11,1,2,0.5,1,2,0.5,0,0,0.0,0,0,0,3,1,0,0,1,3,-5,1,2024-03-18
22023,202083,22300982,"MAR 17, 2024",ATL @ LAC,W,14,2,2,1.0,2,2,1.0,0,0,0.0,0,1,1,0,1,0,0,0,6,1,1,2024-03-17
22023,202083,22300966,"MAR 15, 2024",ATL @ UTA,L,17,4,5,0.8,3,3,1.0,2,2,1.0,0,3,3,1,0,1,0,1,13,-3,1,2024-03-15
22023,202083,22300953,"MAR 13, 2024",ATL @ POR,L,14,1,7,0.143,1,4,0.25,0,0,0.0,0,0,0,0,0,1,0,0,3,-6,1,2024-03-13
22023,202083,22300925,"MAR 10, 2024",ATL vs. NOP,L,4,0,1,0.0,0,1,0.0,0,0,0.0,0,0,0,1,0,0,0,0,0,-3,1,2024-03-10
22023,202083,22300913,"MAR 08, 2024",ATL @ MEM,W,5,0,0,0.0,0,0,0.0,0,0,0.0,0,0,0,0,0,0,0,0,0,-7,1,2024-03-08
22023,202083,22300851,"FEB 29, 2024",ATL @ BKN,L,14,2,2,1.0,1,1,1.0,0,1,0.0,0,5,5,0,0,2,0,1,5,-3,1,2024-02-29
22023,1630178,22301028,"MAR 24, 2024",PHI @ LAC,W,44,9,17,0.529,3,5,0.6,3,4,0.75,1,0,1,6,1,1,0,2,24,15,1,2024-03-24
22023,1630178,22301018,"MAR 22, 2024",PHI @ LAL,L,39,10,26,0.385,1,9,0.111,6,6,1.0,0,2,2,3,3,0,0,4,27,-1,1,2024-03-22
22023,1630178,22301002,"MAR 20, 2024",PHI @ PHX,L,29,3,13,0.231,0,4,0.0,0,0,0.0,0,0,0,7,1,0,1,2,6,-13,1,2024-03-20
22023,1630178,22300985,"MAR 18, 2024",PHI vs. MIA,W,41,11,24,0.458,3,10,0.3,5,5,1.0,0,8,8,10,1,1,3,3,30,22,1,2024-03-18
22023,1630178,22300969,"MAR 16, 2024",PHI vs. CHA,W,40,8,20,0.4,3,9,0.333,11,12,0.917,0,3,3,4,0,0,2,2,30,15,1,2024-03-16
22023,1630178,22300958,"MAR 14, 2024",PHI @ MIL,L,37,12,23,0.522,5,9,0.556,1,3,0.333,0,4,4,4,0,0,2,0,30,-8,1,2024-03-14
22023,1630178,22300939,"MAR 12, 2024",PHI @ NYK,L,28,6,14,0.429,3,6,0.5,2,2,1.0,1,1,2,4,0,0,2,1,17,-29,1,2024-03-12
22023,1630178,22300871,"MAR 03, 2024",PHI @ DAL,W,39,8,15,0.533,1,5,0.2,7,7,1.0,0,2,2,3,2,0,4,4,24,5,1,2024-03-03
22023,1630178,22300858,"MAR 01, 2024",PHI vs. CHA,W,39,11,29,0.379,5,10,0.5,6,6,1.0,2,4,6,5,0,1,0,1,33,19,1,2024-03-01
22023,1630178,22300836,"FEB 27, 2024",PHI @ BOS,L,37,12,24,0.5,4,12,0.333,4,4,1.0,1,2,3,5,2,1,1,1,32,-24,1,2024-02-27
22023,1630178,22300817,"FEB 25, 2024",PHI vs. MIL,L,38,8,19,0.421,3,8,0.375,5,5,1.0,0,3,3,7,3,0,1,3,24,-11,1,2024-02-25
22023,1630178,22300805,"FEB 23, 2024",PHI vs. CLE,W,39,9,22,0.409,2,5,0.4,4,4,1.0,0,7,7,5,2,0,2,3,24,4,1,2024-02-23
22023,1630178,22300794,"FEB 22, 2024",PHI vs. NYK,L,40,11,24,0.458,4,11,0.364,9,9,1.0,1,5,6,5,0,0,4,1,35,-14,1,2024-02-22
22023,1630219,22300990,"MAR 18, 2024",LAL vs. ATL,W,5,1,2,0.5,0,0,0.0,0,0,0.0,0,0,0,1,2,0,1,1,2,-3,1,2024-03-18
22023,1630219,22300954,"MAR 13, 2024",LAL @ SAC,L,1,0,0,0.0,0,0,0.0,0,0,0.0,0,0,0,0,0,0,0,0,0,0,1,2024-03-13
22023,1630219,22300932,"MAR 10, 2024",LAL vs. MIN,W,1,0,0,0.0,0,0,0.0,0,0,0.0,0,1,1,0,1,0,0,0,0,-2,1,2024-03-10
22023,1630219,22300818,"FEB 25, 2024",LAL @ PHX,L,1,0,0,0.0,0,0,0.0,0,0,0.0,0,1,1,0,0,0,0,0,0,2,1,2024-02-25
22023,1630219,22300802,"FEB 22, 2024",LAL @ GSW,L,6,2,2,1.0,0,0,0.0,0,0,0.0,0,0,0,0,0,0,0,1,4,-1,1,2024-02-22
22023,1630540,22301019,"MAR 23, 2024",NYK vs. BKN,W,48,9,16,0.563,6,12,0.5,2,2,1.0,1,1,2,3,1,0,0,4,26,12,1,2024-03-23
22023,1630540,22301009,"MAR 21, 2024",NYK @ DEN,L,44,4,9,0.444,1,5,0.2,2,2,1.0,0,3,3,3,1,1,0,2,11,-11,1,2024-03-21
22023,1630540,22300988,"MAR 18, 2024",NYK @ GSW,W,47,9,13,0.692,6,9,0.667,5,6,0.833,1,0,1,2,1,0,1,4,29,3,1,2024-03-18
22023,1630540,22300975,"MAR 16, 2024",NYK @ SAC,W,12,0,1,0.0,0,1,0.0,0,0,0.0,0,1,1,0,0,0,0,1,0,2,1,2024-03-16
22023,1630540,22300960,"MAR 14, 2024",NYK @ POR,W,22,3,6,0.5,0,1,0.0,0,0,0.0,2,1,3,0,1,0,2,3,6,13,1,2024-03-14
22023,1630540,22300939,"MAR 12, 2024",NYK vs. PHI,W,23,5,8,0.625,3,5,0.6,0,0,0.0,0,2,2,2,0,0,0,2,13,5,1,2024-03-12
22023,1630540,22300927,"MAR 10, 2024",NYK vs. PHI,L,16,0,5,0.0,0,2,0.0,0,0,0.0,0,0,0,2,1,0,0,0,0,-8,1,2024-03-10
22023,1630540,22300912,"MAR 08, 2024",NYK vs. ORL,W,19,5,7,0.714,3,3,1.0,1,1,1.0,1,2,3,1,2,0,1,2,14,1,1,2024-03-08
22023,1630540,22300889,"MAR 05, 2024",NYK vs. ATL,L,46,4,15,0.267,3,10,0.3,0,0,0.0,2,0,2,9,1,1,1,5,11,-7,1,2024-03-05
22023,1630540,22300876,"MAR 03, 2024",NYK @ CLE,W,47,6,15,0.4,4,9,0.444,0,0,0.0,0,1,1,5,0,0,0,2,16,11,1,2024-03-03
22023,1630540,22300852,"FEB 29, 2024",NYK vs. GSW,L,22,6,8,0.75,2,3,0.667,0,0,0.0,0,2,2,1,3,0,0,2,14,2,1,2024-02-29
22023,1630540,22300837,"FEB 27, 2024",NYK vs. NOP,L,40,3,11,0.273,2,7,0.286,2,2,1.0,1,2,3,8,1,1,0,3,10,-26,1,2024-02-27
22023,1630540,22300828,"FEB 26, 2024",NYK vs. DET,W,10,1,2,0.5,0,1,0.0,0,0,0.0,0,0,0,0,0,0,0,1,2,-1,1,2024-02-26
22023,1630540,22300816,"FEB 24, 2024",NYK vs. BOS,L,16,5,7,0.714,1,2,0.5,0,0,0.0,1,2,3,1,0,0,1,1,11,4,1,2024-02-24
22023,1630540,22300794,"FEB 22, 2024",NYK @ PHI,W,17,2,4,0.5,0,2,0.0,0,0,0.0,1,1,2,1,1,0,0,0,4,2,1,2024-02-22
22023,203468,22301027,"MAR 24, 2024",NOP @ DET,W,37,9,18,0.5,5,9,0.556,0,0,0.0,0,2,2,7,1,0,2,2,23,5,1,2024-03-24
22023,203468,22301013,"MAR 22, 2024",NOP @ MIA,W,35,12,21,0.571,6,12,0.5,0,0,0.0,1,4,5,7,1,0,2,0,30,14,1,2024-03-22
22023,203468,22301004,"MAR 21, 2024",NOP @ ORL,L,34,6,12,0.5,3,6,0.5,3,4,0.75,0,3,3,3,0,0,2,3,18,-10,1,2024-03-21
22023,203468,22300993,"MAR 19, 2024",NOP @ BKN,W,32,6,12,0.5,4,8,0.5,0,0,0.0,0,1,1,5,0,0,2,2,16,20,1,2024-03-19
22023,203468,22300970,"MAR 16, 2024",NOP vs. POR,W,37,12,20,0.6,6,12,0.5,0,0,0.0,0,2,2,8,2,0,2,1,30,5,1,2024-03-16
22023,203468,22300964,"MAR 15, 2024",NOP vs. LAC,W,30,5,13,0.385,1,7,0.143,0,0,0.0,0,6,6,4,1,0,2,1,11,0,1,2024-03-15
22023,203468,22300951,"MAR 13, 2024",NOP vs. CLE,L,29,3,10,0.3,0,5,0.0,2,2,1.0,0,3,3,1,0,2,1,0,8,6,1,2024-03-13
22023,203468,22300925,"MAR 10, 2024",NOP @ ATL,W,31,7,14,0.5,4,7,0.571,2,3,0.667,1,3,4,3,0,0,2,0,20,1,1,2024-03-10
22023,203468,22300909,"MAR 08, 2024",NOP @ PHI,W,27,5,14,0.357,0,7,0.0,0,0,0.0,0,4,4,1,0,0,3,2,10,-4,1,2024-03-08
22023,203468,22300890,"MAR 05, 2024",NOP @ TOR,W,23,4,11,0.364,3,9,0.333,0,0,0.0,0,4,4,4,0,0,1,2,11,3,1,2024-03-05
22023,203468,22300863,"MAR 01, 2024",NOP vs. IND,W,25,5,11,0.455,4,7,0.571,0,0,0.0,0,4,4,1,2,2,0,2,14,30,1,2024-03-01
22023,203468,22300843,"FEB 28, 2024",NOP @ IND,L,34,9,21,0.429,5,8,0.625,0,0,0.0,2,4,6,3,0,0,1,3,23,-19,1,2024-02-28
22023,203468,22300810,"FEB 23, 2024",NOP vs. MIA,L,15,1,7,0.143,0,3,0.0,0,0,0.0,0,2,2,1,0,1,0,0,2,-18,1,2024-02-23
22023,203468,22300798,"FEB 22, 2024",NOP vs. HOU,W,31,11,22,0.5,4,10,0.4,2,3,0.667,1,5,6,6,0,0,2,1,28,25,1,2024-02-22
22023,204456,22301016,"MAR 22, 2024",IND @ GSW,W,17,5,11,0.455,0,1,0.0,1,1,1.0,1,1,2,6,0,0,3,0,11,-4,1,2024-03-22
22023,204456,22300997,"MAR 20, 2024",IND @ DET,W,21,6,9,0.667,1,2,0.5,0,0,0.0,0,2,2,6,1,1,6,0,13,1,1,2024-03-20
22023,204456,22300983,"MAR 18, 2024",IND vs. CLE,L,21,7,11,0.636,0,1,0.0,0,0,0.0,1,2,3,4,2,0,1,1,14,-2,1,2024-03-18
22023,204456,22300968,"MAR 16, 2024",IND vs. BKN,W,20,6,14,0.429,1,1,1.0,0,0,0.0,1,4,5,1,2,0,2,4,13,8,1,2024-03-16
22023,204456,22300948,"MAR 13, 2024",IND vs. CHI,L,20,5,11,0.455,1,2,0.5,5,5,1.0,0,4,4,4,2,0,0,0,16,15,1,2024-03-13
22023,204456,22300941,"MAR 12, 2024",IND @ OKC,W,17,4,8,0.5,1,1,1.0,0,0,0.0,0,0,0,4,1,0,1,0,9,3,1,2024-03-12
22023,204456,22300928,"MAR 10, 2024",IND @ ORL,W,27,8,12,0.667,0,0,0.0,1,2,0.5,0,6,6,6,2,1,2,1,17,10,1,2024-03-10
22023,204456,22300903,"MAR 07, 2024",IND vs. MIN,L,12,3,7,0.429,0,1,0.0,0,0,0.0,0,1,1,1,2,0,2,0,6,-6,1,2024-03-07
22023,204456,22300892,"MAR 05, 2024",IND @ DAL,W,18,5,10,0.5,2,2,1.0,1,1,1.0,0,2,2,7,1,0,1,4,13,6,1,2024-03-05
22023,204456,22300877,"MAR 03, 2024",IND @ SAS,L,27,13,15,0.867,0,0,0.0,0,0,0.0,1,1,2,5,3,0,1,0,26,-1,1,2024-03-03
22023,204456,22300863,"MAR 01, 2024",IND @ NOP,L,17,4,8,0.5,0,0,0.0,0,0,0.0,2,2,4,3,1,0,2,1,8,1,1,2024-03-01
22023,204456,22300843,"FEB 28, 2024",IND vs. NOP,W,19,4,8,0.5,0,0,0.0,0,0,0.0,3,1,4,9,0,0,0,0,8,9,1,2024-02-28
22023,204456,22300829,"FEB 26, 2024",IND vs. TOR,L,20,5,8,0.625,0,0,0.0,0,0,0.0,1,3,4,4,1,0,0,1,10,10,1,2024-02-26
22023,204456,22300819,"FEB 25, 2024",IND vs. DAL,W,19,6,10,0.6,0,0,0.0,0,0,0.0,0,0,0,7,0,0,1,1,12,9,1,2024-02-25
22023,204456,22300793,"FEB 22, 2024",IND vs. DET,W,18,7,11,0.636,2,2,1.0,0,0,0.0,0,6,6,5,2,1,1,1,16,7,1,2024-02-22
22023,1630183,22301031,"MAR 24, 2024",MIN vs. GSW,,15,1,4,0.25,1,3,0.333,0,0,0.0,1,3,4,1,0,0,1,2,3,-3,0,2024-03-24
22023,1630183,22301014,"MAR 22, 2024",MIN vs. CLE,W,32,6,10,0.6,2,4,0.5,1,4,0.25,2,2,4,0,3,2,5,1,15,15,1,2024-03-22
22023,1630183,22300995,"MAR 19, 2024",MIN vs. DEN,L,38,9,13,0.692,4,6,0.667,4,7,0.571,0,6,6,0,1,2,1,5,26,0,1,2024-03-19
22023,1630183,22300987,"MAR 18, 2024",MIN @ UTA,W,33,4,13,0.308,1,5,0.2,0,0,0.0,3,5,8,1,1,2,0,4,9,2,1,2024-03-18
22023,1630183,22300974,"MAR 16, 2024",MIN @ UTA,W,22,4,9,0.444,0,2,0.0,0,0,0.0,0,1,1,0,0,0,1,5,8,9,1,2024-03-16
22023,1630183,22300944,"MAR 12, 2024",MIN @ LAC,W,23,0,8,0.0,0,4,0.0,0,0,0.0,1,3,4,1,2,0,1,4,0,-8,1,2024-03-12
22023,1630183,22300932,"MAR 10, 2024",MIN @ LAL,L,32,5,17,0.294,0,5,0.0,0,0,0.0,3,3,6,1,2,0,0,1,10,-22,1,2024-03-10
22023,1630183,22300911,"MAR 08, 2024",MIN @ CLE,L,40,5,11,0.455,1,4,0.25,2,3,0.667,0,5,5,2,0,0,1,5,13,-15,1,2024-03-08
22023,1630183,22300903,"MAR 07, 2024",MIN @ IND,W,28,4,7,0.571,1,1,1.0,2,2,1.0,1,7,8,6,0,0,0,4,11,7,1,2024-03-07
22023,1630183,22300881,"MAR 04, 2024",MIN vs. POR,W,24,3,7,0.429,0,3,0.0,3,6,0.5,2,2,4,1,0,0,0,2,9,-9,1,2024-03-04
22023,1630183,22300873,"MAR 03, 2024",MIN vs. LAC,L,33,3,9,0.333,0,4,0.0,0,0,0.0,0,2,2,1,1,1,1,0,6,5,1,2024-03-03
22023,1630183,22300862,"MAR 01, 2024",MIN vs. SAC,L,45,9,11,0.818,5,7,0.714,3,4,0.75,1,6,7,1,0,0,1,5,26,-8,1,2024-03-01
22023,1630183,22300845,"FEB 28, 2024",MIN vs. MEM,W,34,5,7,0.714,2,4,0.5,0,0,0.0,0,2,2,3,0,3,1,5,12,2,1,2024-02-28
22023,1630183,22300838,"FEB 27, 2024",MIN vs. SAS,W,26,1,5,0.2,0,1,0.0,0,0,0.0,1,4,5,1,3,2,3,4,2,-1,1,2024-02-27
22023,1630183,22300815,"FEB 24, 2024",MIN vs. BKN,W,33,2,4,0.5,2,4,0.5,1,2,0.5,0,2,2,1,0,0,3,2,7,4,1,2024-02-24
22023,1630183,22300808,"FEB 23, 2024",MIN vs. MIL,L,24,1,5,0.2,0,1,0.0,0,0,0.0,0,1,1,3,1,1,0,5,2,-8,1,2024-02-23
22023,1629667,22301012,"MAR 22, 2024",TOR vs. OKC,L,8,0,2,0.0,0,0,0.0,0,0,0.0,1,1,2,0,0,0,1,0,0,-15,1,2024-03-22
22023,1629667,22300999,"MAR 20, 2024",TOR vs. SAC,L,13,2,4,0.5,0,2,0.0,0,0,0.0,0,0,0,3,1,0,0,0,4,-13,1,2024-03-20
22023,1629667,22300979,"MAR 17, 2024",TOR @ ORL,L,3,0,1,0.0,0,1,0.0,0,0,0.0,0,0,0,0,0,0,0,0,0,5,1,2024-03-17
22023,1629667,22300946,"MAR 13, 2024",TOR @ DET,L,21,4,11,0.364,0,2,0.0,0,1,0.0,0,3,3,1,0,0,1,4,8,5,1,2024-03-13
22023,1629667,22300937,"MAR 11, 2024",TOR @ DEN,L,19,5,9,0.556,0,3,0.0,2,3,0.667,2,1,3,1,3,0,1,1,12,-9,1,2024-03-11
22023,1629667,22300923,"MAR 09, 2024",TOR @ POR,L,25,2,3,0.667,0,0,0.0,0,0,0.0,1,9,10,3,2,1,1,3,4,-7,1,2024-03-09
22023,1629667,22300860,"MAR 01, 2024",TOR vs. GSW,L,1,0,1,0.0,0,1,0.0,0,0,0.0,0,0,0,0,0,0,0,0,0,-5,1,2024-03-01
22023,1629667,22300795,"FEB 22, 2024",TOR vs. BKN,W,4,0,1,0.0,0,0,0.0,0,0,0.0,0,0,0,0,0,0,0,0,0,-1,1,2024-02-22
22023,203926,22301016,"MAR 22, 2024",IND @ GSW,W,6,0,1,0.0,0,1,0.0,0,0,0.0,0,1,1,0,0,0,0,0,0,-12,1,2024-03-22
22023,203926,22300997,"MAR 20, 2024",IND @ DET,W,16,4,6,0.667,1,3,0.333,0,0,0.0,0,3,3,2,2,0,1,1,9,14,1,2024-03-20
22023,203926,22300829,"FEB 26, 2024",IND vs. TOR,L,5,0,2,0.0,0,2,0.0,0,0,0.0,0,0,0,0,0,0,0,0,0,-1,1,2024-02-26
22023,203926,22300819,"FEB 25, 2024",IND vs. DAL,W,12,1,2,0.5,0,1,0.0,1,2,0.5,0,2,2,1,0,0,0,0,3,8,1,2024-02-25
22023,203926,22300793,"FEB 22, 2024",IND vs. DET,W,10,1,3,0.333,1,3,0.333,0,0,0.0,0,0,0,2,0,0,0,1,3,1,1,2024-02-22
22023,201580,22300999,"MAR 20, 2024",SAC @ TOR,W,4,1,5,0.2,0,0,0.0,0,0,0.0,2,1,3,0,2,1,0,0,2,7,1,2024-03-20
22023,201580,22300945,"MAR 12, 2024",SAC vs. MIL,W,5,1,1,1.0,1,1,1.0,0,0,0.0,0,0,0,1,1,0,1,1,3,4,1,2024-03-12
22023,1631121,22300910,"MAR 08, 2024",CHA @ WAS,L,10,0,2,0.0,0,1,0.0,1,2,0.5,0,1,1,0,1,0,0,1,1,-4,1,2024-03-08
22023,1631121,22300885,"MAR 05, 2024",CHA vs. ORL,L,18,0,0,0.0,0,0,0.0,0,0,0.0,0,0,0,1,0,0,1,1,0,-12,1,2024-03-05
22023,1631121,22300875,"MAR 03, 2024",CHA @ TOR,L,16,3,3,1.0,0,0,0.0,2,3,0.667,0,1,1,2,1,0,0,2,8,6,1,2024-03-03
22023,1631121,22300858,"MAR 01, 2024",CHA @ PHI,L,9,1,3,0.333,0,2,0.0,0,1,0.0,0,1,1,0,1,1,0,1,2,1,1,2024-03-01
22023,1631121,22300840,"FEB 27, 2024",CHA @ MIL,L,5,0,0,0.0,0,0,0.0,4,4,1.0,0,2,2,2,0,0,0,0,4,9,1,2024-02-27
22023,1631121,22300826,"FEB 25, 2024",CHA @ POR,W,21,1,3,0.333,0,1,0.0,2,2,1.0,0,4,4,1,0,1,0,0,4,17,1,2024-02-25
22023,1631121,22300811,"FEB 23, 2024",CHA @ GSW,L,7,0,2,0.0,0,0,0.0,0,0,0.0,1,1,2,0,1,1,0,0,0,-9,1,2024-02-23
22023,1629162,22301031,"MAR 24, 2024",MIN vs. GSW,,12,0,2,0.0,0,1,0.0,0,0,0.0,0,0,0,1,0,0,0,0,0,1,0,2024-03-24
22023,1629162,22301014,"MAR 22, 2024",MIN vs. CLE,W,19,4,4,1.0,4,4,1.0,0,0,0.0,0,2,2,4,1,0,0,0,12,5,1,2024-03-22
22023,1629162,22300995,"MAR 19, 2024",MIN vs. DEN,L,19,1,4,0.25,0,1,0.0,0,0,0.0,1,2,3,3,0,0,1,0,2,-5,1,2024-03-19
22023,1629162,22300987,"MAR 18, 2024",MIN @ UTA,W,22,3,3,1.0,3,3,1.0,2,2,1.0,0,1,1,0,1,0,0,0,11,5,1,2024-03-18
22023,1629162,22300974,"MAR 16, 2024",MIN @ UTA,W,16,1,2,0.5,1,2,0.5,0,0,0.0,1,1,2,4,0,0,0,0,3,9,1,2024-03-16
22023,1629162,22300944,"MAR 12, 2024",MIN @ LAC,W,17,2,3,0.667,0,0,0.0,0,0,0.0,1,5,6,2,2,1,0,1,4,24,1,2024-03-12
22023,1629162,22300932,"MAR 10, 2024",MIN @ LAL,L,21,4,9,0.444,4,9,0.444,0,0,0.0,0,4,4,2,0,0,1,2,12,9,1,2024-03-10
22023,1629162,22300911,"MAR 08, 2024",MIN @ CLE,L,11,0,0,0.0,0,0,0.0,2,2,1.0,0,1,1,4,1,0,0,1,2,4,1,2024-03-08
22023,1629162,22300862,"MAR 01, 2024",MIN vs. SAC,L,12,2,2,1.0,0,0,0.0,0,0,0.0,0,1,1,4,0,1,1,2,4,5,1,2024-03-01
22023,1629162,22300845,"FEB 28, 2024",MIN vs. MEM,W,4,1,2,0.5,1,2,0.5,0,0,0.0,0,0,0,1,0,0,0,0,3,4,1,2024-02-28
22023,1629162,22300838,"FEB 27, 2024",MIN vs. SAS,W,16,3,4,0.75,3,4,0.75,0,0,0.0,0,2,2,3,2,0,1,1,9,2,1,2024-02-27
22023,1629162,22300815,"FEB 24, 2024",MIN vs. BKN,W,4,0,1,0.0,0,0,0.0,0,0,0.0,0,2,2,1,1,0,0,0,0,1,1,2024-02-24
22023,1629001,22300836,"FEB 27, 2024",PHI @ BOS,L,9,0,2,0.0,0,2,0.0,0,0,0.0,0,1,1,1,0,1,0,1,0,0,1,2024-02-27
22023,1629001,22300817,"FEB 25, 2024",PHI vs. MIL,L,18,5,12,0.417,4,8,0.5,2,2,1.0,0,3,3,3,2,0,0,2,16,-3,1,2024-02-25
22023,1629001,22300805,"FEB 23, 2024",PHI vs. CLE,W,16,2,6,0.333,1,4,0.25,2,2,1.0,0,1,1,1,0,0,1,0,7,1,1,2024-02-23
22023,1630241,22301029,"MAR 24, 2024",CLE @ MIA,L,31,0,6,0.0,0,6,0.0,1,1,1.0,0,2,2,6,0,0,1,2,1,-16,1,2024-03-24
22023,1630241,22301014,"MAR 22, 2024",CLE @ MIN,L,24,3,7,0.429,3,7,0.429,1,1,1.0,0,3,3,1,0,0,0,0,10,-5,1,2024-03-22
22023,1630241,22300996,"MAR 20, 2024",CLE vs. MIA,L,21,4,9,0.444,4,9,0.444,0,0,0.0,0,1,1,0,0,0,1,2,12,1,1,2024-03-20
22023,1630241,22300983,"MAR 18, 2024",CLE @ IND,W,25,3,8,0.375,2,6,0.333,3,3,1.0,1,0,1,1,1,1,1,2,11,-7,1,2024-03-18
22023,1630241,22300967,"MAR 16, 2024",CLE @ HOU,L,28,3,5,0.6,3,5,0.6,2,2,1.0,0,8,8,2,0,1,1,0,11,2,1,2024-03-16
22023,1630241,22300951,"MAR 13, 2024",CLE @ NOP,W,28,5,10,0.5,5,10,0.5,0,0,0.0,0,2,2,9,0,0,1,0,15,30,1,2024-03-13
22023,1630241,22300934,"MAR 11, 2024",CLE vs. PHX,L,21,1,5,0.2,1,5,0.2,0,0,0.0,0,1,1,5,0,0,0,0,3,10,1,2024-03-11
22023,1630241,22300930,"MAR 10, 2024",CLE vs. BKN,L,22,1,7,0.143,1,7,0.143,2,2,1.0,0,0,0,2,1,1,0,4,5,-16,1,2024-03-10
22023,1630241,22300911,"MAR 08, 2024",CLE vs. MIN,W,19,2,9,0.222,2,8,0.25,0,0,0.0,1,0,1,0,0,0,0,3,6,-6,1,2024-03-08
22023,1630241,22300895,"MAR 06, 2024",CLE @ ATL,L,18,0,9,0.0,0,9,0.0,1,1,1.0,0,3,3,2,0,0,0,1,1,-4,1,2024-03-06
22023,1630241,22300886,"MAR 05, 2024",CLE vs. BOS,W,30,2,7,0.286,2,6,0.333,0,0,0.0,0,4,4,1,1,0,0,1,6,-3,1,2024-03-05
22023,1630241,22300876,"MAR 03, 2024",CLE vs. NYK,L,29,7,13,0.538,7,13,0.538,0,0,0.0,1,2,3,2,0,0,0,3,21,0,1,2024-03-03
22023,1630241,22300857,"MAR 01, 2024",CLE @ DET,W,25,4,9,0.444,4,9,0.444,0,0,0.0,1,2,3,1,0,0,1,0,12,-6,1,2024-03-01
22023,1630241,22300820,"FEB 25, 2024",CLE @ WAS,W,6,1,3,0.333,0,2,0.0,0,0,0.0,0,2,2,1,0,0,0,0,2,7,1,2024-02-25
22023,1630241,22300805,"FEB 23, 2024",CLE @ PHI,L,12,1,4,0.25,1,4,0.25,0,0,0.0,0,3,3,0,1,0,0,0,3,0,1,2024-02-23
22023,1630241,22300792,"FEB 22, 2024",CLE vs. ORL,L,12,1,2,0.5,1,2,0.5,1,1,1.0,1,1,2,4,0,0,0,0,4,-10,1,2024-02-22
22023,1629002,22301027,"MAR 24, 2024",DET vs. NOP,L,39,5,8,0.625,0,2,0.0,7,8,0.875,2,6,8,3,1,1,2,5,17,-13,1,2024-03-24
22023,1629002,22301011,"MAR 22, 2024",DET vs. BOS,L,19,1,3,0.333,0,2,0.0,0,0,0.0,0,4,4,2,0,0,3,4,2,-2,1,2024-03-22
22023,1629002,22300997,"MAR 20, 2024",DET vs. IND,L,22,3,8,0.375,0,3,0.0,2,2,1.0,1,2,3,1,2,0,1,2,8,-2,1,2024-03-20
22023,203995,22301021,"MAR 23, 2024",CHA @ ATL,L,30,3,10,0.3,0,3,0.0,2,2,1.0,1,2,3,6,0,1,1,1,8,-18,1,2024-03-23
22023,203995,22300991,"MAR 19, 2024",CHA @ ORL,L,27,8,10,0.8,2,3,0.667,2,2,1.0,0,1,1,1,1,0,3,1,20,-23,1,2024-03-19
22023,203995,22300969,"MAR 16, 2024",CHA @ PHI,L,33,5,12,0.417,1,4,0.25,0,0,0.0,0,2,2,4,1,1,5,1,11,-14,1,2024-03-16
22023,203995,22300961,"MAR 15, 2024",CHA vs. PHX,L,31,7,12,0.583,0,2,0.0,7,9,0.778,1,0,1,3,0,1,1,1,21,-10,1,2024-03-15
22023,203995,22300950,"MAR 13, 2024",CHA @ MEM,W,30,9,10,0.9,5,6,0.833,2,2,1.0,0,0,0,8,2,0,2,2,25,21,1,2024-03-13
22023,203995,22300933,"MAR 11, 2024",CHA @ DET,L,33,3,7,0.429,3,5,0.6,2,2,1.0,1,4,5,7,1,0,2,3,11,-8,1,2024-03-11
22023,203995,22300918,"MAR 09, 2024",CHA vs. BKN,W,31,5,13,0.385,1,5,0.2,1,1,1.0,1,4,5,10,0,0,5,1,12,2,1,2024-03-09
22023,203995,22300910,"MAR 08, 2024",CHA @ WAS,L,32,6,14,0.429,0,5,0.0,2,2,1.0,0,3,3,3,0,0,3,1,14,-13,1,2024-03-08
22023,203995,22300885,"MAR 05, 2024",CHA vs. ORL,L,29,8,15,0.533,1,4,0.25,4,4,1.0,2,3,5,4,2,0,4,2,21,-2,1,2024-03-05
22023,203995,22300875,"MAR 03, 2024",CHA @ TOR,L,36,5,13,0.385,0,2,0.0,2,3,0.667,1,1,2,6,2,0,4,1,12,-6,1,2024-03-03
22023,203995,22300858,"MAR 01, 2024",CHA @ PHI,L,28,4,9,0.444,1,2,0.5,4,4,1.0,0,0,0,7,2,0,2,0,13,-7,1,2024-03-01
22023,203995,22300849,"FEB 29, 2024",CHA vs. MIL,L,15,1,5,0.2,0,4,0.0,0,0,0.0,0,1,1,7,0,0,1,0,2,-14,1,2024-02-29
22023,203995,22300840,"FEB 27, 2024",CHA @ MIL,L,17,1,4,0.25,0,2,0.0,0,0,0.0,0,0,0,3,0,0,2,1,2,-31,1,2024-02-27
22023,203995,22300826,"FEB 25, 2024",CHA @ POR,W,24,5,6,0.833,1,2,0.5,0,0,0.0,0,2,2,7,2,0,0,1,11,-4,1,2024-02-25
22023,203995,22300811,"FEB 23, 2024",CHA @ GSW,L,22,4,13,0.308,2,7,0.286,0,0,0.0,1,1,2,3,0,0,2,0,10,-12,1,2024-02-23
22023,203995,22300801,"FEB 22, 2024",CHA @ UTA,W,20,1,9,0.111,0,3,0.0,2,4,0.5,1,1,2,8,0,0,2,3,4,15,1,2024-02-22
22023,203114,22301030,"MAR 24, 2024",MIL vs. OKC,,22,3,8,0.375,0,3,0.0,0,0,0.0,2,6,8,8,0,1,4,2,6,-7,0,2024-03-24
22023,203114,22300998,"MAR 20, 2024",MIL @ BOS,L,33,8,11,0.727,2,3,0.667,4,5,0.8,2,4,6,6,1,1,4,5,22,-9,1,2024-03-20
22023,203114,22300976,"MAR 17, 2024",MIL vs. PHX,W,25,8,15,0.533,2,4,0.5,4,4,1.0,1,2,3,7,1,0,2,4,22,-11,1,2024-03-17
22023,1641706,22301021,"MAR 23, 2024",CHA @ ATL,L,34,5,12,0.417,2,6,0.333,1,3,0.333,0,2,2,1,0,0,1,1,13,-23,1,2024-03-23
22023,1641706,22300991,"MAR 19, 2024",CHA @ ORL,L,32,7,20,0.35,4,9,0.444,3,4,0.75,1,6,7,1,1,0,2,2,21,-25,1,2024-03-19
22023,1641706,22300969,"MAR 16, 2024",CHA @ PHI,L,15,3,7,0.429,0,2,0.0,0,0,0.0,1,1,2,1,0,1,3,3,6,-8,1,2024-03-16
22023,1641706,22300961,"MAR 15, 2024",CHA vs. PHX,L,29,4,15,0.267,2,8,0.25,4,5,0.8,1,3,4,1,2,1,0,4,14,-7,1,2024-03-15
22023,1641706,22300950,"MAR 13, 2024",CHA @ MEM,W,36,4,12,0.333,2,6,0.333,0,1,0.0,1,2,3,5,4,0,1,1,10,0,1,2024-03-13
22023,1641706,22300933,"MAR 11, 2024",CHA @ DET,L,35,7,17,0.412,3,10,0.3,2,3,0.667,1,4,5,7,1,1,0,2,19,-8,1,2024-03-11
22023,1641706,22300918,"MAR 09, 2024",CHA vs. BKN,W,36,10,21,0.476,2,10,0.2,1,2,0.5,0,7,7,3,0,1,2,2,23,-3,1,2024-03-09
22023,1641706,22300910,"MAR 08, 2024",CHA @ WAS,L,30,8,19,0.421,2,7,0.286,3,3,1.0,1,5,6,0,0,1,1,4,21,-16,1,2024-03-08
22023,1641706,22300885,"MAR 05, 2024",CHA vs. ORL,L,38,7,15,0.467,4,8,0.5,0,0,0.0,0,5,5,3,1,0,4,3,18,-6,1,2024-03-05
22023,1641706,22300875,"MAR 03, 2024",CHA @ TOR,L,37,11,21,0.524,4,8,0.5,0,1,0.0,3,7,10,3,0,1,2,1,26,-12,1,2024-03-03
22023,1641706,22300849,"FEB 29, 2024",CHA vs. MIL,L,40,8,21,0.381,2,7,0.286,3,3,1.0,1,6,7,1,0,0,1,2,21,-1,1,2024-02-29
22023,1641706,22300840,"FEB 27, 2024",CHA @ MIL,L,33,6,14,0.429,2,7,0.286,0,0,0.0,0,2,2,2,1,0,1,0,14,-32,1,2024-02-27
22023,1641706,22300826,"FEB 25, 2024",CHA @ POR,W,38,8,18,0.444,1,6,0.167,0,0,0.0,0,4,4,1,2,0,5,2,17,7,1,2024-02-25
22023,1641706,22300811,"FEB 23, 2024",CHA @ GSW,L,31,4,14,0.286,2,7,0.286,1,2,0.5,1,2,3,5,4,1,4,3,11,3,1,2024-02-23
22023,1641706,22300801,"FEB 22, 2024",CHA @ UTA,W,38,6,16,0.375,3,9,0.333,1,1,1.0,0,3,3,5,4,0,1,3,16,-3,1,2024-02-22
22023,1641757,22300982,"MAR 17, 2024",LAC vs. ATL,L,2,0,0,0.0,0,0,0.0,0,0,0.0,0,0,0,0,0,0,0,0,0,0,1,2024-03-17
22023,1641757,22300944,"MAR 12, 2024",LAC vs. MIN,L,4,1,3,0.333,0,1,0.0,0,0,0.0,1,0,1,0,0,0,0,0,2,2,1,2024-03-12
22023,1641757,22300917,"MAR 09, 2024",LAC vs. CHI,W,1,0,0,0.0,0,0,0.0,0,0,0.0,0,0,0,0,0,0,0,0,0,0,1,2024-03-09
22023,1631159,22300974,"MAR 16, 2024",MIN @ UTA,W,2,0,0,0.0,0,0,0.0,0,0,0.0,0,0,0,2,0,0,0,0,0,1,1,2024-03-16
22023,1631159,22300944,"MAR 12, 2024",MIN @ LAC,W,3,0,0,0.0,0,0,0.0,0,0,0.0,1,1,2,0,0,0,0,1,0,-2,1,2024-03-12
22023,201988,22301029,"MAR 24, 2024",MIA vs. CLE,W,22,4,8,0.5,2,5,0.4,0,0,0.0,0,2,2,2,2,0,1,3,10,26,1,2024-03-24
22023,201988,22301013,"MAR 22, 2024",MIA vs. NOP,L,12,2,7,0.286,0,4,0.0,0,0,0.0,1,0,1,1,0,0,0,1,4,-1,1,2024-03-22
22023,201988,22300996,"MAR 20, 2024",MIA @ CLE,W,25,3,11,0.273,1,8,0.125,3,3,1.0,1,0,1,4,2,0,0,1,10,-1,1,2024-03-20
22023,201988,22300985,"MAR 18, 2024",MIA @ PHI,L,22,1,6,0.167,1,5,0.2,0,0,0.0,2,0,2,3,0,0,1,2,3,4,1,2024-03-18
22023,201988,22300977,"MAR 17, 2024",MIA @ DET,W,10,0,4,0.0,0,4,0.0,1,1,1.0,0,1,1,1,1,0,0,1,1,-13,1,2024-03-17
22023,201988,22300962,"MAR 15, 2024",MIA @ DET,W,15,0,4,0.0,0,3,0.0,0,0,0.0,0,0,0,2,2,0,2,1,0,7,1,2024-03-15
22023,201988,22300949,"MAR 13, 2024",MIA vs. DEN,L,14,1,6,0.167,0,3,0.0,0,0,0.0,0,3,3,3,1,0,1,0,2,1,1,2024-03-13
22023,201988,22300926,"MAR 10, 2024",MIA vs. WAS,L,14,3,7,0.429,1,4,0.25,0,0,0.0,0,2,2,0,0,0,0,2,7,9,1,2024-03-10
22023,201988,22300914,"MAR 08, 2024",MIA @ OKC,L,16,5,7,0.714,3,4,0.75,0,0,0.0,0,2,2,0,0,0,1,1,13,13,1,2024-03-08
22023,1629003,22300939,"MAR 12, 2024",NYK vs. PHI,W,4,0,2,0.0,0,1,0.0,2,2,1.0,0,0,0,0,0,0,0,1,2,-3,1,2024-03-12
22023,1629003,22300912,"MAR 08, 2024",NYK vs. ORL,W,1,0,0,0.0,0,0,0.0,0,0,0.0,0,0,0,0,0,0,0,0,0,2,1,2024-03-08
22023,1629003,22300793,"FEB 22, 2024",DET @ IND,L,10,1,2,0.5,0,1,0.0,0,0,0.0,0,0,0,0,0,0,0,1,2,-12,1,2024-02-22
22023,1631303,22301003,"MAR 20, 2024",POR vs. LAC,L,7,1,2,0.5,1,2,0.5,0,0,0.0,1,1,2,0,0,1,0,0,3,9,1,2024-03-20
22023,1631303,22300970,"MAR 16, 2024",POR @ NOP,L,2,0,1,0.0,0,1,0.0,0,0,0.0,0,0,0,0,0,0,0,0,0,0,1,2024-03-16
22023,1631303,22300960,"MAR 14, 2024",POR vs. NYK,L,13,1,3,0.333,1,3,0.333,1,2,0.5,2,3,5,0,0,0,0,1,4,-3,1,2024-03-14
22023,1631303,22300953,"MAR 13, 2024",POR vs. ATL,W,15,1,3,0.333,0,1,0.0,0,0,0.0,0,0,0,1,1,0,1,1,2,-9,1,2024-03-13
22023,1631303,22300916,"MAR 08, 2024",POR vs. HOU,L,1,0,1,0.0,0,0,0.0,0,0,0.0,0,0,0,0,0,0,0,0,0,0,1,2024-03-08
22023,1631303,22300881,"MAR 04, 2024",POR @ MIN,L,10,1,3,0.333,1,3,0.333,0,0,0.0,0,1,1,0,0,0,0,1,3,-12,1,2024-03-04
22023,1631303,22300826,"FEB 25, 2024",POR vs. CHA,L,3,0,1,0.0,0,1,0.0,0,0,0.0,0,0,0,1,0,0,0,0,0,8,1,2024-02-25
22023,1631303,22300812,"FEB 23, 2024",POR vs. DEN,L,2,0,1,0.0,0,0,0.0,0,0,0.0,1,0,1,0,0,0,0,0,0,7,1,2024-02-23
22023,1631169,22300974,"MAR 16, 2024",MIN @ UTA,W,2,2,2,1.0,1,1,1.0,0,0,0.0,0,0,0,0,0,0,0,0,5,1,1,2024-03-16
22023,1631169,22300944,"MAR 12, 2024",MIN @ LAC,W,3,0,2,0.0,0,0,0.0,0,0,0.0,0,1,1,1,0,1,0,0,0,-2,1,2024-03-12
22023,1631169,22300932,"MAR 10, 2024",MIN @ LAL,L,1,0,2,0.0,0,1,0.0,0,0,0.0,0,0,0,0,0,0,0,0,0,2,1,2024-03-10
22023,1631169,22300838,"FEB 27, 2024",MIN vs. SAS,W,0,0,0,0.0,0,0,0.0,0,0,0.0,0,1,1,0,0,0,0,0,0,0,1,2024-02-27
22023,1631169,22300815,"FEB 24, 2024",MIN vs. BKN,W,0,0,0,0.0,0,0,0.0,0,0,0.0,0,1,1,0,0,0,0,0,0,0,1,2024-02-24
22023,1630558,22301020,"MAR 23, 2024",SAC @ ORL,W,12,1,3,0.333,0,1,0.0,0,0,0.0,0,2,2,3,0,0,0,0,2,-12,1,2024-03-23
22023,1630558,22301005,"MAR 21, 2024",SAC @ WAS,L,19,2,3,0.667,1,1,1.0,0,0,0.0,1,1,2,1,1,0,1,0,5,4,1,2024-03-21
22023,1630558,22300999,"MAR 20, 2024",SAC @ TOR,W,21,4,7,0.571,0,1,0.0,0,0,0.0,2,0,2,3,2,0,3,0,8,10,1,2024-03-20
22023,1630558,22300989,"MAR 18, 2024",SAC vs. MEM,W,10,0,2,0.0,0,2,0.0,0,0,0.0,0,0,0,0,0,0,0,1,0,11,1,2024-03-18
22023,1630558,22300975,"MAR 16, 2024",SAC vs. NYK,L,12,0,2,0.0,0,2,0.0,0,0,0.0,0,1,1,1,0,0,0,2,0,-7,1,2024-03-16
22023,1630558,22300954,"MAR 13, 2024",SAC vs. LAL,W,16,3,6,0.5,0,2,0.0,0,0,0.0,0,2,2,2,0,0,1,0,6,3,1,2024-03-13
22023,1630558,22300945,"MAR 12, 2024",SAC vs. MIL,W,18,1,5,0.2,1,5,0.2,0,0,0.0,0,2,2,2,0,0,1,1,3,12,1,2024-03-12
22023,1630558,22300929,"MAR 10, 2024",SAC vs. HOU,L,18,3,7,0.429,2,5,0.4,0,0,0.0,1,1,2,3,0,0,1,1,8,5,1,2024-03-10
22023,1630558,22300908,"MAR 07, 2024",SAC vs. SAS,W,14,4,5,0.8,1,2,0.5,0,0,0.0,0,0,0,0,0,0,0,1,9,-2,1,2024-03-07
22023,1630558,22300901,"MAR 06, 2024",SAC @ LAL,W,18,4,4,1.0,4,4,1.0,0,0,0.0,0,1,1,1,0,0,0,2,12,4,1,2024-03-06
22023,1630558,22300883,"MAR 04, 2024",SAC vs. CHI,L,9,3,4,0.75,0,1,0.0,0,0,0.0,1,2,3,1,0,0,2,1,6,-12,1,2024-03-04
22023,1630558,22300862,"MAR 01, 2024",SAC @ MIN,W,25,7,8,0.875,0,1,0.0,2,2,1.0,0,2,2,2,0,0,1,4,16,-1,1,2024-03-01
22023,1630558,22300847,"FEB 28, 2024",SAC @ DEN,L,16,2,5,0.4,1,3,0.333,0,0,0.0,0,1,1,3,1,0,1,1,5,-11,1,2024-02-28
22023,1630558,22300831,"FEB 26, 2024",SAC vs. MIA,L,9,2,2,1.0,0,0,0.0,0,0,0.0,0,1,1,3,0,1,0,0,4,-2,1,2024-02-26
22023,1630558,22300827,"FEB 25, 2024",SAC @ LAC,W,18,2,3,0.667,2,3,0.667,0,0,0.0,0,0,0,1,0,0,0,3,6,-5,1,2024-02-25
22023,1630558,22300803,"FEB 22, 2024",SAC vs. SAS,W,11,0,2,0.0,0,1,0.0,0,0,0.0,0,0,0,1,0,0,0,1,0,6,1,2024-02-22
22023,1628378,22300967,"MAR 16, 2024",CLE @ HOU,L,26,4,13,0.308,3,8,0.375,2,2,1.0,0,3,3,2,1,0,2,0,13,-15,1,2024-03-16
22023,1628378,22300951,"MAR 13, 2024",CLE @ NOP,W,28,5,16,0.313,4,9,0.444,0,0,0.0,1,3,4,5,0,1,2,2,14,-6,1,2024-03-13
22023,1628378,22300846,"FEB 28, 2024",CLE @ CHI,L,44,5,13,0.385,4,9,0.444,5,7,0.714,0,5,5,3,0,0,5,5,19,-5,1,2024-02-28
22023,1628378,22300832,"FEB 27, 2024",CLE vs. DAL,W,38,11,20,0.55,7,11,0.636,2,3,0.667,0,7,7,6,0,1,7,3,31,-14,1,2024-02-27
22023,1628378,22300820,"FEB 25, 2024",CLE @ WAS,W,36,4,10,0.4,3,6,0.5,5,5,1.0,0,4,4,5,1,0,3,5,16,6,1,2024-02-25
22023,1630596,22301029,"MAR 24, 2024",CLE @ MIA,L,21,4,6,0.667,2,2,1.0,5,6,0.833,0,4,4,1,0,0,2,3,15,-22,1,2024-03-24
22023,1630596,22300886,"MAR 05, 2024",CLE vs. BOS,W,23,2,8,0.25,0,1,0.0,0,0,0.0,1,5,6,4,2,0,2,2,4,-7,1,2024-03-05
22023,1630596,22300876,"MAR 03, 2024",CLE vs. NYK,L,28,6,11,0.545,0,1,0.0,1,3,0.333,4,9,13,6,0,1,2,3,13,-6,1,2024-03-03
22023,1630596,22300857,"MAR 01, 2024",CLE @ DET,W,35,7,13,0.538,0,1,0.0,8,11,0.727,4,13,17,7,2,2,1,3,22,19,1,2024-03-01
22023,1630596,22300846,"FEB 28, 2024",CLE @ CHI,L,42,11,17,0.647,1,4,0.25,2,6,0.333,2,11,13,1,1,4,2,2,25,-3,1,2024-02-28
22023,1630596,22300832,"FEB 27, 2024",CLE vs. DAL,W,28,5,11,0.455,0,3,0.0,2,2,1.0,3,6,9,7,1,0,1,2,12,-2,1,2024-02-27
22023,1630596,22300820,"FEB 25, 2024",CLE @ WAS,W,29,9,11,0.818,0,0,0.0,3,6,0.5,2,4,6,1,1,5,1,4,21,-2,1,2024-02-25
22023,1630596,22300805,"FEB 23, 2024",CLE @ PHI,L,27,3,8,0.375,0,0,0.0,2,6,0.333,2,8,10,0,0,1,4,4,8,-11,1,2024-02-23
22023,1630596,22300792,"FEB 22, 2024",CLE vs. ORL,L,34,5,9,0.556,0,1,0.0,4,4,1.0,1,7,8,6,2,2,1,3,14,0,1,2024-02-22
22023,1630600,22300951,"MAR 13, 2024",CLE @ NOP,W,4,1,2,0.5,0,1,0.0,0,0,0.0,0,0,0,0,0,0,0,1,2,-2,1,2024-03-13
22023,1630600,22300934,"MAR 11, 2024",CLE vs. PHX,L,13,1,4,0.25,1,4,0.25,0,0,0.0,0,0,0,1,0,0,0,1,3,6,1,2024-03-11
22023,1630600,22300930,"MAR 10, 2024",CLE vs. BKN,L,20,1,3,0.333,0,0,0.0,0,0,0.0,0,4,4,1,0,0,0,1,2,-7,1,2024-03-10
22023,1628370,22301020,"MAR 23, 2024",SAC @ ORL,W,22,0,11,0.0,0,2,0.0,0,0,0.0,0,1,1,5,0,0,1,3,0,-22,1,2024-03-23
22023,1628370,22301005,"MAR 21, 2024",SAC @ WAS,L,29,6,13,0.462,1,7,0.143,7,7,1.0,0,1,1,4,1,1,2,3,20,-9,1,2024-03-21
22023,1628370,22300999,"MAR 20, 2024",SAC @ TOR,W,20,6,12,0.5,1,7,0.143,4,4,1.0,0,2,2,2,1,0,3,3,17,16,1,2024-03-20
22023,1628370,22300989,"MAR 18, 2024",SAC vs. MEM,W,39,10,19,0.526,1,6,0.167,7,7,1.0,1,5,6,6,0,0,3,3,28,19,1,2024-03-18
22023,1628370,22300975,"MAR 16, 2024",SAC vs. NYK,L,28,6,14,0.429,3,9,0.333,3,3,1.0,1,2,3,4,0,0,2,4,18,-2,1,2024-03-16
22023,1628370,22300954,"MAR 13, 2024",SAC vs. LAL,W,26,3,10,0.3,1,4,0.25,1,2,0.5,0,3,3,6,0,0,2,3,8,11,1,2024-03-13
22023,1628370,22300945,"MAR 12, 2024",SAC vs. MIL,W,28,9,19,0.474,3,8,0.375,4,5,0.8,1,4,5,5,0,0,0,3,25,20,1,2024-03-12
22023,1628370,22300929,"MAR 10, 2024",SAC vs. HOU,L,27,8,16,0.5,2,8,0.25,2,2,1.0,2,2,4,5,2,0,0,4,20,-7,1,2024-03-10
22023,1628370,22300908,"MAR 07, 2024",SAC vs. SAS,W,30,6,17,0.353,2,7,0.286,4,4,1.0,0,7,7,9,1,1,6,1,18,13,1,2024-03-07
22023,1628370,22300901,"MAR 06, 2024",SAC @ LAL,W,32,10,19,0.526,3,5,0.6,3,3,1.0,1,4,5,8,2,0,3,2,26,19,1,2024-03-06
22023,1628370,22300883,"MAR 04, 2024",SAC vs. CHI,L,30,4,12,0.333,2,7,0.286,1,1,1.0,1,3,4,6,0,0,1,3,11,-12,1,2024-03-04
22023,1628370,22300862,"MAR 01, 2024",SAC @ MIN,W,33,16,29,0.552,5,8,0.625,2,4,0.5,0,4,4,4,1,0,2,3,39,1,1,2024-03-01
22023,1628370,22300847,"FEB 28, 2024",SAC @ DEN,L,25,6,16,0.375,2,5,0.4,0,0,0.0,1,4,5,5,1,0,1,2,14,-15,1,2024-02-28
22023,1628370,22300831,"FEB 26, 2024",SAC vs. MIA,L,21,4,10,0.4,0,4,0.0,0,2,0.0,0,2,2,7,2,0,1,3,8,-15,1,2024-02-26
22023,1628370,22300827,"FEB 25, 2024",SAC @ LAC,W,28,4,11,0.364,2,6,0.333,2,2,1.0,0,2,2,5,0,0,1,0,12,0,1,2024-02-25
22023,1628370,22300803,"FEB 22, 2024",SAC vs. SAS,W,27,8,15,0.533,1,5,0.2,4,4,1.0,0,3,3,2,2,2,2,0,21,8,1,2024-02-22
22023,1630541,22301016,"MAR 22, 2024",GSW vs. IND,L,6,2,5,0.4,0,3,0.0,0,0,0.0,1,0,1,0,1,0,0,1,4,-4,1,2024-03-22
22023,1630541,22301001,"MAR 20, 2024",GSW vs. MEM,W,4,1,2,0.5,1,1,1.0,0,0,0.0,0,0,0,0,0,0,0,0,3,3,1,2024-03-20
22023,1630541,22300988,"MAR 18, 2024",GSW vs. NYK,L,8,1,2,0.5,1,2,0.5,0,0,0.0,0,0,0,1,1,0,0,0,3,-3,1,2024-03-18
22023,1630541,22300952,"MAR 13, 2024",GSW @ DAL,L,19,4,8,0.5,1,3,0.333,0,0,0.0,1,2,3,1,1,1,1,5,9,1,1,2024-03-13
22023,1630541,22300936,"MAR 11, 2024",GSW @ SAS,W,12,1,3,0.333,0,0,0.0,0,0,0.0,0,1,1,0,1,2,0,1,2,5,1,2024-03-11
22023,1630541,22300921,"MAR 09, 2024",GSW vs. SAS,L,26,2,11,0.182,0,6,0.0,5,6,0.833,1,4,5,0,0,1,1,2,9,-9,1,2024-03-09
22023,1630541,22300907,"MAR 07, 2024",GSW vs. CHI,L,23,4,9,0.444,0,4,0.0,2,2,1.0,5,4,9,0,1,0,2,2,10,-2,1,2024-03-07
22023,1630541,22300899,"MAR 06, 2024",GSW vs. MIL,W,21,3,7,0.429,0,0,0.0,0,0,0.0,1,3,4,1,1,1,0,0,6,22,1,2024-03-06
22023,1630541,22300872,"MAR 03, 2024",GSW @ BOS,L,19,5,9,0.556,1,4,0.25,0,0,0.0,1,3,4,0,0,0,1,1,11,-22,1,2024-03-03
22023,1630541,22300860,"MAR 01, 2024",GSW @ TOR,W,32,7,13,0.538,3,5,0.6,0,0,0.0,1,4,5,1,2,2,1,1,17,17,1,2024-03-01
22023,1630541,22300852,"FEB 29, 2024",GSW @ NYK,W,26,3,9,0.333,0,4,0.0,2,4,0.5,0,4,4,1,1,1,0,1,8,23,1,2024-02-29
22023,1630541,22300834,"FEB 27, 2024",GSW @ WAS,W,23,4,7,0.571,4,7,0.571,0,0,0.0,0,3,3,1,2,0,2,1,12,-4,1,2024-02-27
22023,1630541,22300824,"FEB 25, 2024",GSW vs. DEN,L,2,0,1,0.0,0,1,0.0,0,0,0.0,0,0,0,0,0,0,0,0,0,-2,1,2024-02-25
22023,1630541,22300811,"FEB 23, 2024",GSW vs. CHA,W,8,2,3,0.667,1,1,1.0,0,0,0.0,0,0,0,0,0,1,1,1,5,-5,1,2024-02-23
22023,1630541,22300802,"FEB 22, 2024",GSW vs. LAL,W,20,2,6,0.333,0,2,0.0,0,0,0.0,1,5,6,1,0,0,0,2,4,5,1,2024-02-22
22023,1631111,22300974,"MAR 16, 2024",MIN @ UTA,W,2,0,0,0.0,0,0,0.0,0,0,0.0,0,0,0,0,0,0,0,0,0,1,1,2024-03-16
22023,1631111,22300944,"MAR 12, 2024",MIN @ LAC,W,3,0,0,0.0,0,0,0.0,0,0,0.0,0,0,0,0,0,0,0,0,0,-2,1,2024-03-12
22023,1631111,22300932,"MAR 10, 2024",MIN @ LAL,L,1,0,0,0.0,0,0,0.0,0,0,0.0,0,0,0,0,0,0,0,0,0,2,1,2024-03-10
22023,202693,22300935,"MAR 11, 2024",DAL @ CHI,W,5,1,1,1.0,0,0,0.0,0,0,0.0,0,0,0,0,0,0,0,0,2,5,1,2024-03-11
22023,202693,22300919,"MAR 09, 2024",DAL @ DET,W,3,2,2,1.0,2,2,1.0,0,0,0.0,0,0,0,0,0,0,1,0,6,-2,1,2024-03-09
22023,202693,22300819,"FEB 25, 2024",DAL @ IND,L,4,0,0,0.0,0,0,0.0,0,0,0.0,0,0,0,0,0,0,0,0,0,-2,1,2024-02-25
22023,1628420,22301031,"MAR 24, 2024",MIN vs. GSW,,11,2,5,0.4,1,3,0.333,0,0,0.0,0,2,2,1,1,0,0,1,5,-3,0,2024-03-24
22023,1628420,22301014,"MAR 22, 2024",MIN vs. CLE,W,18,1,5,0.2,1,2,0.5,0,0,0.0,0,0,0,3,0,0,0,0,3,4,1,2024-03-22
22023,1628420,22300995,"MAR 19, 2024",MIN vs. DEN,L,23,3,6,0.5,1,2,0.5,1,2,0.5,0,1,1,2,3,0,0,0,8,-7,1,2024-03-19
22023,1628420,22300987,"MAR 18, 2024",MIN @ UTA,W,16,3,5,0.6,2,3,0.667,0,0,0.0,0,1,1,4,0,0,0,0,8,-5,1,2024-03-18
22023,1628420,22300974,"MAR 16, 2024",MIN @ UTA,W,10,1,1,1.0,0,0,0.0,0,0,0.0,0,0,0,0,0,0,1,0,2,2,1,2024-03-16
22023,1628420,22300903,"MAR 07, 2024",MIN @ IND,W,6,1,1,1.0,0,0,0.0,0,0,0.0,0,1,1,2,0,0,0,0,2,0,1,2024-03-07
22023,1628420,22300881,"MAR 04, 2024",MIN vs. POR,W,19,2,8,0.25,0,2,0.0,1,1,1.0,1,0,1,7,1,0,1,0,5,8,1,2024-03-04
22023,1628420,22300873,"MAR 03, 2024",MIN vs. LAC,L,11,2,4,0.5,2,2,1.0,0,0,0.0,1,0,1,0,0,0,0,0,6,-9,1,2024-03-03
22023,1628420,22300862,"MAR 01, 2024",MIN vs. SAC,L,15,2,4,0.5,1,2,0.5,0,0,0.0,0,0,0,2,0,0,0,1,5,-1,1,2024-03-01
22023,1628420,22300845,"FEB 28, 2024",MIN vs. MEM,W,21,2,7,0.286,1,3,0.333,0,1,0.0,0,4,4,5,0,0,0,1,5,13,1,2024-02-28
22023,1628420,22300838,"FEB 27, 2024",MIN vs. SAS,W,27,2,8,0.25,1,2,0.5,3,4,0.75,1,3,4,4,2,0,0,1,8,-1,1,2024-02-27
22023,1628420,22300815,"FEB 24, 2024",MIN vs. BKN,W,18,2,4,0.5,1,3,0.333,0,0,0.0,0,2,2,4,1,1,0,0,5,7,1,2024-02-24
22023,1628420,22300808,"FEB 23, 2024",MIN vs. MIL,L,10,2,5,0.4,1,2,0.5,0,0,0.0,0,0,0,1,0,0,0,0,5,11,1,2024-02-23
22023,202694,22301029,"MAR 24, 2024",CLE @ MIA,L,21,3,10,0.3,0,3,0.0,1,2,0.5,0,2,2,2,1,1,0,0,7,-20,1,2024-03-24
22023,202694,22301014,"MAR 22, 2024",CLE @ MIN,L,26,4,10,0.4,1,5,0.2,2,2,1.0,0,7,7,1,0,0,4,0,11,-12,1,2024-03-22
22023,202694,22300996,"MAR 20, 2024",CLE vs. MIA,L,16,1,3,0.333,1,2,0.5,1,2,0.5,1,1,2,3,0,0,1,2,4,-2,1,2024-03-20
22023,202694,22300983,"MAR 18, 2024",CLE @ IND,W,20,5,7,0.714,4,5,0.8,0,0,0.0,0,4,4,0,0,0,0,3,14,9,1,2024-03-18
22023,1630530,22301027,"MAR 24, 2024",NOP @ DET,W,32,1,12,0.083,0,9,0.0,6,8,0.75,0,8,8,2,1,4,1,1,8,13,1,2024-03-24
22023,1630530,22301013,"MAR 22, 2024",NOP @ MIA,W,30,4,11,0.364,4,9,0.444,2,2,1.0,1,7,8,3,0,0,3,1,14,7,1,2024-03-22
22023,1630530,22301004,"MAR 21, 2024",NOP @ ORL,L,29,6,10,0.6,3,5,0.6,6,7,0.857,1,2,3,0,1,0,1,0,21,-21,1,2024-03-21
22023,1630530,22300993,"MAR 19, 2024",NOP @ BKN,W,30,4,13,0.308,1,8,0.125,1,1,1.0,1,7,8,3,1,0,1,1,10,15,1,2024-03-19
22023,1630530,22300970,"MAR 16, 2024",NOP vs. POR,W,35,7,13,0.538,4,8,0.5,2,2,1.0,1,5,6,5,0,0,0,0,20,8,1,2024-03-16
22023,1630530,22300964,"MAR 15, 2024",NOP vs. LAC,W,32,5,10,0.5,4,9,0.444,0,0,0.0,1,5,6,4,0,0,0,0,14,8,1,2024-03-15
22023,1630530,22300951,"MAR 13, 2024",NOP vs. CLE,L,28,4,10,0.4,1,6,0.167,2,2,1.0,0,1,1,3,0,1,2,3,11,-24,1,2024-03-13
22023,1630530,22300925,"MAR 10, 2024",NOP @ ATL,W,30,10,18,0.556,6,13,0.462,2,2,1.0,0,7,7,2,0,0,2,1,28,14,1,2024-03-10
22023,1630530,22300909,"MAR 08, 2024",NOP @ PHI,W,28,3,8,0.375,2,7,0.286,2,2,1.0,1,2,3,3,1,1,0,1,10,9,1,2024-03-08
22023,1630530,22300890,"MAR 05, 2024",NOP @ TOR,W,29,11,17,0.647,10,14,0.714,2,4,0.5,2,4,6,1,1,0,0,0,34,44,1,2024-03-05
22023,1630530,22300863,"MAR 01, 2024",NOP vs. IND,W,28,8,14,0.571,6,12,0.5,6,9,0.667,1,6,7,1,2,0,0,2,28,14,1,2024-03-01
22023,1630530,22300843,"FEB 28, 2024",NOP @ IND,L,31,4,11,0.364,2,8,0.25,1,1,1.0,1,3,4,7,1,0,0,0,11,-13,1,2024-02-28
22023,1630530,22300837,"FEB 27, 2024",NOP @ NYK,W,36,9,14,0.643,6,11,0.545,2,3,0.667,2,5,7,4,1,0,0,3,26,17,1,2024-02-27
22023,1630530,22300823,"FEB 25, 2024",NOP vs. CHI,L,37,3,11,0.273,3,9,0.333,0,0,0.0,0,10,10,2,1,1,0,1,9,5,1,2024-02-25
22023,1630530,22300810,"FEB 23, 2024",NOP vs. MIA,L,32,2,12,0.167,1,7,0.143,0,0,0.0,3,3,6,2,1,1,0,0,5,-15,1,2024-02-23
22023,1630530,22300798,"FEB 22, 2024",NOP vs. HOU,W,34,4,12,0.333,2,10,0.2,3,6,0.5,0,3,3,1,3,3,1,3,13,20,1,2024-02-22
22023,1627749,22301021,"MAR 23, 2024",ATL vs. CHA,W,31,10,14,0.714,7,9,0.778,1,1,1.0,0,7,7,12,4,0,4,1,28,23,1,2024-03-23
22023,1627749,22301010,"MAR 21, 2024",ATL @ PHX,L,40,11,26,0.423,3,10,0.3,4,5,0.8,2,7,9,10,4,0,5,2,29,-5,1,2024-03-21
22023,1627749,22300990,"MAR 18, 2024",ATL @ LAL,L,31,6,18,0.333,1,9,0.111,0,0,0.0,1,4,5,10,3,0,2,1,13,-25,1,2024-03-18
22023,1627749,22300982,"MAR 17, 2024",ATL @ LAC,W,34,7,14,0.5,5,10,0.5,2,2,1.0,0,2,2,10,2,0,4,3,21,10,1,2024-03-17
22023,1627749,22300966,"MAR 15, 2024",ATL @ UTA,L,39,10,27,0.37,5,14,0.357,8,9,0.889,2,4,6,9,2,0,3,0,33,6,1,2024-03-15
22023,1627749,22300953,"MAR 13, 2024",ATL @ POR,L,43,15,29,0.517,6,13,0.462,4,5,0.8,1,3,4,3,2,1,5,5,40,-13,1,2024-03-13
22023,1627749,22300925,"MAR 10, 2024",ATL vs. NOP,L,41,7,20,0.35,4,10,0.4,5,7,0.714,1,0,1,11,1,0,4,2,23,-5,1,2024-03-10
22023,1627749,22300913,"MAR 08, 2024",ATL @ MEM,W,40,17,25,0.68,6,10,0.6,1,1,1.0,0,7,7,6,2,0,2,1,41,15,1,2024-03-08
22023,1627749,22300895,"MAR 06, 2024",ATL vs. CLE,W,39,7,21,0.333,1,7,0.143,3,4,0.75,0,2,2,9,2,0,3,1,18,12,1,2024-03-06
22023,1627749,22300889,"MAR 05, 2024",ATL @ NYK,W,37,7,17,0.412,4,9,0.444,3,4,0.75,1,8,9,6,1,0,1,0,21,2,1,2024-03-05
22023,1627749,22300866,"MAR 02, 2024",ATL @ BKN,L,35,8,19,0.421,2,8,0.25,2,4,0.5,0,6,6,11,2,1,2,2,20,-14,1,2024-03-02
22023,1627749,22300851,"FEB 29, 2024",ATL @ BKN,L,32,11,19,0.579,2,5,0.4,4,7,0.571,0,6,6,5,0,0,2,1,28,-22,1,2024-02-29
22023,1627749,22300835,"FEB 27, 2024",ATL vs. UTA,W,32,7,19,0.368,1,6,0.167,2,2,1.0,2,2,4,11,1,2,5,0,17,10,1,2024-02-27
22023,1627749,22300821,"FEB 25, 2024",ATL vs. ORL,W,39,11,20,0.55,2,5,0.4,1,2,0.5,1,8,9,11,2,0,3,1,25,13,1,2024-02-25
22023,1627749,22300804,"FEB 23, 2024",ATL vs. TOR,L,36,10,18,0.556,0,4,0.0,4,4,1.0,3,7,10,7,1,0,1,1,24,-3,1,2024-02-23
22023,1627750,22301009,"MAR 21, 2024",DEN vs. NYK,W,34,9,20,0.45,1,2,0.5,4,4,1.0,2,4,6,4,2,0,4,1,23,9,1,2024-03-21
22023,1627750,22300995,"MAR 19, 2024",DEN @ MIN,W,32,6,14,0.429,2,3,0.667,4,4,1.0,1,3,4,11,2,0,2,3,18,-11,1,2024-03-19
22023,1627750,22300978,"MAR 17, 2024",DEN @ DAL,L,36,7,20,0.35,2,5,0.4,7,7,1.0,0,4,4,7,1,1,1,2,23,0,1,2024-03-17
22023,1627750,22300965,"MAR 15, 2024",DEN @ SAS,W,34,6,16,0.375,1,2,0.5,2,2,1.0,2,8,10,8,4,0,3,4,15,9,1,2024-03-15
22023,1627750,22300949,"MAR 13, 2024",DEN @ MIA,W,31,5,14,0.357,2,8,0.25,2,2,1.0,0,2,2,5,1,0,0,1,14,8,1,2024-03-13
22023,1627750,22300937,"MAR 11, 2024",DEN vs. TOR,W,39,11,19,0.579,2,6,0.333,2,5,0.4,1,4,5,12,0,2,1,1,26,15,1,2024-03-11
22023,1627750,22300922,"MAR 09, 2024",DEN vs. UTA,W,37,13,21,0.619,6,9,0.667,5,7,0.714,1,2,3,7,2,0,1,2,37,11,1,2024-03-09
22023,1627750,22300906,"MAR 07, 2024",DEN vs. BOS,W,37,7,18,0.389,1,4,0.25,4,4,1.0,0,6,6,8,2,0,5,2,19,4,1,2024-03-07
22023,1627750,22300893,"MAR 05, 2024",DEN vs. PHX,L,42,12,25,0.48,2,6,0.333,2,2,1.0,3,4,7,9,1,0,3,0,28,0,2,2024-03-05
22023,1627750,22300869,"MAR 02, 2024",DEN @ LAL,W,38,11,23,0.478,1,5,0.2,1,2,0.5,0,6,6,11,1,0,2,2,24,6,1,2024-03-02
22023,1627750,22300855,"FEB 29, 2024",DEN vs. MIA,W,14,2,6,0.333,2,3,0.667,0,0,0.0,0,1,1,3,0,0,1,1,6,7,1,2024-02-29
22023,1627750,22300847,"FEB 28, 2024",DEN vs. SAC,W,33,13,15,0.867,5,6,0.833,1,1,1.0,0,3,3,6,1,0,5,0,32,7,1,2024-02-28
22023,1627750,22300824,"FEB 25, 2024",DEN @ GSW,W,36,9,16,0.563,3,5,0.6,6,6,1.0,1,3,4,3,0,1,4,3,27,18,1,2024-02-25
22023,1627750,22300800,"FEB 22, 2024",DEN vs. WAS,W,31,9,17,0.529,0,3,0.0,0,0,0.0,0,4,4,8,3,2,1,1,18,16,1,2024-02-22
22023,1631099,22301020,"MAR 23, 2024",SAC @ ORL,W,38,8,12,0.667,6,7,0.857,0,0,0.0,1,6,7,2,0,2,0,5,22,21,1,2024-03-23
22023,1631099,22301005,"MAR 21, 2024",SAC @ WAS,L,30,7,11,0.636,2,4,0.5,0,0,0.0,1,1,2,1,0,2,1,3,16,-21,1,2024-03-21
22023,1631099,22300999,"MAR 20, 2024",SAC @ TOR,W,31,5,12,0.417,0,5,0.0,0,0,0.0,3,5,8,1,1,2,2,3,10,33,1,2024-03-20
22023,1631099,22300989,"MAR 18, 2024",SAC vs. MEM,W,42,6,17,0.353,2,8,0.25,1,4,0.25,3,7,10,3,2,0,1,2,15,12,1,2024-03-18
22023,1631099,22300975,"MAR 16, 2024",SAC vs. NYK,L,34,3,12,0.25,1,7,0.143,4,4,1.0,1,5,6,1,0,1,0,3,11,-8,1,2024-03-16
22023,1631099,22300954,"MAR 13, 2024",SAC vs. LAL,W,39,7,13,0.538,5,10,0.5,0,0,0.0,3,8,11,3,2,0,3,3,19,10,1,2024-03-13
22023,1631099,22300929,"MAR 10, 2024",SAC vs. HOU,L,32,3,11,0.273,0,5,0.0,7,7,1.0,1,5,6,0,2,1,0,2,13,-6,1,2024-03-10
22023,1631099,22300908,"MAR 07, 2024",SAC vs. SAS,W,31,1,4,0.25,1,3,0.333,0,0,0.0,0,3,3,0,0,0,0,2,3,-10,1,2024-03-07
22023,1631099,22300901,"MAR 06, 2024",SAC @ LAL,W,31,3,8,0.375,1,6,0.167,0,0,0.0,1,2,3,3,0,1,0,3,7,-4,1,2024-03-06
22023,1631099,22300883,"MAR 04, 2024",SAC vs. CHI,L,39,3,8,0.375,1,5,0.2,4,4,1.0,2,4,6,4,1,3,0,5,11,12,1,2024-03-04
22023,1631099,22300862,"MAR 01, 2024",SAC @ MIN,W,43,7,15,0.467,1,3,0.333,2,2,1.0,1,4,5,1,2,1,1,1,17,14,1,2024-03-01
22023,1631099,22300847,"FEB 28, 2024",SAC @ DEN,L,33,9,17,0.529,3,7,0.429,0,0,0.0,2,2,4,0,1,1,2,4,21,-22,1,2024-02-28
22023,1631099,22300831,"FEB 26, 2024",SAC vs. MIA,L,36,10,14,0.714,6,7,0.857,2,2,1.0,2,3,5,1,3,1,1,5,28,-6,1,2024-02-26
22023,1631099,22300827,"FEB 25, 2024",SAC @ LAC,W,37,4,11,0.364,3,7,0.429,0,0,0.0,2,6,8,1,1,1,1,2,11,23,1,2024-02-25
22023,1631099,22300803,"FEB 22, 2024",SAC vs. SAS,W,35,6,10,0.6,2,4,0.5,2,2,1.0,1,3,4,0,0,0,2,3,16,3,1,2024-02-22
22023,1631200,22301026,"MAR 23, 2024",POR vs. DEN,L,39,5,13,0.385,1,6,0.167,0,0,0.0,3,4,7,1,1,1,1,1,11,0,1,2024-03-23
22023,1631200,22301017,"MAR 22, 2024",POR vs. LAC,L,36,8,15,0.533,3,6,0.5,2,3,0.667,3,4,7,2,3,0,1,4,21,0,1,2024-03-22
22023,1631200,22301003,"MAR 20, 2024",POR vs. LAC,L,33,7,11,0.636,3,6,0.5,0,0,0.0,1,4,5,2,1,0,2,1,17,-13,1,2024-03-20
22023,1631200,22300986,"MAR 18, 2024",POR @ CHI,L,27,5,9,0.556,0,2,0.0,0,2,0.0,1,0,1,1,2,1,0,3,10,-3,1,2024-03-18
22023,1631200,22300970,"MAR 16, 2024",POR @ NOP,L,26,0,4,0.0,0,2,0.0,0,0,0.0,1,4,5,4,0,1,0,3,0,2,1,2024-03-16
22023,1631200,22300960,"MAR 14, 2024",POR vs. NYK,L,31,3,8,0.375,2,6,0.333,2,2,1.0,1,3,4,1,0,1,0,1,10,-7,1,2024-03-14
22023,1631200,22300953,"MAR 13, 2024",POR vs. ATL,W,35,3,8,0.375,1,3,0.333,2,3,0.667,2,4,6,2,1,1,6,4,9,17,1,2024-03-13
22023,1631200,22300938,"MAR 11, 2024",POR vs. BOS,L,19,1,1,1.0,0,0,0.0,0,0,0.0,0,4,4,1,0,1,0,0,2,-8,1,2024-03-11
22023,1631200,22300923,"MAR 09, 2024",POR vs. TOR,W,25,2,7,0.286,1,5,0.2,0,0,0.0,0,4,4,3,0,0,1,1,5,8,1,2024-03-09
22023,1631200,22300916,"MAR 08, 2024",POR vs. HOU,L,33,5,12,0.417,1,6,0.167,1,2,0.5,4,7,11,7,0,1,2,0,12,-3,1,2024-03-08
22023,1631200,22300900,"MAR 06, 2024",POR vs. OKC,L,23,4,5,0.8,1,1,1.0,3,4,0.75,0,3,3,1,1,0,1,6,12,-9,1,2024-03-06
22023,1631200,22300881,"MAR 04, 2024",POR @ MIN,L,35,6,11,0.545,1,5,0.2,1,1,1.0,4,1,5,2,1,1,0,1,14,6,1,2024-03-04
22023,1631200,22300868,"MAR 02, 2024",POR @ MEM,W,39,1,6,0.167,0,3,0.0,0,0,0.0,0,5,5,2,0,0,1,2,2,10,1,2024-03-02
22023,1631200,22300861,"MAR 01, 2024",POR @ MEM,W,24,5,8,0.625,2,3,0.667,2,2,1.0,1,1,2,2,3,0,0,1,14,8,1,2024-03-01
22023,1631200,22300842,"FEB 27, 2024",POR vs. MIA,L,30,0,6,0.0,0,5,0.0,0,0,0.0,1,2,3,2,2,0,3,3,0,1,1,2024-02-27
22023,1631200,22300826,"FEB 25, 2024",POR vs. CHA,L,33,2,9,0.222,0,4,0.0,2,4,0.5,6,3,9,4,2,0,2,4,6,-7,1,2024-02-25
22023,1631200,22300812,"FEB 23, 2024",POR vs. DEN,L,35,4,10,0.4,0,4,0.0,1,2,0.5,3,5,8,2,1,0,0,4,9,-7,1,2024-02-23
22023,203488,22301030,"MAR 24, 2024",OKC @ MIL,,0,0,0,0.0,0,0,0.0,0,0,0.0,0,0,0,0,0,0,0,0,0,0,0,2024-03-24
22023,203488,22301012,"MAR 22, 2024",OKC @ TOR,W,3,1,1,1.0,0,0,0.0,0,0,0.0,1,0,1,0,0,0,0,0,2,-1,1,2024-03-22
22023,203488,22300972,"MAR 16, 2024",OKC @ MEM,W,1,0,0,0.0,0,0,0.0,0,0,0.0,0,0,0,0,0,0,0,0,0,-1,1,2024-03-16
22023,203488,22300959,"MAR 14, 2024",OKC vs. DAL,W,0,0,0,0.0,0,0,0.0,0,0,0.0,0,0,0,0,0,0,0,0,0,2,1,2024-03-14
22023,203488,22300941,"MAR 12, 2024",OKC vs. IND,L,1,0,2,0.0,0,2,0.0,0,0,0.0,0,0,0,0,0,0,0,1,0,-6,1,2024-03-12
22023,203488,22300931,"MAR 10, 2024",OKC vs. MEM,W,7,0,2,0.0,0,2,0.0,0,0,0.0,0,2,2,1,0,0,0,1,0,-6,1,2024-03-10
22023,203488,22300884,"MAR 04, 2024",OKC @ LAL,L,11,2,5,0.4,1,3,0.333,0,0,0.0,0,3,3,0,0,0,0,0,5,12,1,2024-03-04
22023,1629004,22301023,"MAR 23, 2024",BOS @ CHI,W,9,1,4,0.25,1,4,0.25,0,0,0.0,0,1,1,0,0,0,0,1,3,1,1,2024-03-23
22023,1629004,22301011,"MAR 22, 2024",BOS @ DET,W,16,1,1,1.0,0,0,0.0,1,1,1.0,0,2,2,1,0,0,0,0,3,12,1,2024-03-22
22023,1629004,22300998,"MAR 20, 2024",BOS vs. MIL,W,5,1,1,1.0,1,1,1.0,0,0,0.0,0,0,0,0,0,0,0,0,3,10,1,2024-03-20
22023,1629004,22300984,"MAR 18, 2024",BOS vs. DET,W,24,2,8,0.25,2,8,0.25,0,0,0.0,0,2,2,2,2,0,1,0,6,13,1,2024-03-18
22023,1629004,22300980,"MAR 17, 2024",BOS @ WAS,W,23,3,7,0.429,3,6,0.5,0,0,0.0,0,5,5,2,0,0,0,0,9,7,1,2024-03-17
22023,1629004,22300943,"MAR 12, 2024",BOS @ UTA,W,1,0,0,0.0,0,0,0.0,0,0,0.0,0,0,0,0,0,0,0,0,0,0,1,2024-03-12
22023,1629004,22300872,"MAR 03, 2024",BOS vs. GSW,W,19,3,8,0.375,2,6,0.333,0,0,0.0,2,2,4,2,1,0,0,0,8,1,1,2024-03-03
22023,1629004,22300859,"MAR 01, 2024",BOS vs. DAL,W,4,0,0,0.0,0,0,0.0,0,0,0.0,1,0,1,1,0,0,1,0,0,5,1,2024-03-01
22023,1629004,22300797,"FEB 22, 2024",BOS @ CHI,W,2,1,1,1.0,1,1,1.0,0,0,0.0,0,1,1,1,0,0,0,0,3,0,1,2024-02-22
22023,1626204,22301027,"MAR 24, 2024",NOP @ DET,W,27,4,4,1.0,0,0,0.0,1,2,0.5,0,3,3,2,0,0,0,3,9,9,1,2024-03-24
22023,1626204,22301013,"MAR 22, 2024",NOP @ MIA,W,23,2,2,1.0,0,0,0.0,2,3,0.667,4,5,9,1,0,0,0,0,6,10,1,2024-03-22
22023,1626204,22301004,"MAR 21, 2024",NOP @ ORL,L,18,0,1,0.0,0,0,0.0,0,0,0.0,0,2,2,3,2,0,1,0,0,-24,1,2024-03-21
22023,1626204,22300993,"MAR 19, 2024",NOP @ BKN,W,28,6,8,0.75,1,3,0.333,0,0,0.0,3,7,10,2,1,0,0,2,13,11,1,2024-03-19
22023,1626204,22300964,"MAR 15, 2024",NOP vs. LAC,W,28,4,6,0.667,0,1,0.0,4,4,1.0,2,2,4,3,0,0,0,3,12,9,1,2024-03-15
22023,1626204,22300951,"MAR 13, 2024",NOP vs. CLE,L,17,0,2,0.0,0,0,0.0,0,0,0.0,0,5,5,3,2,0,1,0,0,-15,1,2024-03-13
22023,1626204,22300925,"MAR 10, 2024",NOP @ ATL,W,29,4,4,1.0,0,0,0.0,2,3,0.667,1,1,2,3,4,0,0,1,10,15,1,2024-03-10
22023,1626204,22300909,"MAR 08, 2024",NOP @ PHI,W,27,2,7,0.286,1,1,1.0,2,2,1.0,2,2,4,1,1,1,0,2,7,15,1,2024-03-08
22023,1626204,22300890,"MAR 05, 2024",NOP @ TOR,W,16,3,5,0.6,0,0,0.0,0,0,0.0,2,4,6,2,1,1,1,3,6,14,1,2024-03-05
22023,1626204,22300863,"MAR 01, 2024",NOP vs. IND,W,15,2,2,1.0,0,0,0.0,0,0,0.0,1,2,3,3,0,0,0,1,4,8,1,2024-03-01
22023,1626204,22300843,"FEB 28, 2024",NOP @ IND,L,23,3,3,1.0,0,0,0.0,0,0,0.0,1,5,6,1,0,1,2,1,6,-1,1,2024-02-28
22023,1626204,22300837,"FEB 27, 2024",NOP @ NYK,W,19,2,3,0.667,0,1,0.0,0,1,0.0,3,3,6,3,0,0,1,4,4,9,1,2024-02-27
22023,1626204,22300823,"FEB 25, 2024",NOP vs. CHI,L,19,0,2,0.0,0,1,0.0,2,2,1.0,2,1,3,0,0,0,4,2,2,-24,1,2024-02-25
22023,1626204,22300810,"FEB 23, 2024",NOP vs. MIA,L,18,5,6,0.833,0,1,0.0,0,0,0.0,5,4,9,1,1,1,1,2,10,-11,1,2024-02-23
22023,1626204,22300798,"FEB 22, 2024",NOP vs. HOU,W,12,0,0,0.0,0,0,0.0,0,0,0.0,1,2,3,1,0,0,2,3,0,4,1,2024-02-22
22023,1629614,22301016,"MAR 22, 2024",IND @ GSW,W,33,7,11,0.636,1,2,0.5,2,2,1.0,1,4,5,5,0,0,3,3,17,18,1,2024-03-22
22023,1629614,22300997,"MAR 20, 2024",IND @ DET,W,26,3,6,0.5,1,2,0.5,0,0,0.0,0,0,0,3,0,0,0,2,7,16,1,2024-03-20
22023,1629614,22300983,"MAR 18, 2024",IND vs. CLE,L,32,4,8,0.5,1,4,0.25,0,0,0.0,0,0,0,4,1,0,0,2,9,-9,1,2024-03-18
22023,1629614,22300968,"MAR 16, 2024",IND vs. BKN,W,32,3,5,0.6,1,3,0.333,0,1,0.0,0,2,2,3,1,0,1,3,7,16,1,2024-03-16
22023,1629614,22300948,"MAR 13, 2024",IND vs. CHI,L,30,4,12,0.333,0,5,0.0,0,0,0.0,1,2,3,2,0,1,1,0,8,-19,1,2024-03-13
22023,1629614,22300941,"MAR 12, 2024",IND @ OKC,W,27,4,7,0.571,2,5,0.4,4,4,1.0,0,4,4,5,1,0,2,3,14,9,1,2024-03-12
22023,1629614,22300928,"MAR 10, 2024",IND @ ORL,W,25,0,2,0.0,0,1,0.0,0,0,0.0,0,2,2,2,0,0,1,3,0,0,1,2024-03-10
22023,1629614,22300903,"MAR 07, 2024",IND vs. MIN,L,31,3,5,0.6,1,2,0.5,0,0,0.0,2,4,6,3,1,0,3,4,7,8,1,2024-03-07
22023,1629614,22300892,"MAR 05, 2024",IND @ DAL,W,25,4,4,1.0,2,2,1.0,0,0,0.0,0,3,3,5,1,0,1,2,10,8,1,2024-03-05
22023,1629614,22300877,"MAR 03, 2024",IND @ SAS,L,21,3,7,0.429,1,2,0.5,0,0,0.0,2,1,3,1,3,0,2,1,7,-11,1,2024-03-03
22023,1629614,22300863,"MAR 01, 2024",IND @ NOP,L,30,4,12,0.333,2,8,0.25,0,0,0.0,0,0,0,4,2,0,1,3,10,-28,1,2024-03-01
22023,1629614,22300843,"FEB 28, 2024",IND vs. NOP,W,29,3,7,0.429,2,2,1.0,0,0,0.0,1,3,4,1,1,0,1,1,8,0,1,2024-02-28
22023,1629614,22300829,"FEB 26, 2024",IND vs. TOR,L,27,5,14,0.357,1,4,0.25,0,0,0.0,0,0,0,1,1,0,2,3,11,-11,1,2024-02-26
22023,1629614,22300819,"FEB 25, 2024",IND vs. DAL,W,33,7,8,0.875,1,1,1.0,0,0,0.0,1,2,3,2,1,0,0,1,15,8,1,2024-02-25
22023,1629614,22300793,"FEB 22, 2024",IND vs. DET,W,32,4,8,0.5,0,2,0.0,0,0,0.0,0,6,6,5,2,1,2,2,8,5,1,2024-02-22
22023,1630174,22301016,"MAR 22, 2024",IND @ GSW,W,36,3,11,0.273,2,6,0.333,0,0,0.0,1,2,3,2,1,1,0,4,8,14,1,2024-03-22
22023,1630174,22300997,"MAR 20, 2024",IND @ DET,W,26,5,10,0.5,2,5,0.4,2,2,1.0,0,1,1,0,0,1,0,2,14,17,1,2024-03-20
22023,1630174,22300983,"MAR 18, 2024",IND vs. CLE,L,35,4,9,0.444,1,5,0.2,0,0,0.0,2,2,4,2,0,0,3,5,9,-4,1,2024-03-18
22023,1630174,22300968,"MAR 16, 2024",IND vs. BKN,W,26,5,8,0.625,1,2,0.5,5,5,1.0,2,2,4,3,2,2,0,3,16,16,1,2024-03-16
22023,1630174,22300948,"MAR 13, 2024",IND vs. CHI,L,27,4,12,0.333,3,7,0.429,2,2,1.0,1,3,4,1,0,0,0,6,13,-17,1,2024-03-13
22023,1630174,22300941,"MAR 12, 2024",IND @ OKC,W,36,6,12,0.5,1,5,0.2,2,2,1.0,0,4,4,1,1,2,0,3,15,13,1,2024-03-12
22023,1630174,22300928,"MAR 10, 2024",IND @ ORL,W,37,4,8,0.5,4,6,0.667,4,4,1.0,0,5,5,1,1,2,1,3,16,25,1,2024-03-10
22023,1630174,22300903,"MAR 07, 2024",IND vs. MIN,L,30,2,10,0.2,1,4,0.25,3,3,1.0,0,4,4,1,0,2,0,3,8,2,1,2024-03-07
22023,1630174,22300892,"MAR 05, 2024",IND @ DAL,W,22,1,3,0.333,1,2,0.5,3,4,0.75,0,1,1,2,0,0,0,4,6,9,1,2024-03-05
22023,1630174,22300877,"MAR 03, 2024",IND @ SAS,L,28,1,7,0.143,0,4,0.0,2,2,1.0,0,1,1,2,1,0,2,2,4,-5,1,2024-03-03
22023,1630174,22300863,"MAR 01, 2024",IND @ NOP,L,21,3,5,0.6,2,3,0.667,1,2,0.5,0,3,3,3,0,0,0,2,9,-13,1,2024-03-01
22023,1627777,22301029,"MAR 24, 2024",CLE @ MIA,L,24,2,6,0.333,2,4,0.5,0,0,0.0,0,4,4,2,1,0,3,1,6,-18,1,2024-03-24
22023,1627777,22301014,"MAR 22, 2024",CLE @ MIN,L,34,4,8,0.5,1,3,0.333,1,1,1.0,1,2,3,0,2,1,2,4,10,-7,1,2024-03-22
22023,1627777,22300996,"MAR 20, 2024",CLE vs. MIA,L,35,6,15,0.4,3,11,0.273,3,3,1.0,0,3,3,1,1,0,1,2,18,0,1,2024-03-20
22023,1627777,22300983,"MAR 18, 2024",CLE @ IND,W,33,5,8,0.625,3,4,0.75,0,0,0.0,0,2,2,1,0,1,4,2,13,5,1,2024-03-18
22023,1627777,22300967,"MAR 16, 2024",CLE @ HOU,L,29,4,8,0.5,2,5,0.4,4,4,1.0,0,5,5,2,0,0,2,1,14,-17,1,2024-03-16
22023,1627777,22300951,"MAR 13, 2024",CLE @ NOP,W,28,6,12,0.5,4,8,0.5,0,0,0.0,0,6,6,1,0,0,0,5,16,11,1,2024-03-13
22023,1627777,22300934,"MAR 11, 2024",CLE vs. PHX,L,25,3,9,0.333,0,6,0.0,2,2,1.0,0,3,3,1,1,0,2,4,8,-13,1,2024-03-11
22023,1627777,22300930,"MAR 10, 2024",CLE vs. BKN,L,25,8,12,0.667,3,5,0.6,1,1,1.0,1,2,3,2,0,0,0,2,20,-5,1,2024-03-10
22023,1627777,22300911,"MAR 08, 2024",CLE vs. MIN,W,36,6,10,0.6,4,7,0.571,0,0,0.0,0,6,6,4,1,2,1,2,16,26,1,2024-03-08
22023,1627777,22300895,"MAR 06, 2024",CLE @ ATL,L,26,5,8,0.625,3,4,0.75,0,0,0.0,0,3,3,4,3,0,2,4,13,-16,1,2024-03-06
22023,1627777,22300886,"MAR 05, 2024",CLE vs. BOS,W,27,3,4,0.75,3,4,0.75,0,0,0.0,0,1,1,1,0,0,1,3,9,7,1,2024-03-05
22023,1627777,22300876,"MAR 03, 2024",CLE vs. NYK,L,16,0,6,0.0,0,4,0.0,0,0,0.0,1,1,2,1,0,0,1,1,0,-6,1,2024-03-03
22023,1627777,22300857,"MAR 01, 2024",CLE @ DET,W,19,1,7,0.143,0,3,0.0,0,0,0.0,0,4,4,3,1,0,1,0,2,17,1,2024-03-01
22023,1627777,22300846,"FEB 28, 2024",CLE @ CHI,L,11,1,5,0.2,0,3,0.0,0,0,0.0,0,1,1,0,0,0,1,0,2,-7,1,2024-02-28
22023,1627777,22300832,"FEB 27, 2024",CLE vs. DAL,W,21,4,6,0.667,2,4,0.5,0,0,0.0,0,5,5,0,0,0,0,1,10,17,1,2024-02-27
22023,1627777,22300820,"FEB 25, 2024",CLE @ WAS,W,17,3,6,0.5,2,4,0.5,0,0,0.0,0,4,4,0,1,0,0,0,8,3,1,2024-02-25
22023,1627777,22300805,"FEB 23, 2024",CLE @ PHI,L,21,2,4,0.5,2,3,0.667,3,4,0.75,0,5,5,0,0,0,0,3,9,-6,1,2024-02-23
22023,1627777,22300792,"FEB 22, 2024",CLE vs. ORL,L,16,3,4,0.75,2,3,0.667,1,1,1.0,0,0,0,1,0,0,2,2,9,-20,1,2024-02-22
22023,1630227,22300944,"MAR 12, 2024",MIN @ LAC,W,3,0,1,0.0,0,1,0.0,0,0,0.0,0,0,0,0,2,0,0,0,0,-2,1,2024-03-12
22023,1630227,22300932,"MAR 10, 2024",MIN @ LAL,L,1,0,0,0.0,0,0,0.0,0,0,0.0,0,0,0,0,0,0,1,0,0,2,1,2024-03-10
22023,1630192,22300978,"MAR 17, 2024",DEN @ DAL,L,9,2,2,1.0,0,0,0.0,0,0,0.0,1,0,1,0,0,0,0,1,4,-12,1,2024-03-17
22023,1630192,22300965,"MAR 15, 2024",DEN @ SAS,W,16,2,2,1.0,0,0,0.0,0,0,0.0,1,3,4,2,0,3,0,1,4,6,1,2024-03-15
22023,1630192,22300949,"MAR 13, 2024",DEN @ MIA,W,5,0,0,0.0,0,0,0.0,0,0,0.0,0,0,0,0,0,0,0,1,0,-2,1,2024-03-13
22023,1630192,22300937,"MAR 11, 2024",DEN vs. TOR,W,9,1,2,0.5,0,0,0.0,0,0,0.0,0,0,0,0,0,1,0,0,2,-5,1,2024-03-11
22023,1630192,22300922,"MAR 09, 2024",DEN vs. UTA,W,15,0,1,0.0,0,0,0.0,1,2,0.5,1,1,2,2,0,2,0,2,1,13,1,2024-03-09
22023,1630192,22300906,"MAR 07, 2024",DEN vs. BOS,W,8,1,1,1.0,0,0,0.0,2,2,1.0,0,2,2,0,1,0,0,1,4,2,1,2024-03-07
22023,1630192,22300893,"MAR 05, 2024",DEN vs. PHX,L,9,0,2,0.0,0,1,0.0,2,2,1.0,1,2,3,0,0,0,0,1,2,3,2,2024-03-05
22023,1630192,22300869,"MAR 02, 2024",DEN @ LAL,W,9,0,2,0.0,0,0,0.0,0,0,0.0,2,0,2,0,0,0,1,1,0,-3,1,2024-03-02
22023,1630192,22300855,"FEB 29, 2024",DEN vs. MIA,W,6,0,1,0.0,0,0,0.0,1,2,0.5,1,0,1,0,0,1,1,0,1,-2,1,2024-02-29
22023,1630192,22300847,"FEB 28, 2024",DEN vs. SAC,W,14,0,4,0.0,0,1,0.0,0,0,0.0,0,2,2,0,1,3,0,2,0,-19,1,2024-02-28
22023,1630192,22300824,"FEB 25, 2024",DEN @ GSW,W,12,1,3,0.333,0,0,0.0,4,4,1.0,3,0,3,1,0,1,0,2,6,-2,1,2024-02-25
22023,1630192,22300812,"FEB 23, 2024",DEN @ POR,W,11,3,4,0.75,0,0,0.0,0,0,0.0,2,1,3,1,1,0,0,1,6,-2,1,2024-02-23
22023,1630192,22300800,"FEB 22, 2024",DEN vs. WAS,W,17,4,5,0.8,0,1,0.0,0,0,0.0,0,3,3,1,0,4,0,0,8,-3,1,2024-02-22
22023,203994,22301025,"MAR 23, 2024",PHX @ SAS,W,22,3,7,0.429,0,0,0.0,0,0,0.0,3,7,10,3,3,0,0,4,6,26,1,2024-03-23
22023,203994,22301010,"MAR 21, 2024",PHX vs. ATL,W,32,1,5,0.2,0,0,0.0,5,8,0.625,3,7,10,2,1,0,2,3,7,-5,1,2024-03-21
22023,203994,22301002,"MAR 20, 2024",PHX vs. PHI,W,31,5,10,0.5,0,0,0.0,0,0,0.0,4,10,14,3,0,2,4,4,10,12,1,2024-03-20
22023,203994,22300976,"MAR 17, 2024",PHX @ MIL,L,20,3,5,0.6,0,0,0.0,2,2,1.0,3,3,6,6,0,0,2,2,8,-17,1,2024-03-17
22023,203994,22300961,"MAR 15, 2024",PHX @ CHA,W,31,5,9,0.556,0,0,0.0,3,7,0.429,5,16,21,2,0,1,2,5,13,1,1,2024-03-15
22023,203994,22300955,"MAR 14, 2024",PHX @ BOS,L,31,4,9,0.444,0,0,0.0,0,2,0.0,7,13,20,6,1,1,2,1,8,-5,1,2024-03-14
22023,203994,22300934,"MAR 11, 2024",PHX @ CLE,W,29,4,5,0.8,0,0,0.0,1,6,0.167,3,5,8,0,0,1,3,4,9,-3,1,2024-03-11
22023,203994,22300920,"MAR 09, 2024",PHX vs. BOS,L,28,5,6,0.833,0,0,0.0,1,3,0.333,5,6,11,4,1,1,3,2,11,5,1,2024-03-09
22023,203994,22300905,"MAR 07, 2024",PHX vs. TOR,W,26,3,5,0.6,0,0,0.0,1,2,0.5,3,11,14,5,0,2,7,5,7,3,1,2024-03-07
22023,203994,22300893,"MAR 05, 2024",PHX @ DEN,W,30,3,4,0.75,0,0,0.0,1,2,0.5,1,11,12,6,2,2,3,6,7,9,2,2024-03-05
22023,203994,22300878,"MAR 03, 2024",PHX vs. OKC,L,32,7,16,0.438,0,2,0.0,0,0,0.0,13,18,31,4,0,1,5,3,14,10,1,2024-03-03
22023,203994,22300870,"MAR 02, 2024",PHX vs. HOU,L,17,3,5,0.6,0,0,0.0,1,2,0.5,1,9,10,5,1,1,1,1,7,1,1,2024-03-02
22023,203994,22300854,"FEB 29, 2024",PHX vs. HOU,W,27,4,10,0.4,0,1,0.0,8,16,0.5,5,8,13,2,1,3,7,6,16,6,1,2024-02-29
22023,203994,22300818,"FEB 25, 2024",PHX vs. LAL,W,37,7,12,0.583,0,0,0.0,4,5,0.8,7,15,22,7,1,1,3,2,18,8,1,2024-02-25
22023,203994,22300796,"FEB 22, 2024",PHX @ DAL,L,20,2,6,0.333,0,0,0.0,1,2,0.5,2,3,5,3,2,1,1,3,5,-2,1,2024-02-22
22023,1629670,22300963,"MAR 15, 2024",TOR vs. ORL,L,16,5,8,0.625,3,5,0.6,1,1,1.0,0,5,5,0,2,1,4,0,14,11,1,2024-03-15
22023,1629670,22300946,"MAR 13, 2024",TOR @ DET,L,21,5,11,0.455,2,6,0.333,0,0,0.0,0,2,2,0,3,0,1,1,12,-3,1,2024-03-13
22023,1629670,22300937,"MAR 11, 2024",TOR @ DEN,L,17,2,7,0.286,1,4,0.25,0,0,0.0,1,6,7,1,0,1,0,0,5,2,1,2024-03-11
22023,1629670,22300923,"MAR 09, 2024",TOR @ POR,L,12,4,6,0.667,1,2,0.5,1,1,1.0,0,1,1,1,1,0,0,0,10,2,1,2024-03-09
22023,1629670,22300905,"MAR 07, 2024",TOR @ PHX,L,3,0,2,0.0,0,1,0.0,0,0,0.0,0,0,0,1,0,0,0,0,0,-5,1,2024-03-07
22023,1629670,22300890,"MAR 05, 2024",TOR vs. NOP,L,20,4,15,0.267,1,6,0.167,0,0,0.0,3,3,6,1,0,1,0,0,9,-32,1,2024-03-05
22023,1629670,22300875,"MAR 03, 2024",TOR vs. CHA,W,18,5,8,0.625,1,3,0.333,0,0,0.0,1,3,4,0,0,0,1,2,11,-9,1,2024-03-03
22023,1629670,22300860,"MAR 01, 2024",TOR vs. GSW,L,1,0,0,0.0,0,0,0.0,0,0,0.0,0,0,0,0,0,0,0,0,0,-5,1,2024-03-01
22023,1629670,22300804,"FEB 23, 2024",TOR @ ATL,W,14,0,5,0.0,0,3,0.0,0,0,0.0,0,4,4,2,1,0,0,0,0,7,1,2024-02-23
22023,1629670,22300795,"FEB 22, 2024",TOR vs. BKN,W,4,1,2,0.5,0,0,0.0,4,4,1.0,0,1,1,0,0,0,0,0,6,-1,1,2024-02-22
22023,1626220,22301025,"MAR 23, 2024",PHX @ SAS,W,16,2,6,0.333,0,4,0.0,0,0,0.0,0,4,4,0,0,1,2,0,4,-3,1,2024-03-23
22023,1626220,22301010,"MAR 21, 2024",PHX vs. ATL,W,15,5,7,0.714,4,6,0.667,0,0,0.0,0,5,5,2,0,1,1,1,14,13,1,2024-03-21
22023,1626220,22301002,"MAR 20, 2024",PHX vs. PHI,W,10,5,7,0.714,3,4,0.75,0,0,0.0,2,2,4,0,0,0,1,2,13,13,1,2024-03-20
22023,1626220,22300976,"MAR 17, 2024",PHX @ MIL,L,26,6,12,0.5,4,9,0.444,0,0,0.0,1,4,5,3,0,0,0,1,16,-13,1,2024-03-17
22023,1626220,22300961,"MAR 15, 2024",PHX @ CHA,W,15,2,2,1.0,1,1,1.0,0,0,0.0,0,3,3,1,0,0,0,1,5,3,1,2024-03-15
22023,1626220,22300955,"MAR 14, 2024",PHX @ BOS,L,27,0,7,0.0,0,5,0.0,0,0,0.0,1,4,5,4,0,0,1,1,0,-7,1,2024-03-14
22023,1626220,22300934,"MAR 11, 2024",PHX @ CLE,W,29,0,2,0.0,0,2,0.0,0,0,0.0,0,4,4,4,1,0,2,4,0,3,1,2024-03-11
22023,1626220,22300920,"MAR 09, 2024",PHX vs. BOS,L,37,1,9,0.111,1,6,0.167,0,0,0.0,1,4,5,2,1,0,0,1,3,10,1,2024-03-09
22023,1626220,22300905,"MAR 07, 2024",PHX vs. TOR,W,32,4,8,0.5,2,6,0.333,0,0,0.0,1,7,8,6,1,1,0,2,10,9,1,2024-03-07
22023,1626220,22300893,"MAR 05, 2024",PHX @ DEN,W,39,3,9,0.333,2,5,0.4,0,0,0.0,1,4,5,6,0,0,1,2,8,12,2,2024-03-05
22023,1626220,22300878,"MAR 03, 2024",PHX vs. OKC,L,33,3,10,0.3,3,8,0.375,0,0,0.0,0,3,3,4,0,2,2,2,9,-4,1,2024-03-03
22023,1626220,22300870,"MAR 02, 2024",PHX vs. HOU,L,27,7,13,0.538,4,8,0.5,2,2,1.0,1,9,10,2,1,1,0,2,20,4,1,2024-03-02
22023,1626220,22300854,"FEB 29, 2024",PHX vs. HOU,W,37,3,10,0.3,3,9,0.333,2,2,1.0,1,5,6,7,3,1,1,3,11,10,1,2024-02-29
22023,1626220,22300818,"FEB 25, 2024",PHX vs. LAL,W,37,7,12,0.583,6,10,0.6,0,0,0.0,0,9,9,4,2,1,0,2,20,22,1,2024-02-25
22023,1626220,22300806,"FEB 23, 2024",PHX @ HOU,L,17,0,5,0.0,0,4,0.0,1,2,0.5,2,2,4,1,1,0,1,1,1,-23,1,2024-02-23
22023,1626220,22300796,"FEB 22, 2024",PHX @ DAL,L,30,4,12,0.333,2,8,0.25,0,0,0.0,1,8,9,2,1,0,1,3,10,-7,1,2024-02-22
22023,1629643,22301004,"MAR 21, 2024",ORL vs. NOP,W,5,0,0,0.0,0,0,0.0,0,0,0.0,0,1,1,0,0,0,0,0,0,-4,1,2024-03-21
22023,1629643,22300991,"MAR 19, 2024",ORL vs. CHA,W,9,0,2,0.0,0,2,0.0,0,0,0.0,0,2,2,1,1,0,2,0,0,-7,1,2024-03-19
22023,1629643,22300979,"MAR 17, 2024",ORL vs. TOR,W,3,0,1,0.0,0,1,0.0,0,0,0.0,0,0,0,0,0,0,0,0,0,-5,1,2024-03-17
22023,1629643,22300947,"MAR 13, 2024",ORL vs. BKN,W,2,0,0,0.0,0,0,0.0,0,0,0.0,0,0,0,0,0,0,0,0,0,-2,1,2024-03-13
22023,1629643,22300912,"MAR 08, 2024",ORL @ NYK,L,3,1,3,0.333,0,2,0.0,0,0,0.0,0,1,1,0,0,0,0,0,2,-1,1,2024-03-08
22023,1629643,22300885,"MAR 05, 2024",ORL @ CHA,W,1,0,0,0.0,0,0,0.0,0,0,0.0,0,0,0,0,0,0,0,0,0,0,1,2024-03-05
22023,1629643,22300874,"MAR 03, 2024",ORL vs. DET,W,3,0,1,0.0,0,1,0.0,0,0,0.0,0,0,0,0,0,0,0,0,0,1,1,2024-03-03
22023,1629643,22300833,"FEB 27, 2024",ORL vs. BKN,W,5,0,1,0.0,0,1,0.0,0,0,0.0,0,0,0,1,1,0,0,0,0,-3,1,2024-02-27
22023,1629643,22300821,"FEB 25, 2024",ORL @ ATL,L,2,0,0,0.0,0,0,0.0,0,0,0.0,0,1,1,0,0,0,0,0,0,-4,1,2024-02-25
22023,1629006,22301025,"MAR 23, 2024",PHX @ SAS,W,10,0,2,0.0,0,0,0.0,0,0,0.0,1,0,1,1,0,0,1,1,0,-4,1,2024-03-23
22023,1629006,22300870,"MAR 02, 2024",PHX vs. HOU,L,17,2,3,0.667,0,1,0.0,3,3,1.0,1,2,3,2,1,0,1,1,7,14,1,2024-03-02
22023,1629006,22300854,"FEB 29, 2024",PHX vs. HOU,W,11,1,4,0.25,1,2,0.5,0,0,0.0,2,0,2,0,1,0,0,0,3,-9,1,2024-02-29
22023,1629006,22300818,"FEB 25, 2024",PHX vs. LAL,W,5,0,0,0.0,0,0,0.0,0,0,0.0,1,0,1,1,0,0,1,1,0,-3,1,2024-02-25
22023,1629006,22300806,"FEB 23, 2024",PHX @ HOU,L,12,0,2,0.0,0,1,0.0,0,0,0.0,1,2,3,3,1,0,2,0,0,10,1,2024-02-23
22023,1629006,22300796,"FEB 22, 2024",PHX @ DAL,L,19,4,7,0.571,2,4,0.5,1,2,0.5,4,0,4,1,0,0,2,1,11,-15,1,2024-02-22
22023,1630168,22301010,"MAR 21, 2024",ATL @ PHX,L,19,4,7,0.571,0,1,0.0,0,0,0.0,1,2,3,1,1,1,0,4,8,-19,1,2024-03-21
22023,1630168,22300990,"MAR 18, 2024",ATL @ LAL,L,19,5,7,0.714,1,3,0.333,0,1,0.0,1,3,4,2,2,0,0,0,11,-19,1,2024-03-18
22023,1630171,22301029,"MAR 24, 2024",CLE @ MIA,L,19,1,5,0.2,1,3,0.333,0,0,0.0,0,1,1,0,0,0,3,0,3,-20,1,2024-03-24
22023,1630171,22301014,"MAR 22, 2024",CLE @ MIN,L,36,2,6,0.333,0,3,0.0,1,2,0.5,0,1,1,4,2,1,1,2,5,-6,1,2024-03-22
22023,1630171,22300996,"MAR 20, 2024",CLE vs. MIA,L,38,3,6,0.5,1,3,0.333,0,0,0.0,0,1,1,1,0,0,0,2,7,2,1,2024-03-20
22023,1630171,22300983,"MAR 18, 2024",CLE @ IND,W,33,4,7,0.571,1,2,0.5,0,0,0.0,1,2,3,2,1,0,2,4,9,-4,1,2024-03-18
22023,1630171,22300967,"MAR 16, 2024",CLE @ HOU,L,33,4,12,0.333,2,7,0.286,0,0,0.0,0,2,2,1,0,1,1,3,10,-13,1,2024-03-16
22023,1630171,22300951,"MAR 13, 2024",CLE @ NOP,W,33,3,8,0.375,1,4,0.25,0,0,0.0,3,4,7,2,0,0,1,4,7,5,1,2024-03-13
22023,1630171,22300934,"MAR 11, 2024",CLE vs. PHX,L,39,4,12,0.333,2,7,0.286,3,4,0.75,1,3,4,3,4,0,2,3,13,-10,1,2024-03-11
22023,1630171,22300930,"MAR 10, 2024",CLE vs. BKN,L,30,4,6,0.667,2,3,0.667,1,2,0.5,0,4,4,1,1,1,1,3,11,-11,1,2024-03-10
22023,1630171,22300911,"MAR 08, 2024",CLE vs. MIN,W,43,3,5,0.6,1,1,1.0,2,3,0.667,1,5,6,2,1,2,0,4,9,13,1,2024-03-08
22023,1630171,22300895,"MAR 06, 2024",CLE @ ATL,L,35,7,13,0.538,1,5,0.2,2,2,1.0,0,2,2,2,1,1,1,4,17,-11,1,2024-03-06
22023,1630171,22300886,"MAR 05, 2024",CLE vs. BOS,W,31,5,11,0.455,4,8,0.5,2,4,0.5,0,4,4,1,1,2,0,1,16,-4,1,2024-03-05
22023,1630171,22300876,"MAR 03, 2024",CLE vs. NYK,L,34,7,13,0.538,3,8,0.375,0,1,0.0,2,3,5,4,2,1,1,1,17,-4,1,2024-03-03
22023,1630171,22300857,"MAR 01, 2024",CLE @ DET,W,25,4,9,0.444,2,5,0.4,2,2,1.0,0,0,0,4,1,1,2,2,12,13,1,2024-03-01
22023,1630171,22300846,"FEB 28, 2024",CLE @ CHI,L,24,5,8,0.625,3,5,0.6,0,0,0.0,0,0,0,2,1,1,0,1,13,-5,1,2024-02-28
22023,1630171,22300832,"FEB 27, 2024",CLE vs. DAL,W,25,3,5,0.6,2,4,0.5,1,2,0.5,0,6,6,5,1,0,1,1,9,12,1,2024-02-27
22023,1630171,22300820,"FEB 25, 2024",CLE @ WAS,W,19,2,6,0.333,1,4,0.25,2,2,1.0,0,1,1,2,2,0,0,0,7,1,1,2024-02-25
22023,1630171,22300805,"FEB 23, 2024",CLE @ PHI,L,29,5,11,0.455,1,3,0.333,0,0,0.0,1,1,2,4,0,2,0,1,11,-9,1,2024-02-23
22023,1630171,22300792,"FEB 22, 2024",CLE vs. ORL,L,30,7,9,0.778,2,4,0.5,1,1,1.0,0,2,2,1,0,0,2,4,17,-3,1,2024-02-22
22023,203482,22301022,"MAR 23, 2024",TOR @ WAS,L,32,4,11,0.364,0,1,0.0,6,6,1.0,1,5,6,10,2,1,3,5,14,3,1,2024-03-23
22023,203482,22301012,"MAR 22, 2024",TOR vs. OKC,L,27,7,9,0.778,1,2,0.5,1,2,0.5,1,5,6,5,1,0,7,3,16,-21,1,2024-03-22
22023,203482,22300999,"MAR 20, 2024",TOR vs. SAC,L,30,4,7,0.571,1,3,0.333,0,0,0.0,0,3,3,4,0,2,3,4,9,-18,1,2024-03-20
22023,203482,22300979,"MAR 17, 2024",TOR @ ORL,L,26,5,8,0.625,1,1,1.0,0,0,0.0,1,3,4,3,1,0,3,5,11,-11,1,2024-03-17
22023,203482,22300963,"MAR 15, 2024",TOR vs. ORL,L,26,5,12,0.417,0,1,0.0,0,2,0.0,4,5,9,3,1,0,3,6,10,-6,1,2024-03-15
22023,203482,22300946,"MAR 13, 2024",TOR @ DET,L,31,8,11,0.727,2,4,0.5,1,2,0.5,2,4,6,8,2,2,6,4,19,-8,1,2024-03-13
22023,203482,22300937,"MAR 11, 2024",TOR @ DEN,L,29,9,13,0.692,2,4,0.5,4,5,0.8,2,4,6,1,0,0,1,4,24,-3,1,2024-03-11
22023,203482,22300923,"MAR 09, 2024",TOR @ POR,L,32,6,10,0.6,3,4,0.75,0,0,0.0,2,4,6,8,2,2,5,4,15,-13,1,2024-03-09
22023,203482,22300905,"MAR 07, 2024",TOR @ PHX,L,28,3,9,0.333,1,6,0.167,1,2,0.5,1,3,4,2,2,0,1,6,8,-1,1,2024-03-07
22023,203482,22300890,"MAR 05, 2024",TOR vs. NOP,L,28,4,9,0.444,1,3,0.333,6,7,0.857,2,4,6,7,2,2,1,2,15,-14,1,2024-03-05
22023,203482,22300875,"MAR 03, 2024",TOR vs. CHA,W,26,0,4,0.0,0,2,0.0,4,4,1.0,1,3,4,4,2,2,2,1,4,-13,1,2024-03-03
22023,203482,22300860,"MAR 01, 2024",TOR vs. GSW,L,28,5,10,0.5,1,3,0.333,5,7,0.714,5,5,10,3,3,0,2,3,16,-5,1,2024-03-01
22023,203482,22300844,"FEB 28, 2024",TOR vs. DAL,L,18,5,10,0.5,1,2,0.5,2,2,1.0,0,0,0,2,1,0,3,4,13,-10,1,2024-02-28
22023,203482,22300829,"FEB 26, 2024",TOR @ IND,W,23,2,4,0.5,1,2,0.5,2,4,0.5,1,1,2,5,1,0,1,3,7,0,1,2024-02-26
22023,203482,22300804,"FEB 23, 2024",TOR @ ATL,W,22,5,9,0.556,0,2,0.0,0,0,0.0,1,4,5,6,0,1,0,5,10,-2,1,2024-02-23
22023,203482,22300795,"FEB 22, 2024",TOR vs. BKN,W,18,2,5,0.4,0,1,0.0,4,4,1.0,1,3,4,1,1,1,1,3,8,3,1,2024-02-22
22023,1630647,22300980,"MAR 17, 2024",WAS vs. BOS,L,15,0,1,0.0,0,1,0.0,0,0,0.0,1,1,2,2,0,0,1,2,0,-14,1,2024-03-17
22023,1630647,22300971,"MAR 16, 2024",WAS @ CHI,L,17,2,3,0.667,0,0,0.0,3,6,0.5,1,1,2,1,1,1,1,4,7,-17,1,2024-03-16
22023,1630647,22300957,"MAR 14, 2024",WAS @ HOU,L,7,2,5,0.4,0,0,0.0,0,0,0.0,1,1,2,0,0,0,1,1,4,-8,1,2024-03-14
22023,1630647,22300940,"MAR 12, 2024",WAS @ MEM,L,8,1,1,1.0,0,0,0.0,0,0,0.0,0,2,2,1,2,0,0,2,2,6,1,2024-03-12
22023,1630647,22300926,"MAR 10, 2024",WAS @ MIA,W,3,1,1,1.0,0,0,0.0,0,0,0.0,0,0,0,0,0,0,0,1,2,-4,1,2024-03-10
22023,1630647,22300910,"MAR 08, 2024",WAS vs. CHA,W,6,2,5,0.4,0,1,0.0,0,0,0.0,1,1,2,0,0,0,0,2,4,-6,1,2024-03-08
22023,1630647,22300894,"MAR 06, 2024",WAS vs. ORL,L,7,0,1,0.0,0,0,0.0,0,0,0.0,1,2,3,0,0,0,0,1,0,-4,1,2024-03-06
22023,1630647,22300882,"MAR 04, 2024",WAS @ UTA,L,4,0,0,0.0,0,0,0.0,0,0,0.0,0,0,0,1,0,0,0,1,0,1,1,2024-03-04
22023,1630647,22300865,"MAR 01, 2024",WAS @ LAC,L,13,4,7,0.571,0,1,0.0,0,1,0.0,0,0,0,0,0,0,1,2,8,-3,1,2024-03-01
22023,1630647,22300834,"FEB 27, 2024",WAS vs. GSW,L,7,0,1,0.0,0,0,0.0,0,0,0.0,2,1,3,0,0,0,0,0,0,-10,1,2024-02-27
22023,1630647,22300809,"FEB 23, 2024",WAS @ OKC,L,15,3,6,0.5,0,1,0.0,1,2,0.5,0,1,1,1,1,0,0,2,7,-21,1,2024-02-23
22023,1630647,22300800,"FEB 22, 2024",WAS @ DEN,L,11,3,8,0.375,0,2,0.0,1,1,1.0,0,3,3,2,3,0,1,2,7,9,1,2024-02-22
22023,1626224,22301025,"MAR 23, 2024",SAS vs. PHX,L,19,2,5,0.4,1,3,0.333,0,0,0.0,0,4,4,1,0,0,0,1,5,-10,1,2024-03-23
22023,1626224,22301015,"MAR 22, 2024",SAS vs. MEM,L,17,0,3,0.0,0,2,0.0,0,0,0.0,0,2,2,0,0,0,0,1,0,-8,1,2024-03-22
22023,1626224,22300994,"MAR 19, 2024",SAS vs. DAL,L,11,2,4,0.5,1,3,0.333,0,0,0.0,0,0,0,1,0,2,1,2,5,1,1,2024-03-19
22023,1626224,22300981,"MAR 17, 2024",SAS vs. BKN,W,14,4,7,0.571,2,4,0.5,0,0,0.0,0,3,3,0,0,0,1,1,10,-1,1,2024-03-17
22023,1626224,22300908,"MAR 07, 2024",SAS @ SAC,L,6,1,2,0.5,0,1,0.0,0,0,0.0,0,2,2,0,0,0,0,2,2,-7,1,2024-03-07
22023,1626224,22300891,"MAR 05, 2024",SAS @ HOU,L,15,3,4,0.75,0,1,0.0,0,0,0.0,1,3,4,0,1,0,0,0,6,-2,1,2024-03-05
22023,1626224,22300877,"MAR 03, 2024",SAS vs. IND,W,14,0,1,0.0,0,1,0.0,0,0,0.0,1,3,4,2,1,0,0,2,0,2,1,2024-03-03
22023,1626224,22300853,"FEB 29, 2024",SAS vs. OKC,W,15,1,4,0.25,1,3,0.333,0,0,0.0,0,0,0,3,2,0,1,3,3,1,1,2024-02-29
22023,1626224,22300838,"FEB 27, 2024",SAS @ MIN,L,22,4,8,0.5,2,4,0.5,0,0,0.0,1,1,2,1,0,0,0,0,10,-16,1,2024-02-27
22023,1626224,22300825,"FEB 25, 2024",SAS @ UTA,L,15,1,2,0.5,1,2,0.5,0,0,0.0,0,1,1,0,0,0,4,1,3,-15,1,2024-02-25
22023,1626224,22300813,"FEB 23, 2024",SAS @ LAL,L,11,1,2,0.5,0,1,0.0,0,0,0.0,0,2,2,4,0,0,1,0,2,-2,1,2024-02-23
22023,1626224,22300803,"FEB 22, 2024",SAS @ SAC,L,11,2,4,0.5,1,2,0.5,0,0,0.0,0,2,2,3,0,0,0,1,5,-1,1,2024-02-22
22023,1626162,22301028,"MAR 24, 2024",PHI @ LAC,W,25,5,11,0.455,2,5,0.4,0,0,0.0,2,0,2,6,0,1,0,2,12,8,1,2024-03-24
22023,1626162,22301018,"MAR 22, 2024",PHI @ LAL,L,35,6,18,0.333,1,5,0.2,6,7,0.857,2,4,6,3,3,1,2,1,19,3,1,2024-03-22
22023,1626162,22301002,"MAR 20, 2024",PHI @ PHX,L,35,7,20,0.35,2,6,0.333,2,4,0.5,3,2,5,4,3,3,2,1,18,-6,1,2024-03-20
22023,1626162,22300985,"MAR 18, 2024",PHI vs. MIA,W,39,10,19,0.526,2,6,0.333,0,0,0.0,2,9,11,3,0,5,2,1,22,3,1,2024-03-18
22023,1626162,22300969,"MAR 16, 2024",PHI vs. CHA,W,34,8,16,0.5,1,5,0.2,5,5,1.0,1,2,3,1,1,0,4,4,22,4,1,2024-03-16
22023,1626162,22300958,"MAR 14, 2024",PHI @ MIL,L,33,4,13,0.308,0,4,0.0,1,2,0.5,1,3,4,0,0,0,0,1,9,-4,1,2024-03-14
22023,1626162,22300939,"MAR 12, 2024",PHI @ NYK,L,30,7,15,0.467,3,6,0.5,2,4,0.5,1,5,6,1,0,0,2,2,19,-19,1,2024-03-12
22023,1626162,22300927,"MAR 10, 2024",PHI @ NYK,W,33,6,19,0.316,0,3,0.0,6,9,0.667,5,5,10,3,3,0,3,5,18,-4,1,2024-03-10
22023,1626162,22300909,"MAR 08, 2024",PHI vs. NOP,L,34,7,18,0.389,2,6,0.333,4,7,0.571,1,6,7,2,0,0,1,4,20,-12,1,2024-03-08
22023,1626162,22300896,"MAR 06, 2024",PHI vs. MEM,L,34,7,21,0.333,2,7,0.286,9,9,1.0,2,2,4,1,2,1,5,2,25,-10,1,2024-03-06
22023,1626162,22300887,"MAR 05, 2024",PHI @ BKN,L,36,11,20,0.55,2,5,0.4,6,8,0.75,1,5,6,4,0,0,1,4,30,3,1,2024-03-05
22023,1626162,22300871,"MAR 03, 2024",PHI @ DAL,W,26,7,17,0.412,1,7,0.143,6,7,0.857,3,2,5,4,0,1,0,4,21,-9,1,2024-03-03
22023,1626162,22300836,"FEB 27, 2024",PHI @ BOS,L,22,1,6,0.167,0,2,0.0,1,2,0.5,0,1,1,1,1,0,0,3,3,-6,1,2024-02-27
22023,1626162,22300817,"FEB 25, 2024",PHI vs. MIL,L,29,5,15,0.333,1,5,0.2,1,2,0.5,5,4,9,2,3,0,3,3,12,-21,1,2024-02-25
22023,1626162,22300805,"FEB 23, 2024",PHI vs. CLE,W,28,4,9,0.444,1,3,0.333,1,2,0.5,1,4,5,1,1,0,3,5,10,3,1,2024-02-23
22023,1626162,22300794,"FEB 22, 2024",PHI vs. NYK,L,33,6,14,0.429,0,3,0.0,2,2,1.0,1,3,4,0,2,0,5,3,14,-3,1,2024-02-22
22023,101108,22301031,"MAR 24, 2024",GSW @ MIN,L,20,3,8,0.375,1,3,0.333,0,0,0.0,1,3,4,6,0,0,1,2,7,-5,1,2024-03-24
22023,101108,22301016,"MAR 22, 2024",GSW vs. IND,L,25,5,10,0.5,2,5,0.4,0,0,0.0,2,4,6,4,0,0,2,4,12,-2,1,2024-03-22
22023,101108,22301001,"MAR 20, 2024",GSW vs. MEM,W,24,5,8,0.625,2,3,0.667,0,0,0.0,0,4,4,14,0,0,0,2,12,3,1,2024-03-20
22023,101108,22300988,"MAR 18, 2024",GSW vs. NYK,L,20,6,9,0.667,2,2,1.0,0,0,0.0,0,4,4,4,1,0,1,3,14,-2,1,2024-03-18
22023,101108,22300973,"MAR 16, 2024",GSW @ LAL,W,19,4,7,0.571,0,0,0.0,0,0,0.0,1,5,6,4,0,0,1,2,8,1,1,2024-03-16
22023,101108,22300952,"MAR 13, 2024",GSW @ DAL,L,31,4,12,0.333,1,4,0.25,0,0,0.0,0,4,4,4,0,0,0,3,9,-14,1,2024-03-13
22023,101108,22300936,"MAR 11, 2024",GSW @ SAS,W,33,9,19,0.474,1,4,0.25,0,0,0.0,2,7,9,8,1,0,1,4,19,7,1,2024-03-11
22023,101108,22300921,"MAR 09, 2024",GSW vs. SAS,L,29,4,9,0.444,2,3,0.667,0,0,0.0,0,4,4,9,3,0,0,1,10,-3,1,2024-03-09
22023,101108,22300907,"MAR 07, 2024",GSW vs. CHI,L,24,6,8,0.75,1,3,0.333,2,2,1.0,1,3,4,5,0,0,1,0,15,-15,1,2024-03-07
22023,101108,22300899,"MAR 06, 2024",GSW vs. MIL,W,20,2,5,0.4,2,5,0.4,0,0,0.0,0,2,2,9,3,0,2,1,6,14,1,2024-03-06
22023,101108,22300872,"MAR 03, 2024",GSW @ BOS,L,21,1,6,0.167,0,3,0.0,0,0,0.0,0,3,3,7,1,0,2,0,2,-29,1,2024-03-03
22023,101108,22300860,"MAR 01, 2024",GSW @ TOR,W,24,5,10,0.5,3,6,0.5,0,0,0.0,0,4,4,5,2,0,0,2,13,5,1,2024-03-01
22023,101108,22300852,"FEB 29, 2024",GSW @ NYK,W,26,3,8,0.375,2,4,0.5,3,4,0.75,0,4,4,6,3,0,1,2,11,-7,1,2024-02-29
22023,101108,22300834,"FEB 27, 2024",GSW @ WAS,W,22,3,6,0.5,3,5,0.6,0,0,0.0,1,3,4,6,4,0,2,1,9,17,1,2024-02-27
22023,1626166,22301028,"MAR 24, 2024",PHI @ LAC,W,24,8,15,0.533,5,10,0.5,2,2,1.0,1,4,5,3,1,2,4,2,23,16,1,2024-03-24
22023,1626166,22301018,"MAR 22, 2024",PHI @ LAL,L,12,3,9,0.333,1,3,0.333,0,0,0.0,0,0,0,2,1,0,0,1,7,-6,1,2024-03-22
22023,1626166,22301002,"MAR 20, 2024",PHI @ PHX,L,15,5,10,0.5,2,4,0.5,0,0,0.0,0,1,1,3,1,0,0,1,12,-20,1,2024-03-20
22023,1626166,22300985,"MAR 18, 2024",PHI vs. MIA,W,16,1,5,0.2,1,3,0.333,0,0,0.0,0,2,2,3,0,0,2,0,3,-6,1,2024-03-18
22023,1626166,22300969,"MAR 16, 2024",PHI vs. CHA,W,19,4,7,0.571,2,5,0.4,0,0,0.0,0,0,0,4,1,0,1,0,10,0,1,2024-03-16
22023,1626166,22300958,"MAR 14, 2024",PHI @ MIL,L,12,5,6,0.833,3,3,1.0,0,0,0.0,1,0,1,2,0,0,3,0,13,-1,1,2024-03-14
22023,1626166,22300939,"MAR 12, 2024",PHI @ NYK,L,20,2,9,0.222,0,3,0.0,3,4,0.75,0,1,1,1,0,1,0,5,7,-21,1,2024-03-12
22023,1626166,22300927,"MAR 10, 2024",PHI @ NYK,W,29,3,13,0.231,1,6,0.167,0,0,0.0,0,1,1,5,0,1,2,4,7,12,1,2024-03-10
22023,1626166,22300909,"MAR 08, 2024",PHI vs. NOP,L,23,5,9,0.556,0,3,0.0,3,3,1.0,0,1,1,4,1,0,2,1,13,4,1,2024-03-08
22023,1626166,22300896,"MAR 06, 2024",PHI vs. MEM,L,28,6,17,0.353,2,6,0.333,2,2,1.0,3,2,5,4,1,0,0,2,16,-18,1,2024-03-06
22023,1626166,22300887,"MAR 05, 2024",PHI @ BKN,L,23,5,10,0.5,3,7,0.429,2,2,1.0,0,3,3,1,1,0,1,3,15,-2,1,2024-03-05
22023,1626166,22300858,"MAR 01, 2024",PHI vs. CHA,W,17,2,6,0.333,1,4,0.25,0,0,0.0,0,0,0,7,0,0,2,4,5,0,1,2024-03-01
22023,1626166,22300836,"FEB 27, 2024",PHI @ BOS,L,16,5,9,0.556,3,5,0.6,0,0,0.0,0,0,0,2,0,1,2,2,13,10,1,2024-02-27
22023,1626166,22300817,"FEB 25, 2024",PHI vs. MIL,L,8,1,4,0.25,1,4,0.25,0,0,0.0,0,1,1,0,0,0,0,0,3,-5,1,2024-02-25
22023,1626166,22300805,"FEB 23, 2024",PHI vs. CLE,W,20,6,11,0.545,4,6,0.667,0,0,0.0,0,1,1,2,1,0,1,0,16,4,1,2024-02-23
22023,1626166,22300794,"FEB 22, 2024",PHI vs. NYK,L,9,3,6,0.5,0,0,0.0,1,1,1.0,0,0,0,0,0,0,1,2,7,-4,1,2024-02-22
22023,1627780,22301031,"MAR 24, 2024",GSW @ MIN,L,24,1,3,0.333,0,0,0.0,0,0,0.0,3,5,8,7,1,0,1,1,2,8,1,2024-03-24
22023,1627780,22301016,"MAR 22, 2024",GSW vs. IND,L,8,0,1,0.0,0,0,0.0,1,2,0.5,1,0,1,0,0,0,1,0,1,-10,1,2024-03-22
22023,1627780,22301001,"MAR 20, 2024",GSW vs. MEM,W,11,2,2,1.0,0,0,0.0,0,0,0.0,1,0,1,1,0,0,1,3,4,-3,1,2024-03-20
22023,1627780,22300988,"MAR 18, 2024",GSW vs. NYK,L,17,2,2,1.0,1,1,1.0,1,2,0.5,0,0,0,1,0,0,2,2,6,5,1,2024-03-18
22023,1627780,22300973,"MAR 16, 2024",GSW @ LAL,W,7,1,3,0.333,1,1,1.0,0,0,0.0,1,0,1,1,0,1,0,2,3,-4,1,2024-03-16
22023,1627780,22300952,"MAR 13, 2024",GSW @ DAL,L,16,0,3,0.0,0,2,0.0,0,0,0.0,3,1,4,2,1,0,0,2,0,-4,1,2024-03-13
22023,1627780,22300936,"MAR 11, 2024",GSW @ SAS,W,15,0,0,0.0,0,0,0.0,0,0,0.0,0,0,0,2,0,0,0,1,0,1,1,2024-03-11
22023,1627780,22300907,"MAR 07, 2024",GSW vs. CHI,L,11,0,1,0.0,0,0,0.0,0,0,0.0,1,1,2,1,0,0,1,1,0,2,1,2024-03-07
22023,1627780,22300899,"MAR 06, 2024",GSW vs. MIL,W,16,4,4,1.0,1,1,1.0,0,0,0.0,0,3,3,0,1,1,0,2,9,19,1,2024-03-06
22023,1627780,22300872,"MAR 03, 2024",GSW @ BOS,L,22,3,5,0.6,0,0,0.0,0,1,0.0,2,2,4,1,1,0,3,1,6,-23,1,2024-03-03
22023,1627780,22300860,"MAR 01, 2024",GSW @ TOR,W,14,2,4,0.5,0,1,0.0,0,0,0.0,3,1,4,1,1,0,0,0,4,0,1,2024-03-01
22023,1627780,22300852,"FEB 29, 2024",GSW @ NYK,W,9,0,1,0.0,0,0,0.0,0,0,0.0,0,2,2,1,0,1,0,2,0,-12,1,2024-02-29
22023,1627780,22300834,"FEB 27, 2024",GSW @ WAS,W,18,6,10,0.6,1,1,1.0,0,0,0.0,4,0,4,2,3,1,1,1,13,7,1,2024-02-27
22023,1627780,22300824,"FEB 25, 2024",GSW vs. DEN,L,14,0,1,0.0,0,0,0.0,0,0,0.0,3,2,5,1,2,0,0,1,0,7,1,2024-02-25
22023,1627780,22300811,"FEB 23, 2024",GSW vs. CHA,W,11,5,8,0.625,1,2,0.5,1,2,0.5,0,0,0,0,1,0,0,1,12,6,1,2024-02-23
22023,1641763,22300948,"MAR 13, 2024",CHI @ IND,W,11,0,2,0.0,0,1,0.0,0,0,0.0,0,1,1,0,0,1,1,2,0,-8,1,2024-03-13
22023,1641763,22300935,"MAR 11, 2024",CHI vs. DAL,L,28,3,7,0.429,2,3,0.667,3,3,1.0,2,1,3,0,2,0,0,0,11,-9,1,2024-03-11
22023,1641763,22300917,"MAR 09, 2024",CHI @ LAC,L,5,0,1,0.0,0,1,0.0,0,0,0.0,0,0,0,0,0,0,0,2,0,-2,1,2024-03-09
22023,1641763,22300907,"MAR 07, 2024",CHI @ GSW,W,4,1,2,0.5,1,2,0.5,0,0,0.0,0,0,0,0,1,0,0,0,3,6,1,2024-03-07
22023,1641763,22300898,"MAR 06, 2024",CHI @ UTA,W,15,2,3,0.667,2,3,0.667,0,0,0.0,1,3,4,0,1,0,1,2,6,6,1,2024-03-06
22023,1641763,22300883,"MAR 04, 2024",CHI @ SAC,W,14,2,4,0.5,0,1,0.0,2,2,1.0,0,1,1,0,0,0,1,0,6,3,1,2024-03-04
22023,1641763,22300864,"MAR 01, 2024",CHI vs. MIL,L,13,0,2,0.0,0,1,0.0,0,0,0.0,0,1,1,2,1,0,0,1,0,-4,1,2024-03-01
22023,1641763,22300846,"FEB 28, 2024",CHI vs. CLE,W,14,2,6,0.333,1,2,0.5,2,3,0.667,3,2,5,2,1,0,0,1,7,9,1,2024-02-28
22023,1641763,22300823,"FEB 25, 2024",CHI @ NOP,W,2,0,0,0.0,0,0,0.0,0,0,0.0,0,0,0,0,0,0,0,0,0,3,1,2024-02-25
22023,1641763,22300797,"FEB 22, 2024",CHI vs. BOS,L,18,4,5,0.8,1,1,1.0,0,0,0.0,0,2,2,1,0,0,0,1,9,-5,1,2024-02-22
22023,1629618,22300922,"MAR 09, 2024",DEN vs. UTA,W,2,0,0,0.0,0,0,0.0,0,0,0.0,0,0,0,1,0,0,1,0,0,2,1,2024-03-09
22023,1629618,22300847,"FEB 28, 2024",DEN vs. SAC,W,4,0,1,0.0,0,1,0.0,0,0,0.0,0,0,0,1,0,0,1,2,0,-1,1,2024-02-28
22023,1629618,22300824,"FEB 25, 2024",DEN @ GSW,W,2,0,0,0.0,0,0,0.0,0,0,0.0,0,0,0,0,0,0,0,0,0,2,1,2024-02-25
22023,1629618,22300812,"FEB 23, 2024",DEN @ POR,W,2,0,1,0.0,0,1,0.0,1,2,0.5,0,0,0,0,0,0,0,1,1,-7,1,2024-02-23
22023,1629618,22300800,"FEB 22, 2024",DEN vs. WAS,W,2,0,0,0.0,0,0,0.0,0,0,0.0,0,0,0,1,0,0,0,0,0,-3,1,2024-02-22
22023,203486,22301028,"MAR 24, 2024",LAC vs. PHI,L,12,2,2,1.0,0,0,0.0,4,4,1.0,2,3,5,1,0,1,2,1,8,-11,1,2024-03-24
22023,203486,22301017,"MAR 22, 2024",LAC @ POR,W,9,1,3,0.333,0,0,0.0,3,4,0.75,1,2,3,0,1,0,1,1,5,-15,1,2024-03-22
22023,203486,22301003,"MAR 20, 2024",LAC @ POR,W,4,0,2,0.0,0,0,0.0,0,0,0.0,2,1,3,0,0,0,0,1,0,-7,1,2024-03-20
22023,203486,22300982,"MAR 17, 2024",LAC vs. ATL,L,7,1,2,0.5,0,0,0.0,3,4,0.75,0,2,2,1,0,0,0,0,5,-3,1,2024-03-17
22023,203486,22300964,"MAR 15, 2024",LAC @ NOP,L,6,1,1,1.0,0,0,0.0,1,1,1.0,0,2,2,0,0,0,1,2,3,7,1,2024-03-15
22023,203486,22300956,"MAR 14, 2024",LAC @ CHI,W,2,0,1,0.0,0,0,0.0,0,0,0.0,0,0,0,1,0,0,0,0,0,-4,1,2024-03-14
22023,203486,22300944,"MAR 12, 2024",LAC vs. MIN,L,4,0,1,0.0,0,1,0.0,0,0,0.0,0,3,3,2,0,0,1,0,0,2,1,2024-03-12
22023,203486,22300924,"MAR 10, 2024",LAC vs. MIL,L,7,1,3,0.333,0,0,0.0,0,0,0.0,1,2,3,3,0,0,1,0,2,-3,1,2024-03-10
22023,203486,22300897,"MAR 06, 2024",LAC @ HOU,W,20,4,5,0.8,0,0,0.0,0,2,0.0,4,7,11,0,0,3,1,5,8,14,1,2024-03-06
22023,203486,22300865,"MAR 01, 2024",LAC vs. WAS,W,20,2,5,0.4,0,0,0.0,0,0,0.0,1,9,10,1,1,1,2,2,4,12,1,2024-03-01
22023,203486,22300848,"FEB 28, 2024",LAC vs. LAL,L,16,3,3,1.0,0,0,0.0,2,4,0.5,2,2,4,2,1,0,2,1,8,-1,1,2024-02-28
22023,203486,22300807,"FEB 23, 2024",LAC @ MEM,W,8,0,1,0.0,0,0,0.0,6,6,1.0,0,1,1,0,0,0,0,2,6,-5,1,2024-02-23
22023,203486,22300799,"FEB 22, 2024",LAC @ OKC,L,8,1,2,0.5,0,0,0.0,0,0,0.0,1,3,4,1,0,0,0,1,2,-12,1,2024-02-22
22023,1641764,22301031,"MAR 24, 2024",GSW @ MIN,L,19,2,4,0.5,1,3,0.333,2,2,1.0,0,2,2,0,0,0,0,2,7,-11,1,2024-03-24
22023,1641764,22301016,"MAR 22, 2024",GSW vs. IND,L,27,5,8,0.625,3,5,0.6,0,0,0.0,5,5,10,2,1,0,2,2,13,6,1,2024-03-22
22023,1641764,22301001,"MAR 20, 2024",GSW vs. MEM,W,23,1,6,0.167,0,2,0.0,0,0,0.0,1,4,5,4,2,0,1,0,2,1,1,2024-03-20
22023,1641764,22300988,"MAR 18, 2024",GSW vs. NYK,L,25,0,2,0.0,0,1,0.0,0,0,0.0,1,1,2,2,0,1,1,3,0,-15,1,2024-03-18
22023,1641764,22300973,"MAR 16, 2024",GSW @ LAL,W,35,2,4,0.5,1,2,0.5,0,0,0.0,3,2,5,3,0,0,1,1,5,13,1,2024-03-16
22023,1641764,22300952,"MAR 13, 2024",GSW @ DAL,L,28,4,12,0.333,2,5,0.4,1,2,0.5,1,4,5,6,4,0,2,1,11,-4,1,2024-03-13
22023,1641764,22300936,"MAR 11, 2024",GSW @ SAS,W,35,5,10,0.5,3,5,0.6,1,1,1.0,1,7,8,4,1,1,2,2,14,17,1,2024-03-11
22023,1641764,22300921,"MAR 09, 2024",GSW vs. SAS,L,31,2,7,0.286,1,1,1.0,3,4,0.75,4,2,6,7,1,1,2,0,8,-8,1,2024-03-09
22023,1641764,22300907,"MAR 07, 2024",GSW vs. CHI,L,27,4,7,0.571,1,2,0.5,2,4,0.5,1,3,4,4,1,0,0,1,11,7,1,2024-03-07
22023,1641764,22300899,"MAR 06, 2024",GSW vs. MIL,W,26,3,7,0.429,2,5,0.4,0,0,0.0,1,6,7,3,0,1,1,1,8,11,1,2024-03-06
22023,1641764,22300852,"FEB 29, 2024",GSW @ NYK,W,32,1,6,0.167,0,4,0.0,0,1,0.0,1,2,3,4,1,0,0,1,2,17,1,2024-02-29
22023,1641764,22300834,"FEB 27, 2024",GSW @ WAS,W,28,3,8,0.375,1,2,0.5,0,0,0.0,2,2,4,4,2,1,2,2,7,14,1,2024-02-27
22023,1641764,22300824,"FEB 25, 2024",GSW vs. DEN,L,30,2,6,0.333,0,1,0.0,0,0,0.0,2,4,6,4,1,0,2,0,4,-13,1,2024-02-25
22023,1641764,22300811,"FEB 23, 2024",GSW vs. CHA,W,31,6,12,0.5,1,6,0.167,0,0,0.0,1,5,6,6,0,0,0,0,13,12,1,2024-02-23
22023,1641764,22300802,"FEB 22, 2024",GSW vs. LAL,W,28,3,12,0.25,2,6,0.333,2,2,1.0,3,6,9,1,0,0,2,1,10,6,1,2024-02-22
22023,1627751,22300875,"MAR 03, 2024",TOR vs. CHA,W,15,4,6,0.667,0,0,0.0,0,0,0.0,1,1,2,3,0,1,1,2,8,14,1,2024-03-03
22023,1627751,22300860,"MAR 01, 2024",TOR vs. GSW,L,25,5,10,0.5,0,0,0.0,0,2,0.0,5,9,14,2,1,1,2,5,10,-11,1,2024-03-01
22023,1627751,22300844,"FEB 28, 2024",TOR vs. DAL,L,29,7,12,0.583,0,0,0.0,2,3,0.667,3,4,7,6,4,2,0,4,16,-1,1,2024-02-28
22023,1627751,22300829,"FEB 26, 2024",TOR @ IND,W,22,7,10,0.7,0,0,0.0,1,1,1.0,5,5,10,4,0,1,0,3,15,10,1,2024-02-26
22023,1627751,22300804,"FEB 23, 2024",TOR @ ATL,W,26,6,13,0.462,0,0,0.0,0,0,0.0,6,7,13,6,0,2,1,1,12,4,1,2024-02-23
22023,1627751,22300795,"FEB 22, 2024",TOR vs. BKN,W,26,3,7,0.429,0,0,0.0,2,4,0.5,1,8,9,2,1,3,1,2,8,26,1,2024-02-22
22023,1630197,22301021,"MAR 23, 2024",CHA @ ATL,L,24,2,4,0.5,1,3,0.333,4,4,1.0,2,3,5,4,2,0,0,1,9,-29,1,2024-03-23
22023,1630197,22300991,"MAR 19, 2024",CHA @ ORL,L,28,1,5,0.2,0,1,0.0,1,1,1.0,0,5,5,1,1,0,3,1,3,-12,1,2024-03-19
22023,1630197,22300969,"MAR 16, 2024",CHA @ PHI,L,21,2,7,0.286,1,3,0.333,0,0,0.0,1,2,3,2,2,0,0,2,5,-6,1,2024-03-16
22023,1630197,22300961,"MAR 15, 2024",CHA vs. PHX,L,16,2,9,0.222,0,4,0.0,0,0,0.0,2,3,5,3,1,1,0,1,4,-19,1,2024-03-15
22023,1630197,22300950,"MAR 13, 2024",CHA @ MEM,W,27,4,5,0.8,1,2,0.5,0,0,0.0,1,4,5,3,1,2,3,2,9,10,1,2024-03-13
22023,1630197,22300933,"MAR 11, 2024",CHA @ DET,L,11,1,4,0.25,0,0,0.0,0,0,0.0,1,0,1,2,0,1,0,0,2,12,1,2024-03-11
22023,1630197,22300918,"MAR 09, 2024",CHA vs. BKN,W,8,2,2,1.0,1,1,1.0,2,2,1.0,0,2,2,0,1,1,1,0,7,7,1,2024-03-09
22023,1629673,22301022,"MAR 23, 2024",WAS vs. TOR,W,38,6,14,0.429,2,8,0.25,4,4,1.0,1,3,4,12,3,0,3,3,18,7,1,2024-03-23
22023,1629673,22301005,"MAR 21, 2024",WAS vs. SAC,W,36,5,11,0.455,1,4,0.25,3,3,1.0,1,1,2,2,3,0,3,2,14,7,1,2024-03-21
22023,1629673,22300992,"MAR 19, 2024",WAS vs. HOU,L,28,5,18,0.278,2,6,0.333,1,1,1.0,0,5,5,2,0,0,2,4,13,-24,1,2024-03-19
22023,1629673,22300980,"MAR 17, 2024",WAS vs. BOS,L,23,12,19,0.632,3,6,0.5,4,5,0.8,1,1,2,4,0,0,1,2,31,-18,1,2024-03-17
22023,1629673,22300971,"MAR 16, 2024",WAS @ CHI,L,23,4,12,0.333,3,6,0.5,2,2,1.0,0,0,0,8,1,0,4,0,13,-15,1,2024-03-16
22023,1629673,22300957,"MAR 14, 2024",WAS @ HOU,L,32,10,19,0.526,5,12,0.417,0,0,0.0,0,1,1,2,2,0,2,4,25,-6,1,2024-03-14
22023,1629673,22300940,"MAR 12, 2024",WAS @ MEM,L,27,4,11,0.364,2,6,0.333,0,0,0.0,1,2,3,4,0,1,2,2,10,-2,1,2024-03-12
22023,1629673,22300926,"MAR 10, 2024",WAS @ MIA,W,23,2,6,0.333,2,5,0.4,0,0,0.0,0,4,4,6,1,0,4,5,6,-21,1,2024-03-10
22023,1629673,22300910,"MAR 08, 2024",WAS vs. CHA,W,34,6,17,0.353,2,10,0.2,1,2,0.5,1,4,5,7,2,3,4,2,15,8,1,2024-03-08
22023,1629673,22300894,"MAR 06, 2024",WAS vs. ORL,L,32,9,19,0.474,4,12,0.333,4,4,1.0,1,3,4,5,0,0,3,4,26,4,1,2024-03-06
22023,1629673,22300882,"MAR 04, 2024",WAS @ UTA,L,29,11,18,0.611,6,10,0.6,4,4,1.0,0,1,1,2,2,1,3,2,32,-17,1,2024-03-04
22023,1629673,22300865,"MAR 01, 2024",WAS @ LAC,L,21,7,15,0.467,1,4,0.25,1,1,1.0,0,4,4,4,0,0,1,4,16,-17,1,2024-03-01
22023,1629673,22300856,"FEB 29, 2024",WAS @ LAL,L,38,13,26,0.5,5,12,0.417,3,4,0.75,0,3,3,7,1,1,3,4,34,-12,1,2024-02-29
22023,1629673,22300834,"FEB 27, 2024",WAS vs. GSW,L,29,5,17,0.294,2,8,0.25,0,0,0.0,1,2,3,5,2,0,6,3,12,8,1,2024-02-27
22023,1629673,22300820,"FEB 25, 2024",WAS vs. CLE,L,38,11,21,0.524,6,13,0.462,3,3,1.0,0,5,5,5,1,0,2,6,31,-3,1,2024-02-25
22023,1629673,22300809,"FEB 23, 2024",WAS @ OKC,L,23,7,19,0.368,2,8,0.25,5,5,1.0,0,3,3,3,0,0,3,4,21,-21,1,2024-02-23
22023,1629673,22300800,"FEB 22, 2024",WAS @ DEN,L,30,4,17,0.235,3,9,0.333,7,9,0.778,0,1,1,1,2,0,2,3,18,-9,1,2024-02-22
22023,1641854,22301029,"MAR 24, 2024",CLE @ MIA,L,27,3,6,0.5,0,0,0.0,2,2,1.0,1,3,4,4,0,1,2,0,8,-19,1,2024-03-24
22023,1641854,22300996,"MAR 20, 2024",CLE vs. MIA,L,4,0,1,0.0,0,1,0.0,2,2,1.0,0,0,0,0,0,0,0,1,2,-7,1,2024-03-20
22023,1641854,22300983,"MAR 18, 2024",CLE @ IND,W,7,0,3,0.0,0,1,0.0,0,0,0.0,0,2,2,2,1,0,0,0,0,-4,1,2024-03-18
22023,1641854,22300967,"MAR 16, 2024",CLE @ HOU,L,6,2,3,0.667,0,1,0.0,0,0,0.0,0,1,1,2,0,0,2,0,4,7,1,2024-03-16
22023,1641854,22300951,"MAR 13, 2024",CLE @ NOP,W,4,1,1,1.0,0,0,0.0,0,0,0.0,0,0,0,0,0,0,1,0,2,-2,1,2024-03-13
22023,1641854,22300934,"MAR 11, 2024",CLE vs. PHX,L,22,5,7,0.714,1,2,0.5,2,2,1.0,2,4,6,1,0,0,1,3,13,-1,1,2024-03-11
22023,1641854,22300930,"MAR 10, 2024",CLE vs. BKN,L,25,5,11,0.455,3,4,0.75,0,0,0.0,0,2,2,4,0,0,2,1,13,-13,1,2024-03-10
22023,1641854,22300911,"MAR 08, 2024",CLE vs. MIN,W,3,0,0,0.0,0,0,0.0,0,0,0.0,0,0,0,0,0,0,1,1,0,-9,1,2024-03-08
22023,1641854,22300895,"MAR 06, 2024",CLE @ ATL,L,15,6,8,0.75,0,1,0.0,1,1,1.0,2,2,4,2,1,0,1,0,13,0,1,2024-03-06
22023,1641854,22300886,"MAR 05, 2024",CLE vs. BOS,W,6,0,3,0.0,0,1,0.0,0,0,0.0,1,1,2,2,0,0,0,0,0,-2,1,2024-03-05
22023,1641854,22300876,"MAR 03, 2024",CLE vs. NYK,L,8,2,4,0.5,0,0,0.0,0,0,0.0,0,1,1,2,1,0,0,0,4,-3,1,2024-03-03
22023,1641854,22300857,"MAR 01, 2024",CLE @ DET,W,11,1,2,0.5,0,0,0.0,2,2,1.0,0,3,3,0,0,0,1,3,4,5,1,2024-03-01
22023,1641854,22300805,"FEB 23, 2024",CLE @ PHI,L,5,1,3,0.333,0,0,0.0,0,0,0.0,0,0,0,1,0,0,0,0,2,-6,1,2024-02-23
22023,1641854,22300792,"FEB 22, 2024",CLE vs. ORL,L,4,1,2,0.5,0,0,0.0,0,0,0.0,0,1,1,0,0,0,0,0,2,-5,1,2024-02-22
22023,1629008,22301026,"MAR 23, 2024",DEN @ POR,W,35,5,12,0.417,1,5,0.2,1,2,0.5,3,6,9,3,0,0,2,2,12,-3,1,2024-03-23
22023,1629008,22301009,"MAR 21, 2024",DEN vs. NYK,W,37,13,16,0.813,3,6,0.5,2,2,1.0,1,7,8,0,0,0,1,1,31,25,1,2024-03-21
22023,1629008,22300995,"MAR 19, 2024",DEN @ MIN,W,32,9,15,0.6,4,7,0.571,4,5,0.8,1,3,4,1,0,0,3,2,26,8,1,2024-03-19
22023,1629008,22300978,"MAR 17, 2024",DEN @ DAL,L,37,6,13,0.462,4,9,0.444,4,4,1.0,2,5,7,3,2,2,1,2,20,6,1,2024-03-17
22023,1629008,22300965,"MAR 15, 2024",DEN @ SAS,W,23,5,9,0.556,2,5,0.4,1,1,1.0,0,7,7,1,1,0,0,1,13,5,1,2024-03-15
22023,1629008,22300949,"MAR 13, 2024",DEN @ MIA,W,34,9,16,0.563,5,9,0.556,2,2,1.0,2,5,7,0,0,0,1,0,25,10,1,2024-03-13
22023,1629008,22300937,"MAR 11, 2024",DEN vs. TOR,W,33,8,14,0.571,2,6,0.333,1,2,0.5,3,5,8,3,1,1,0,2,19,-2,1,2024-03-11
22023,1629008,22300922,"MAR 09, 2024",DEN vs. UTA,W,22,8,13,0.615,3,5,0.6,0,0,0.0,1,3,4,2,1,1,2,1,19,12,1,2024-03-09
22023,1629008,22300906,"MAR 07, 2024",DEN vs. BOS,W,30,4,9,0.444,1,4,0.25,0,0,0.0,0,2,2,1,0,0,0,4,9,-4,1,2024-03-07
22023,1629008,22300893,"MAR 05, 2024",DEN vs. PHX,L,40,8,18,0.444,4,12,0.333,0,0,0.0,0,7,7,0,1,0,2,3,20,-6,2,2024-03-05
22023,1629008,22300869,"MAR 02, 2024",DEN @ LAL,W,37,10,10,1.0,5,5,1.0,0,0,0.0,0,10,10,4,1,1,1,0,25,4,1,2024-03-02
22023,1629008,22300855,"FEB 29, 2024",DEN vs. MIA,W,38,12,23,0.522,4,10,0.4,2,2,1.0,2,9,11,3,2,2,2,2,30,1,1,2024-02-29
22023,1629008,22300847,"FEB 28, 2024",DEN vs. SAC,W,24,5,11,0.455,2,6,0.333,2,2,1.0,0,5,5,1,0,1,3,3,14,35,1,2024-02-28
22023,1629008,22300824,"FEB 25, 2024",DEN @ GSW,W,32,3,11,0.273,1,6,0.167,2,2,1.0,0,7,7,1,1,0,0,1,9,8,1,2024-02-25
22023,1629008,22300812,"FEB 23, 2024",DEN @ POR,W,34,13,21,0.619,5,10,0.5,3,3,1.0,4,8,12,1,1,1,0,3,34,17,1,2024-02-23
22023,1629008,22300800,"FEB 22, 2024",DEN vs. WAS,W,31,9,16,0.563,2,7,0.286,2,2,1.0,5,6,11,2,0,0,2,2,22,10,1,2024-02-22
22023,1626171,22301030,"MAR 24, 2024",MIL vs. OKC,W,28,7,13,0.538,0,2,0.0,1,2,0.5,1,5,6,2,3,0,3,3,15,17,1,2024-03-24
22023,1626171,22301007,"MAR 21, 2024",MIL vs. BKN,W,30,2,10,0.2,0,2,0.0,2,2,1.0,2,7,9,2,2,1,0,3,6,15,1,2024-03-21
22023,1626171,22300998,"MAR 20, 2024",MIL @ BOS,L,33,11,20,0.55,2,3,0.667,0,1,0.0,5,10,15,0,0,1,2,3,24,-5,1,2024-03-20
22023,1626171,22300976,"MAR 17, 2024",MIL vs. PHX,W,30,13,20,0.65,5,5,1.0,0,0,0.0,3,7,10,2,3,0,1,0,31,15,1,2024-03-17
22023,1626171,22300958,"MAR 14, 2024",MIL vs. PHI,W,22,4,6,0.667,0,1,0.0,0,0,0.0,0,3,3,1,1,0,4,0,8,-1,1,2024-03-14
22023,1626171,22300945,"MAR 12, 2024",MIL @ SAC,L,21,4,7,0.571,0,0,0.0,3,4,0.75,0,7,7,1,0,0,0,3,11,-11,1,2024-03-12
22023,1626171,22300924,"MAR 10, 2024",MIL @ LAC,W,26,5,14,0.357,1,2,0.5,0,0,0.0,3,5,8,1,0,0,0,1,11,-2,1,2024-03-10
22023,1626171,22300915,"MAR 08, 2024",MIL @ LAL,L,26,6,13,0.462,0,4,0.0,2,2,1.0,1,7,8,0,0,0,0,2,14,-11,1,2024-03-08
22023,1626171,22300899,"MAR 06, 2024",MIL @ GSW,L,24,8,13,0.615,2,4,0.5,2,2,1.0,0,6,6,1,0,0,5,5,20,-24,1,2024-03-06
22023,1626171,22300880,"MAR 04, 2024",MIL vs. LAC,W,30,12,18,0.667,2,3,0.667,2,2,1.0,1,15,16,2,0,0,1,4,28,14,1,2024-03-04
22023,1626171,22300864,"MAR 01, 2024",MIL @ CHI,W,26,4,13,0.308,1,5,0.2,2,4,0.5,3,6,9,1,2,1,0,1,11,3,1,2024-03-01
22023,1626171,22300849,"FEB 29, 2024",MIL @ CHA,W,28,5,11,0.455,0,3,0.0,4,5,0.8,1,9,10,4,3,0,1,0,14,8,1,2024-02-29
22023,1626171,22300840,"FEB 27, 2024",MIL vs. CHA,W,20,9,16,0.563,2,4,0.5,1,1,1.0,3,5,8,3,0,0,1,2,21,34,1,2024-02-27
22023,1626171,22300817,"FEB 25, 2024",MIL @ PHI,W,19,7,11,0.636,3,4,0.75,0,0,0.0,1,4,5,1,1,2,2,2,17,-3,1,2024-02-25
22023,1626171,22300808,"FEB 23, 2024",MIL @ MIN,W,22,7,13,0.538,0,2,0.0,0,0,0.0,1,4,5,1,0,0,0,1,14,-4,1,2024-02-23
22023,204001,22301011,"MAR 22, 2024",BOS @ DET,W,26,7,15,0.467,2,6,0.333,3,4,0.75,2,2,4,1,3,2,0,5,19,22,1,2024-03-22
22023,204001,22300998,"MAR 20, 2024",BOS vs. MIL,W,28,6,16,0.375,0,5,0.0,5,6,0.833,3,0,3,2,0,0,2,3,17,-8,1,2024-03-20
22023,204001,22300984,"MAR 18, 2024",BOS vs. DET,W,21,7,14,0.5,5,9,0.556,1,1,1.0,1,7,8,1,1,1,0,2,20,14,1,2024-03-18
22023,204001,22300906,"MAR 07, 2024",BOS @ DEN,L,35,9,23,0.391,3,10,0.3,3,4,0.75,2,10,12,2,1,1,3,2,24,6,1,2024-03-07
22023,204001,22300886,"MAR 05, 2024",BOS @ CLE,L,32,9,18,0.5,3,6,0.5,3,3,1.0,2,7,9,3,2,3,1,2,24,0,1,2024-03-05
22023,204001,22300859,"MAR 01, 2024",BOS vs. DAL,W,29,8,14,0.571,4,8,0.5,4,4,1.0,3,3,6,2,0,1,0,2,24,14,1,2024-03-01
22023,204001,22300836,"FEB 27, 2024",BOS vs. PHI,W,31,5,12,0.417,1,2,0.5,12,12,1.0,4,8,12,1,1,1,1,1,23,29,1,2024-02-27
22023,204001,22300816,"FEB 24, 2024",BOS @ NYK,W,32,7,11,0.636,3,4,0.75,5,5,1.0,2,2,4,4,0,1,1,3,22,12,1,2024-02-24
22023,204001,22300797,"FEB 22, 2024",BOS @ CHI,W,30,5,16,0.313,2,9,0.222,2,2,1.0,0,4,4,1,1,3,1,4,14,13,1,2024-02-22
22023,1630695,22301024,"MAR 23, 2024",UTA @ HOU,L,18,0,2,0.0,0,2,0.0,0,0,0.0,2,1,3,0,0,0,0,0,0,-4,1,2024-03-23
22023,1630695,22301008,"MAR 21, 2024",UTA @ DAL,L,7,1,2,0.5,0,1,0.0,0,0,0.0,0,1,1,0,0,0,0,0,2,-6,1,2024-03-21
22023,1630695,22301000,"MAR 20, 2024",UTA @ OKC,L,15,1,2,0.5,1,2,0.5,0,0,0.0,0,3,3,1,0,1,2,2,3,-1,1,2024-03-20
22023,1630695,22300974,"MAR 16, 2024",UTA vs. MIN,L,13,0,1,0.0,0,0,0.0,2,2,1.0,1,2,3,0,0,0,0,0,2,9,1,2024-03-16
22023,1630695,22300966,"MAR 15, 2024",UTA vs. ATL,W,14,4,4,1.0,2,2,1.0,1,1,1.0,1,1,2,1,0,0,0,1,11,3,1,2024-03-15
22023,1630695,22300943,"MAR 12, 2024",UTA vs. BOS,L,13,3,3,1.0,2,2,1.0,0,0,0.0,0,2,2,0,0,0,0,1,8,-5,1,2024-03-12
22023,203939,22301008,"MAR 21, 2024",DAL vs. UTA,W,1,0,0,0.0,0,0,0.0,0,0,0.0,0,1,1,0,0,0,0,0,0,0,1,2024-03-21
22023,203939,22300952,"MAR 13, 2024",DAL vs. GSW,W,2,0,0,0.0,0,0,0.0,0,0,0.0,0,0,0,0,0,0,0,0,0,-4,1,2024-03-13
22023,203939,22300935,"MAR 11, 2024",DAL @ CHI,W,5,0,1,0.0,0,0,0.0,0,0,0.0,2,0,2,1,0,0,0,1,0,2,1,2024-03-11
22023,203939,22300919,"MAR 09, 2024",DAL @ DET,W,12,1,2,0.5,0,0,0.0,1,1,1.0,1,1,2,1,0,0,1,4,3,-7,1,2024-03-09
22023,203939,22300892,"MAR 05, 2024",DAL vs. IND,L,2,0,0,0.0,0,0,0.0,0,0,0.0,0,0,0,0,1,0,0,0,0,1,1,2024-03-05
22023,203939,22300859,"MAR 01, 2024",DAL @ BOS,L,4,0,0,0.0,0,0,0.0,0,0,0.0,0,0,0,0,0,1,0,1,0,-4,1,2024-03-01
22023,203939,22300819,"FEB 25, 2024",DAL @ IND,L,4,0,0,0.0,0,0,0.0,0,0,0.0,0,0,0,2,0,0,0,0,0,-2,1,2024-02-25
22023,203939,22300796,"FEB 22, 2024",DAL vs. PHX,W,1,0,0,0.0,0,0,0.0,0,0,0.0,0,0,0,0,0,0,0,0,0,-3,1,2024-02-22
22023,1626181,22301028,"MAR 24, 2024",LAC vs. PHI,L,25,7,11,0.636,3,5,0.6,3,3,1.0,1,0,1,1,0,0,1,1,20,-15,1,2024-03-24
22023,1626181,22300964,"MAR 15, 2024",LAC @ NOP,L,26,4,9,0.444,2,6,0.333,5,5,1.0,0,0,0,1,1,0,1,3,15,-11,1,2024-03-15
22023,1626181,22300956,"MAR 14, 2024",LAC @ CHI,W,28,6,10,0.6,3,6,0.5,3,4,0.75,0,2,2,2,1,0,2,3,18,9,1,2024-03-14
22023,1626181,22300944,"MAR 12, 2024",LAC vs. MIN,L,28,4,9,0.444,1,2,0.5,2,3,0.667,1,3,4,2,0,1,1,3,11,-18,1,2024-03-12
22023,1626181,22300924,"MAR 10, 2024",LAC vs. MIL,L,31,9,21,0.429,3,14,0.214,5,6,0.833,0,7,7,2,1,0,1,2,26,2,1,2024-03-10
22023,1626181,22300917,"MAR 09, 2024",LAC vs. CHI,W,27,6,14,0.429,2,9,0.222,4,4,1.0,2,2,4,0,1,0,2,2,18,5,1,2024-03-09
22023,1626181,22300897,"MAR 06, 2024",LAC @ HOU,W,29,4,9,0.444,3,5,0.6,1,2,0.5,0,2,2,0,1,0,0,0,12,5,1,2024-03-06
22023,1626181,22300880,"MAR 04, 2024",LAC @ MIL,L,34,2,8,0.25,1,6,0.167,1,2,0.5,0,3,3,3,2,1,1,3,6,-12,1,2024-03-04
22023,1626181,22300873,"MAR 03, 2024",LAC @ MIN,W,27,9,13,0.692,6,8,0.75,0,0,0.0,0,3,3,0,1,0,1,4,24,19,1,2024-03-03
22023,1626181,22300865,"MAR 01, 2024",LAC vs. WAS,W,22,4,8,0.5,1,3,0.333,0,1,0.0,0,3,3,4,1,0,0,1,9,14,1,2024-03-01
22023,1626181,22300848,"FEB 28, 2024",LAC vs. LAL,L,30,6,15,0.4,2,9,0.222,0,0,0.0,0,4,4,2,1,0,1,2,14,-13,1,2024-02-28
22023,1626181,22300827,"FEB 25, 2024",LAC vs. SAC,L,37,8,17,0.471,5,9,0.556,0,0,0.0,1,1,2,2,1,0,1,1,21,-16,1,2024-02-25
22023,1626181,22300799,"FEB 22, 2024",LAC @ OKC,L,31,7,15,0.467,4,9,0.444,1,2,0.5,1,1,2,1,0,1,3,1,19,-22,1,2024-02-22
22023,1630563,22300865,"MAR 01, 2024",LAC vs. WAS,W,5,0,1,0.0,0,0,0.0,0,0,0.0,1,0,1,0,0,0,1,0,0,1,1,2024-03-01
22023,1627752,22301032,"MAR 24, 2024",LAL vs. IND,W,19,6,8,0.75,2,3,0.667,0,1,0.0,0,2,2,0,0,1,0,3,14,-3,1,2024-03-24
22023,1627752,22300990,"MAR 18, 2024",LAL vs. ATL,W,20,3,8,0.375,2,7,0.286,0,0,0.0,0,5,5,1,0,1,1,2,8,15,1,2024-03-18
22023,1627752,22300973,"MAR 16, 2024",LAL vs. GSW,L,30,3,8,0.375,2,5,0.4,0,0,0.0,1,1,2,3,0,1,0,1,8,-7,1,2024-03-16
22023,1627752,22300954,"MAR 13, 2024",LAL @ SAC,L,13,2,2,1.0,1,1,1.0,2,2,1.0,0,1,1,0,2,0,0,1,7,-13,1,2024-03-13
22023,1627752,22300932,"MAR 10, 2024",LAL vs. MIN,W,24,3,6,0.5,0,3,0.0,0,0,0.0,0,3,3,1,1,1,0,1,6,11,1,2024-03-10
22023,1627752,22300915,"MAR 08, 2024",LAL vs. MIL,W,16,3,7,0.429,2,5,0.4,0,0,0.0,1,5,6,1,0,0,0,0,8,2,1,2024-03-08
22023,1627752,22300901,"MAR 06, 2024",LAL vs. SAC,L,15,2,3,0.667,2,3,0.667,0,0,0.0,0,2,2,0,0,2,1,0,6,-17,1,2024-03-06
22023,1627752,22300884,"MAR 04, 2024",LAL vs. OKC,W,22,5,7,0.714,4,6,0.667,0,0,0.0,0,6,6,1,0,1,1,4,14,29,1,2024-03-04
22023,1627752,22300869,"MAR 02, 2024",LAL vs. DEN,L,12,1,6,0.167,0,2,0.0,0,0,0.0,0,1,1,0,0,0,0,0,2,-4,1,2024-03-02
22023,1627752,22300856,"FEB 29, 2024",LAL vs. WAS,W,17,1,2,0.5,0,0,0.0,0,0,0.0,0,2,2,3,0,0,1,1,2,-2,1,2024-02-29
22023,1627752,22300848,"FEB 28, 2024",LAL @ LAC,W,17,1,4,0.25,0,1,0.0,0,0,0.0,1,1,2,1,1,0,2,2,2,3,1,2024-02-28
22023,1627752,22300818,"FEB 25, 2024",LAL @ PHX,L,27,3,10,0.3,2,6,0.333,0,0,0.0,0,1,1,1,0,0,0,0,8,-13,1,2024-02-25
22023,1627752,22300813,"FEB 23, 2024",LAL vs. SAS,W,19,2,6,0.333,1,3,0.333,0,1,0.0,0,4,4,3,1,0,2,4,5,1,1,2024-02-23
22023,1627752,22300802,"FEB 22, 2024",LAL @ GSW,L,32,5,10,0.5,2,7,0.286,0,0,0.0,0,3,3,2,1,0,1,0,12,-7,1,2024-02-22
22023,1630202,22301023,"MAR 23, 2024",BOS @ CHI,W,34,5,13,0.385,2,6,0.333,3,3,1.0,0,3,3,8,1,0,0,1,15,17,1,2024-03-23
22023,1630202,22301011,"MAR 22, 2024",BOS @ DET,W,38,8,15,0.533,4,9,0.444,0,0,0.0,0,2,2,9,0,0,1,2,20,15,1,2024-03-22
22023,1630202,22300998,"MAR 20, 2024",BOS vs. MIL,W,31,7,11,0.636,5,8,0.625,0,0,0.0,2,4,6,3,0,0,1,2,19,2,1,2024-03-20
22023,1630202,22300984,"MAR 18, 2024",BOS vs. DET,W,38,8,14,0.571,5,9,0.556,2,2,1.0,1,1,2,7,0,0,2,1,23,19,1,2024-03-18
22023,1630202,22300980,"MAR 17, 2024",BOS @ WAS,W,35,6,15,0.4,2,5,0.4,0,0,0.0,2,3,5,13,1,0,1,0,14,16,1,2024-03-17
22023,1630202,22300955,"MAR 14, 2024",BOS vs. PHX,W,19,1,3,0.333,1,1,1.0,0,0,0.0,1,2,3,1,1,0,3,1,3,-2,1,2024-03-14
22023,1630202,22300943,"MAR 12, 2024",BOS @ UTA,W,25,3,12,0.25,2,9,0.222,2,2,1.0,0,2,2,2,0,0,1,2,10,14,1,2024-03-12
22023,1630202,22300938,"MAR 11, 2024",BOS @ POR,W,30,5,11,0.455,1,4,0.25,0,0,0.0,1,7,8,8,0,0,0,0,11,12,1,2024-03-11
22023,1630202,22300920,"MAR 09, 2024",BOS @ PHX,W,23,4,6,0.667,2,4,0.5,0,0,0.0,1,1,2,1,1,0,0,0,10,13,1,2024-03-09
22023,1630202,22300906,"MAR 07, 2024",BOS @ DEN,L,11,0,1,0.0,0,1,0.0,0,0,0.0,0,0,0,0,0,0,0,1,0,-1,1,2024-03-07
22023,1630202,22300886,"MAR 05, 2024",BOS @ CLE,L,13,1,3,0.333,0,1,0.0,0,0,0.0,1,4,5,1,0,0,2,1,2,-7,1,2024-03-05
22023,1630202,22300872,"MAR 03, 2024",BOS vs. GSW,W,27,8,12,0.667,3,5,0.6,0,0,0.0,0,6,6,6,2,0,2,3,19,17,1,2024-03-03
22023,1630202,22300859,"MAR 01, 2024",BOS vs. DAL,W,16,4,7,0.571,2,4,0.5,0,0,0.0,1,1,2,1,0,0,1,2,10,6,1,2024-03-01
22023,1630202,22300836,"FEB 27, 2024",BOS vs. PHI,W,16,1,4,0.25,0,3,0.0,0,0,0.0,0,2,2,0,1,0,1,1,2,-13,1,2024-02-27
22023,1630202,22300816,"FEB 24, 2024",BOS @ NYK,W,15,1,3,0.333,0,1,0.0,0,0,0.0,2,0,2,2,1,0,1,2,2,3,1,2024-02-24
22023,1630202,22300797,"FEB 22, 2024",BOS @ CHI,W,20,3,6,0.5,3,6,0.5,0,0,0.0,0,3,3,1,0,0,2,0,9,-1,1,2024-02-22
22023,1641765,22301008,"MAR 21, 2024",DAL vs. UTA,W,1,0,0,0.0,0,0,0.0,0,0,0.0,0,0,0,0,0,0,0,0,0,0,1,2024-03-21
22023,1641765,22300859,"MAR 01, 2024",DAL @ BOS,L,4,1,2,0.5,0,0,0.0,0,0,0.0,0,1,1,0,1,0,0,0,2,-4,1,2024-03-01
22023,1641765,22300844,"FEB 28, 2024",DAL @ TOR,W,1,0,1,0.0,0,1,0.0,0,0,0.0,0,0,0,0,0,0,0,0,0,-1,1,2024-02-28
22023,1641765,22300796,"FEB 22, 2024",DAL vs. PHX,W,1,0,0,0.0,0,0,0.0,0,0,0.0,0,0,0,0,0,0,0,0,0,-3,1,2024-02-22
22023,1629674,22301011,"MAR 22, 2024",BOS @ DET,W,3,2,2,1.0,0,0,0.0,1,2,0.5,1,1,2,2,1,0,0,0,5,6,1,2024-03-22
22023,1629674,22300980,"MAR 17, 2024",BOS @ WAS,W,8,0,0,0.0,0,0,0.0,0,0,0.0,0,2,2,0,0,0,1,1,0,2,1,2024-03-17
22023,1629674,22300938,"MAR 11, 2024",BOS @ POR,W,2,0,1,0.0,0,0,0.0,1,2,0.5,1,0,1,1,0,1,0,0,1,2,1,2024-03-11
22023,1630193,22300979,"MAR 17, 2024",TOR @ ORL,L,31,4,15,0.267,0,6,0.0,4,5,0.8,1,6,7,5,0,0,4,1,12,-26,1,2024-03-17
22023,1630193,22300963,"MAR 15, 2024",TOR vs. ORL,L,35,3,9,0.333,1,3,0.333,3,6,0.5,0,3,3,10,2,0,2,3,10,-12,1,2024-03-15
22023,1630193,22300946,"MAR 13, 2024",TOR @ DET,L,36,8,19,0.421,2,8,0.25,7,8,0.875,0,5,5,8,1,1,0,2,25,-9,1,2024-03-13
22023,1630193,22300923,"MAR 09, 2024",TOR @ POR,L,44,10,21,0.476,4,10,0.4,5,7,0.714,0,3,3,7,1,0,6,1,29,-13,1,2024-03-09
22023,1630193,22300905,"MAR 07, 2024",TOR @ PHX,L,40,9,17,0.529,2,7,0.286,1,2,0.5,0,9,9,18,1,0,2,0,21,2,1,2024-03-07
22023,1630193,22300890,"MAR 05, 2024",TOR vs. NOP,L,33,6,14,0.429,4,7,0.571,1,3,0.333,1,6,7,7,1,0,1,2,17,-21,1,2024-03-05
22023,1630193,22300875,"MAR 03, 2024",TOR vs. CHA,W,36,6,14,0.429,2,7,0.286,8,8,1.0,0,7,7,11,0,0,3,2,22,8,1,2024-03-03
22023,1630193,22300860,"MAR 01, 2024",TOR vs. GSW,L,36,4,15,0.267,3,11,0.273,1,2,0.5,0,5,5,11,1,1,3,0,12,-9,1,2024-03-01
22023,1630193,22300844,"FEB 28, 2024",TOR vs. DAL,L,38,10,18,0.556,5,11,0.455,3,4,0.75,0,5,5,9,2,0,1,3,28,-6,1,2024-02-28
22023,1630193,22300829,"FEB 26, 2024",TOR @ IND,W,35,8,16,0.5,3,7,0.429,0,0,0.0,0,6,6,2,2,1,4,3,19,15,1,2024-02-26
22023,1630193,22300804,"FEB 23, 2024",TOR @ ATL,W,37,9,20,0.45,6,11,0.545,0,0,0.0,0,7,7,5,0,0,3,4,24,-1,1,2024-02-23
22023,1630193,22300795,"FEB 22, 2024",TOR vs. BKN,W,33,8,16,0.5,5,8,0.625,3,3,1.0,0,6,6,3,3,0,0,1,24,32,1,2024-02-22
22023,1631311,22301001,"MAR 20, 2024",GSW vs. MEM,W,4,1,2,0.5,1,2,0.5,1,2,0.5,0,2,2,1,0,0,0,0,4,1,1,2024-03-20
22023,1631311,22300952,"MAR 13, 2024",GSW @ DAL,L,4,0,0,0.0,0,0,0.0,0,0,0.0,0,0,0,1,0,0,0,1,0,2,1,2024-03-13
22023,1631311,22300921,"MAR 09, 2024",GSW vs. SAS,L,9,1,3,0.333,0,2,0.0,0,0,0.0,0,1,1,0,0,0,0,1,2,-11,1,2024-03-09
22023,1631311,22300907,"MAR 07, 2024",GSW vs. CHI,L,0,0,1,0.0,0,1,0.0,0,0,0.0,0,0,0,0,0,0,0,0,0,0,1,2024-03-07
22023,1631311,22300899,"MAR 06, 2024",GSW vs. MIL,W,4,1,2,0.5,1,2,0.5,0,0,0.0,0,4,4,0,1,0,0,0,3,9,1,2024-03-06
22023,1631311,22300872,"MAR 03, 2024",GSW @ BOS,L,33,7,16,0.438,3,10,0.3,0,0,0.0,1,4,5,0,0,0,1,3,17,-37,1,2024-03-03
22023,1631311,22300860,"MAR 01, 2024",GSW @ TOR,W,23,2,6,0.333,1,5,0.2,1,2,0.5,1,3,4,1,0,0,0,0,6,13,1,2024-03-01
22023,1631311,22300852,"FEB 29, 2024",GSW @ NYK,W,1,0,0,0.0,0,0,0.0,0,0,0.0,0,0,0,0,0,0,0,0,0,0,1,2024-02-29
22023,1631311,22300834,"FEB 27, 2024",GSW @ WAS,W,1,0,0,0.0,0,0,0.0,0,0,0.0,0,0,0,1,0,0,0,0,0,-1,1,2024-02-27
22023,1631311,22300824,"FEB 25, 2024",GSW vs. DEN,L,14,2,4,0.5,2,2,1.0,0,0,0.0,2,1,3,1,0,0,1,1,6,-1,1,2024-02-25
22023,1631311,22300811,"FEB 23, 2024",GSW vs. CHA,W,10,2,5,0.4,0,2,0.0,1,2,0.5,2,2,4,0,0,0,0,2,5,4,1,2024-02-23
22023,1631311,22300802,"FEB 22, 2024",GSW vs. LAL,W,14,2,5,0.4,0,1,0.0,3,3,1.0,1,0,1,1,0,0,2,4,7,0,1,2024-02-22
22023,1641871,22301026,"MAR 23, 2024",POR vs. DEN,L,26,9,14,0.643,3,6,0.5,3,3,1.0,2,6,8,2,1,2,2,5,24,9,1,2024-03-23
22023,1641871,22301017,"MAR 22, 2024",POR vs. LAC,L,27,5,10,0.5,2,6,0.333,1,1,1.0,0,3,3,2,2,0,3,3,13,-14,1,2024-03-22
22023,1641871,22301003,"MAR 20, 2024",POR vs. LAC,L,16,3,8,0.375,2,4,0.5,0,0,0.0,0,2,2,1,0,1,1,0,8,-13,1,2024-03-20
22023,1641871,22300986,"MAR 18, 2024",POR @ CHI,L,17,5,6,0.833,2,3,0.667,2,2,1.0,1,0,1,0,0,0,0,3,14,8,1,2024-03-18
22023,1641871,22300970,"MAR 16, 2024",POR @ NOP,L,8,0,1,0.0,0,1,0.0,0,0,0.0,0,0,0,0,0,0,0,1,0,-14,1,2024-03-16
22023,1641871,22300960,"MAR 14, 2024",POR vs. NYK,L,11,0,2,0.0,0,0,0.0,0,0,0.0,2,1,3,0,0,0,1,2,0,3,1,2024-03-14
22023,1641871,22300953,"MAR 13, 2024",POR vs. ATL,W,8,0,3,0.0,0,1,0.0,1,2,0.5,0,0,0,0,0,0,1,1,1,-12,1,2024-03-13
22023,1641871,22300938,"MAR 11, 2024",POR vs. BOS,L,13,3,5,0.6,2,3,0.667,0,0,0.0,1,0,1,0,0,0,1,1,8,-14,1,2024-03-11
22023,1641871,22300923,"MAR 09, 2024",POR vs. TOR,W,13,1,3,0.333,0,1,0.0,2,2,1.0,0,1,1,0,0,0,0,1,4,0,1,2024-03-09
22023,1641871,22300916,"MAR 08, 2024",POR vs. HOU,L,32,6,13,0.462,4,6,0.667,0,0,0.0,3,3,6,3,0,1,1,5,16,-3,1,2024-03-08
22023,1641871,22300900,"MAR 06, 2024",POR vs. OKC,L,31,5,12,0.417,0,5,0.0,6,7,0.857,3,2,5,1,1,0,1,3,16,-8,1,2024-03-06
22023,1641871,22300881,"MAR 04, 2024",POR @ MIN,L,39,10,14,0.714,5,6,0.833,1,2,0.5,2,1,3,1,1,1,3,4,26,-9,1,2024-03-04
22023,1641871,22300868,"MAR 02, 2024",POR @ MEM,W,24,5,9,0.556,1,4,0.25,1,4,0.25,1,5,6,1,0,3,2,4,12,-7,1,2024-03-02
22023,1641871,22300861,"MAR 01, 2024",POR @ MEM,W,23,8,16,0.5,2,8,0.25,0,1,0.0,3,2,5,1,2,2,1,3,18,8,1,2024-03-01
22023,1641871,22300842,"FEB 27, 2024",POR vs. MIA,L,13,0,4,0.0,0,3,0.0,0,0,0.0,2,1,3,0,0,0,1,3,0,-10,1,2024-02-27
22023,1641871,22300826,"FEB 25, 2024",POR vs. CHA,L,13,3,5,0.6,1,3,0.333,0,0,0.0,0,1,1,0,0,1,0,3,7,-9,1,2024-02-25
22023,1641871,22300812,"FEB 23, 2024",POR vs. DEN,L,13,3,10,0.3,0,3,0.0,2,3,0.667,3,3,6,1,1,2,1,1,8,5,1,2024-02-23
22023,1630559,22301032,"MAR 24, 2024",LAL vs. IND,W,37,6,13,0.462,2,5,0.4,11,12,0.917,1,4,5,8,0,1,2,1,25,4,1,2024-03-24
22023,1630559,22301018,"MAR 22, 2024",LAL vs. PHI,W,33,3,8,0.375,2,5,0.4,6,8,0.75,1,5,6,5,0,1,3,2,14,-1,1,2024-03-22
22023,1630559,22300990,"MAR 18, 2024",LAL vs. ATL,W,28,4,9,0.444,0,3,0.0,4,4,1.0,1,5,6,4,1,1,0,3,12,21,1,2024-03-18
22023,1630559,22300973,"MAR 16, 2024",LAL vs. GSW,L,34,4,13,0.308,2,9,0.222,1,1,1.0,0,3,3,3,0,0,3,0,11,-5,1,2024-03-16
22023,1630559,22300954,"MAR 13, 2024",LAL @ SAC,L,37,10,17,0.588,7,12,0.583,1,2,0.5,0,6,6,4,1,0,1,1,28,-2,1,2024-03-13
22023,1630559,22300932,"MAR 10, 2024",LAL vs. MIN,W,36,7,13,0.538,3,6,0.5,2,2,1.0,0,6,6,4,0,0,4,2,19,10,1,2024-03-10
22023,1630559,22300915,"MAR 08, 2024",LAL vs. MIL,W,37,7,12,0.583,2,5,0.4,2,4,0.5,0,5,5,7,1,0,2,1,18,-1,1,2024-03-08
22023,1630559,22300901,"MAR 06, 2024",LAL vs. SAC,L,36,6,15,0.4,4,7,0.571,2,2,1.0,1,3,4,4,0,0,2,2,18,-4,1,2024-03-06
22023,1630559,22300884,"MAR 04, 2024",LAL vs. OKC,W,29,6,8,0.75,4,5,0.8,0,0,0.0,1,5,6,7,1,0,5,1,16,8,1,2024-03-04
22023,1630559,22300869,"MAR 02, 2024",LAL vs. DEN,L,37,7,12,0.583,3,6,0.5,2,2,1.0,0,2,2,14,0,0,2,1,19,-9,1,2024-03-02
22023,1630559,22300856,"FEB 29, 2024",LAL vs. WAS,W,39,6,11,0.545,0,2,0.0,0,0,0.0,1,5,6,4,1,1,1,3,12,2,1,2024-02-29
22023,1630559,22300848,"FEB 28, 2024",LAL @ LAC,W,36,6,11,0.545,1,4,0.25,0,0,0.0,1,7,8,5,1,0,1,1,13,-5,1,2024-02-28
22023,1630559,22300818,"FEB 25, 2024",LAL @ PHX,L,35,5,12,0.417,2,7,0.286,2,2,1.0,0,4,4,4,1,0,2,1,14,-10,1,2024-02-25
22023,1630559,22300813,"FEB 23, 2024",LAL vs. SAS,W,33,4,12,0.333,2,5,0.4,0,0,0.0,1,4,5,9,0,2,5,2,10,1,1,2024-02-23
22023,1630559,22300802,"FEB 22, 2024",LAL @ GSW,L,27,7,11,0.636,2,5,0.4,0,0,0.0,0,2,2,4,0,1,2,2,16,-18,1,2024-02-22
22023,1629629,22301032,"MAR 24, 2024",LAL vs. IND,W,23,1,5,0.2,1,3,0.333,4,6,0.667,0,0,0,0,2,0,0,0,7,1,1,2024-03-24
22023,1629629,22301018,"MAR 22, 2024",LAL vs. PHI,W,19,0,2,0.0,0,2,0.0,0,0,0.0,1,1,2,0,0,0,0,2,0,2,1,2024-03-22
22023,1629629,22300915,"MAR 08, 2024",LAL vs. MIL,W,15,2,4,0.5,1,3,0.333,1,2,0.5,0,0,0,0,0,1,0,0,6,0,1,2024-03-08
22023,1629629,22300884,"MAR 04, 2024",LAL vs. OKC,W,13,0,1,0.0,0,0,0.0,0,0,0.0,0,2,2,0,0,0,0,1,0,11,1,2024-03-04
22023,1629629,22300869,"MAR 02, 2024",LAL vs. DEN,L,19,1,3,0.333,1,2,0.5,0,0,0.0,2,0,2,0,1,0,1,1,3,-8,1,2024-03-02
22023,1629629,22300856,"FEB 29, 2024",LAL vs. WAS,W,4,0,0,0.0,0,0,0.0,0,0,0.0,0,0,0,0,0,0,0,0,0,-1,1,2024-02-29
22023,1629629,22300848,"FEB 28, 2024",LAL @ LAC,W,20,2,4,0.5,1,2,0.5,0,0,0.0,1,2,3,0,1,0,0,2,5,5,1,2024-02-28
22023,1630194,22301028,"MAR 24, 2024",PHI @ LAC,W,24,4,6,0.667,0,0,0.0,2,2,1.0,3,5,8,3,3,2,0,4,10,17,1,2024-03-24
22023,1630194,22301018,"MAR 22, 2024",PHI @ LAL,L,13,2,3,0.667,0,0,0.0,0,0,0.0,4,1,5,0,1,0,0,4,4,-4,1,2024-03-22
22023,1630194,22301002,"MAR 20, 2024",PHI @ PHX,L,28,2,9,0.222,0,2,0.0,0,2,0.0,3,3,6,3,3,2,3,2,4,-7,1,2024-03-20
22023,1630194,22300985,"MAR 18, 2024",PHI vs. MIA,W,22,1,5,0.2,0,1,0.0,2,2,1.0,2,5,7,1,0,1,1,1,4,0,1,2024-03-18
22023,1630194,22300969,"MAR 16, 2024",PHI vs. CHA,W,20,3,9,0.333,0,2,0.0,5,5,1.0,5,3,8,1,0,1,0,1,11,10,1,2024-03-16
22023,1630194,22300958,"MAR 14, 2024",PHI @ MIL,L,24,1,4,0.25,1,2,0.5,0,0,0.0,2,5,7,2,2,2,2,3,3,-4,1,2024-03-14
22023,1630194,22300939,"MAR 12, 2024",PHI @ NYK,L,28,6,8,0.75,0,1,0.0,2,4,0.5,3,5,8,0,2,0,1,3,14,-13,1,2024-03-12
22023,1630194,22300927,"MAR 10, 2024",PHI @ NYK,W,28,5,8,0.625,2,2,1.0,1,2,0.5,3,4,7,1,0,4,1,3,13,13,1,2024-03-10
22023,1630194,22300909,"MAR 08, 2024",PHI vs. NOP,L,27,7,16,0.438,2,4,0.5,1,1,1.0,6,5,11,2,1,3,0,2,17,1,1,2024-03-08
22023,1630194,22300896,"MAR 06, 2024",PHI vs. MEM,L,24,8,17,0.471,1,2,0.5,0,0,0.0,5,6,11,3,1,3,1,6,17,-4,1,2024-03-06
22023,1630194,22300887,"MAR 05, 2024",PHI @ BKN,L,19,2,3,0.667,0,0,0.0,1,2,0.5,1,1,2,2,2,0,0,1,5,0,1,2024-03-05
22023,1630194,22300871,"MAR 03, 2024",PHI @ DAL,W,28,5,6,0.833,1,1,1.0,2,2,1.0,2,5,7,3,1,1,2,3,13,14,1,2024-03-03
22023,1630194,22300858,"MAR 01, 2024",PHI vs. CHA,W,24,5,6,0.833,0,0,0.0,1,1,1.0,5,3,8,3,0,2,1,2,11,8,1,2024-03-01
22023,1630194,22300836,"FEB 27, 2024",PHI @ BOS,L,14,0,3,0.0,0,0,0.0,0,0,0.0,0,3,3,0,0,0,0,1,0,-15,1,2024-02-27
22023,1630194,22300817,"FEB 25, 2024",PHI vs. MIL,L,27,6,13,0.462,1,2,0.5,0,0,0.0,4,4,8,1,0,2,3,5,13,-20,1,2024-02-25
22023,1630194,22300805,"FEB 23, 2024",PHI vs. CLE,W,31,4,6,0.667,0,0,0.0,0,0,0.0,4,8,12,1,0,3,0,5,8,7,1,2024-02-23
22023,1630194,22300794,"FEB 22, 2024",PHI vs. NYK,L,22,1,2,0.5,0,0,0.0,0,0,0.0,1,4,5,0,0,0,0,4,2,-7,1,2024-02-22
22023,1629675,22301031,"MAR 24, 2024",MIN vs. GSW,W,29,7,11,0.636,6,8,0.75,0,0,0.0,2,10,12,0,1,2,6,3,20,-6,1,2024-03-24
22023,1629675,22301014,"MAR 22, 2024",MIN vs. CLE,W,26,7,15,0.467,3,8,0.375,1,1,1.0,0,3,3,3,1,0,1,3,18,10,1,2024-03-22
22023,1629675,22300987,"MAR 18, 2024",MIN @ UTA,W,17,7,12,0.583,2,4,0.5,1,2,0.5,2,2,4,0,0,1,1,1,17,3,1,2024-03-18
22023,1629675,22300974,"MAR 16, 2024",MIN @ UTA,W,35,7,18,0.389,4,11,0.364,4,5,0.8,0,12,12,5,2,2,0,1,22,17,1,2024-03-16
22023,1629675,22300944,"MAR 12, 2024",MIN @ LAC,W,22,3,7,0.429,0,3,0.0,0,0,0.0,1,4,5,3,1,1,0,3,6,15,1,2024-03-12
22023,1629675,22300932,"MAR 10, 2024",MIN @ LAL,L,42,9,17,0.529,5,10,0.5,2,3,0.667,0,5,5,3,0,4,3,4,25,-10,1,2024-03-10
22023,1629675,22300911,"MAR 08, 2024",MIN @ CLE,L,32,10,18,0.556,7,11,0.636,7,8,0.875,0,5,5,2,1,2,1,4,34,-9,1,2024-03-08
22023,1629675,22300903,"MAR 07, 2024",MIN @ IND,W,26,6,15,0.4,1,4,0.25,0,0,0.0,2,6,8,2,1,1,2,2,13,-12,1,2024-03-07
22023,1629675,22300881,"MAR 04, 2024",MIN vs. POR,W,23,4,5,0.8,4,4,1.0,0,2,0.0,0,5,5,0,0,1,1,0,12,16,1,2024-03-04
22023,1629675,22300873,"MAR 03, 2024",MIN vs. LAC,L,21,0,7,0.0,0,3,0.0,3,4,0.75,3,8,11,2,0,1,2,1,3,-18,1,2024-03-03
22023,1629675,22300862,"MAR 01, 2024",MIN vs. SAC,L,36,8,18,0.444,1,6,0.167,1,1,1.0,2,5,7,3,1,0,1,0,18,2,1,2024-03-01
22023,1629675,22300845,"FEB 28, 2024",MIN vs. MEM,W,26,6,11,0.545,4,6,0.667,3,3,1.0,1,5,6,2,0,2,0,5,19,18,1,2024-02-28
22023,1629675,22300838,"FEB 27, 2024",MIN vs. SAS,W,33,8,10,0.8,1,2,0.5,5,5,1.0,2,4,6,1,2,1,2,2,22,8,1,2024-02-27
22023,1629675,22300815,"FEB 24, 2024",MIN vs. BKN,W,27,2,9,0.222,0,5,0.0,2,4,0.5,4,5,9,1,0,3,3,4,6,8,1,2024-02-24
22023,1629675,22300808,"FEB 23, 2024",MIN vs. MIL,L,23,2,10,0.2,1,6,0.167,3,4,0.75,1,3,4,1,1,0,1,2,8,-13,1,2024-02-23
22023,1631197,22301027,"MAR 24, 2024",DET vs. NOP,L,12,2,5,0.4,1,3,0.333,0,0,0.0,0,3,3,0,0,2,0,3,5,-12,1,2024-03-24
22023,1631197,22301011,"MAR 22, 2024",DET vs. BOS,L,17,4,5,0.8,1,2,0.5,0,0,0.0,0,5,5,0,1,0,2,2,9,-7,1,2024-03-22
22023,1630208,22301021,"MAR 23, 2024",CHA @ ATL,L,31,5,7,0.714,0,0,0.0,2,2,1.0,3,13,16,1,0,0,1,2,12,-17,1,2024-03-23
22023,1630208,22300991,"MAR 19, 2024",CHA @ ORL,L,28,2,4,0.5,0,0,0.0,0,0,0.0,1,5,6,3,1,0,2,4,4,-12,1,2024-03-19
22023,1630208,22300969,"MAR 16, 2024",CHA @ PHI,L,30,4,5,0.8,0,0,0.0,3,3,1.0,3,8,11,0,1,1,1,3,11,11,1,2024-03-16
22023,1630208,22300961,"MAR 15, 2024",CHA vs. PHX,L,28,1,5,0.2,0,0,0.0,0,0,0.0,2,13,15,0,0,0,0,4,2,7,1,2024-03-15
22023,1630208,22300950,"MAR 13, 2024",CHA @ MEM,W,29,3,4,0.75,0,0,0.0,2,4,0.5,2,3,5,1,0,2,2,3,8,0,1,2024-03-13
22023,1630208,22300933,"MAR 11, 2024",CHA @ DET,L,36,5,7,0.714,0,0,0.0,0,2,0.0,4,9,13,2,0,0,1,1,10,-8,1,2024-03-11
22023,1630208,22300918,"MAR 09, 2024",CHA vs. BKN,W,31,6,10,0.6,0,0,0.0,3,3,1.0,5,6,11,0,1,1,1,3,15,-3,1,2024-03-09
22023,1630208,22300910,"MAR 08, 2024",CHA @ WAS,L,30,5,6,0.833,0,0,0.0,0,0,0.0,5,8,13,0,2,1,2,3,10,-15,1,2024-03-08
22023,1630208,22300885,"MAR 05, 2024",CHA vs. ORL,L,27,1,2,0.5,0,0,0.0,0,0,0.0,0,4,4,0,0,1,2,2,2,5,1,2024-03-05
22023,1630208,22300858,"MAR 01, 2024",CHA @ PHI,L,30,8,9,0.889,0,0,0.0,3,4,0.75,2,2,4,1,0,2,0,1,19,-9,1,2024-03-01
22023,1630208,22300849,"FEB 29, 2024",CHA vs. MIL,L,27,3,4,0.75,0,1,0.0,3,4,0.75,2,6,8,0,0,0,1,3,9,-3,1,2024-02-29
22023,1630208,22300840,"FEB 27, 2024",CHA @ MIL,L,20,3,7,0.429,0,0,0.0,0,0,0.0,3,4,7,0,1,0,1,4,6,-16,1,2024-02-27
22023,1630208,22300826,"FEB 25, 2024",CHA @ POR,W,33,8,11,0.727,0,0,0.0,5,7,0.714,2,8,10,0,2,3,0,2,21,9,1,2024-02-25
22023,1630208,22300811,"FEB 23, 2024",CHA @ GSW,L,29,4,6,0.667,0,0,0.0,3,3,1.0,5,8,13,1,1,1,4,2,11,-14,1,2024-02-23
22023,1630208,22300801,"FEB 22, 2024",CHA @ UTA,W,28,3,5,0.6,0,0,0.0,2,4,0.5,6,4,10,3,1,2,0,2,8,1,1,2024-02-22
22023,1629130,22300985,"MAR 18, 2024",MIA @ PHI,L,24,1,5,0.2,0,1,0.0,1,2,0.5,1,3,4,0,0,0,1,4,3,-14,1,2024-03-18
22023,1629130,22300977,"MAR 17, 2024",MIA @ DET,W,35,10,15,0.667,7,12,0.583,3,3,1.0,0,4,4,5,0,0,3,2,30,12,1,2024-03-17
22023,1629130,22300962,"MAR 15, 2024",MIA @ DET,W,33,6,14,0.429,4,12,0.333,0,0,0.0,0,2,2,5,3,1,2,1,16,6,1,2024-03-15
22023,1629130,22300949,"MAR 13, 2024",MIA vs. DEN,L,31,5,10,0.5,1,6,0.167,0,0,0.0,0,6,6,3,1,0,1,2,11,-4,1,2024-03-13
22023,1629130,22300926,"MAR 10, 2024",MIA vs. WAS,L,34,5,16,0.313,4,13,0.308,2,2,1.0,1,1,2,1,0,0,5,3,16,-11,1,2024-03-10
22023,1629130,22300914,"MAR 08, 2024",MIA @ OKC,L,28,3,8,0.375,3,8,0.375,0,0,0.0,0,2,2,1,1,0,1,1,9,-8,1,2024-03-08
22023,1629130,22300904,"MAR 07, 2024",MIA @ DAL,L,30,7,10,0.7,5,8,0.625,0,0,0.0,0,4,4,2,0,0,1,4,19,-11,1,2024-03-07
22023,1629130,22300888,"MAR 05, 2024",MIA vs. DET,W,36,6,11,0.545,4,9,0.444,2,2,1.0,0,3,3,4,1,1,0,3,18,9,1,2024-03-05
22023,1629130,22300867,"MAR 02, 2024",MIA vs. UTA,W,34,5,13,0.385,2,9,0.222,0,0,0.0,0,5,5,6,1,1,1,2,12,3,1,2024-03-02
22023,1629130,22300855,"FEB 29, 2024",MIA @ DEN,L,36,5,9,0.556,2,6,0.333,0,0,0.0,0,3,3,3,3,0,1,4,12,5,1,2024-02-29
22023,1629130,22300842,"FEB 27, 2024",MIA @ POR,W,34,5,8,0.625,4,6,0.667,3,3,1.0,0,3,3,3,2,0,2,3,17,7,1,2024-02-27
22023,1629130,22300831,"FEB 26, 2024",MIA @ SAC,W,39,1,11,0.091,0,6,0.0,2,3,0.667,1,3,4,11,0,0,2,3,4,25,1,2024-02-26
22023,1629130,22300810,"FEB 23, 2024",MIA @ NOP,W,31,6,14,0.429,5,11,0.455,0,0,0.0,0,0,0,2,0,2,3,1,17,4,1,2024-02-23
22023,1629010,22300952,"MAR 13, 2024",GSW @ DAL,L,3,2,3,0.667,0,1,0.0,0,0,0.0,0,2,2,0,0,0,0,1,4,3,1,2024-03-13
22023,1629010,22300921,"MAR 09, 2024",GSW vs. SAS,L,2,0,0,0.0,0,0,0.0,0,0,0.0,0,0,0,0,0,0,0,0,0,-2,1,2024-03-09
22023,1629010,22300899,"MAR 06, 2024",GSW vs. MIL,W,4,0,0,0.0,0,0,0.0,0,0,0.0,0,0,0,2,0,1,1,0,0,9,1,2024-03-06
22023,1629010,22300872,"MAR 03, 2024",GSW @ BOS,L,17,4,10,0.4,1,6,0.167,1,2,0.5,0,0,0,1,0,1,0,1,10,-2,1,2024-03-03
22023,1629010,22300860,"MAR 01, 2024",GSW @ TOR,W,1,0,0,0.0,0,0,0.0,0,0,0.0,0,0,0,0,0,0,0,0,0,5,1,2024-03-01
22023,1629010,22300834,"FEB 27, 2024",GSW @ WAS,W,1,0,0,0.0,0,0,0.0,0,0,0.0,0,0,0,0,0,0,0,0,0,-1,1,2024-02-27
22023,1629010,22300811,"FEB 23, 2024",GSW vs. CHA,W,3,0,1,0.0,0,1,0.0,0,0,0.0,0,0,0,0,0,0,0,0,0,0,1,2024-02-23
22023,1629010,22300802,"FEB 22, 2024",GSW vs. LAL,W,4,2,2,1.0,1,1,1.0,1,2,0.5,0,0,0,0,0,0,0,1,6,3,1,2024-02-22
22023,1631115,22301029,"MAR 24, 2024",MIA vs. CLE,W,5,0,1,0.0,0,0,0.0,0,0,0.0,1,0,1,1,0,0,0,0,0,-2,1,2024-03-24
22023,1631115,22301013,"MAR 22, 2024",MIA vs. NOP,L,4,0,0,0.0,0,0,0.0,0,0,0.0,0,1,1,2,0,1,0,0,0,0,1,2024-03-22
22023,1631115,22300996,"MAR 20, 2024",MIA @ CLE,W,13,3,4,0.75,1,1,1.0,1,1,1.0,2,0,2,2,0,0,0,0,8,4,1,2024-03-20
22023,1631115,22300926,"MAR 10, 2024",MIA vs. WAS,L,3,0,0,0.0,0,0,0.0,0,0,0.0,1,0,1,0,0,0,0,0,0,4,1,2024-03-10
22023,1631115,22300888,"MAR 05, 2024",MIA vs. DET,W,8,1,3,0.333,0,0,0.0,0,0,0.0,2,3,5,1,0,0,2,0,2,2,1,2024-03-05
22023,1631115,22300867,"MAR 02, 2024",MIA vs. UTA,W,14,0,2,0.0,0,1,0.0,0,0,0.0,1,3,4,0,1,0,0,4,0,4,1,2024-03-02
22023,1631115,22300855,"FEB 29, 2024",MIA @ DEN,L,12,0,0,0.0,0,0,0.0,0,0,0.0,1,2,3,1,0,0,1,0,0,-3,1,2024-02-29
22023,1630526,22301027,"MAR 24, 2024",NOP @ DET,W,1,0,1,0.0,0,0,0.0,0,0,0.0,0,0,0,0,0,0,0,1,0,-2,1,2024-03-24
22023,1630526,22301013,"MAR 22, 2024",NOP @ MIA,W,3,1,1,1.0,0,0,0.0,0,0,0.0,0,0,0,0,0,0,0,0,2,-1,1,2024-03-22
22023,1630526,22301004,"MAR 21, 2024",NOP @ ORL,L,12,3,5,0.6,0,1,0.0,0,0,0.0,0,1,1,1,0,0,0,1,6,5,1,2024-03-21
22023,1630526,22300970,"MAR 16, 2024",NOP vs. POR,W,21,3,7,0.429,0,2,0.0,0,0,0.0,3,2,5,6,1,0,0,3,6,18,1,2024-03-16
22023,1630526,22300951,"MAR 13, 2024",NOP vs. CLE,L,5,0,1,0.0,0,1,0.0,0,0,0.0,1,0,1,2,0,0,0,0,0,3,1,2024-03-13
22023,1630526,22300890,"MAR 05, 2024",NOP @ TOR,W,7,0,2,0.0,0,0,0.0,0,0,0.0,0,2,2,0,0,0,0,0,0,5,1,2024-03-05
22023,1630526,22300863,"MAR 01, 2024",NOP vs. IND,W,4,0,1,0.0,0,1,0.0,2,2,1.0,0,0,0,0,0,0,1,0,2,-5,1,2024-03-01
22023,1630526,22300837,"FEB 27, 2024",NOP @ NYK,W,3,2,3,0.667,2,2,1.0,0,0,0.0,0,1,1,0,0,0,0,1,6,1,1,2024-02-27
22023,1630526,22300823,"FEB 25, 2024",NOP vs. CHI,L,11,1,2,0.5,1,2,0.5,0,0,0.0,0,0,0,0,1,1,1,1,3,-21,1,2024-02-25
22023,1630526,22300810,"FEB 23, 2024",NOP vs. MIA,L,24,2,4,0.5,1,2,0.5,0,2,0.0,2,4,6,1,1,0,1,1,5,16,1,2024-02-23
22023,1630526,22300798,"FEB 22, 2024",NOP vs. HOU,W,2,0,0,0.0,0,0,0.0,0,0,0.0,0,1,1,0,0,0,0,0,0,1,1,2024-02-22
22023,1631223,22301025,"MAR 23, 2024",PHX @ SAS,W,6,1,2,0.5,0,0,0.0,0,0,0.0,0,1,1,2,1,0,0,0,2,-2,1,2024-03-23
22023,1631223,22301002,"MAR 20, 2024",PHX vs. PHI,W,2,0,1,0.0,0,0,0.0,0,0,0.0,0,0,0,0,1,0,0,0,0,-1,1,2024-03-20
22023,1631223,22300976,"MAR 17, 2024",PHX @ MIL,L,1,1,1,1.0,0,0,0.0,0,0,0.0,0,0,0,0,0,0,0,0,2,2,1,2024-03-17
22023,1631223,22300961,"MAR 15, 2024",PHX @ CHA,W,1,0,1,0.0,0,0,0.0,0,0,0.0,0,1,1,0,0,0,0,0,0,-2,1,2024-03-15
22023,1631223,22300955,"MAR 14, 2024",PHX @ BOS,L,3,2,3,0.667,0,1,0.0,0,0,0.0,0,1,1,0,0,0,1,0,4,3,1,2024-03-14
22023,1631223,22300934,"MAR 11, 2024",PHX @ CLE,W,5,1,1,1.0,0,0,0.0,0,0,0.0,0,0,0,0,0,0,1,0,2,1,1,2024-03-11
22023,1631223,22300920,"MAR 09, 2024",PHX vs. BOS,L,6,1,5,0.2,0,3,0.0,0,0,0.0,1,0,1,0,0,0,0,1,2,-6,1,2024-03-09
22023,1631223,22300893,"MAR 05, 2024",PHX @ DEN,W,5,1,1,1.0,0,0,0.0,1,1,1.0,0,0,0,0,0,0,0,0,3,4,2,2024-03-05
22023,1631223,22300878,"MAR 03, 2024",PHX vs. OKC,L,7,0,1,0.0,0,1,0.0,0,0,0.0,0,0,0,0,0,0,0,0,0,-5,1,2024-03-03
22023,1631223,22300870,"MAR 02, 2024",PHX vs. HOU,L,1,0,0,0.0,0,0,0.0,0,0,0.0,0,0,0,0,0,0,0,0,0,0,1,2024-03-02
22023,1631223,22300818,"FEB 25, 2024",PHX vs. LAL,W,1,0,0,0.0,0,0,0.0,0,0,0.0,0,1,1,0,0,0,0,0,0,-2,1,2024-02-25
22023,1631223,22300796,"FEB 22, 2024",PHX @ DAL,L,1,0,0,0.0,0,0,0.0,0,0,0.0,0,0,0,0,0,0,0,0,0,3,1,2024-02-22
22023,201565,22300845,"FEB 28, 2024",MEM @ MIN,L,6,1,2,0.5,0,0,0.0,0,0,0.0,0,0,0,1,0,0,1,0,2,-5,1,2024-02-28
22023,201565,22300830,"FEB 26, 2024",MEM vs. BKN,L,15,3,4,0.75,0,1,0.0,0,0,0.0,0,2,2,4,0,0,2,0,6,-6,1,2024-02-26
22023,201565,22300807,"FEB 23, 2024",MEM vs. LAC,L,14,2,5,0.4,0,0,0.0,0,0,0.0,0,1,1,2,0,0,3,1,4,8,1,2024-02-23
22023,1626179,22301029,"MAR 24, 2024",MIA vs. CLE,W,31,6,14,0.429,0,6,0.0,2,2,1.0,0,3,3,5,1,0,0,1,14,26,1,2024-03-24
22023,1626179,22301013,"MAR 22, 2024",MIA vs. NOP,L,31,5,14,0.357,3,6,0.5,0,0,0.0,1,3,4,2,0,0,1,2,13,-3,1,2024-03-22
22023,1626179,22300996,"MAR 20, 2024",MIA @ CLE,W,33,8,16,0.5,5,6,0.833,3,3,1.0,0,3,3,2,1,0,2,3,24,-6,1,2024-03-20
22023,1626179,22300985,"MAR 18, 2024",MIA @ PHI,L,34,8,21,0.381,3,7,0.429,1,1,1.0,2,6,8,1,1,1,3,0,20,4,1,2024-03-18
22023,1626179,22300977,"MAR 17, 2024",MIA @ DET,W,36,8,20,0.4,1,6,0.167,0,0,0.0,0,6,6,9,1,0,0,0,17,20,1,2024-03-17
22023,1626179,22300962,"MAR 15, 2024",MIA @ DET,W,34,5,15,0.333,0,5,0.0,8,11,0.727,1,4,5,1,1,1,0,2,18,1,1,2024-03-15
22023,1626179,22300949,"MAR 13, 2024",MIA vs. DEN,L,35,6,13,0.462,0,3,0.0,2,2,1.0,1,3,4,4,1,0,2,1,14,-11,1,2024-03-13
22023,1626179,22300926,"MAR 10, 2024",MIA vs. WAS,L,35,8,16,0.5,0,3,0.0,0,0,0.0,0,7,7,4,2,0,2,2,16,-9,1,2024-03-10
22023,1626179,22300914,"MAR 08, 2024",MIA @ OKC,L,32,6,14,0.429,2,4,0.5,0,0,0.0,1,4,5,4,1,0,1,4,14,-20,1,2024-03-08
22023,1626179,22300904,"MAR 07, 2024",MIA @ DAL,L,40,10,17,0.588,5,8,0.625,2,2,1.0,0,6,6,11,1,0,0,2,27,-1,1,2024-03-07
22023,1626179,22300888,"MAR 05, 2024",MIA vs. DET,W,32,7,17,0.412,3,6,0.5,0,0,0.0,0,2,2,7,0,0,3,2,17,6,1,2024-03-05
22023,1626179,22300867,"MAR 02, 2024",MIA vs. UTA,W,33,5,9,0.556,1,3,0.333,3,4,0.75,1,1,2,8,1,0,2,2,14,0,1,2024-03-02
22023,1626179,22300855,"FEB 29, 2024",MIA @ DEN,L,33,6,15,0.4,1,8,0.125,6,6,1.0,0,5,5,4,1,0,3,1,19,-7,1,2024-02-29
22023,1626179,22300842,"FEB 27, 2024",MIA @ POR,W,30,7,14,0.5,2,4,0.5,3,3,1.0,0,4,4,4,1,2,2,0,19,8,1,2024-02-27
22023,1641712,22301026,"MAR 23, 2024",POR vs. DEN,L,16,1,2,0.5,0,0,0.0,1,1,1.0,0,1,1,5,0,0,2,1,3,-8,1,2024-03-23
22023,1641712,22301017,"MAR 22, 2024",POR vs. LAC,L,23,2,2,1.0,0,0,0.0,1,2,0.5,0,2,2,1,0,1,0,2,5,12,1,2024-03-22
22023,1641712,22301003,"MAR 20, 2024",POR vs. LAC,L,20,3,5,0.6,0,2,0.0,2,2,1.0,1,4,5,3,0,0,0,1,8,4,1,2024-03-20
22023,1641712,22300986,"MAR 18, 2024",POR @ CHI,L,4,0,2,0.0,0,1,0.0,0,0,0.0,0,1,1,0,0,0,0,0,0,-8,1,2024-03-18
22023,1641712,22300970,"MAR 16, 2024",POR @ NOP,L,12,0,1,0.0,0,0,0.0,2,2,1.0,0,1,1,0,0,0,2,1,2,-6,1,2024-03-16
22023,1641712,22300938,"MAR 11, 2024",POR vs. BOS,L,2,0,1,0.0,0,0,0.0,0,0,0.0,0,0,0,1,0,0,0,0,0,-2,1,2024-03-11
22023,1641712,22300923,"MAR 09, 2024",POR vs. TOR,W,13,0,3,0.0,0,3,0.0,0,0,0.0,2,1,3,3,1,0,0,2,0,7,1,2024-03-09
22023,1641712,22300916,"MAR 08, 2024",POR vs. HOU,L,22,1,1,1.0,0,0,0.0,0,0,0.0,1,1,2,2,0,0,3,2,2,-8,1,2024-03-08
22023,1641712,22300900,"MAR 06, 2024",POR vs. OKC,L,18,1,6,0.167,1,4,0.25,0,0,0.0,0,1,1,2,1,0,0,3,3,-4,1,2024-03-06
22023,1641712,22300881,"MAR 04, 2024",POR @ MIN,L,23,5,7,0.714,3,3,1.0,0,0,0.0,1,5,6,0,0,0,1,3,13,-7,1,2024-03-04
22023,1641712,22300868,"MAR 02, 2024",POR @ MEM,W,7,0,1,0.0,0,1,0.0,0,0,0.0,1,0,1,0,0,0,0,1,0,0,1,2024-03-02
22023,1641712,22300861,"MAR 01, 2024",POR @ MEM,W,7,1,2,0.5,1,1,1.0,2,2,1.0,1,1,2,2,0,0,1,1,5,-2,1,2024-03-01
22023,1626156,22301018,"MAR 22, 2024",LAL vs. PHI,W,37,4,13,0.308,4,10,0.4,2,2,1.0,0,5,5,3,1,0,5,2,14,9,1,2024-03-22
22023,1626156,22300990,"MAR 18, 2024",LAL vs. ATL,W,30,8,14,0.571,6,10,0.6,5,5,1.0,0,4,4,10,1,0,1,1,27,27,1,2024-03-18
22023,1626156,22300973,"MAR 16, 2024",LAL vs. GSW,L,40,9,21,0.429,3,10,0.3,2,2,1.0,1,2,3,13,1,0,0,2,23,-14,1,2024-03-16
22023,1626156,22300954,"MAR 13, 2024",LAL @ SAC,L,33,2,9,0.222,1,4,0.25,1,2,0.5,1,1,2,6,1,1,2,1,6,-4,1,2024-03-13
22023,1626156,22300932,"MAR 10, 2024",LAL vs. MIN,W,34,5,12,0.417,2,5,0.4,1,2,0.5,1,2,3,6,0,0,2,1,13,21,1,2024-03-10
22023,1626156,22300915,"MAR 08, 2024",LAL vs. MIL,W,38,17,25,0.68,9,12,0.75,1,1,1.0,2,4,6,9,0,1,2,5,44,1,1,2024-03-08
22023,1626156,22300901,"MAR 06, 2024",LAL vs. SAC,L,35,3,10,0.3,2,6,0.333,2,2,1.0,0,1,1,3,1,0,3,1,10,-10,1,2024-03-06
22023,1626156,22300884,"MAR 04, 2024",LAL vs. OKC,W,33,9,17,0.529,5,11,0.455,3,5,0.6,1,5,6,3,4,1,3,3,26,4,1,2024-03-04
22023,1626156,22300869,"MAR 02, 2024",LAL vs. DEN,L,31,6,13,0.462,2,7,0.286,3,3,1.0,0,3,3,3,0,0,0,1,17,2,1,2024-03-02
22023,1626156,22300856,"FEB 29, 2024",LAL vs. WAS,W,44,9,21,0.429,4,11,0.364,0,0,0.0,0,6,6,5,1,1,3,4,22,4,1,2024-02-29
22023,1626156,22300848,"FEB 28, 2024",LAL @ LAC,W,34,6,10,0.6,3,6,0.5,3,4,0.75,0,2,2,6,0,0,3,0,18,8,1,2024-02-28
22023,1626156,22300818,"FEB 25, 2024",LAL @ PHX,L,37,8,14,0.571,4,8,0.5,0,1,0.0,0,3,3,7,1,1,2,2,20,-5,1,2024-02-25
22023,1626156,22300813,"FEB 23, 2024",LAL vs. SAS,W,35,8,18,0.444,3,7,0.429,3,3,1.0,0,3,3,6,1,0,1,1,22,-3,1,2024-02-23
22023,1626156,22300802,"FEB 22, 2024",LAL @ GSW,L,34,6,15,0.4,3,9,0.333,3,4,0.75,0,5,5,9,2,0,3,3,18,-12,1,2024-02-22
22023,1630346,22301013,"MAR 22, 2024",NOP @ MIA,W,3,1,2,0.5,1,1,1.0,0,0,0.0,0,0,0,1,0,0,0,0,3,-1,1,2024-03-22
22023,1630346,22301004,"MAR 21, 2024",NOP @ ORL,L,6,1,3,0.333,0,2,0.0,0,0,0.0,0,0,0,0,0,0,0,1,2,4,1,2024-03-21
22023,1630346,22300951,"MAR 13, 2024",NOP vs. CLE,L,5,0,0,0.0,0,0,0.0,0,0,0.0,0,0,0,0,0,0,0,0,0,3,1,2024-03-13
22023,1630346,22300890,"MAR 05, 2024",NOP @ TOR,W,7,2,4,0.5,2,4,0.5,0,0,0.0,0,2,2,1,0,0,0,1,6,5,1,2024-03-05
22023,1630346,22300863,"MAR 01, 2024",NOP vs. IND,W,6,0,3,0.0,0,2,0.0,0,0,0.0,1,0,1,0,0,0,1,1,0,-2,1,2024-03-01
22023,1630346,22300837,"FEB 27, 2024",NOP @ NYK,W,12,2,2,1.0,2,2,1.0,0,0,0.0,0,1,1,1,0,0,0,0,6,8,1,2024-02-27
22023,1630346,22300823,"FEB 25, 2024",NOP vs. CHI,L,19,5,10,0.5,4,9,0.444,0,0,0.0,0,4,4,0,0,0,1,3,14,-14,1,2024-02-25
22023,1630346,22300798,"FEB 22, 2024",NOP vs. HOU,W,2,0,0,0.0,0,0,0.0,0,0,0.0,0,0,0,0,1,0,0,0,0,1,1,2024-02-22
22023,1627734,22301020,"MAR 23, 2024",SAC @ ORL,W,40,7,14,0.5,1,3,0.333,6,6,1.0,1,13,14,8,1,0,2,3,21,9,1,2024-03-23
22023,1627734,22301005,"MAR 21, 2024",SAC @ WAS,L,39,6,9,0.667,0,0,0.0,2,2,1.0,2,12,14,6,0,0,6,3,14,-4,1,2024-03-21
22023,1627734,22300999,"MAR 20, 2024",SAC @ TOR,W,28,4,7,0.571,0,0,0.0,5,6,0.833,6,11,17,10,0,1,1,2,13,26,1,2024-03-20
22023,1627734,22300989,"MAR 18, 2024",SAC vs. MEM,W,40,6,17,0.353,0,2,0.0,13,15,0.867,7,11,18,5,0,2,2,4,25,2,1,2024-03-18
22023,1627734,22300975,"MAR 16, 2024",SAC vs. NYK,L,40,9,16,0.563,1,1,1.0,2,5,0.4,3,11,14,2,1,0,5,1,21,-13,1,2024-03-16
22023,1627734,22300954,"MAR 13, 2024",SAC vs. LAL,W,38,6,10,0.6,0,1,0.0,5,6,0.833,5,14,19,10,2,1,2,4,17,10,1,2024-03-13
22023,1627734,22300945,"MAR 12, 2024",SAC vs. MIL,W,34,10,14,0.714,0,0,0.0,2,2,1.0,2,9,11,8,1,0,0,3,22,20,1,2024-03-12
22023,1627734,22300929,"MAR 10, 2024",SAC vs. HOU,L,40,10,11,0.909,0,0,0.0,5,6,0.833,2,13,15,8,3,2,9,1,25,1,1,2024-03-10
22023,1627734,22300908,"MAR 07, 2024",SAC vs. SAS,W,38,14,19,0.737,1,1,1.0,2,3,0.667,5,12,17,9,1,1,4,2,31,-5,1,2024-03-07
22023,1627734,22300901,"MAR 06, 2024",SAC @ LAL,W,38,7,13,0.538,0,1,0.0,2,3,0.667,4,16,20,12,2,0,3,2,16,11,1,2024-03-06
22023,1627734,22300883,"MAR 04, 2024",SAC vs. CHI,L,32,7,19,0.368,0,1,0.0,4,4,1.0,10,11,21,4,2,0,5,6,18,2,1,2024-03-04
22023,1627734,22300862,"MAR 01, 2024",SAC @ MIN,W,41,7,14,0.5,1,2,0.5,6,10,0.6,5,10,15,8,0,3,1,6,21,8,1,2024-03-01
22023,1627734,22300847,"FEB 28, 2024",SAC @ DEN,L,32,5,14,0.357,0,1,0.0,3,4,0.75,5,5,10,7,1,0,3,0,13,-26,1,2024-02-28
22023,1627734,22300831,"FEB 26, 2024",SAC vs. MIA,L,40,6,8,0.75,1,1,1.0,1,4,0.25,3,11,14,10,0,0,3,2,14,-15,1,2024-02-26
22023,1627734,22300827,"FEB 25, 2024",SAC @ LAC,W,36,7,17,0.412,0,1,0.0,3,4,0.75,7,8,15,12,3,0,1,4,17,10,1,2024-02-25
22023,1627734,22300803,"FEB 22, 2024",SAC vs. SAS,W,33,11,15,0.733,0,0,0.0,0,0,0.0,3,8,11,11,0,1,2,1,22,15,1,2024-02-22
22023,1629677,22301000,"MAR 20, 2024",UTA @ OKC,L,4,0,0,0.0,0,0,0.0,0,0,0.0,0,0,0,0,0,0,0,1,0,7,1,2024-03-20
22023,1629677,22300943,"MAR 12, 2024",UTA vs. BOS,L,14,2,4,0.5,1,1,1.0,2,2,1.0,1,6,7,1,0,0,0,0,7,5,1,2024-03-12
22023,1629677,22300922,"MAR 09, 2024",UTA @ DEN,L,15,2,6,0.333,0,3,0.0,3,3,1.0,1,4,5,1,0,1,1,3,7,-4,1,2024-03-09
22023,1629677,22300898,"MAR 06, 2024",UTA vs. CHI,L,19,3,9,0.333,1,4,0.25,0,0,0.0,2,1,3,1,0,0,2,2,7,-2,1,2024-03-06
22023,1629677,22300882,"MAR 04, 2024",UTA vs. WAS,W,23,2,9,0.222,1,5,0.2,0,0,0.0,0,2,2,2,1,2,0,0,5,-11,1,2024-03-04
22023,1629677,22300867,"MAR 02, 2024",UTA @ MIA,L,5,0,0,0.0,0,0,0.0,0,0,0.0,0,0,0,0,0,0,0,0,0,-4,1,2024-03-02
22023,1629677,22300850,"FEB 29, 2024",UTA @ ORL,L,12,3,6,0.5,1,3,0.333,1,1,1.0,0,4,4,0,0,0,0,2,8,-8,1,2024-02-29
22023,1629677,22300825,"FEB 25, 2024",UTA vs. SAS,W,3,0,0,0.0,0,0,0.0,0,0,0.0,0,0,0,0,0,0,1,0,0,-2,1,2024-02-25
22023,1641766,22300971,"MAR 16, 2024",CHI vs. WAS,W,1,1,1,1.0,0,0,0.0,0,0,0.0,1,0,1,0,0,0,0,0,2,4,1,2024-03-16
22023,1630611,22301001,"MAR 20, 2024",GSW vs. MEM,W,4,0,1,0.0,0,1,0.0,0,0,0.0,0,0,0,0,0,0,0,1,0,1,1,2024-03-20
22023,1630611,22300921,"MAR 09, 2024",GSW vs. SAS,L,6,0,0,0.0,0,0,0.0,0,0,0.0,0,1,1,1,0,0,0,1,0,1,1,2024-03-09
22023,1630611,22300899,"MAR 06, 2024",GSW vs. MIL,W,4,0,1,0.0,0,1,0.0,0,0,0.0,0,0,0,0,0,0,0,0,0,9,1,2024-03-06
22023,1630611,22300872,"MAR 03, 2024",GSW @ BOS,L,19,2,4,0.5,1,2,0.5,0,0,0.0,3,6,9,3,0,0,3,0,5,-1,1,2024-03-03
22023,1630611,22300811,"FEB 23, 2024",GSW vs. CHA,W,5,1,1,1.0,1,1,1.0,0,0,0.0,0,2,2,0,0,0,1,2,3,-4,1,2024-02-23
22023,1630611,22300802,"FEB 22, 2024",GSW vs. LAL,W,4,1,1,1.0,1,1,1.0,0,0,0.0,0,0,0,0,0,0,0,0,3,3,1,2024-02-22
22023,203967,22301001,"MAR 20, 2024",GSW vs. MEM,W,5,0,0,0.0,0,0,0.0,0,0,0.0,0,1,1,0,0,0,0,0,0,-4,1,2024-03-20
22023,203967,22300952,"MAR 13, 2024",GSW @ DAL,L,8,0,1,0.0,0,0,0.0,0,0,0.0,0,0,0,1,0,0,1,0,0,-8,1,2024-03-13
22023,203967,22300921,"MAR 09, 2024",GSW vs. SAS,L,3,1,2,0.5,0,1,0.0,0,0,0.0,0,0,0,0,0,0,0,2,2,-6,1,2024-03-09
22023,203967,22300899,"MAR 06, 2024",GSW vs. MIL,W,4,0,0,0.0,0,0,0.0,0,0,0.0,0,1,1,2,0,0,1,0,0,9,1,2024-03-06
22023,203967,22300872,"MAR 03, 2024",GSW @ BOS,L,13,2,4,0.5,0,2,0.0,0,1,0.0,0,2,2,0,0,0,1,0,4,-14,1,2024-03-03
22023,203967,22300860,"MAR 01, 2024",GSW @ TOR,W,6,1,2,0.5,0,1,0.0,0,0,0.0,0,0,0,2,0,0,1,0,2,-2,1,2024-03-01
22023,203967,22300852,"FEB 29, 2024",GSW @ NYK,W,11,0,3,0.0,0,3,0.0,0,0,0.0,3,0,3,3,0,0,0,1,0,-3,1,2024-02-29
22023,203967,22300834,"FEB 27, 2024",GSW @ WAS,W,14,2,5,0.4,1,2,0.5,0,0,0.0,0,0,0,1,0,0,3,0,5,-3,1,2024-02-27
22023,203967,22300824,"FEB 25, 2024",GSW vs. DEN,L,9,2,4,0.5,0,1,0.0,0,0,0.0,0,4,4,2,0,0,1,0,4,6,1,2024-02-25
22023,203967,22300811,"FEB 23, 2024",GSW vs. CHA,W,16,1,4,0.25,0,2,0.0,0,0,0.0,0,4,4,3,0,0,4,1,2,0,1,2024-02-23
22023,203967,22300802,"FEB 22, 2024",GSW vs. LAL,W,15,2,6,0.333,0,3,0.0,0,0,0.0,2,2,4,4,0,0,1,1,4,-7,1,2024-02-22
22023,1630846,22300884,"MAR 04, 2024",OKC @ LAL,L,4,1,1,1.0,0,0,0.0,1,2,0.5,0,0,0,0,0,1,0,1,3,10,1,2024-03-04
22023,1630846,22300799,"FEB 22, 2024",OKC vs. LAC,W,1,0,0,0.0,0,0,0.0,0,0,0.0,0,1,1,0,0,0,0,0,0,4,1,2024-02-22
22023,1631204,22301027,"MAR 24, 2024",DET vs. NOP,L,27,1,5,0.2,1,3,0.333,0,0,0.0,0,1,1,3,1,1,2,3,3,-3,1,2024-03-24
22023,1631204,22301011,"MAR 22, 2024",DET vs. BOS,L,28,3,8,0.375,2,4,0.5,0,0,0.0,0,2,2,7,0,0,2,2,8,-16,1,2024-03-22
22023,1631204,22300997,"MAR 20, 2024",DET vs. IND,L,20,2,5,0.4,2,4,0.5,0,0,0.0,0,2,2,1,1,0,1,0,6,-2,1,2024-03-20
22023,1631204,22300984,"MAR 18, 2024",DET @ BOS,L,34,4,12,0.333,0,2,0.0,0,0,0.0,1,3,4,6,1,0,3,0,8,-5,1,2024-03-18
22023,1631204,22300977,"MAR 17, 2024",DET vs. MIA,L,18,3,5,0.6,1,2,0.5,0,0,0.0,0,3,3,6,0,0,1,0,7,6,1,2024-03-17
22023,1631204,22300962,"MAR 15, 2024",DET vs. MIA,L,24,1,6,0.167,1,6,0.167,0,0,0.0,0,2,2,2,1,0,3,2,3,-10,1,2024-03-15
22023,1631204,22300946,"MAR 13, 2024",DET vs. TOR,W,22,4,12,0.333,3,7,0.429,0,0,0.0,0,5,5,3,0,0,0,4,11,0,1,2024-03-13
22023,1631204,22300933,"MAR 11, 2024",DET vs. CHA,W,20,3,4,0.75,1,1,1.0,2,2,1.0,0,2,2,4,0,0,3,1,9,4,1,2024-03-11
22023,1631204,22300919,"MAR 09, 2024",DET vs. DAL,L,19,4,8,0.5,2,5,0.4,0,0,0.0,0,4,4,1,1,0,3,3,10,-15,1,2024-03-09
22023,1631204,22300902,"MAR 07, 2024",DET vs. BKN,W,6,1,4,0.25,0,2,0.0,0,0,0.0,0,0,0,2,0,0,0,2,2,-11,1,2024-03-07
22023,1631204,22300888,"MAR 05, 2024",DET @ MIA,L,14,0,3,0.0,0,3,0.0,0,0,0.0,0,1,1,3,2,0,0,1,0,-2,1,2024-03-05
22023,1631204,22300874,"MAR 03, 2024",DET @ ORL,L,25,1,8,0.125,0,5,0.0,1,1,1.0,0,3,3,4,2,0,2,0,3,-1,1,2024-03-03
22023,1631204,22300793,"FEB 22, 2024",DET @ IND,L,10,3,6,0.5,2,2,1.0,1,2,0.5,0,1,1,2,1,0,1,1,9,-9,1,2024-02-22
22023,1629678,22301004,"MAR 21, 2024",ORL vs. NOP,W,5,0,1,0.0,0,1,0.0,0,0,0.0,0,1,1,0,0,0,0,0,0,-4,1,2024-03-21
22023,1629678,22300991,"MAR 19, 2024",ORL vs. CHA,W,6,2,3,0.667,1,1,1.0,0,0,0.0,0,1,1,0,1,0,0,1,5,-7,1,2024-03-19
22023,1629678,22300979,"MAR 17, 2024",ORL vs. TOR,W,3,0,1,0.0,0,0,0.0,0,0,0.0,0,1,1,0,0,0,0,0,0,-5,1,2024-03-17
22023,1629678,22300947,"MAR 13, 2024",ORL vs. BKN,W,2,0,0,0.0,0,0,0.0,0,0,0.0,0,0,0,0,0,0,0,0,0,-2,1,2024-03-13
22023,1629678,22300912,"MAR 08, 2024",ORL @ NYK,L,3,0,1,0.0,0,1,0.0,0,0,0.0,0,1,1,0,0,0,0,0,0,-1,1,2024-03-08
22023,1629678,22300885,"MAR 05, 2024",ORL @ CHA,W,1,0,0,0.0,0,0,0.0,0,0,0.0,0,0,0,0,0,0,0,0,0,0,1,2024-03-05
22023,1629678,22300874,"MAR 03, 2024",ORL vs. DET,W,3,0,0,0.0,0,0,0.0,0,0,0.0,1,0,1,0,0,0,0,0,0,1,1,2024-03-03
22023,203471,22301019,"MAR 23, 2024",BKN @ NYK,L,34,4,14,0.286,1,4,0.25,0,0,0.0,2,5,7,3,0,3,2,1,9,-13,1,2024-03-23
22023,203471,22301007,"MAR 21, 2024",BKN @ MIL,L,34,2,9,0.222,1,5,0.2,0,0,0.0,0,2,2,9,1,0,2,4,5,-17,1,2024-03-21
22023,203471,22300993,"MAR 19, 2024",BKN vs. NOP,L,34,4,12,0.333,2,6,0.333,2,2,1.0,0,2,2,5,1,0,4,1,12,-13,1,2024-03-19
22023,203471,22300981,"MAR 17, 2024",BKN @ SAS,L,42,8,19,0.421,2,6,0.333,1,2,0.5,0,3,3,7,1,1,5,2,19,-7,1,2024-03-17
22023,203471,22300968,"MAR 16, 2024",BKN @ IND,L,31,4,13,0.308,2,4,0.5,3,4,0.75,0,2,2,5,1,0,4,1,13,-14,1,2024-03-16
22023,203471,22300947,"MAR 13, 2024",BKN @ ORL,L,29,3,8,0.375,1,4,0.25,6,6,1.0,0,1,1,3,1,0,4,3,13,-20,1,2024-03-13
22023,203471,22300930,"MAR 10, 2024",BKN @ CLE,W,34,7,11,0.636,3,5,0.6,0,0,0.0,0,2,2,8,2,0,4,1,17,9,1,2024-03-10
22023,203471,22300918,"MAR 09, 2024",BKN @ CHA,L,39,5,12,0.417,2,7,0.286,0,0,0.0,1,5,6,7,1,0,2,0,12,-13,1,2024-03-09
22023,203471,22300902,"MAR 07, 2024",BKN @ DET,L,39,12,17,0.706,5,7,0.714,2,3,0.667,0,1,1,8,0,0,3,1,31,-2,1,2024-03-07
22023,203471,22300887,"MAR 05, 2024",BKN vs. PHI,W,34,7,12,0.583,1,3,0.333,5,7,0.714,1,1,2,8,0,1,5,2,20,-5,1,2024-03-05
22023,203471,22300879,"MAR 04, 2024",BKN vs. MEM,L,37,5,13,0.385,2,7,0.286,1,3,0.333,2,0,2,9,1,0,0,2,13,-3,1,2024-03-04
22023,203471,22300866,"MAR 02, 2024",BKN vs. ATL,W,34,4,13,0.308,3,4,0.75,3,4,0.75,0,2,2,8,0,2,2,4,14,16,1,2024-03-02
22023,203471,22300851,"FEB 29, 2024",BKN vs. ATL,W,27,9,15,0.6,5,7,0.714,0,0,0.0,1,7,8,7,0,0,2,0,23,15,1,2024-02-29
22023,203471,22300833,"FEB 27, 2024",BKN @ ORL,L,25,6,10,0.6,3,4,0.75,0,0,0.0,0,1,1,2,3,0,2,2,15,-20,1,2024-02-27
22023,203471,22300830,"FEB 26, 2024",BKN @ MEM,W,26,7,12,0.583,3,4,0.75,1,2,0.5,0,2,2,5,0,0,4,2,18,18,1,2024-02-26
22023,203471,22300815,"FEB 24, 2024",BKN @ MIN,L,28,4,14,0.286,1,5,0.2,0,0,0.0,0,1,1,2,0,0,2,2,9,-16,1,2024-02-24
22023,203471,22300795,"FEB 22, 2024",BKN @ TOR,L,23,1,7,0.143,1,3,0.333,1,2,0.5,0,2,2,2,0,0,2,4,4,-30,1,2024-02-22
22023,1631220,22300837,"FEB 27, 2024",NOP @ NYK,W,3,0,0,0.0,0,0,0.0,0,0,0.0,0,0,0,1,0,0,0,0,0,1,1,2024-02-27
22023,1630578,22300929,"MAR 10, 2024",HOU @ SAC,W,29,7,14,0.5,0,0,0.0,0,2,0.0,0,6,6,2,2,0,0,4,14,5,1,2024-03-10
22023,1630578,22300916,"MAR 08, 2024",HOU @ POR,W,32,7,15,0.467,0,0,0.0,5,8,0.625,5,4,9,6,1,1,1,2,19,2,1,2024-03-08
22023,1630578,22300897,"MAR 06, 2024",HOU vs. LAC,L,42,10,19,0.526,0,0,0.0,3,8,0.375,6,13,19,14,2,0,3,4,23,2,1,2024-03-06
22023,1630578,22300891,"MAR 05, 2024",HOU vs. SAS,W,37,19,32,0.594,2,3,0.667,5,7,0.714,6,10,16,3,5,1,2,3,45,18,1,2024-03-05
22023,1630578,22300870,"MAR 02, 2024",HOU @ PHX,W,33,9,21,0.429,0,2,0.0,3,4,0.75,5,5,10,2,2,1,3,4,21,16,1,2024-03-02
22023,1630578,22300854,"FEB 29, 2024",HOU @ PHX,L,23,3,7,0.429,0,1,0.0,2,2,1.0,1,2,3,4,0,0,1,6,8,-17,1,2024-02-29
22023,1630578,22300841,"FEB 27, 2024",HOU @ OKC,L,36,8,13,0.615,0,1,0.0,7,12,0.583,3,8,11,6,2,2,5,2,23,-11,1,2024-02-27
22023,1630578,22300822,"FEB 25, 2024",HOU vs. OKC,L,29,6,12,0.5,1,3,0.333,6,7,0.857,5,7,12,2,1,1,6,4,19,-4,1,2024-02-25
22023,1630578,22300806,"FEB 23, 2024",HOU vs. PHX,W,35,6,15,0.4,0,1,0.0,5,8,0.625,6,6,12,4,0,1,2,4,17,6,1,2024-02-23
22023,1630578,22300798,"FEB 22, 2024",HOU @ NOP,L,27,6,9,0.667,1,1,1.0,7,10,0.7,2,7,9,2,1,0,3,3,20,-15,1,2024-02-22
22023,1641729,22301024,"MAR 23, 2024",UTA @ HOU,L,27,5,14,0.357,2,10,0.2,4,5,0.8,0,4,4,4,0,0,2,0,16,-14,1,2024-03-23
22023,1641729,22301008,"MAR 21, 2024",UTA @ DAL,L,20,1,7,0.143,0,4,0.0,1,2,0.5,1,7,8,5,1,2,2,1,3,-5,1,2024-03-21
22023,1641729,22301000,"MAR 20, 2024",UTA @ OKC,L,20,2,9,0.222,0,3,0.0,0,0,0.0,1,5,6,1,1,0,4,1,4,0,1,2024-03-20
22023,1641729,22300987,"MAR 18, 2024",UTA vs. MIN,L,15,1,5,0.2,1,3,0.333,0,0,0.0,0,1,1,3,0,0,0,1,3,-9,1,2024-03-18
22023,1641729,22300974,"MAR 16, 2024",UTA vs. MIN,L,27,4,12,0.333,0,5,0.0,0,0,0.0,2,5,7,2,0,0,3,1,8,-20,1,2024-03-16
22023,1641729,22300966,"MAR 15, 2024",UTA vs. ATL,W,28,5,9,0.556,0,4,0.0,4,4,1.0,0,4,4,2,0,0,1,2,14,-5,1,2024-03-15
22023,1641729,22300943,"MAR 12, 2024",UTA vs. BOS,L,23,1,5,0.2,0,2,0.0,0,0,0.0,0,4,4,4,0,0,0,1,2,1,1,2024-03-12
22023,1641729,22300922,"MAR 09, 2024",UTA @ DEN,L,32,7,11,0.636,0,3,0.0,2,3,0.667,1,1,2,3,3,0,5,0,16,4,1,2024-03-09
22023,1641729,22300898,"MAR 06, 2024",UTA vs. CHI,L,30,5,8,0.625,2,4,0.5,3,3,1.0,3,9,12,1,0,0,1,2,15,1,1,2024-03-06
22023,1641729,22300882,"MAR 04, 2024",UTA vs. WAS,W,21,3,9,0.333,1,5,0.2,0,0,0.0,0,2,2,2,0,0,1,1,7,-9,1,2024-03-04
22023,1641729,22300867,"MAR 02, 2024",UTA @ MIA,L,13,2,4,0.5,2,3,0.667,0,0,0.0,0,0,0,0,0,0,2,1,6,2,1,2024-03-02
22023,1641729,22300850,"FEB 29, 2024",UTA @ ORL,L,14,0,2,0.0,0,2,0.0,2,2,1.0,0,1,1,1,0,0,3,4,2,-8,1,2024-02-29
22023,1641729,22300835,"FEB 27, 2024",UTA @ ATL,L,17,2,5,0.4,2,4,0.5,0,0,0.0,0,1,1,0,0,0,1,3,6,-9,1,2024-02-27
22023,1641729,22300825,"FEB 25, 2024",UTA vs. SAS,W,16,2,3,0.667,1,1,1.0,0,0,0.0,0,3,3,1,0,0,1,0,5,5,1,2024-02-25
22023,1641729,22300801,"FEB 22, 2024",UTA vs. CHA,L,13,3,6,0.5,1,3,0.333,0,0,0.0,0,0,0,0,1,0,1,2,7,-9,1,2024-02-22
22023,1629012,22301024,"MAR 23, 2024",UTA @ HOU,L,36,7,17,0.412,1,2,0.5,5,6,0.833,1,1,2,8,2,0,0,1,20,-9,1,2024-03-23
22023,1629012,22301008,"MAR 21, 2024",UTA @ DAL,L,34,9,14,0.643,0,3,0.0,2,2,1.0,1,3,4,5,0,0,3,2,20,-21,1,2024-03-21
22023,1629012,22301000,"MAR 20, 2024",UTA @ OKC,L,30,12,19,0.632,0,2,0.0,1,2,0.5,1,4,5,7,2,0,2,0,25,-6,1,2024-03-20
22023,1629012,22300987,"MAR 18, 2024",UTA vs. MIN,L,37,9,17,0.529,5,8,0.625,1,1,1.0,1,0,1,2,0,0,4,0,24,-10,1,2024-03-18
22023,1629012,22300974,"MAR 16, 2024",UTA vs. MIN,L,31,9,16,0.563,1,3,0.333,3,3,1.0,1,1,2,10,1,0,5,2,22,-11,1,2024-03-16
22023,1629012,22300966,"MAR 15, 2024",UTA vs. ATL,W,31,9,16,0.563,3,6,0.5,0,0,0.0,0,4,4,6,2,0,1,2,21,6,1,2024-03-15
22023,1629012,22300943,"MAR 12, 2024",UTA vs. BOS,L,31,9,16,0.563,1,4,0.25,1,1,1.0,5,2,7,5,0,1,5,5,20,-8,1,2024-03-12
22023,1629012,22300922,"MAR 09, 2024",UTA @ DEN,L,36,6,17,0.353,1,3,0.333,4,5,0.8,1,0,1,4,1,0,0,2,17,-1,1,2024-03-09
22023,1629012,22300898,"MAR 06, 2024",UTA vs. CHI,L,35,7,17,0.412,5,11,0.455,5,6,0.833,0,4,4,7,0,0,2,2,24,4,1,2024-03-06
22023,1629012,22300882,"MAR 04, 2024",UTA vs. WAS,W,34,11,19,0.579,4,7,0.571,3,3,1.0,2,1,3,7,2,0,1,2,29,18,1,2024-03-04
22023,1629012,22300867,"MAR 02, 2024",UTA @ MIA,L,31,7,13,0.538,0,1,0.0,4,4,1.0,0,1,1,5,0,0,0,0,18,-10,1,2024-03-02
22023,1629012,22300850,"FEB 29, 2024",UTA @ ORL,L,30,5,12,0.417,3,5,0.6,6,10,0.6,0,3,3,4,1,0,1,0,19,-2,1,2024-02-29
22023,1629012,22300835,"FEB 27, 2024",UTA @ ATL,L,29,8,16,0.5,3,6,0.5,3,5,0.6,0,1,1,3,6,0,3,2,22,-18,1,2024-02-27
22023,1629012,22300825,"FEB 25, 2024",UTA vs. SAS,W,27,4,9,0.444,0,0,0.0,8,8,1.0,1,1,2,10,4,0,4,4,16,19,1,2024-02-25
22023,1629012,22300801,"FEB 22, 2024",UTA vs. CHA,L,26,3,9,0.333,2,4,0.5,9,10,0.9,0,2,2,5,0,0,4,2,17,2,1,2024-02-22
22023,1629013,22300926,"MAR 10, 2024",WAS @ MIA,W,7,0,0,0.0,0,0,0.0,0,0,0.0,0,0,0,0,0,0,0,1,0,-9,1,2024-03-10
22023,1629013,22300894,"MAR 06, 2024",WAS vs. ORL,L,16,1,2,0.5,0,1,0.0,0,0,0.0,0,1,1,2,0,1,1,2,2,8,1,2024-03-06
22023,1629013,22300882,"MAR 04, 2024",WAS @ UTA,L,18,1,2,0.5,0,1,0.0,0,0,0.0,0,1,1,0,0,0,1,1,2,-18,1,2024-03-04
22023,1629013,22300865,"MAR 01, 2024",WAS @ LAC,L,17,2,6,0.333,2,6,0.333,2,2,1.0,0,1,1,0,1,0,1,2,8,-9,1,2024-03-01
22023,1629013,22300856,"FEB 29, 2024",WAS @ LAL,L,16,2,7,0.286,0,4,0.0,0,0,0.0,0,1,1,1,0,0,1,0,4,4,1,2024-02-29
22023,1629013,22300834,"FEB 27, 2024",WAS vs. GSW,L,32,6,13,0.462,3,9,0.333,1,1,1.0,0,0,0,1,0,0,0,2,16,-6,1,2024-02-27
22023,1629013,22300820,"FEB 25, 2024",WAS vs. CLE,L,37,6,15,0.4,3,8,0.375,0,0,0.0,1,4,5,2,3,0,0,2,15,-4,1,2024-02-25
22023,1629013,22300809,"FEB 23, 2024",WAS @ OKC,L,19,0,2,0.0,0,2,0.0,0,0,0.0,1,2,3,0,0,1,3,2,0,-17,1,2024-02-23
22023,1629013,22300800,"FEB 22, 2024",WAS @ DEN,L,5,0,0,0.0,0,0,0.0,0,0,0.0,0,0,0,1,0,0,0,0,0,-2,1,2024-02-22
22023,1630549,22301019,"MAR 23, 2024",BKN @ NYK,L,10,2,4,0.5,0,0,0.0,1,1,1.0,3,1,4,2,0,1,0,3,5,-2,1,2024-03-23
22023,1630549,22300993,"MAR 19, 2024",BKN vs. NOP,L,24,4,11,0.364,0,0,0.0,0,0,0.0,9,8,17,3,0,2,2,2,8,-7,1,2024-03-19
22023,1630549,22300981,"MAR 17, 2024",BKN @ SAS,L,19,7,9,0.778,0,0,0.0,1,3,0.333,2,1,3,2,1,1,1,3,15,3,1,2024-03-17
22023,1630549,22300968,"MAR 16, 2024",BKN @ IND,L,14,1,1,1.0,0,0,0.0,1,3,0.333,3,4,7,1,1,0,4,2,3,-6,1,2024-03-16
22023,1630549,22300947,"MAR 13, 2024",BKN @ ORL,L,14,1,2,0.5,0,0,0.0,3,4,0.75,0,2,2,0,0,0,1,2,5,-3,1,2024-03-13
22023,1630549,22300930,"MAR 10, 2024",BKN @ CLE,W,17,2,2,1.0,0,0,0.0,0,0,0.0,0,3,3,4,0,1,0,2,4,17,1,2024-03-10
22023,1630549,22300918,"MAR 09, 2024",BKN @ CHA,L,10,1,3,0.333,0,0,0.0,0,0,0.0,4,1,5,2,0,0,1,1,2,-5,1,2024-03-09
22023,1630549,22300879,"MAR 04, 2024",BKN vs. MEM,L,14,1,3,0.333,0,1,0.0,2,4,0.5,1,2,3,1,1,0,1,1,4,-5,1,2024-03-04
22023,1630549,22300866,"MAR 02, 2024",BKN vs. ATL,W,14,2,4,0.5,0,0,0.0,2,4,0.5,3,2,5,1,0,2,1,1,6,-1,1,2024-03-02
22023,1630549,22300851,"FEB 29, 2024",BKN vs. ATL,W,20,5,7,0.714,2,2,1.0,0,0,0.0,1,7,8,4,1,1,1,2,12,15,1,2024-02-29
22023,1630549,22300833,"FEB 27, 2024",BKN @ ORL,L,14,2,2,1.0,0,0,0.0,0,0,0.0,1,5,6,1,0,0,0,2,4,-10,1,2024-02-27
22023,1630549,22300830,"FEB 26, 2024",BKN @ MEM,W,15,4,7,0.571,0,1,0.0,0,0,0.0,3,5,8,2,0,0,1,2,8,1,1,2024-02-26
22023,1630549,22300815,"FEB 24, 2024",BKN @ MIN,L,11,2,4,0.5,0,0,0.0,0,0,0.0,4,3,7,0,1,0,2,3,4,-2,1,2024-02-24
22023,1630549,22300795,"FEB 22, 2024",BKN @ TOR,L,16,3,5,0.6,0,0,0.0,3,6,0.5,2,3,5,1,0,0,4,2,9,-4,1,2024-02-22
22023,1641767,22301032,"MAR 24, 2024",IND @ LAL,L,16,1,2,0.5,0,1,0.0,0,0,0.0,0,0,0,3,0,0,1,4,2,1,1,2024-03-24
22023,1641767,22301016,"MAR 22, 2024",IND @ GSW,W,14,1,4,0.25,1,3,0.333,0,0,0.0,1,0,1,1,1,0,0,1,3,-5,1,2024-03-22
22023,1641767,22300997,"MAR 20, 2024",IND @ DET,W,22,4,8,0.5,1,4,0.25,0,0,0.0,0,2,2,3,0,0,1,1,9,3,1,2024-03-20
22023,1641767,22300983,"MAR 18, 2024",IND vs. CLE,L,20,2,6,0.333,1,5,0.2,0,0,0.0,0,1,1,1,1,0,0,2,5,5,1,2024-03-18
22023,1641767,22300968,"MAR 16, 2024",IND vs. BKN,W,24,4,7,0.571,1,4,0.25,2,2,1.0,0,1,1,2,1,0,1,0,11,8,1,2024-03-16
22023,1641767,22300948,"MAR 13, 2024",IND vs. CHI,L,21,0,5,0.0,0,5,0.0,2,2,1.0,0,3,3,1,0,0,0,2,2,18,1,2024-03-13
22023,1641767,22300941,"MAR 12, 2024",IND @ OKC,W,17,2,5,0.4,0,3,0.0,0,0,0.0,1,1,2,0,0,0,0,1,4,-2,1,2024-03-12
22023,1641767,22300928,"MAR 10, 2024",IND @ ORL,W,11,1,2,0.5,0,1,0.0,0,0,0.0,0,0,0,0,0,0,0,0,2,-2,1,2024-03-10
22023,1641767,22300903,"MAR 07, 2024",IND vs. MIN,L,19,2,4,0.5,2,2,1.0,0,0,0.0,0,4,4,0,0,0,0,4,6,-7,1,2024-03-07
22023,1641767,22300892,"MAR 05, 2024",IND @ DAL,W,22,4,7,0.571,4,6,0.667,0,0,0.0,1,6,7,0,1,0,0,3,12,5,1,2024-03-05
22023,1641767,22300843,"FEB 28, 2024",IND vs. NOP,W,27,4,8,0.5,3,7,0.429,0,0,0.0,0,1,1,1,2,1,0,4,11,7,1,2024-02-28
22023,1641767,22300829,"FEB 26, 2024",IND vs. TOR,L,17,1,4,0.25,0,3,0.0,0,0,0.0,0,0,0,0,0,0,0,2,2,1,1,2024-02-26
22023,1641767,22300819,"FEB 25, 2024",IND vs. DAL,W,12,5,6,0.833,5,5,1.0,0,0,0.0,0,1,1,4,2,0,0,3,15,14,1,2024-02-25
22023,1641767,22300793,"FEB 22, 2024",IND vs. DET,W,15,3,5,0.6,1,2,0.5,0,0,0.0,0,1,1,0,0,0,0,1,7,6,1,2024-02-22
22023,1627783,22301032,"MAR 24, 2024",IND @ LAL,L,33,16,29,0.552,0,2,0.0,4,8,0.5,4,8,12,2,0,0,1,3,36,-11,1,2024-03-24
22023,1627783,22301016,"MAR 22, 2024",IND @ GSW,W,33,11,17,0.647,1,3,0.333,2,4,0.5,3,13,16,6,1,0,3,1,25,16,1,2024-03-22
22023,1627783,22300997,"MAR 20, 2024",IND @ DET,W,27,10,15,0.667,2,3,0.667,3,6,0.5,0,8,8,4,1,1,0,0,25,12,1,2024-03-20
22023,1627783,22300983,"MAR 18, 2024",IND vs. CLE,L,32,9,18,0.5,0,1,0.0,1,4,0.25,4,8,12,1,1,0,2,3,19,-12,1,2024-03-18
22023,1627783,22300968,"MAR 16, 2024",IND vs. BKN,W,28,11,22,0.5,0,1,0.0,6,6,1.0,4,7,11,4,3,0,2,3,28,22,1,2024-03-16
22023,1627783,22300948,"MAR 13, 2024",IND vs. CHI,L,36,8,12,0.667,0,1,0.0,1,3,0.333,3,6,9,3,2,2,2,5,17,0,1,2024-03-13
22023,1627783,22300941,"MAR 12, 2024",IND @ OKC,W,32,6,12,0.5,0,0,0.0,6,7,0.857,0,11,11,4,2,1,0,1,18,5,1,2024-03-12
22023,1627783,22300928,"MAR 10, 2024",IND @ ORL,W,33,6,14,0.429,1,3,0.333,7,9,0.778,1,6,7,3,0,0,0,2,20,6,1,2024-03-10
22023,1627783,22300903,"MAR 07, 2024",IND vs. MIN,L,34,10,20,0.5,1,3,0.333,3,3,1.0,2,2,4,2,0,0,2,1,24,8,1,2024-03-07
22023,1627783,22300892,"MAR 05, 2024",IND @ DAL,W,32,5,11,0.455,0,0,0.0,3,3,1.0,5,8,13,6,0,1,1,0,13,11,1,2024-03-05
22023,1627783,22300877,"MAR 03, 2024",IND @ SAS,L,38,10,17,0.588,1,4,0.25,0,0,0.0,3,5,8,1,1,0,1,5,21,-15,1,2024-03-03
22023,1627783,22300863,"MAR 01, 2024",IND @ NOP,L,20,5,10,0.5,1,2,0.5,1,2,0.5,0,2,2,3,0,0,2,1,12,-43,1,2024-03-01
22023,1627783,22300843,"FEB 28, 2024",IND vs. NOP,W,33,11,18,0.611,0,3,0.0,2,2,1.0,2,9,11,5,0,2,2,3,24,-3,1,2024-02-28
22023,1627783,22300829,"FEB 26, 2024",IND vs. TOR,L,37,11,22,0.5,3,8,0.375,2,2,1.0,3,6,9,6,0,1,1,4,27,-12,1,2024-02-26
22023,1627783,22300819,"FEB 25, 2024",IND vs. DAL,W,29,5,11,0.455,0,2,0.0,2,2,1.0,0,9,9,2,2,0,0,1,12,6,1,2024-02-25
22023,1627783,22300793,"FEB 22, 2024",IND vs. DET,W,32,8,16,0.5,2,2,1.0,2,2,1.0,0,4,4,2,0,0,0,2,20,-7,1,2024-02-22
22023,1627732,22300830,"FEB 26, 2024",BKN @ MEM,W,14,2,2,1.0,0,0,0.0,0,0,0.0,2,4,6,3,0,0,0,3,4,4,1,2024-02-26
22023,1627732,22300815,"FEB 24, 2024",BKN @ MIN,L,15,2,6,0.333,0,0,0.0,0,0,0.0,2,6,8,1,3,1,1,0,4,-2,1,2024-02-24
22023,1627732,22300795,"FEB 22, 2024",BKN @ TOR,L,21,1,2,0.5,0,0,0.0,0,1,0.0,0,4,4,4,0,0,1,1,2,-23,1,2024-02-22
22023,1629014,22301017,"MAR 22, 2024",POR vs. LAC,L,22,1,6,0.167,1,4,0.25,0,0,0.0,0,0,0,6,1,0,0,0,3,-13,1,2024-03-22
22023,1629014,22301003,"MAR 20, 2024",POR vs. LAC,L,28,6,11,0.545,2,5,0.4,0,0,0.0,0,4,4,1,0,1,3,2,14,-17,1,2024-03-20
22023,1629014,22300986,"MAR 18, 2024",POR @ CHI,L,39,10,24,0.417,4,14,0.286,6,7,0.857,0,3,3,9,0,0,1,2,30,3,1,2024-03-18
22023,1629014,22300970,"MAR 16, 2024",POR @ NOP,L,36,9,18,0.5,5,10,0.5,2,2,1.0,0,4,4,8,0,0,5,1,25,-6,1,2024-03-16
22023,1629014,22300953,"MAR 13, 2024",POR vs. ATL,W,43,10,23,0.435,5,13,0.385,11,11,1.0,2,5,7,8,1,0,1,2,36,13,1,2024-03-13
22023,1629014,22300938,"MAR 11, 2024",POR vs. BOS,L,34,6,18,0.333,3,9,0.333,2,2,1.0,0,4,4,3,0,0,1,3,17,-6,1,2024-03-11
22023,1629014,22300923,"MAR 09, 2024",POR vs. TOR,W,42,8,18,0.444,4,9,0.444,3,3,1.0,2,2,4,7,1,0,5,1,23,1,1,2024-03-09
22023,1629014,22300916,"MAR 08, 2024",POR vs. HOU,L,34,7,14,0.5,4,7,0.571,5,7,0.714,0,3,3,3,3,0,6,2,23,-14,1,2024-03-08
22023,1629014,22300900,"MAR 06, 2024",POR vs. OKC,L,40,10,19,0.526,5,10,0.5,4,4,1.0,0,3,3,5,1,0,4,2,29,-1,1,2024-03-06
22023,1629014,22300881,"MAR 04, 2024",POR @ MIN,L,43,13,26,0.5,5,13,0.385,3,3,1.0,0,5,5,14,0,0,4,4,34,1,1,2024-03-04
22023,1629014,22300868,"MAR 02, 2024",POR @ MEM,W,45,10,23,0.435,4,9,0.444,6,7,0.857,1,6,7,7,0,0,4,1,30,10,1,2024-03-02
22023,1629014,22300861,"MAR 01, 2024",POR @ MEM,W,26,3,9,0.333,1,4,0.25,0,0,0.0,2,3,5,8,0,0,2,0,7,12,1,2024-03-01
22023,1629014,22300842,"FEB 27, 2024",POR vs. MIA,L,41,10,26,0.385,4,11,0.364,2,2,1.0,0,1,1,4,0,0,4,3,26,-12,1,2024-02-27
22023,1629014,22300826,"FEB 25, 2024",POR vs. CHA,L,35,4,21,0.19,0,8,0.0,2,2,1.0,0,4,4,0,0,0,4,3,10,-21,1,2024-02-25
22023,1629014,22300812,"FEB 23, 2024",POR vs. DEN,L,36,8,15,0.533,3,6,0.5,2,2,1.0,0,3,3,8,1,0,1,4,21,-24,1,2024-02-23
22023,1630579,22301019,"MAR 23, 2024",NYK vs. BKN,W,18,0,2,0.0,0,0,0.0,0,0,0.0,2,5,7,0,1,0,2,3,0,5,1,2024-03-23
22023,1630579,22301009,"MAR 21, 2024",NYK @ DEN,L,8,0,0,0.0,0,0,0.0,0,0,0.0,0,2,2,2,0,0,0,0,0,10,1,2024-03-21
22023,1630579,22300988,"MAR 18, 2024",NYK @ GSW,W,5,0,0,0.0,0,0,0.0,0,0,0.0,0,1,1,0,0,0,1,2,0,-5,1,2024-03-18
22023,1630579,22300939,"MAR 12, 2024",NYK vs. PHI,W,6,0,0,0.0,0,0,0.0,0,0,0.0,1,2,3,0,0,0,0,0,0,-2,1,2024-03-12
22023,1630579,22300927,"MAR 10, 2024",NYK vs. PHI,L,23,2,3,0.667,0,0,0.0,0,0,0.0,0,6,6,0,2,1,1,1,4,-18,1,2024-03-10
22023,1630579,22300912,"MAR 08, 2024",NYK vs. ORL,W,28,1,1,1.0,0,0,0.0,0,0,0.0,3,3,6,1,0,1,0,2,2,10,1,2024-03-08
22023,1630579,22300889,"MAR 05, 2024",NYK vs. ATL,L,26,2,2,1.0,0,0,0.0,0,0,0.0,6,3,9,1,1,0,1,1,4,0,1,2024-03-05
22023,1630579,22300876,"MAR 03, 2024",NYK @ CLE,W,21,0,0,0.0,0,0,0.0,0,0,0.0,3,3,6,1,1,2,0,1,0,17,1,2024-03-03
22023,1630579,22300852,"FEB 29, 2024",NYK vs. GSW,L,22,3,3,1.0,0,0,0.0,4,5,0.8,2,3,5,3,0,0,0,1,10,6,1,2024-02-29
22023,1630579,22300837,"FEB 27, 2024",NYK vs. NOP,L,30,3,3,1.0,0,0,0.0,1,3,0.333,2,5,7,3,0,2,2,3,7,-18,1,2024-02-27
22023,1630579,22300828,"FEB 26, 2024",NYK vs. DET,W,20,1,2,0.5,0,0,0.0,0,0,0.0,4,2,6,2,0,0,1,0,2,2,1,2024-02-26
22023,1630579,22300816,"FEB 24, 2024",NYK vs. BOS,L,14,0,0,0.0,0,0,0.0,0,0,0.0,0,2,2,0,0,0,0,0,0,-5,1,2024-02-24
22023,1630579,22300794,"FEB 22, 2024",NYK @ PHI,W,18,1,2,0.5,0,0,0.0,2,2,1.0,5,5,10,2,0,1,0,2,4,5,1,2024-02-22
22023,1641771,22300999,"MAR 20, 2024",SAC @ TOR,W,8,1,2,0.5,0,1,0.0,0,0,0.0,1,1,2,0,1,0,0,2,2,3,1,2024-03-20
22023,1641771,22300945,"MAR 12, 2024",SAC vs. MIL,W,2,0,0,0.0,0,0,0.0,0,0,0.0,0,1,1,0,0,0,0,1,0,-1,1,2024-03-12
22023,1630188,22301032,"MAR 24, 2024",IND @ LAL,L,5,0,1,0.0,0,1,0.0,0,0,0.0,0,1,1,0,0,0,0,0,0,-4,1,2024-03-24
22023,1630188,22301016,"MAR 22, 2024",IND @ GSW,W,21,4,5,0.8,3,3,1.0,0,0,0.0,3,4,7,1,1,1,0,2,11,5,1,2024-03-22
22023,1630188,22300983,"MAR 18, 2024",IND vs. CLE,L,19,3,9,0.333,2,7,0.286,3,6,0.5,4,4,8,1,0,1,0,2,11,1,1,2024-03-18
22023,1630188,22300968,"MAR 16, 2024",IND vs. BKN,W,19,4,8,0.5,1,3,0.333,0,0,0.0,4,1,5,0,0,0,0,3,9,-2,1,2024-03-16
22023,1630188,22300948,"MAR 13, 2024",IND vs. CHI,L,18,5,7,0.714,2,4,0.5,3,4,0.75,2,4,6,0,0,0,0,5,15,12,1,2024-03-13
22023,1630188,22300941,"MAR 12, 2024",IND @ OKC,W,18,2,5,0.4,0,2,0.0,2,2,1.0,1,8,9,3,0,1,1,1,6,3,1,2024-03-12
22023,1630188,22300903,"MAR 07, 2024",IND vs. MIN,L,20,5,5,1.0,1,1,1.0,3,6,0.5,1,1,2,4,0,1,0,1,14,-3,1,2024-03-07
22023,1630188,22300892,"MAR 05, 2024",IND @ DAL,W,18,4,7,0.571,1,2,0.5,2,5,0.4,2,3,5,1,0,0,1,1,11,2,1,2024-03-05
22023,1630188,22300877,"MAR 03, 2024",IND @ SAS,L,12,1,3,0.333,0,2,0.0,2,2,1.0,2,5,7,0,0,0,1,0,4,-2,1,2024-03-03
22023,1630188,22300863,"MAR 01, 2024",IND @ NOP,L,11,4,6,0.667,1,2,0.5,0,0,0.0,2,1,3,0,0,0,1,1,9,-18,1,2024-03-01
22023,1630188,22300843,"FEB 28, 2024",IND vs. NOP,W,18,4,9,0.444,0,3,0.0,1,1,1.0,2,5,7,1,0,1,2,3,9,12,1,2024-02-28
22023,1630188,22300829,"FEB 26, 2024",IND vs. TOR,L,14,4,7,0.571,1,2,0.5,0,0,0.0,3,2,5,2,0,1,0,0,9,8,1,2024-02-26
22023,1630188,22300819,"FEB 25, 2024",IND vs. DAL,W,15,1,6,0.167,0,4,0.0,0,0,0.0,1,5,6,2,0,0,1,3,2,11,1,2024-02-25
22023,1631173,22300794,"FEB 22, 2024",PHI vs. NYK,L,1,0,0,0.0,0,0,0.0,0,0,0.0,0,0,0,0,0,0,0,0,0,0,1,2024-02-22
22023,1628372,22301019,"MAR 23, 2024",BKN @ NYK,L,14,3,4,0.75,1,2,0.5,1,2,0.5,0,0,0,1,2,0,2,1,8,-2,1,2024-03-23
22023,1628372,22301007,"MAR 21, 2024",BKN @ MIL,L,19,2,2,1.0,1,1,1.0,0,0,0.0,0,3,3,6,3,0,3,2,5,-7,1,2024-03-21
22023,1628372,22300993,"MAR 19, 2024",BKN vs. NOP,L,10,0,2,0.0,0,0,0.0,0,0,0.0,0,0,0,3,1,0,1,1,0,-3,1,2024-03-19
22023,1628372,22300981,"MAR 17, 2024",BKN @ SAS,L,17,2,6,0.333,1,2,0.5,0,0,0.0,1,2,3,4,2,0,1,1,5,-6,1,2024-03-17
22023,1628372,22300968,"MAR 16, 2024",BKN @ IND,L,11,2,4,0.5,0,1,0.0,0,0,0.0,0,0,0,2,0,0,1,3,4,-4,1,2024-03-16
22023,1628372,22300947,"MAR 13, 2024",BKN @ ORL,L,18,4,7,0.571,2,5,0.4,0,0,0.0,2,1,3,2,2,0,0,0,10,8,1,2024-03-13
22023,1628372,22300930,"MAR 10, 2024",BKN @ CLE,W,20,2,3,0.667,1,2,0.5,2,2,1.0,2,1,3,2,0,0,1,4,7,22,1,2024-03-10
22023,1628372,22300918,"MAR 09, 2024",BKN @ CHA,L,14,2,4,0.5,1,3,0.333,2,2,1.0,0,3,3,0,0,0,1,1,7,-13,1,2024-03-09
22023,1628372,22300902,"MAR 07, 2024",BKN @ DET,L,24,3,10,0.3,1,4,0.25,2,2,1.0,0,2,2,3,4,0,1,6,9,-2,1,2024-03-07
22023,1628372,22300887,"MAR 05, 2024",BKN vs. PHI,W,24,3,6,0.5,0,2,0.0,1,3,0.333,0,1,1,6,3,0,2,3,7,13,1,2024-03-05
22023,1628372,22300879,"MAR 04, 2024",BKN vs. MEM,L,17,2,5,0.4,1,3,0.333,0,0,0.0,1,0,1,0,2,1,1,1,5,-9,1,2024-03-04
22023,1628372,22300866,"MAR 02, 2024",BKN vs. ATL,W,21,1,6,0.167,1,3,0.333,0,0,0.0,1,5,6,6,0,1,0,2,3,3,1,2024-03-02
22023,1628372,22300851,"FEB 29, 2024",BKN vs. ATL,W,21,4,7,0.571,1,3,0.333,1,2,0.5,0,0,0,5,1,0,0,2,10,12,1,2024-02-29
22023,1628372,22300833,"FEB 27, 2024",BKN @ ORL,L,20,3,6,0.5,1,3,0.333,0,0,0.0,1,2,3,5,1,0,3,2,7,-5,1,2024-02-27
22023,1628372,22300830,"FEB 26, 2024",BKN @ MEM,W,14,0,3,0.0,0,1,0.0,0,2,0.0,2,0,2,3,0,0,0,2,0,5,1,2024-02-26
22023,1628372,22300815,"FEB 24, 2024",BKN @ MIN,L,15,0,6,0.0,0,0,0.0,0,0,0.0,0,4,4,2,1,0,0,0,0,-6,1,2024-02-24
22023,1628372,22300795,"FEB 22, 2024",BKN @ TOR,L,16,2,3,0.667,0,0,0.0,2,2,1.0,0,3,3,1,0,0,4,1,6,5,1,2024-02-22
22023,1631095,22301024,"MAR 23, 2024",HOU vs. UTA,W,9,2,3,0.667,0,0,0.0,1,1,1.0,0,2,2,2,0,0,0,0,5,13,1,2024-03-23
22023,1631095,22301006,"MAR 21, 2024",HOU vs. CHI,W,22,2,10,0.2,0,4,0.0,1,1,1.0,1,6,7,0,0,0,3,5,5,-1,1,2024-03-21
22023,1631095,22300992,"MAR 19, 2024",HOU @ WAS,W,31,7,13,0.538,2,7,0.286,2,3,0.667,4,10,14,0,1,0,0,2,18,-2,1,2024-03-19
22023,1631095,22300967,"MAR 16, 2024",HOU vs. CLE,W,32,8,13,0.615,3,5,0.6,1,1,1.0,3,4,7,2,1,3,2,3,20,22,1,2024-03-16
22023,1631095,22300957,"MAR 14, 2024",HOU vs. WAS,W,26,6,10,0.6,2,4,0.5,2,2,1.0,0,5,5,1,0,0,1,4,16,8,1,2024-03-14
22023,1631095,22300942,"MAR 12, 2024",HOU @ SAS,W,33,5,11,0.455,1,3,0.333,4,4,1.0,1,8,9,1,2,0,1,2,15,-6,1,2024-03-12
22023,1631095,22300929,"MAR 10, 2024",HOU @ SAC,W,34,3,10,0.3,2,6,0.333,2,2,1.0,2,9,11,2,3,0,3,3,10,16,1,2024-03-10
22023,1631095,22300916,"MAR 08, 2024",HOU @ POR,W,39,5,11,0.455,3,7,0.429,2,2,1.0,1,8,9,4,2,2,2,2,15,11,1,2024-03-08
22023,1631095,22300897,"MAR 06, 2024",HOU vs. LAC,L,29,6,11,0.545,4,6,0.667,3,4,0.75,1,1,2,1,0,2,0,5,19,-20,1,2024-03-06
22023,1631095,22300891,"MAR 05, 2024",HOU vs. SAS,W,25,1,6,0.167,0,3,0.0,0,0,0.0,2,1,3,1,0,1,0,2,2,-9,1,2024-03-05
22023,1631095,22300870,"MAR 02, 2024",HOU @ PHX,W,37,5,11,0.455,2,7,0.286,2,4,0.5,1,4,5,1,1,1,0,1,14,6,1,2024-03-02
22023,1631095,22300854,"FEB 29, 2024",HOU @ PHX,L,37,3,11,0.273,1,6,0.167,4,4,1.0,3,13,16,0,1,1,0,5,11,-5,1,2024-02-29
22023,1631095,22300841,"FEB 27, 2024",HOU @ OKC,L,35,7,16,0.438,1,6,0.167,3,4,0.75,2,11,13,2,1,1,1,1,18,-9,1,2024-02-27
22023,1631095,22300822,"FEB 25, 2024",HOU vs. OKC,L,41,6,15,0.4,4,9,0.444,4,4,1.0,4,13,17,4,1,0,1,1,20,-2,1,2024-02-25
22023,1631095,22300806,"FEB 23, 2024",HOU vs. PHX,W,41,6,18,0.333,3,10,0.3,7,8,0.875,5,11,16,3,2,1,1,6,22,2,1,2024-02-23
22023,1631095,22300798,"FEB 22, 2024",HOU @ NOP,L,27,3,5,0.6,2,2,1.0,1,2,0.5,1,3,4,1,0,0,2,1,9,-20,1,2024-02-22
22023,1641733,22301021,"MAR 23, 2024",CHA @ ATL,L,3,0,3,0.0,0,2,0.0,0,0,0.0,0,0,0,0,0,0,1,0,0,-4,1,2024-03-23
22023,1641733,22300991,"MAR 19, 2024",CHA @ ORL,L,6,3,4,0.75,2,3,0.667,0,0,0.0,0,0,0,1,0,0,1,0,8,7,1,2024-03-19
22023,1641733,22300969,"MAR 16, 2024",CHA @ PHI,L,7,0,2,0.0,0,1,0.0,0,0,0.0,0,1,1,0,0,0,0,1,0,6,1,2024-03-16
22023,1641733,22300961,"MAR 15, 2024",CHA vs. PHX,L,1,2,3,0.667,0,1,0.0,0,0,0.0,0,1,1,0,0,0,0,0,4,2,1,2024-03-15
22023,1641733,22300933,"MAR 11, 2024",CHA @ DET,L,15,0,4,0.0,0,2,0.0,0,0,0.0,0,2,2,1,0,0,1,2,0,-9,1,2024-03-11
22023,1641733,22300918,"MAR 09, 2024",CHA vs. BKN,W,17,2,4,0.5,0,1,0.0,0,0,0.0,1,0,1,3,1,0,0,3,4,9,1,2024-03-09
22023,1641733,22300910,"MAR 08, 2024",CHA @ WAS,L,16,0,6,0.0,0,2,0.0,0,0,0.0,0,1,1,2,0,0,0,2,0,1,1,2024-03-08
22023,1631110,22301025,"MAR 23, 2024",SAS vs. PHX,L,21,3,7,0.429,0,4,0.0,1,2,0.5,0,3,3,2,0,1,2,0,7,-21,1,2024-03-23
22023,1631110,22301015,"MAR 22, 2024",SAS vs. MEM,L,31,3,13,0.231,0,4,0.0,0,0,0.0,3,7,10,4,4,1,4,3,6,3,1,2024-03-22
22023,1631110,22300994,"MAR 19, 2024",SAS vs. DAL,L,30,4,15,0.267,3,9,0.333,2,4,0.5,3,7,10,6,0,0,2,2,13,-3,1,2024-03-19
22023,1631110,22300981,"MAR 17, 2024",SAS vs. BKN,W,42,1,8,0.125,0,2,0.0,2,2,1.0,3,6,9,4,1,3,3,2,4,3,1,2024-03-17
22023,1631110,22300965,"MAR 15, 2024",SAS vs. DEN,L,28,8,16,0.5,1,3,0.333,2,3,0.667,4,2,6,4,1,0,3,1,19,-1,1,2024-03-15
22023,1631110,22300942,"MAR 12, 2024",SAS vs. HOU,L,32,9,14,0.643,2,6,0.333,1,1,1.0,2,6,8,2,1,1,2,3,21,1,1,2024-03-12
22023,1631110,22300936,"MAR 11, 2024",SAS vs. GSW,L,28,4,10,0.4,1,2,0.5,0,0,0.0,1,6,7,7,1,2,1,2,9,-3,1,2024-03-11
22023,1631110,22300921,"MAR 09, 2024",SAS @ GSW,W,24,7,14,0.5,2,4,0.5,4,6,0.667,0,5,5,1,0,1,3,5,20,7,1,2024-03-09
22023,1631110,22300908,"MAR 07, 2024",SAS @ SAC,L,36,3,10,0.3,0,3,0.0,3,3,1.0,2,6,8,2,1,2,2,5,9,10,1,2024-03-07
22023,1631110,22300891,"MAR 05, 2024",SAS @ HOU,L,34,5,14,0.357,1,6,0.167,4,4,1.0,3,5,8,3,0,0,2,2,15,-17,1,2024-03-05
22023,1631110,22300877,"MAR 03, 2024",SAS vs. IND,W,34,6,8,0.75,0,0,0.0,0,0,0.0,2,6,8,4,0,1,1,2,12,11,1,2024-03-03
22023,1631110,22300853,"FEB 29, 2024",SAS vs. OKC,W,32,8,14,0.571,3,6,0.5,2,2,1.0,2,8,10,0,0,0,1,4,21,10,1,2024-02-29
22023,1631110,22300838,"FEB 27, 2024",SAS @ MIN,L,16,0,2,0.0,0,1,0.0,0,0,0.0,0,0,0,1,0,0,0,1,0,-1,1,2024-02-27
22023,1631110,22300825,"FEB 25, 2024",SAS @ UTA,L,29,0,5,0.0,0,1,0.0,1,2,0.5,0,4,4,3,1,1,0,2,1,-21,1,2024-02-25
22023,1631110,22300813,"FEB 23, 2024",SAS @ LAL,L,34,7,16,0.438,1,6,0.167,0,0,0.0,7,6,13,5,2,0,3,3,15,-10,1,2024-02-23
22023,1631110,22300803,"FEB 22, 2024",SAS @ SAC,L,36,7,15,0.467,1,1,1.0,1,2,0.5,1,7,8,2,2,0,2,1,16,-1,1,2024-02-22
22023,1630531,22301023,"MAR 23, 2024",BOS @ CHI,W,0,0,0,0.0,0,0,0.0,0,0,0.0,0,0,0,0,0,0,0,0,0,0,1,2024-03-23
22023,1630531,22301011,"MAR 22, 2024",BOS @ DET,W,3,0,0,0.0,0,0,0.0,0,0,0.0,0,0,0,0,0,0,0,0,0,6,1,2024-03-22
22023,1630531,22300984,"MAR 18, 2024",BOS vs. DET,W,22,2,5,0.4,0,2,0.0,2,2,1.0,4,0,4,4,0,2,0,2,6,10,1,2024-03-18
22023,1630531,22300980,"MAR 17, 2024",BOS @ WAS,W,16,1,3,0.333,0,2,0.0,0,0,0.0,1,1,2,0,1,0,3,4,2,-6,1,2024-03-17
22023,1630531,22300943,"MAR 12, 2024",BOS @ UTA,W,1,0,0,0.0,0,0,0.0,0,0,0.0,0,0,0,0,0,0,0,0,0,0,1,2024-03-12
22023,1630531,22300938,"MAR 11, 2024",BOS @ POR,W,2,0,0,0.0,0,0,0.0,0,0,0.0,0,0,0,0,1,0,0,0,0,2,1,2024-03-11
22023,1630531,22300920,"MAR 09, 2024",BOS @ PHX,W,0,0,0,0.0,0,0,0.0,0,0,0.0,0,0,0,0,0,0,0,1,0,-1,1,2024-03-09
22023,1630531,22300872,"MAR 03, 2024",BOS vs. GSW,W,12,1,4,0.25,0,1,0.0,0,0,0.0,1,1,2,1,0,0,1,1,2,-1,1,2024-03-03
22023,1630531,22300859,"MAR 01, 2024",BOS vs. DAL,W,2,1,2,0.5,0,0,0.0,0,0,0.0,1,0,1,0,0,0,0,0,2,3,1,2024-03-01
22023,1630531,22300836,"FEB 27, 2024",BOS vs. PHI,W,2,0,1,0.0,0,0,0.0,0,0,0.0,1,0,1,0,0,0,0,1,0,-2,1,2024-02-27
22023,1630531,22300816,"FEB 24, 2024",BOS @ NYK,W,1,0,0,0.0,0,0,0.0,0,0,0.0,0,0,0,0,0,0,0,0,0,-2,1,2024-02-24
22023,1630531,22300797,"FEB 22, 2024",BOS @ CHI,W,2,0,1,0.0,0,1,0.0,0,0,0.0,0,0,0,0,0,0,0,0,0,0,1,2024-02-22
22023,1630205,22300931,"MAR 10, 2024",MEM @ OKC,L,30,4,12,0.333,1,2,0.5,0,0,0.0,1,2,3,0,1,0,3,2,9,-7,1,2024-03-10
22023,1630205,22300913,"MAR 08, 2024",MEM vs. ATL,L,29,3,12,0.25,1,4,0.25,6,6,1.0,1,4,5,0,1,2,0,2,13,3,1,2024-03-08
22023,1630205,22300896,"MAR 06, 2024",MEM @ PHI,W,16,3,4,0.75,0,0,0.0,2,2,1.0,1,5,6,0,0,0,2,0,8,1,1,2024-03-06
22023,1630205,22300879,"MAR 04, 2024",MEM @ BKN,W,24,6,12,0.5,0,3,0.0,1,3,0.333,2,4,6,1,0,1,0,2,13,3,1,2024-03-04
22023,1630205,22300868,"MAR 02, 2024",MEM vs. POR,L,17,3,11,0.273,1,2,0.5,0,0,0.0,0,3,3,0,2,1,1,2,7,5,1,2024-03-02
22023,1630205,22300861,"MAR 01, 2024",MEM vs. POR,L,21,7,12,0.583,1,1,1.0,4,4,1.0,1,0,1,2,1,0,1,2,19,-16,1,2024-03-01
22023,1630205,22300845,"FEB 28, 2024",MEM @ MIN,L,10,2,6,0.333,0,1,0.0,0,0,0.0,1,0,1,0,0,1,1,5,4,-2,1,2024-02-28
22023,1630205,22300830,"FEB 26, 2024",MEM vs. BKN,L,23,8,9,0.889,1,1,1.0,0,0,0.0,2,4,6,2,0,1,1,0,17,-11,1,2024-02-26
22023,1630205,22300807,"FEB 23, 2024",MEM vs. LAC,L,16,4,9,0.444,0,0,0.0,0,0,0.0,3,5,8,1,1,1,0,2,8,-1,1,2024-02-23
22023,1630191,22300984,"MAR 18, 2024",DET @ BOS,L,17,2,3,0.667,1,2,0.5,0,0,0.0,1,4,5,1,0,0,0,0,5,-13,1,2024-03-18
22023,1630191,22300977,"MAR 17, 2024",DET vs. MIA,L,36,5,9,0.556,2,5,0.4,0,0,0.0,1,5,6,1,0,1,0,0,12,-24,1,2024-03-17
22023,1630191,22300962,"MAR 15, 2024",DET vs. MIA,L,37,4,6,0.667,1,2,0.5,1,1,1.0,2,4,6,2,0,1,1,2,10,-11,1,2024-03-15
22023,1630191,22300946,"MAR 13, 2024",DET vs. TOR,W,33,5,6,0.833,3,3,1.0,2,3,0.667,0,2,2,1,0,3,2,2,15,8,1,2024-03-13
22023,1630191,22300933,"MAR 11, 2024",DET vs. CHA,W,34,4,9,0.444,2,7,0.286,2,2,1.0,0,6,6,0,0,1,0,2,12,13,1,2024-03-11
22023,1630191,22300919,"MAR 09, 2024",DET vs. DAL,L,34,2,6,0.333,1,4,0.25,0,0,0.0,0,4,4,0,3,0,1,0,5,2,1,2024-03-09
22023,1630191,22300902,"MAR 07, 2024",DET vs. BKN,W,32,3,4,0.75,0,1,0.0,2,2,1.0,2,8,10,0,0,0,4,1,8,8,1,2024-03-07
22023,1630191,22300888,"MAR 05, 2024",DET @ MIA,L,36,5,9,0.556,1,4,0.25,2,2,1.0,2,4,6,2,1,0,0,1,13,-11,1,2024-03-05
22023,1630191,22300874,"MAR 03, 2024",DET @ ORL,L,27,4,7,0.571,1,3,0.333,1,2,0.5,1,3,4,2,0,1,2,2,10,-27,1,2024-03-03
22023,1630191,22300857,"MAR 01, 2024",DET vs. CLE,L,33,6,12,0.5,4,7,0.571,0,0,0.0,1,8,9,3,0,3,0,1,16,7,1,2024-03-01
22023,1630191,22300839,"FEB 27, 2024",DET @ CHI,W,34,4,9,0.444,2,6,0.333,1,2,0.5,1,8,9,0,0,1,2,2,11,24,1,2024-02-27
22023,1631124,22300965,"MAR 15, 2024",DEN @ SAS,W,1,0,0,0.0,0,0,0.0,0,0,0.0,0,0,0,0,0,0,0,0,0,-2,1,2024-03-15
22023,1631124,22300922,"MAR 09, 2024",DEN vs. UTA,W,2,0,0,0.0,0,0,0.0,0,0,0.0,0,0,0,1,0,0,0,1,0,2,1,2024-03-09
22023,1631124,22300847,"FEB 28, 2024",DEN vs. SAC,W,2,0,2,0.0,0,1,0.0,0,0,0.0,0,0,0,1,0,0,0,0,0,3,1,2024-02-28
22023,1631124,22300824,"FEB 25, 2024",DEN @ GSW,W,2,0,0,0.0,0,0,0.0,0,0,0.0,0,0,0,0,0,0,0,0,0,2,1,2024-02-25
22023,1631124,22300812,"FEB 23, 2024",DEN @ POR,W,2,1,1,1.0,0,0,0.0,0,0,0.0,0,0,0,0,0,1,0,0,2,-7,1,2024-02-23
22023,1631124,22300800,"FEB 22, 2024",DEN vs. WAS,W,4,0,1,0.0,0,1,0.0,0,0,0.0,0,0,0,0,0,0,0,0,0,-3,1,2024-02-22
22023,1629622,22300876,"MAR 03, 2024",CLE vs. NYK,L,30,2,9,0.222,2,6,0.333,0,0,0.0,0,1,1,3,1,0,2,1,6,-10,1,2024-03-03
22023,1629622,22300857,"MAR 01, 2024",CLE @ DET,W,35,4,11,0.364,2,7,0.286,4,4,1.0,2,2,4,4,0,0,2,3,14,2,1,2024-03-01
22023,1629622,22300846,"FEB 28, 2024",CLE @ CHI,L,37,4,13,0.308,3,10,0.3,0,0,0.0,2,3,5,6,1,0,1,5,11,-18,1,2024-02-28
22023,1629622,22300832,"FEB 27, 2024",CLE vs. DAL,W,26,7,12,0.583,7,10,0.7,0,0,0.0,0,4,4,4,0,2,2,2,21,-10,1,2024-02-27
22023,1629622,22300820,"FEB 25, 2024",CLE @ WAS,W,27,0,3,0.0,0,3,0.0,3,4,0.75,0,3,3,5,0,0,2,0,3,3,1,2024-02-25
22023,1629622,22300805,"FEB 23, 2024",CLE @ PHI,L,35,5,9,0.556,2,6,0.333,2,3,0.667,1,0,1,6,2,1,1,1,14,-7,1,2024-02-23
22023,1629622,22300792,"FEB 22, 2024",CLE vs. ORL,L,33,7,10,0.7,1,3,0.333,3,4,0.75,3,1,4,6,1,1,4,4,18,11,1,2024-02-22
22023,1630591,22301020,"MAR 23, 2024",ORL vs. SAC,L,36,3,10,0.3,1,5,0.2,2,4,0.5,0,3,3,4,0,0,2,3,9,-8,1,2024-03-23
22023,1630591,22301004,"MAR 21, 2024",ORL vs. NOP,W,28,7,14,0.5,3,8,0.375,5,6,0.833,0,1,1,2,1,0,1,3,22,4,1,2024-03-21
22023,1630591,22300991,"MAR 19, 2024",ORL vs. CHA,W,25,6,9,0.667,2,5,0.4,2,2,1.0,0,4,4,6,3,2,0,1,16,17,1,2024-03-19
22023,1630591,22300979,"MAR 17, 2024",ORL vs. TOR,W,20,3,6,0.5,2,2,1.0,2,2,1.0,1,1,2,2,2,1,2,2,10,14,1,2024-03-17
22023,1630591,22300963,"MAR 15, 2024",ORL @ TOR,W,30,6,9,0.667,3,6,0.5,1,2,0.5,0,1,1,3,3,0,0,2,16,13,1,2024-03-15
22023,1630591,22300947,"MAR 13, 2024",ORL vs. BKN,W,30,5,12,0.417,4,8,0.5,0,0,0.0,1,3,4,2,0,0,3,2,14,17,1,2024-03-13
22023,1630591,22300894,"MAR 06, 2024",ORL @ WAS,W,32,6,12,0.5,5,10,0.5,2,2,1.0,2,4,6,4,1,0,2,1,19,24,1,2024-03-06
22023,1630591,22300885,"MAR 05, 2024",ORL @ CHA,W,20,2,4,0.5,0,2,0.0,0,1,0.0,0,4,4,3,1,0,1,4,4,5,1,2024-03-05
22023,1630591,22300874,"MAR 03, 2024",ORL vs. DET,W,30,5,8,0.625,1,3,0.333,0,0,0.0,0,5,5,3,1,1,3,4,11,32,1,2024-03-03
22023,1630591,22300850,"FEB 29, 2024",ORL vs. UTA,W,29,5,8,0.625,4,7,0.571,1,2,0.5,0,2,2,2,1,1,3,6,15,5,1,2024-02-29
22023,1630591,22300833,"FEB 27, 2024",ORL vs. BKN,W,16,3,5,0.6,1,2,0.5,2,2,1.0,0,1,1,2,2,0,2,3,9,20,1,2024-02-27
22023,1630591,22300821,"FEB 25, 2024",ORL @ ATL,L,28,6,10,0.6,2,4,0.5,0,0,0.0,0,2,2,6,2,1,3,3,14,3,1,2024-02-25
22023,1630591,22300814,"FEB 24, 2024",ORL @ DET,W,26,6,7,0.857,2,3,0.667,0,0,0.0,1,1,2,5,2,2,3,2,14,-3,1,2024-02-24
22023,1630591,22300792,"FEB 22, 2024",ORL @ CLE,W,18,3,8,0.375,1,4,0.25,0,0,0.0,0,1,1,3,1,0,0,1,7,-12,1,2024-02-22
22023,1631306,22301029,"MAR 24, 2024",MIA vs. CLE,W,7,1,3,0.333,1,2,0.5,0,0,0.0,0,1,1,0,0,0,1,0,3,2,1,2024-03-24
22023,1631306,22301013,"MAR 22, 2024",MIA vs. NOP,L,19,5,7,0.714,4,6,0.667,0,0,0.0,0,2,2,0,0,0,0,0,14,-11,1,2024-03-22
22023,1631306,22300831,"FEB 26, 2024",MIA @ SAC,W,5,0,2,0.0,0,2,0.0,0,0,0.0,0,1,1,0,0,0,0,0,0,-5,1,2024-02-26
22023,1630256,22301024,"MAR 23, 2024",HOU vs. UTA,W,19,3,4,0.75,1,1,1.0,0,0,0.0,0,3,3,1,0,1,0,3,7,1,1,2024-03-23
22023,1630256,22301006,"MAR 21, 2024",HOU vs. CHI,W,3,0,2,0.0,0,2,0.0,0,0,0.0,0,0,0,2,0,0,1,1,0,5,1,2024-03-21
22023,1630256,22300992,"MAR 19, 2024",HOU @ WAS,W,15,2,3,0.667,0,0,0.0,2,2,1.0,1,2,3,1,0,0,1,3,6,3,1,2024-03-19
22023,1630256,22300967,"MAR 16, 2024",HOU vs. CLE,W,13,3,6,0.5,1,3,0.333,1,2,0.5,0,1,1,0,1,0,0,2,8,1,1,2024-03-16
22023,1630256,22300957,"MAR 14, 2024",HOU vs. WAS,W,15,1,4,0.25,0,0,0.0,0,1,0.0,1,3,4,1,1,1,1,2,2,4,1,2024-03-14
22023,1630256,22300942,"MAR 12, 2024",HOU @ SAS,W,13,1,2,0.5,0,0,0.0,0,0,0.0,1,1,2,0,0,2,1,1,2,-3,1,2024-03-12
22023,1630256,22300897,"MAR 06, 2024",HOU vs. LAC,L,6,0,0,0.0,0,0,0.0,0,0,0.0,0,1,1,0,0,0,2,0,0,-4,1,2024-03-06
22023,1630256,22300841,"FEB 27, 2024",HOU @ OKC,L,2,0,0,0.0,0,0,0.0,0,0,0.0,0,0,0,1,0,1,0,0,0,1,1,2024-02-27
22023,1630256,22300798,"FEB 22, 2024",HOU @ NOP,L,12,2,3,0.667,0,1,0.0,0,0,0.0,0,5,5,2,1,0,4,2,4,0,1,2024-02-22
22023,1628369,22301023,"MAR 23, 2024",BOS @ CHI,W,37,8,20,0.4,2,7,0.286,8,9,0.889,1,1,2,6,1,1,5,1,26,5,1,2024-03-23
22023,1628369,22300998,"MAR 20, 2024",BOS vs. MIL,W,39,9,19,0.474,4,7,0.571,9,10,0.9,0,8,8,4,3,2,2,2,31,2,1,2024-03-20
22023,1628369,22300980,"MAR 17, 2024",BOS @ WAS,W,27,8,17,0.471,6,12,0.5,8,10,0.8,0,6,6,6,3,1,2,1,30,26,1,2024-03-17
22023,1628369,22300955,"MAR 14, 2024",BOS vs. PHX,W,33,10,18,0.556,4,8,0.5,2,3,0.667,1,4,5,5,0,0,3,3,26,26,1,2024-03-14
22023,1628369,22300943,"MAR 12, 2024",BOS @ UTA,W,34,13,25,0.52,4,10,0.4,8,8,1.0,2,4,6,2,0,1,3,3,38,8,1,2024-03-12
22023,1628369,22300938,"MAR 11, 2024",BOS @ POR,W,36,9,23,0.391,2,8,0.25,6,8,0.75,0,5,5,8,0,0,1,0,26,16,1,2024-03-11
22023,1628369,22300920,"MAR 09, 2024",BOS @ PHX,W,42,11,28,0.393,5,9,0.556,2,2,1.0,3,7,10,7,1,0,4,0,29,4,1,2024-03-09
22023,1628369,22300906,"MAR 07, 2024",BOS @ DEN,L,39,5,13,0.385,2,5,0.4,3,4,0.75,1,3,4,8,2,0,5,4,15,-2,1,2024-03-07
22023,1628369,22300886,"MAR 05, 2024",BOS @ CLE,L,38,8,21,0.381,5,9,0.556,5,6,0.833,2,11,13,2,0,0,2,3,26,-7,1,2024-03-05
22023,1628369,22300872,"MAR 03, 2024",BOS vs. GSW,W,25,9,13,0.692,4,5,0.8,5,5,1.0,0,3,3,5,1,1,0,2,27,40,1,2024-03-03
22023,1628369,22300859,"MAR 01, 2024",BOS vs. DAL,W,37,10,19,0.526,5,9,0.556,7,7,1.0,0,8,8,3,0,0,4,2,32,17,1,2024-03-01
22023,1628369,22300836,"FEB 27, 2024",BOS vs. PHI,W,35,9,20,0.45,1,7,0.143,10,11,0.909,0,11,11,8,0,1,1,1,29,27,1,2024-02-27
22023,1628369,22300816,"FEB 24, 2024",BOS @ NYK,W,43,7,15,0.467,2,8,0.25,3,4,0.75,1,5,6,6,2,1,4,3,19,15,1,2024-02-24
22023,1628369,22300797,"FEB 22, 2024",BOS @ CHI,W,35,8,17,0.471,5,10,0.5,4,6,0.667,0,7,7,5,3,0,3,3,25,13,1,2024-02-22
22023,1630678,22301023,"MAR 23, 2024",CHI vs. BOS,L,1,0,0,0.0,0,0,0.0,0,0,0.0,0,0,0,0,0,0,0,0,0,0,1,2024-03-23
22023,1630678,22300971,"MAR 16, 2024",CHI vs. WAS,W,2,1,1,1.0,0,0,0.0,0,0,0.0,0,1,1,0,0,0,0,0,2,8,1,2024-03-16
22023,1630678,22300956,"MAR 14, 2024",CHI vs. LAC,L,3,0,1,0.0,0,0,0.0,0,0,0.0,0,0,0,1,0,0,0,0,0,3,1,2024-03-14
22023,1630678,22300935,"MAR 11, 2024",CHI vs. DAL,L,7,1,1,1.0,0,0,0.0,0,0,0.0,0,1,1,1,0,0,0,0,2,0,1,2024-03-11
22023,1630678,22300917,"MAR 09, 2024",CHI @ LAC,L,1,0,0,0.0,0,0,0.0,0,0,0.0,0,0,0,0,0,0,0,0,0,0,1,2024-03-09
22023,1630678,22300864,"MAR 01, 2024",CHI vs. MIL,L,12,1,2,0.5,1,1,1.0,1,2,0.5,1,2,3,0,0,0,0,1,4,-6,1,2024-03-01
22023,1630678,22300846,"FEB 28, 2024",CHI vs. CLE,W,4,0,2,0.0,0,0,0.0,0,0,0.0,0,1,1,0,0,0,0,1,0,-2,1,2024-02-28
22023,1630678,22300839,"FEB 27, 2024",CHI vs. DET,L,4,0,1,0.0,0,1,0.0,0,0,0.0,0,0,0,0,0,0,0,1,0,-3,1,2024-02-27
22023,1630678,22300823,"FEB 25, 2024",CHI @ NOP,W,7,1,1,1.0,0,0,0.0,0,0,0.0,0,2,2,0,0,0,0,0,2,-11,1,2024-02-25
22023,1630678,22300797,"FEB 22, 2024",CHI vs. BOS,L,3,0,0,0.0,0,0,0.0,0,0,0.0,0,0,0,1,0,0,0,0,0,0,1,2024-02-22
22023,202066,22301022,"MAR 23, 2024",TOR @ WAS,L,11,1,2,0.5,1,2,0.5,0,0,0.0,0,5,5,2,0,1,0,3,3,0,1,2024-03-23
22023,202066,22301012,"MAR 22, 2024",TOR vs. OKC,L,18,2,2,1.0,2,2,1.0,2,2,1.0,0,2,2,2,2,0,0,0,8,10,1,2024-03-22
22023,1631207,22301023,"MAR 23, 2024",CHI vs. BOS,L,20,5,8,0.625,1,3,0.333,1,2,0.5,2,1,3,1,1,0,0,1,12,-15,1,2024-03-23
22023,1631207,22301006,"MAR 21, 2024",CHI @ HOU,L,17,3,5,0.6,0,1,0.0,0,0,0.0,3,4,7,5,0,0,0,0,6,9,1,2024-03-21
22023,1631207,22300986,"MAR 18, 2024",CHI vs. POR,W,15,2,7,0.286,1,4,0.25,0,0,0.0,0,3,3,2,2,1,0,4,5,-3,1,2024-03-18
22023,1631207,22300971,"MAR 16, 2024",CHI vs. WAS,W,19,2,3,0.667,1,1,1.0,1,2,0.5,0,5,5,3,2,0,3,1,6,18,1,2024-03-16
22023,1631207,22300956,"MAR 14, 2024",CHI vs. LAC,L,13,2,4,0.5,0,1,0.0,0,0,0.0,0,1,1,0,0,0,0,0,4,-4,1,2024-03-14
22023,1631207,22300948,"MAR 13, 2024",CHI @ IND,W,6,0,0,0.0,0,0,0.0,1,2,0.5,1,0,1,0,0,0,0,0,1,-7,1,2024-03-13
22023,1631207,22300935,"MAR 11, 2024",CHI vs. DAL,L,7,2,5,0.4,0,2,0.0,0,0,0.0,0,0,0,2,1,0,1,0,4,0,1,2024-03-11
22023,1631207,22300917,"MAR 09, 2024",CHI @ LAC,L,1,0,0,0.0,0,0,0.0,0,2,0.0,0,0,0,0,0,0,0,0,0,0,1,2024-03-09
22023,1631207,22300864,"MAR 01, 2024",CHI vs. MIL,L,2,0,0,0.0,0,0,0.0,1,2,0.5,0,1,1,0,1,0,1,0,1,-1,1,2024-03-01
22023,1631207,22300846,"FEB 28, 2024",CHI vs. CLE,W,9,0,0,0.0,0,0,0.0,0,0,0.0,0,1,1,0,0,0,0,0,0,-10,1,2024-02-28
22023,1631207,22300839,"FEB 27, 2024",CHI vs. DET,L,15,1,3,0.333,1,2,0.5,0,0,0.0,1,0,1,2,1,0,0,1,3,6,1,2024-02-27
22023,1631207,22300823,"FEB 25, 2024",CHI @ NOP,W,15,1,4,0.25,0,1,0.0,0,0,0.0,1,3,4,3,2,0,1,4,2,17,1,2024-02-25
22023,1631207,22300797,"FEB 22, 2024",CHI vs. BOS,L,12,1,1,1.0,0,0,0.0,1,2,0.5,2,1,3,2,1,0,0,0,3,2,1,2024-02-22
22023,1628464,22301028,"MAR 24, 2024",LAC vs. PHI,L,6,0,2,0.0,0,0,0.0,0,0,0.0,0,3,3,2,0,0,0,0,0,-5,1,2024-03-24
22023,1628464,22301017,"MAR 22, 2024",LAC @ POR,W,21,3,5,0.6,0,1,0.0,0,0,0.0,1,3,4,1,0,2,1,2,6,9,1,2024-03-22
22023,1628464,22301003,"MAR 20, 2024",LAC @ POR,W,20,3,4,0.75,2,2,1.0,2,2,1.0,1,4,5,2,0,1,1,2,10,8,1,2024-03-20
22023,1628464,22300982,"MAR 17, 2024",LAC vs. ATL,L,7,0,2,0.0,0,0,0.0,0,0,0.0,2,1,3,1,0,0,1,1,0,-5,1,2024-03-17
22023,1628464,22300964,"MAR 15, 2024",LAC @ NOP,L,7,0,2,0.0,0,1,0.0,0,0,0.0,0,1,1,0,0,0,0,1,0,-1,1,2024-03-15
22023,1628464,22300956,"MAR 14, 2024",LAC @ CHI,W,14,2,4,0.5,0,1,0.0,0,0,0.0,2,0,2,3,0,0,0,2,4,-4,1,2024-03-14
22023,1628464,22300944,"MAR 12, 2024",LAC vs. MIN,L,15,4,5,0.8,1,1,1.0,1,1,1.0,1,3,4,1,1,2,1,0,10,3,1,2024-03-12
22023,1628464,22300924,"MAR 10, 2024",LAC vs. MIL,L,15,1,2,0.5,0,1,0.0,0,0,0.0,1,5,6,0,0,2,0,2,2,17,1,2024-03-10
22023,1628464,22300917,"MAR 09, 2024",LAC vs. CHI,W,21,3,8,0.375,0,1,0.0,0,0,0.0,3,0,3,2,0,1,2,4,6,-7,1,2024-03-09
22023,1628464,22300897,"MAR 06, 2024",LAC @ HOU,W,9,3,4,0.75,0,0,0.0,0,0,0.0,0,1,1,0,0,1,1,4,6,-1,1,2024-03-06
22023,1628464,22300880,"MAR 04, 2024",LAC @ MIL,L,15,3,6,0.5,1,2,0.5,0,0,0.0,0,6,6,1,0,0,0,0,7,4,1,2024-03-04
22023,1628464,22300873,"MAR 03, 2024",LAC @ MIN,W,29,2,7,0.286,0,4,0.0,0,0,0.0,4,9,13,1,0,0,1,1,4,14,1,2024-03-03
22023,1628464,22300865,"MAR 01, 2024",LAC vs. WAS,W,20,4,5,0.8,1,1,1.0,0,0,0.0,0,8,8,1,0,0,0,2,9,12,1,2024-03-01
22023,1628464,22300848,"FEB 28, 2024",LAC vs. LAL,L,31,4,10,0.4,1,4,0.25,0,0,0.0,1,4,5,2,0,1,1,1,9,0,1,2024-02-28
22023,1628464,22300827,"FEB 25, 2024",LAC vs. SAC,L,14,4,5,0.8,0,1,0.0,0,0,0.0,3,3,6,1,0,1,1,3,8,-10,1,2024-02-25
22023,1630560,22301019,"MAR 23, 2024",BKN @ NYK,L,36,6,14,0.429,1,5,0.2,6,6,1.0,0,5,5,6,0,0,5,0,19,-29,1,2024-03-23
22023,1630560,22301007,"MAR 21, 2024",BKN @ MIL,L,39,8,17,0.471,0,5,0.0,5,6,0.833,0,6,6,4,0,0,3,0,21,-6,1,2024-03-21
22023,1630560,22300993,"MAR 19, 2024",BKN vs. NOP,L,34,8,19,0.421,3,10,0.3,6,7,0.857,1,2,3,2,0,0,1,2,25,-18,1,2024-03-19
22023,1630560,22300981,"MAR 17, 2024",BKN @ SAS,L,39,12,23,0.522,1,5,0.2,6,6,1.0,0,3,3,5,2,0,0,2,31,6,1,2024-03-17
22023,1630560,22300968,"MAR 16, 2024",BKN @ IND,L,32,7,16,0.438,2,6,0.333,6,6,1.0,2,6,8,2,0,0,5,3,22,-4,1,2024-03-16
22023,1630560,22300947,"MAR 13, 2024",BKN @ ORL,L,39,9,19,0.474,1,4,0.25,2,3,0.667,1,7,8,4,1,0,2,5,21,-4,1,2024-03-13
22023,1630560,22300930,"MAR 10, 2024",BKN @ CLE,W,31,9,19,0.474,5,7,0.714,6,8,0.75,2,5,7,5,1,0,1,2,29,27,1,2024-03-10
22023,1630560,22300918,"MAR 09, 2024",BKN @ CHA,L,30,12,24,0.5,5,10,0.5,2,3,0.667,0,1,1,2,0,0,2,2,31,4,1,2024-03-09
22023,1630560,22300830,"FEB 26, 2024",BKN @ MEM,W,29,5,14,0.357,3,5,0.6,1,2,0.5,1,2,3,5,1,0,0,1,14,11,1,2024-02-26
22023,1630560,22300815,"FEB 24, 2024",BKN @ MIN,L,35,7,19,0.368,0,5,0.0,4,4,1.0,0,6,6,2,0,0,2,3,18,-6,1,2024-02-24
22023,1630560,22300795,"FEB 22, 2024",BKN @ TOR,L,30,8,16,0.5,2,7,0.286,1,1,1.0,1,1,2,4,2,0,2,1,19,-10,1,2024-02-22
22023,1641708,22301024,"MAR 23, 2024",HOU vs. UTA,W,30,2,9,0.222,0,1,0.0,0,2,0.0,7,3,10,6,1,0,2,3,4,7,1,2024-03-23
22023,1641708,22301006,"MAR 21, 2024",HOU vs. CHI,W,26,5,9,0.556,0,1,0.0,5,6,0.833,1,7,8,3,1,0,1,3,15,0,1,2024-03-21
22023,1641708,22300992,"MAR 19, 2024",HOU @ WAS,W,32,10,12,0.833,0,0,0.0,5,7,0.714,3,7,10,2,0,1,2,1,25,32,1,2024-03-19
22023,1641708,22300967,"MAR 16, 2024",HOU vs. CLE,W,26,8,11,0.727,0,0,0.0,2,3,0.667,3,5,8,0,1,0,1,3,18,13,1,2024-03-16
22023,1641708,22300957,"MAR 14, 2024",HOU vs. WAS,W,28,9,12,0.75,0,0,0.0,2,2,1.0,5,6,11,4,3,0,1,3,20,24,1,2024-03-14
22023,1641708,22300942,"MAR 12, 2024",HOU @ SAS,W,23,2,2,1.0,0,0,0.0,2,2,1.0,1,3,4,2,1,0,1,1,6,-3,1,2024-03-12
22023,1641708,22300929,"MAR 10, 2024",HOU @ SAC,W,20,6,9,0.667,1,1,1.0,0,0,0.0,1,4,5,0,0,0,2,3,13,-2,1,2024-03-10
22023,1641708,22300916,"MAR 08, 2024",HOU @ POR,W,26,7,10,0.7,0,1,0.0,2,2,1.0,1,7,8,3,2,5,1,3,16,24,1,2024-03-08
22023,1641708,22300897,"MAR 06, 2024",HOU vs. LAC,L,18,3,6,0.5,0,0,0.0,0,0,0.0,2,1,3,2,1,0,0,3,6,4,1,2024-03-06
22023,1641708,22300891,"MAR 05, 2024",HOU vs. SAS,W,19,0,4,0.0,0,2,0.0,2,4,0.5,1,5,6,1,1,2,1,2,2,2,1,2024-03-05
22023,1641708,22300870,"MAR 02, 2024",HOU @ PHX,W,21,3,5,0.6,0,0,0.0,3,3,1.0,2,3,5,3,4,0,0,2,9,-3,1,2024-03-02
22023,1641708,22300854,"FEB 29, 2024",HOU @ PHX,L,10,0,2,0.0,0,0,0.0,0,0,0.0,2,2,4,0,2,0,1,4,0,-8,1,2024-02-29
22023,1641708,22300841,"FEB 27, 2024",HOU @ OKC,L,17,1,5,0.2,0,2,0.0,0,0,0.0,4,4,8,0,0,1,2,1,2,-5,1,2024-02-27
22023,1641708,22300822,"FEB 25, 2024",HOU vs. OKC,L,21,2,10,0.2,0,2,0.0,2,4,0.5,1,5,6,1,2,3,1,3,6,-10,1,2024-02-25
22023,1641708,22300806,"FEB 23, 2024",HOU vs. PHX,W,33,6,11,0.545,0,2,0.0,3,4,0.75,5,5,10,2,1,2,0,1,15,14,1,2024-02-23
22023,1641708,22300798,"FEB 22, 2024",HOU @ NOP,L,28,9,13,0.692,1,3,0.333,3,5,0.6,2,3,5,4,0,3,3,1,22,-5,1,2024-02-22
22023,1641709,22300919,"MAR 09, 2024",DET vs. DAL,L,11,1,7,0.143,0,2,0.0,2,4,0.5,4,1,5,0,1,0,0,1,4,0,1,2024-03-09
22023,1641709,22300902,"MAR 07, 2024",DET vs. BKN,W,43,6,12,0.5,2,7,0.286,0,0,0.0,2,5,7,3,1,1,3,4,14,4,1,2024-03-07
22023,1641709,22300888,"MAR 05, 2024",DET @ MIA,L,34,3,7,0.429,0,2,0.0,3,4,0.75,0,6,6,2,0,2,0,0,9,-8,1,2024-03-05
22023,1641709,22300874,"MAR 03, 2024",DET @ ORL,L,33,2,10,0.2,1,6,0.167,3,4,0.75,1,5,6,1,3,1,2,3,8,-19,1,2024-03-03
22023,1641709,22300857,"MAR 01, 2024",DET vs. CLE,L,37,6,11,0.545,2,3,0.667,1,2,0.5,1,6,7,3,5,2,1,0,15,1,1,2024-03-01
22023,1641709,22300839,"FEB 27, 2024",DET @ CHI,W,35,5,8,0.625,2,4,0.5,1,2,0.5,0,8,8,3,0,1,1,4,13,14,1,2024-02-27
22023,1641709,22300828,"FEB 26, 2024",DET @ NYK,L,36,3,5,0.6,1,3,0.333,0,2,0.0,0,4,4,3,3,0,4,3,7,3,1,2024-02-26
22023,1641709,22300814,"FEB 24, 2024",DET vs. ORL,L,21,4,4,1.0,0,0,0.0,0,0,0.0,0,2,2,0,0,0,3,5,8,6,1,2024-02-24
22023,1641709,22300793,"FEB 22, 2024",DET @ IND,L,35,5,10,0.5,0,2,0.0,1,4,0.25,3,4,7,5,2,3,0,2,11,-7,1,2024-02-22
22023,202691,22301031,"MAR 24, 2024",GSW @ MIN,L,33,6,15,0.4,3,11,0.273,1,1,1.0,0,3,3,2,0,0,3,3,16,-6,1,2024-03-24
22023,202691,22301016,"MAR 22, 2024",GSW vs. IND,L,28,6,15,0.4,3,10,0.3,2,2,1.0,0,4,4,2,1,0,3,2,17,-7,1,2024-03-22
22023,202691,22301001,"MAR 20, 2024",GSW vs. MEM,W,25,9,18,0.5,5,11,0.455,0,0,0.0,0,0,0,2,1,0,0,0,23,13,1,2024-03-20
22023,202691,22300988,"MAR 18, 2024",GSW vs. NYK,L,31,6,15,0.4,5,10,0.5,1,1,1.0,1,1,2,8,2,1,0,0,18,11,1,2024-03-18
22023,202691,22300973,"MAR 16, 2024",GSW @ LAL,W,30,9,15,0.6,5,10,0.5,3,3,1.0,1,3,4,3,0,0,0,1,26,1,1,2024-03-16
22023,202691,22300952,"MAR 13, 2024",GSW @ DAL,L,27,3,13,0.231,2,7,0.286,0,0,0.0,1,3,4,0,1,1,2,0,8,-13,1,2024-03-13
22023,202691,22300936,"MAR 11, 2024",GSW @ SAS,W,30,8,21,0.381,4,10,0.4,1,2,0.5,1,1,2,2,1,0,1,0,21,-7,1,2024-03-11
22023,202691,22300921,"MAR 09, 2024",GSW vs. SAS,L,25,8,16,0.5,5,10,0.5,6,6,1.0,0,2,2,1,0,1,3,4,27,2,1,2024-03-09
22023,202691,22300907,"MAR 07, 2024",GSW vs. CHI,L,28,9,21,0.429,5,12,0.417,2,3,0.667,0,1,1,2,2,0,0,1,25,-11,1,2024-03-07
22023,202691,22300899,"MAR 06, 2024",GSW vs. MIL,W,21,4,7,0.571,2,5,0.4,0,0,0.0,0,2,2,4,0,0,0,1,10,17,1,2024-03-06
22023,202691,22300872,"MAR 03, 2024",GSW @ BOS,L,12,2,4,0.5,1,3,0.333,1,1,1.0,0,2,2,1,0,0,1,1,6,-20,1,2024-03-03
22023,202691,22300860,"MAR 01, 2024",GSW @ TOR,W,30,5,13,0.385,4,9,0.444,0,0,0.0,1,5,6,1,3,0,2,2,14,0,1,2024-03-01
22023,202691,22300852,"FEB 29, 2024",GSW @ NYK,W,27,6,16,0.375,4,10,0.4,0,0,0.0,1,4,5,0,0,0,2,1,16,-13,1,2024-02-29
22023,202691,22300834,"FEB 27, 2024",GSW @ WAS,W,27,9,16,0.563,6,11,0.545,1,1,1.0,0,3,3,4,0,0,2,2,25,4,1,2024-02-27
22023,202691,22300824,"FEB 25, 2024",GSW vs. DEN,L,31,7,15,0.467,5,13,0.385,4,4,1.0,0,2,2,1,0,0,2,4,23,2,1,2024-02-25
22023,202691,22300811,"FEB 23, 2024",GSW vs. CHA,W,21,5,11,0.455,3,8,0.375,0,0,0.0,0,2,2,0,1,0,3,0,13,2,1,2024-02-23
22023,202691,22300802,"FEB 22, 2024",GSW vs. LAL,W,28,1,9,0.111,1,4,0.25,0,0,0.0,0,4,4,5,1,0,0,2,3,2,1,2024-02-22
22023,202684,22301029,"MAR 24, 2024",CLE @ MIA,L,10,3,4,0.75,0,0,0.0,0,0,0.0,2,1,3,1,0,1,2,0,6,-10,1,2024-03-24
22023,202684,22301014,"MAR 22, 2024",CLE @ MIN,L,15,2,3,0.667,0,0,0.0,1,2,0.5,2,5,7,1,1,1,0,2,5,5,1,2024-03-22
22023,202684,22300996,"MAR 20, 2024",CLE vs. MIA,L,9,0,1,0.0,0,0,0.0,0,0,0.0,1,3,4,1,0,1,0,3,0,-7,1,2024-03-20
22023,202684,22300983,"MAR 18, 2024",CLE @ IND,W,14,1,2,0.5,0,0,0.0,0,2,0.0,2,2,4,2,1,0,0,1,2,7,1,2024-03-18
22023,202684,22300967,"MAR 16, 2024",CLE @ HOU,L,15,2,3,0.667,0,0,0.0,1,2,0.5,3,2,5,1,1,0,2,2,5,-6,1,2024-03-16
22023,1630550,22300991,"MAR 19, 2024",CHA @ ORL,L,13,1,2,0.5,0,1,0.0,0,0,0.0,0,0,0,0,0,0,0,2,2,17,1,2024-03-19
22023,1630550,22300961,"MAR 15, 2024",CHA vs. PHX,L,1,0,0,0.0,0,0,0.0,0,0,0.0,0,0,0,0,0,0,0,0,0,2,1,2024-03-15
22023,1630550,22300933,"MAR 11, 2024",CHA @ DET,L,12,1,4,0.25,0,2,0.0,0,0,0.0,0,2,2,1,0,0,0,1,2,-12,1,2024-03-11
22023,1630550,22300918,"MAR 09, 2024",CHA vs. BKN,W,13,2,2,1.0,1,1,1.0,0,0,0.0,0,1,1,0,0,0,0,1,5,6,1,2024-03-09
22023,1630550,22300910,"MAR 08, 2024",CHA @ WAS,L,11,2,2,1.0,2,2,1.0,0,0,0.0,0,2,2,1,0,1,1,1,6,6,1,2024-03-08
22023,1630550,22300875,"MAR 03, 2024",CHA @ TOR,L,8,1,3,0.333,0,2,0.0,0,0,0.0,1,2,3,0,0,1,0,0,2,-2,1,2024-03-03
22023,1630550,22300840,"FEB 27, 2024",CHA @ MIL,L,6,0,1,0.0,0,0,0.0,0,0,0.0,0,1,1,1,0,1,1,0,0,10,1,2024-02-27
22023,1630550,22300826,"FEB 25, 2024",CHA @ POR,W,5,0,0,0.0,0,0,0.0,0,0,0.0,0,1,1,0,0,0,0,1,0,1,1,2024-02-25
22023,1630550,22300811,"FEB 23, 2024",CHA @ GSW,L,0,0,0,0.0,0,0,0.0,0,0,0.0,0,0,0,0,0,1,0,0,0,0,1,2024-02-23
22023,1629680,22300986,"MAR 18, 2024",POR @ CHI,L,5,0,1,0.0,0,1,0.0,0,0,0.0,0,0,0,0,0,0,0,0,0,-1,1,2024-03-18
22023,1629680,22300960,"MAR 14, 2024",POR vs. NYK,L,21,2,6,0.333,1,4,0.25,0,0,0.0,0,2,2,3,2,0,2,1,5,-2,1,2024-03-14
22023,1629680,22300953,"MAR 13, 2024",POR vs. ATL,W,32,3,6,0.5,2,4,0.5,0,0,0.0,1,4,5,4,2,2,1,1,8,-4,1,2024-03-13
22023,1629680,22300938,"MAR 11, 2024",POR vs. BOS,L,22,2,3,0.667,1,2,0.5,0,0,0.0,0,3,3,1,1,3,0,0,5,-3,1,2024-03-11
22023,1629680,22300923,"MAR 09, 2024",POR vs. TOR,W,32,5,9,0.556,3,5,0.6,0,0,0.0,2,2,4,4,4,1,1,3,13,-7,1,2024-03-09
22023,1629680,22300916,"MAR 08, 2024",POR vs. HOU,L,19,2,5,0.4,1,2,0.5,0,2,0.0,3,0,3,0,0,1,1,2,5,-22,1,2024-03-08
22023,1629680,22300900,"MAR 06, 2024",POR vs. OKC,L,26,5,6,0.833,3,4,0.75,3,3,1.0,0,6,6,3,3,0,1,2,16,8,1,2024-03-06
22023,1629680,22300868,"MAR 02, 2024",POR @ MEM,W,19,1,5,0.2,0,3,0.0,0,0,0.0,0,4,4,1,2,0,2,2,2,-4,1,2024-03-02
22023,1629680,22300861,"MAR 01, 2024",POR @ MEM,W,26,5,10,0.5,1,4,0.25,2,2,1.0,1,2,3,2,3,0,4,2,13,20,1,2024-03-01
22023,1629680,22300842,"FEB 27, 2024",POR vs. MIA,L,30,3,6,0.5,1,3,0.333,1,2,0.5,1,0,1,3,2,1,0,2,8,-13,1,2024-02-27
22023,1629680,22300826,"FEB 25, 2024",POR vs. CHA,L,31,0,3,0.0,0,2,0.0,0,0,0.0,0,4,4,0,6,2,0,1,0,-13,1,2024-02-25
22023,1629680,22300812,"FEB 23, 2024",POR vs. DEN,L,20,1,5,0.2,1,2,0.5,0,0,0.0,0,2,2,2,4,0,0,1,3,-11,1,2024-02-23
22023,1630214,22301023,"MAR 23, 2024",BOS @ CHI,W,11,1,2,0.5,0,1,0.0,0,0,0.0,0,2,2,2,0,0,0,1,2,0,1,2024-03-23
22023,1630214,22301011,"MAR 22, 2024",BOS @ DET,W,20,1,2,0.5,0,1,0.0,0,0,0.0,2,2,4,0,0,0,1,1,2,-3,1,2024-03-22
22023,1630214,22300998,"MAR 20, 2024",BOS vs. MIL,W,14,0,2,0.0,0,2,0.0,0,0,0.0,1,2,3,2,1,0,1,1,0,-4,1,2024-03-20
22023,1630214,22300984,"MAR 18, 2024",BOS vs. DET,W,17,1,2,0.5,0,1,0.0,0,0,0.0,0,4,4,1,0,1,0,0,2,19,1,2024-03-18
22023,1630214,22300980,"MAR 17, 2024",BOS @ WAS,W,15,1,4,0.25,0,3,0.0,1,2,0.5,1,1,2,0,2,1,1,1,3,8,1,2024-03-17
22023,1630214,22300955,"MAR 14, 2024",BOS vs. PHX,W,18,2,4,0.5,1,3,0.333,0,0,0.0,1,3,4,1,0,1,0,3,5,-10,1,2024-03-14
22023,1630214,22300943,"MAR 12, 2024",BOS @ UTA,W,27,3,5,0.6,1,1,1.0,0,0,0.0,4,4,8,1,1,0,0,0,7,14,1,2024-03-12
22023,1630214,22300906,"MAR 07, 2024",BOS @ DEN,L,13,1,2,0.5,0,1,0.0,0,0,0.0,1,3,4,1,0,0,0,0,2,-12,1,2024-03-07
22023,1630214,22300872,"MAR 03, 2024",BOS vs. GSW,W,18,2,4,0.5,1,2,0.5,2,2,1.0,0,4,4,0,1,0,0,1,7,13,1,2024-03-03
22023,1630214,22300859,"MAR 01, 2024",BOS vs. DAL,W,15,3,3,1.0,0,0,0.0,0,0,0.0,0,1,1,2,0,1,0,1,6,13,1,2024-03-01
22023,1630214,22300797,"FEB 22, 2024",BOS @ CHI,W,3,1,1,1.0,0,0,0.0,0,0,0.0,0,0,0,0,0,1,0,1,2,0,1,2024-02-22
22023,1631210,22300912,"MAR 08, 2024",NYK vs. ORL,W,1,0,0,0.0,0,0,0.0,0,0,0.0,0,0,0,0,0,0,0,0,0,2,1,2024-03-08
22023,1631210,22300837,"FEB 27, 2024",NYK vs. NOP,L,3,0,0,0.0,0,0,0.0,0,0,0.0,0,1,1,1,0,0,0,0,0,-1,1,2024-02-27
22023,1631210,22300816,"FEB 24, 2024",NYK vs. BOS,L,1,0,0,0.0,0,0,0.0,0,0,0.0,0,0,0,0,0,0,0,0,0,2,1,2024-02-24
22023,1631210,22300794,"FEB 22, 2024",NYK @ PHI,W,0,0,0,0.0,0,0,0.0,0,0,0.0,0,0,0,0,0,0,0,0,0,0,1,2024-02-22
22023,1630167,22301032,"MAR 24, 2024",IND @ LAL,L,19,4,6,0.667,3,5,0.6,0,0,0.0,1,2,3,1,0,0,1,4,11,4,1,2024-03-24
22023,1630167,22301016,"MAR 22, 2024",IND @ GSW,W,15,3,6,0.5,2,4,0.5,0,0,0.0,0,3,3,0,0,0,1,1,8,-4,1,2024-03-22
22023,1630167,22300997,"MAR 20, 2024",IND @ DET,W,15,1,3,0.333,1,3,0.333,2,2,1.0,1,2,3,1,1,0,0,1,5,14,1,2024-03-20
22023,1630167,22300983,"MAR 18, 2024",IND vs. CLE,L,20,4,6,0.667,1,2,0.5,1,1,1.0,1,7,8,2,1,0,0,1,10,8,1,2024-03-18
22023,1630167,22300968,"MAR 16, 2024",IND vs. BKN,W,18,3,5,0.6,0,2,0.0,0,0,0.0,2,1,3,2,1,0,0,2,6,6,1,2024-03-16
22023,1630167,22300948,"MAR 13, 2024",IND vs. CHI,L,18,2,7,0.286,0,3,0.0,0,0,0.0,1,3,4,4,0,1,2,2,4,-3,1,2024-03-13
22023,1630167,22300941,"MAR 12, 2024",IND @ OKC,W,19,4,6,0.667,0,1,0.0,2,4,0.5,1,3,4,1,0,0,0,1,10,0,1,2024-03-12
22023,1630167,22300928,"MAR 10, 2024",IND @ ORL,W,25,7,9,0.778,1,2,0.5,2,2,1.0,1,7,8,0,1,1,1,1,17,8,1,2024-03-10
22023,1630167,22300903,"MAR 07, 2024",IND vs. MIN,L,14,1,3,0.333,0,1,0.0,0,0,0.0,0,3,3,0,0,2,1,2,2,-10,1,2024-03-07
22023,1630167,22300892,"MAR 05, 2024",IND @ DAL,W,17,5,6,0.833,2,3,0.667,2,2,1.0,0,2,2,0,0,0,1,1,14,5,1,2024-03-05
22023,1630167,22300877,"MAR 03, 2024",IND @ SAS,L,16,1,3,0.333,0,1,0.0,0,0,0.0,0,2,2,0,0,0,0,2,2,0,1,2024-03-03
22023,1630167,22300863,"MAR 01, 2024",IND @ NOP,L,16,2,5,0.4,1,3,0.333,0,0,0.0,1,1,2,0,1,0,1,3,5,7,1,2024-03-01
22023,1630167,22300843,"FEB 28, 2024",IND vs. NOP,W,24,6,9,0.667,2,4,0.5,2,2,1.0,2,4,6,2,0,2,0,0,16,3,1,2024-02-28
22023,1630167,22300829,"FEB 26, 2024",IND vs. TOR,L,19,2,8,0.25,0,5,0.0,0,0,0.0,0,3,3,0,2,0,1,2,4,6,1,2024-02-26
22023,1630167,22300819,"FEB 25, 2024",IND vs. DAL,W,19,3,5,0.6,2,4,0.5,0,0,0.0,0,2,2,4,0,0,2,1,8,16,1,2024-02-25
22023,1630167,22300793,"FEB 22, 2024",IND vs. DET,W,16,3,6,0.5,2,3,0.667,1,2,0.5,3,3,6,3,1,1,1,1,9,21,1,2024-02-22
22023,1626157,22300881,"MAR 04, 2024",MIN vs. POR,W,21,5,12,0.417,0,3,0.0,4,6,0.667,2,2,4,1,0,2,1,4,14,1,1,2024-03-04
22023,1626157,22300873,"MAR 03, 2024",MIN vs. LAC,L,34,7,18,0.389,2,7,0.286,2,2,1.0,4,5,9,8,0,0,3,5,18,14,1,2024-03-03
22023,1626157,22300862,"MAR 01, 2024",MIN vs. SAC,L,37,7,17,0.412,1,6,0.167,4,5,0.8,2,4,6,5,1,0,3,6,19,1,1,2024-03-01
22023,1626157,22300845,"FEB 28, 2024",MIN vs. MEM,W,37,5,13,0.385,3,7,0.429,0,0,0.0,1,10,11,2,3,1,4,1,13,9,1,2024-02-28
22023,1626157,22300815,"FEB 24, 2024",MIN vs. BKN,W,36,8,17,0.471,4,8,0.5,8,8,1.0,0,9,9,4,1,2,2,3,28,20,1,2024-02-24
22023,1626157,22300808,"FEB 23, 2024",MIN vs. MIL,L,35,9,22,0.409,3,9,0.333,1,2,0.5,5,9,14,3,1,0,3,1,22,-2,1,2024-02-23
22023,1629018,22301022,"MAR 23, 2024",TOR @ WAS,L,34,10,26,0.385,1,7,0.143,10,10,1.0,1,3,4,2,3,0,0,2,31,5,1,2024-03-23
22023,1629018,22300999,"MAR 20, 2024",TOR vs. SAC,L,32,6,17,0.353,4,9,0.444,2,2,1.0,3,3,6,2,1,0,0,2,18,-16,1,2024-03-20
22023,1629018,22300979,"MAR 17, 2024",TOR @ ORL,L,31,6,12,0.5,2,6,0.333,1,1,1.0,0,4,4,3,3,1,0,2,15,-16,1,2024-03-17
22023,1629018,22300963,"MAR 15, 2024",TOR vs. ORL,L,32,10,17,0.588,7,11,0.636,4,5,0.8,0,4,4,0,1,0,0,3,31,-6,1,2024-03-15
22023,1629018,22300923,"MAR 09, 2024",TOR @ POR,L,42,10,26,0.385,3,12,0.25,0,1,0.0,2,3,5,3,2,0,2,2,23,-12,1,2024-03-09
22023,1629018,22300905,"MAR 07, 2024",TOR @ PHX,L,36,11,22,0.5,5,13,0.385,3,3,1.0,1,2,3,0,0,0,0,1,30,-7,1,2024-03-07
22023,1629018,22300890,"MAR 05, 2024",TOR vs. NOP,L,29,6,12,0.5,4,10,0.4,0,0,0.0,0,3,3,1,1,0,1,1,16,-13,1,2024-03-05
22023,1629018,22300875,"MAR 03, 2024",TOR vs. CHA,W,34,6,13,0.462,3,6,0.5,2,3,0.667,1,4,5,0,3,1,0,0,17,8,1,2024-03-03
22023,1629018,22300860,"MAR 01, 2024",TOR vs. GSW,L,30,4,14,0.286,1,8,0.125,0,0,0.0,1,2,3,2,2,0,0,0,9,0,1,2024-03-01
22023,1629018,22300844,"FEB 28, 2024",TOR vs. DAL,L,33,3,8,0.375,2,5,0.4,3,4,0.75,0,4,4,0,1,0,0,1,11,8,1,2024-02-28
22023,1629018,22300829,"FEB 26, 2024",TOR @ IND,W,31,5,12,0.417,1,6,0.167,0,0,0.0,1,4,5,2,0,0,0,2,11,2,1,2024-02-26
22023,1629018,22300804,"FEB 23, 2024",TOR @ ATL,W,34,4,14,0.286,2,9,0.222,3,3,1.0,1,3,4,4,0,1,1,2,13,-9,1,2024-02-23
22023,1629018,22300795,"FEB 22, 2024",TOR vs. BKN,W,31,9,12,0.75,5,7,0.714,2,2,1.0,0,1,1,2,1,0,0,4,25,24,1,2024-02-22
22023,1631131,22300863,"MAR 01, 2024",IND @ NOP,L,5,1,3,0.333,0,0,0.0,1,2,0.5,2,0,2,0,0,1,0,1,3,8,1,2024-03-01
22023,200782,22301017,"MAR 22, 2024",LAC @ POR,W,8,1,2,0.5,1,1,1.0,0,0,0.0,0,2,2,1,0,0,0,1,3,7,1,2024-03-22
22023,200782,22301003,"MAR 20, 2024",LAC @ POR,W,26,0,0,0.0,0,0,0.0,0,0,0.0,0,7,7,1,2,0,0,2,0,1,1,2024-03-20
22023,200782,22300982,"MAR 17, 2024",LAC vs. ATL,L,21,1,3,0.333,1,1,1.0,0,0,0.0,2,2,4,0,1,0,0,1,3,3,1,2024-03-17
22023,200782,22300964,"MAR 15, 2024",LAC @ NOP,L,24,2,3,0.667,2,3,0.667,0,0,0.0,0,2,2,0,0,3,1,2,6,-2,1,2024-03-15
22023,200782,22300924,"MAR 10, 2024",LAC vs. MIL,L,26,3,9,0.333,1,6,0.167,0,0,0.0,4,2,6,2,0,1,1,0,7,-9,1,2024-03-10
22023,200782,22300848,"FEB 28, 2024",LAC vs. LAL,L,11,0,0,0.0,0,0,0.0,0,0,0.0,0,2,2,0,0,0,1,1,0,-3,1,2024-02-28
22023,200782,22300827,"FEB 25, 2024",LAC vs. SAC,L,5,0,1,0.0,0,0,0.0,0,0,0.0,0,0,0,0,0,0,0,0,0,-1,1,2024-02-25
22023,200782,22300807,"FEB 23, 2024",LAC @ MEM,W,14,0,0,0.0,0,0,0.0,0,0,0.0,1,2,3,0,0,0,0,2,0,-4,1,2024-02-23
22023,1626167,22301032,"MAR 24, 2024",IND @ LAL,L,28,7,12,0.583,4,6,0.667,2,4,0.5,0,5,5,3,0,2,1,3,20,-9,1,2024-03-24
22023,1626167,22301016,"MAR 22, 2024",IND @ GSW,W,27,5,15,0.333,1,5,0.2,3,4,0.75,2,8,10,0,0,5,0,2,14,7,1,2024-03-22
22023,1626167,22300997,"MAR 20, 2024",IND @ DET,W,20,2,7,0.286,1,4,0.25,1,2,0.5,1,4,5,3,0,2,1,5,6,9,1,2024-03-20
22023,1626167,22300983,"MAR 18, 2024",IND vs. CLE,L,29,5,10,0.5,2,4,0.5,0,0,0.0,1,2,3,1,1,1,2,3,12,-5,1,2024-03-18
22023,1626167,22300968,"MAR 16, 2024",IND vs. BKN,W,25,5,10,0.5,0,2,0.0,1,1,1.0,3,4,7,1,1,0,0,3,11,16,1,2024-03-16
22023,1626167,22300948,"MAR 13, 2024",IND vs. CHI,L,34,9,15,0.6,5,8,0.625,4,6,0.667,0,7,7,1,0,1,1,1,27,-13,1,2024-03-13
22023,1626167,22300941,"MAR 12, 2024",IND @ OKC,W,30,11,17,0.647,2,3,0.667,0,0,0.0,0,3,3,4,1,4,1,1,24,7,1,2024-03-12
22023,1626167,22300928,"MAR 10, 2024",IND @ ORL,W,31,4,11,0.364,1,3,0.333,3,5,0.6,1,7,8,0,0,6,3,4,12,14,1,2024-03-10
22023,1626167,22300903,"MAR 07, 2024",IND vs. MIN,L,21,4,8,0.5,1,3,0.333,3,5,0.6,1,6,7,1,0,4,2,5,12,1,1,2024-03-07
22023,1626167,22300892,"MAR 05, 2024",IND @ DAL,W,28,7,14,0.5,1,5,0.2,5,6,0.833,0,4,4,2,0,0,0,1,20,16,1,2024-03-05
22023,1626167,22300877,"MAR 03, 2024",IND @ SAS,L,30,6,17,0.353,4,9,0.444,0,0,0.0,3,7,10,0,0,1,2,2,16,-7,1,2024-03-03
22023,1626167,22300863,"MAR 01, 2024",IND @ NOP,L,19,5,10,0.5,0,1,0.0,2,4,0.5,2,3,5,0,0,3,2,3,12,-14,1,2024-03-01
22023,1626167,22300843,"FEB 28, 2024",IND vs. NOP,W,27,5,11,0.455,0,2,0.0,4,4,1.0,2,8,10,0,1,2,0,5,14,2,1,2024-02-28
22023,1626167,22300829,"FEB 26, 2024",IND vs. TOR,L,26,5,8,0.625,2,3,0.667,4,6,0.667,5,6,11,1,0,2,3,2,16,-18,1,2024-02-26
22023,1626167,22300819,"FEB 25, 2024",IND vs. DAL,W,30,10,15,0.667,2,7,0.286,11,12,0.917,2,6,8,1,0,0,4,2,33,7,1,2024-02-25
22023,1626167,22300793,"FEB 22, 2024",IND vs. DET,W,28,5,9,0.556,0,3,0.0,3,3,1.0,1,10,11,1,2,2,1,3,13,4,1,2024-02-22
22023,1641816,22300922,"MAR 09, 2024",DEN vs. UTA,W,1,1,1,1.0,1,1,1.0,0,0,0.0,0,1,1,0,0,0,0,1,3,2,1,2024-03-09
22023,1641816,22300847,"FEB 28, 2024",DEN vs. SAC,W,4,1,3,0.333,1,2,0.5,0,0,0.0,1,1,2,0,0,0,0,0,3,-1,1,2024-02-28
22023,1630649,22300997,"MAR 20, 2024",DET vs. IND,L,22,3,6,0.5,0,3,0.0,2,3,0.667,0,1,1,0,0,0,1,3,8,-27,1,2024-03-20
22023,1630649,22300984,"MAR 18, 2024",DET @ BOS,L,34,3,7,0.429,1,4,0.25,3,3,1.0,1,5,6,1,0,0,1,3,10,-20,1,2024-03-18
22023,1630649,22300977,"MAR 17, 2024",DET vs. MIA,L,19,3,5,0.6,3,5,0.6,0,0,0.0,1,1,2,1,0,1,0,0,9,22,1,2024-03-17
22023,1630649,22300962,"MAR 15, 2024",DET vs. MIA,L,11,0,4,0.0,0,4,0.0,0,0,0.0,0,0,0,0,1,0,1,1,0,3,1,2024-03-15
22023,1630649,22300946,"MAR 13, 2024",DET vs. TOR,W,15,1,4,0.25,1,2,0.5,2,2,1.0,0,7,7,0,3,0,0,1,5,5,1,2024-03-13
22023,1630649,22300933,"MAR 11, 2024",DET vs. CHA,W,4,1,1,1.0,1,1,1.0,0,0,0.0,0,2,2,0,0,0,0,1,3,-1,1,2024-03-11
22023,1630649,22300919,"MAR 09, 2024",DET vs. DAL,L,14,1,5,0.2,1,3,0.333,0,0,0.0,2,0,2,0,0,1,0,3,3,-20,1,2024-03-09
22023,202685,22301027,"MAR 24, 2024",NOP @ DET,W,20,6,10,0.6,0,1,0.0,1,3,0.333,1,5,6,0,0,1,1,5,13,6,1,2024-03-24
22023,202685,22301013,"MAR 22, 2024",NOP @ MIA,W,22,4,4,1.0,0,0,0.0,0,0,0.0,0,10,10,0,0,0,0,4,8,14,1,2024-03-22
22023,202685,22301004,"MAR 21, 2024",NOP @ ORL,L,18,3,4,0.75,0,1,0.0,0,0,0.0,0,5,5,1,1,0,1,3,6,4,1,2024-03-21
22023,202685,22300993,"MAR 19, 2024",NOP @ BKN,W,17,4,7,0.571,0,1,0.0,0,0,0.0,2,5,7,2,0,1,1,2,8,1,1,2024-03-19
22023,202685,22300970,"MAR 16, 2024",NOP vs. POR,W,19,2,3,0.667,0,1,0.0,0,0,0.0,1,2,3,5,0,0,2,2,4,-12,1,2024-03-16
22023,202685,22300964,"MAR 15, 2024",NOP vs. LAC,W,18,1,6,0.167,0,1,0.0,2,2,1.0,2,4,6,0,0,0,0,3,4,-2,1,2024-03-15
22023,202685,22300951,"MAR 13, 2024",NOP vs. CLE,L,15,2,7,0.286,1,2,0.5,0,0,0.0,2,5,7,2,0,0,1,1,5,-10,1,2024-03-13
22023,202685,22300925,"MAR 10, 2024",NOP @ ATL,W,17,1,2,0.5,0,0,0.0,2,2,1.0,0,9,9,1,0,2,2,1,4,3,1,2024-03-10
22023,202685,22300909,"MAR 08, 2024",NOP @ PHI,W,19,2,7,0.286,0,3,0.0,2,2,1.0,3,7,10,2,1,1,1,3,6,0,1,2024-03-08
22023,202685,22300890,"MAR 05, 2024",NOP @ TOR,W,20,3,6,0.5,2,2,1.0,2,2,1.0,1,9,10,1,0,1,2,2,10,21,1,2024-03-05
22023,202685,22300863,"MAR 01, 2024",NOP vs. IND,W,26,7,11,0.636,1,1,1.0,0,0,0.0,3,6,9,3,0,2,4,2,15,28,1,2024-03-01
22023,202685,22300843,"FEB 28, 2024",NOP @ IND,L,7,0,1,0.0,0,0,0.0,0,0,0.0,0,3,3,0,0,0,0,0,0,-14,1,2024-02-28
22023,202685,22300837,"FEB 27, 2024",NOP @ NYK,W,23,2,6,0.333,0,0,0.0,3,4,0.75,2,7,9,1,0,0,0,1,7,18,1,2024-02-27
22023,202685,22300823,"FEB 25, 2024",NOP vs. CHI,L,28,7,15,0.467,0,3,0.0,0,0,0.0,7,10,17,0,0,1,0,2,14,19,1,2024-02-25
22023,202685,22300810,"FEB 23, 2024",NOP vs. MIA,L,25,6,13,0.462,0,0,0.0,0,0,0.0,2,8,10,0,0,1,3,3,12,-1,1,2024-02-23
22023,202685,22300798,"FEB 22, 2024",NOP vs. HOU,W,27,9,12,0.75,2,2,1.0,0,0,0.0,3,11,14,3,1,0,1,3,20,9,1,2024-02-22
22023,1627832,22301024,"MAR 23, 2024",HOU vs. UTA,W,28,11,16,0.688,10,15,0.667,2,2,1.0,0,3,3,7,2,0,2,3,34,29,1,2024-03-23
22023,1627832,22301006,"MAR 21, 2024",HOU vs. CHI,W,39,3,11,0.273,3,9,0.333,0,0,0.0,0,3,3,12,1,2,3,4,9,-11,1,2024-03-21
22023,1627832,22300992,"MAR 19, 2024",HOU @ WAS,W,32,3,11,0.273,1,4,0.25,0,1,0.0,0,3,3,11,2,1,1,1,7,3,1,2024-03-19
22023,1627832,22300967,"MAR 16, 2024",HOU vs. CLE,W,35,5,15,0.333,3,8,0.375,0,0,0.0,1,4,5,16,1,1,1,0,13,14,1,2024-03-16
22023,1627832,22300957,"MAR 14, 2024",HOU vs. WAS,W,37,9,14,0.643,3,6,0.5,6,7,0.857,0,3,3,9,2,0,5,1,27,22,1,2024-03-14
22023,1627832,22300942,"MAR 12, 2024",HOU @ SAS,W,39,7,16,0.438,3,9,0.333,4,4,1.0,1,6,7,7,2,2,2,4,21,6,1,2024-03-12
22023,1627832,22300929,"MAR 10, 2024",HOU @ SAC,W,38,5,8,0.625,2,4,0.5,10,10,1.0,0,4,4,9,2,0,5,3,22,7,1,2024-03-10
22023,1627832,22300916,"MAR 08, 2024",HOU @ POR,W,34,5,13,0.385,4,8,0.5,4,4,1.0,0,1,1,10,1,0,0,1,18,12,1,2024-03-08
22023,1627832,22300897,"MAR 06, 2024",HOU vs. LAC,L,39,5,14,0.357,4,9,0.444,1,2,0.5,1,3,4,8,2,0,0,2,15,-1,1,2024-03-06
22023,1627832,22300891,"MAR 05, 2024",HOU vs. SAS,W,38,8,15,0.533,5,9,0.556,0,0,0.0,0,4,4,10,4,0,1,1,21,27,1,2024-03-05
22023,1627832,22300870,"MAR 02, 2024",HOU @ PHX,W,42,8,15,0.533,6,11,0.545,2,3,0.667,1,4,5,11,1,0,2,3,24,14,1,2024-03-02
22023,1627832,22300854,"FEB 29, 2024",HOU @ PHX,L,39,6,16,0.375,2,8,0.25,7,7,1.0,1,5,6,5,0,1,2,4,21,-9,1,2024-02-29
22023,1627832,22300841,"FEB 27, 2024",HOU @ OKC,L,36,2,11,0.182,1,7,0.143,0,0,0.0,0,1,1,5,1,0,2,5,5,-17,1,2024-02-27
22023,1627832,22300822,"FEB 25, 2024",HOU vs. OKC,L,38,7,16,0.438,4,10,0.4,2,2,1.0,1,2,3,3,1,0,4,2,20,-11,1,2024-02-25
22023,1627832,22300806,"FEB 23, 2024",HOU vs. PHX,W,37,7,15,0.467,6,14,0.429,3,4,0.75,1,4,5,5,2,0,2,2,23,8,1,2024-02-23
22023,1627832,22300798,"FEB 22, 2024",HOU @ NOP,L,30,2,8,0.25,2,6,0.333,1,2,0.5,1,2,3,6,2,0,4,3,7,-21,1,2024-02-22
22023,1630170,22301025,"MAR 23, 2024",SAS vs. PHX,L,24,1,8,0.125,0,2,0.0,0,0,0.0,0,3,3,3,0,0,1,0,2,-27,1,2024-03-23
22023,1630170,22301015,"MAR 22, 2024",SAS vs. MEM,L,38,10,17,0.588,2,6,0.333,5,5,1.0,0,4,4,4,1,0,1,2,27,-1,1,2024-03-22
22023,1630170,22300994,"MAR 19, 2024",SAS vs. DAL,L,36,9,18,0.5,0,3,0.0,1,1,1.0,0,6,6,3,3,0,3,1,19,-18,1,2024-03-19
22023,1630170,22300981,"MAR 17, 2024",SAS vs. BKN,W,44,11,21,0.524,1,7,0.143,2,2,1.0,0,2,2,8,0,0,2,3,25,8,1,2024-03-17
22023,1630170,22300965,"MAR 15, 2024",SAS vs. DEN,L,39,6,13,0.462,3,6,0.5,2,3,0.667,0,2,2,2,1,1,1,1,17,-5,1,2024-03-15
22023,1630170,22300942,"MAR 12, 2024",SAS vs. HOU,L,36,2,6,0.333,1,2,0.5,1,2,0.5,0,5,5,6,1,0,2,2,6,0,1,2024-03-12
22023,1630170,22300936,"MAR 11, 2024",SAS vs. GSW,L,36,5,14,0.357,5,8,0.625,2,2,1.0,0,1,1,1,1,0,2,2,17,-2,1,2024-03-11
22023,1630170,22300908,"MAR 07, 2024",SAS @ SAC,L,39,11,18,0.611,4,6,0.667,4,4,1.0,0,5,5,9,2,1,2,0,30,8,1,2024-03-07
22023,1630170,22300891,"MAR 05, 2024",SAS @ HOU,L,40,9,19,0.474,1,5,0.2,3,4,0.75,2,6,8,3,0,1,3,1,22,-15,1,2024-03-05
22023,1630170,22300877,"MAR 03, 2024",SAS vs. IND,W,37,7,20,0.35,2,7,0.286,1,2,0.5,1,8,9,5,2,0,4,1,17,14,1,2024-03-03
22023,1630170,22300853,"FEB 29, 2024",SAS vs. OKC,W,38,12,20,0.6,3,6,0.5,1,1,1.0,1,2,3,9,1,2,1,1,28,10,1,2024-02-29
22023,1630170,22300838,"FEB 27, 2024",SAS @ MIN,L,39,9,18,0.5,2,8,0.25,1,3,0.333,0,6,6,6,3,0,3,2,21,-3,1,2024-02-27
22023,1630170,22300825,"FEB 25, 2024",SAS @ UTA,L,34,10,19,0.526,4,8,0.5,3,4,0.75,3,6,9,5,0,3,6,1,27,-14,1,2024-02-25
22023,1630170,22300813,"FEB 23, 2024",SAS @ LAL,L,30,3,15,0.2,2,5,0.4,2,2,1.0,1,2,3,3,0,2,2,1,10,-11,1,2024-02-23
22023,1630170,22300803,"FEB 22, 2024",SAS @ SAC,L,37,13,18,0.722,3,4,0.75,3,5,0.6,0,1,1,7,0,0,1,1,32,-4,1,2024-02-22
22023,202696,22301023,"MAR 23, 2024",CHI vs. BOS,L,32,7,10,0.7,0,3,0.0,0,0,0.0,0,2,2,5,1,2,1,3,14,-6,1,2024-03-23
22023,202696,22301006,"MAR 21, 2024",CHI @ HOU,L,39,7,16,0.438,1,5,0.2,1,2,0.5,4,10,14,6,0,1,1,2,16,-6,1,2024-03-21
22023,202696,22300986,"MAR 18, 2024",CHI vs. POR,W,35,10,17,0.588,2,4,0.5,0,2,0.0,1,8,9,0,2,1,3,3,22,-2,1,2024-03-18
22023,202696,22300971,"MAR 16, 2024",CHI vs. WAS,W,31,11,19,0.579,1,3,0.333,6,6,1.0,4,9,13,2,1,0,3,2,29,11,1,2024-03-16
22023,202696,22300956,"MAR 14, 2024",CHI vs. LAC,L,35,8,14,0.571,2,4,0.5,1,1,1.0,3,3,6,5,0,0,1,2,19,-22,1,2024-03-14
22023,202696,22300948,"MAR 13, 2024",CHI @ IND,W,43,6,14,0.429,0,4,0.0,0,0,0.0,1,11,12,3,1,0,1,4,12,23,1,2024-03-13
22023,202696,22300935,"MAR 11, 2024",CHI vs. DAL,L,26,6,13,0.462,1,4,0.25,0,0,0.0,2,4,6,2,0,1,3,0,13,-22,1,2024-03-11
22023,202696,22300917,"MAR 09, 2024",CHI @ LAC,L,35,9,22,0.409,2,4,0.5,2,2,1.0,4,7,11,2,0,0,1,1,22,-11,1,2024-03-09
22023,202696,22300907,"MAR 07, 2024",CHI @ GSW,W,35,14,23,0.609,3,6,0.5,2,2,1.0,2,9,11,5,0,0,4,2,33,-7,1,2024-03-07
22023,202696,22300898,"MAR 06, 2024",CHI @ UTA,W,31,11,18,0.611,1,3,0.333,0,0,0.0,3,9,12,2,0,0,1,1,23,4,1,2024-03-06
22023,202696,22300883,"MAR 04, 2024",CHI @ SAC,W,32,4,13,0.308,2,5,0.4,0,0,0.0,5,8,13,2,1,1,2,4,10,-5,1,2024-03-04
22023,202696,22300864,"MAR 01, 2024",CHI vs. MIL,L,34,8,18,0.444,1,3,0.333,0,0,0.0,2,7,9,3,0,0,1,3,17,-19,1,2024-03-01
22023,202696,22300846,"FEB 28, 2024",CHI vs. CLE,W,40,10,23,0.435,2,6,0.333,2,4,0.5,6,7,13,5,2,2,4,6,24,2,1,2024-02-28
22023,202696,22300839,"FEB 27, 2024",CHI vs. DET,L,37,12,23,0.522,1,7,0.143,0,1,0.0,3,7,10,2,0,1,1,4,25,-21,1,2024-02-27
22023,202696,22300823,"FEB 25, 2024",CHI @ NOP,W,34,10,19,0.526,2,5,0.4,0,0,0.0,5,8,13,3,1,0,3,3,22,2,1,2024-02-25
22023,202696,22300797,"FEB 22, 2024",CHI vs. BOS,L,35,10,19,0.526,0,3,0.0,2,2,1.0,5,9,14,2,0,0,4,2,22,-18,1,2024-02-22
22023,1629731,22300911,"MAR 08, 2024",CLE vs. MIN,W,33,0,2,0.0,0,2,0.0,0,0,0.0,1,3,4,2,0,1,0,2,0,-25,1,2024-03-08
22023,1629731,22300895,"MAR 06, 2024",CLE @ ATL,L,30,3,8,0.375,1,6,0.167,2,3,0.667,0,4,4,0,0,0,0,1,9,0,1,2024-03-06
22023,1629731,22300886,"MAR 05, 2024",CLE vs. BOS,W,21,8,11,0.727,6,9,0.667,1,2,0.5,2,6,8,1,2,0,0,0,23,16,1,2024-03-05
22023,1629731,22300876,"MAR 03, 2024",CLE vs. NYK,L,20,0,4,0.0,0,4,0.0,0,0,0.0,0,3,3,2,0,2,1,0,0,-5,1,2024-03-03
22023,1629731,22300857,"MAR 01, 2024",CLE @ DET,W,19,2,4,0.5,2,4,0.5,0,0,0.0,0,2,2,0,1,2,0,4,6,-1,1,2024-03-01
22023,1629731,22300846,"FEB 28, 2024",CLE @ CHI,L,14,1,2,0.5,1,2,0.5,2,2,1.0,0,2,2,1,0,2,0,1,5,12,1,2024-02-28
22023,1629731,22300832,"FEB 27, 2024",CLE vs. DAL,W,9,0,0,0.0,0,0,0.0,0,0,0.0,1,1,2,0,0,0,0,0,0,-9,1,2024-02-27
22023,1629731,22300820,"FEB 25, 2024",CLE @ WAS,W,8,0,1,0.0,0,1,0.0,0,0,0.0,0,1,1,1,0,0,0,0,0,-9,1,2024-02-25
22023,1629731,22300805,"FEB 23, 2024",CLE @ PHI,L,11,0,1,0.0,0,1,0.0,0,0,0.0,0,3,3,0,0,1,0,0,0,6,1,2024-02-23
22023,1629731,22300792,"FEB 22, 2024",CLE vs. ORL,L,13,1,2,0.5,1,2,0.5,0,0,0.0,0,2,2,0,0,1,0,0,3,-9,1,2024-02-22
22023,1630532,22301020,"MAR 23, 2024",ORL vs. SAC,L,35,8,14,0.571,1,4,0.25,1,2,0.5,1,2,3,4,0,0,0,4,18,-27,1,2024-03-23
22023,1630532,22301004,"MAR 21, 2024",ORL vs. NOP,W,28,7,13,0.538,2,5,0.4,2,2,1.0,0,3,3,3,1,0,0,2,18,5,1,2024-03-21
22023,1630532,22300991,"MAR 19, 2024",ORL vs. CHA,W,24,4,9,0.444,0,3,0.0,3,3,1.0,0,0,0,3,1,0,1,1,11,17,1,2024-03-19
22023,1630532,22300979,"MAR 17, 2024",ORL vs. TOR,W,31,8,13,0.615,0,2,0.0,6,6,1.0,2,6,8,4,0,1,5,5,22,21,1,2024-03-17
22023,1630532,22300963,"MAR 15, 2024",ORL @ TOR,W,31,6,9,0.667,0,1,0.0,7,8,0.875,1,6,7,4,2,0,4,2,19,9,1,2024-03-15
22023,1630532,22300947,"MAR 13, 2024",ORL vs. BKN,W,28,6,14,0.429,1,4,0.25,1,1,1.0,1,4,5,6,3,0,0,5,14,5,1,2024-03-13
22023,1630532,22300928,"MAR 10, 2024",ORL vs. IND,L,29,5,14,0.357,0,3,0.0,3,5,0.6,0,4,4,2,2,0,1,3,13,-9,1,2024-03-10
22023,1630532,22300912,"MAR 08, 2024",ORL @ NYK,L,34,6,20,0.3,0,5,0.0,1,1,1.0,0,4,4,0,1,0,0,0,13,-25,1,2024-03-08
22023,1630532,22300894,"MAR 06, 2024",ORL @ WAS,W,39,9,15,0.6,3,7,0.429,7,8,0.875,0,5,5,2,0,2,1,4,28,20,1,2024-03-06
22023,1630532,22300885,"MAR 05, 2024",ORL @ CHA,W,30,4,11,0.364,0,5,0.0,0,1,0.0,1,2,3,2,1,0,4,1,8,-3,1,2024-03-05
22023,1630532,22300874,"MAR 03, 2024",ORL vs. DET,W,29,5,10,0.5,0,1,0.0,3,5,0.6,0,8,8,1,0,2,3,3,13,29,1,2024-03-03
22023,1630532,22300850,"FEB 29, 2024",ORL vs. UTA,W,34,6,11,0.545,0,4,0.0,2,2,1.0,2,1,3,6,2,2,4,2,14,3,1,2024-02-29
22023,1630532,22300833,"FEB 27, 2024",ORL vs. BKN,W,28,8,11,0.727,0,2,0.0,5,5,1.0,0,5,5,5,0,1,3,1,21,16,1,2024-02-27
22023,1630532,22300821,"FEB 25, 2024",ORL @ ATL,L,33,7,16,0.438,2,6,0.333,3,5,0.6,1,7,8,5,1,0,2,5,19,6,1,2024-02-25
22023,1630532,22300814,"FEB 24, 2024",ORL @ DET,W,32,6,13,0.462,0,2,0.0,2,3,0.667,0,5,5,3,0,0,5,2,14,0,1,2024-02-24
22023,1630532,22300792,"FEB 22, 2024",ORL @ CLE,W,32,6,11,0.545,1,4,0.25,1,1,1.0,0,4,4,4,1,0,3,1,14,-12,1,2024-02-22
22023,1629021,22301020,"MAR 23, 2024",ORL vs. SAC,L,13,1,2,0.5,0,1,0.0,2,2,1.0,0,5,5,2,0,0,2,3,4,3,1,2024-03-23
22023,1629021,22301004,"MAR 21, 2024",ORL vs. NOP,W,14,5,5,1.0,2,2,1.0,2,2,1.0,0,1,1,0,0,0,0,0,14,15,1,2024-03-21
22023,1629021,22300991,"MAR 19, 2024",ORL vs. CHA,W,14,5,9,0.556,0,1,0.0,3,3,1.0,2,3,5,2,0,1,1,0,13,10,1,2024-03-19
22023,1629021,22300979,"MAR 17, 2024",ORL vs. TOR,W,18,6,9,0.667,1,3,0.333,1,1,1.0,1,3,4,1,0,1,1,1,14,-7,1,2024-03-17
22023,1629021,22300963,"MAR 15, 2024",ORL @ TOR,W,12,3,5,0.6,1,2,0.5,0,0,0.0,0,3,3,0,1,0,1,0,7,2,1,2024-03-15
22023,1629021,22300947,"MAR 13, 2024",ORL vs. BKN,W,11,1,3,0.333,0,1,0.0,0,0,0.0,0,0,0,1,0,0,2,1,2,-8,1,2024-03-13
22023,1629021,22300928,"MAR 10, 2024",ORL vs. IND,L,16,3,6,0.5,0,2,0.0,3,5,0.6,2,4,6,2,0,0,1,2,9,-5,1,2024-03-10
22023,1629021,22300912,"MAR 08, 2024",ORL @ NYK,L,12,1,2,0.5,0,0,0.0,2,2,1.0,0,1,1,1,0,0,1,1,4,4,1,2024-03-08
22023,1629021,22300894,"MAR 06, 2024",ORL @ WAS,W,21,6,7,0.857,1,1,1.0,3,3,1.0,2,4,6,0,0,0,2,4,16,4,1,2024-03-06
22023,1629021,22300885,"MAR 05, 2024",ORL @ CHA,W,18,5,8,0.625,1,3,0.333,0,0,0.0,0,4,4,2,0,0,2,1,11,12,1,2024-03-05
22023,1629021,22300874,"MAR 03, 2024",ORL vs. DET,W,14,3,5,0.6,0,2,0.0,0,0,0.0,1,2,3,2,1,0,1,1,6,-10,1,2024-03-03
22023,1629021,22300850,"FEB 29, 2024",ORL vs. UTA,W,26,6,7,0.857,0,1,0.0,2,3,0.667,2,8,10,1,1,0,2,1,14,-1,1,2024-02-29
22023,1629021,22300833,"FEB 27, 2024",ORL vs. BKN,W,19,4,7,0.571,0,0,0.0,8,9,0.889,1,4,5,2,1,0,1,3,16,8,1,2024-02-27
22023,1629021,22300821,"FEB 25, 2024",ORL @ ATL,L,13,1,2,0.5,0,1,0.0,0,0,0.0,1,4,5,1,1,1,2,1,2,-9,1,2024-02-25
22023,1629021,22300814,"FEB 24, 2024",ORL @ DET,W,17,6,9,0.667,0,0,0.0,2,2,1.0,6,1,7,1,1,0,0,0,14,7,1,2024-02-24
22023,1629021,22300792,"FEB 22, 2024",ORL @ CLE,W,25,7,12,0.583,1,1,1.0,7,8,0.875,2,5,7,0,1,0,0,4,22,18,1,2024-02-22
22023,1630688,22301002,"MAR 20, 2024",PHX vs. PHI,W,2,0,0,0.0,0,0,0.0,0,0,0.0,0,0,0,0,1,0,0,2,0,-1,1,2024-03-20
22023,1630688,22300976,"MAR 17, 2024",PHX @ MIL,L,3,0,0,0.0,0,0,0.0,0,0,0.0,0,0,0,0,0,0,0,1,0,-2,1,2024-03-17
22023,1630688,22300955,"MAR 14, 2024",PHX @ BOS,L,11,1,6,0.167,1,4,0.25,0,0,0.0,3,2,5,1,1,0,1,1,3,-3,1,2024-03-14
22023,1631133,22301026,"MAR 23, 2024",POR vs. DEN,L,26,6,7,0.857,1,1,1.0,2,2,1.0,1,8,9,0,1,0,1,1,15,-8,1,2024-03-23
22023,1631133,22301017,"MAR 22, 2024",POR vs. LAC,L,28,6,9,0.667,0,1,0.0,2,5,0.4,1,7,8,3,1,0,0,3,14,9,1,2024-03-22
22023,1631133,22301003,"MAR 20, 2024",POR vs. LAC,L,23,4,6,0.667,2,2,1.0,2,2,1.0,2,1,3,0,2,0,3,5,12,-15,1,2024-03-20
22023,1631133,22300986,"MAR 18, 2024",POR @ CHI,L,33,1,5,0.2,0,2,0.0,1,2,0.5,3,7,10,4,1,0,0,3,3,5,1,2024-03-18
22023,1631133,22300970,"MAR 16, 2024",POR @ NOP,L,17,3,6,0.5,2,3,0.667,2,2,1.0,0,5,5,0,0,0,1,2,10,-11,1,2024-03-16
22023,1631133,22300900,"MAR 06, 2024",POR vs. OKC,L,19,4,7,0.571,0,0,0.0,1,1,1.0,2,4,6,2,1,0,0,6,9,-8,1,2024-03-06
22023,1631133,22300881,"MAR 04, 2024",POR @ MIN,L,28,2,9,0.222,0,3,0.0,0,0,0.0,1,7,8,1,0,0,0,5,4,3,1,2024-03-04
22023,1631133,22300868,"MAR 02, 2024",POR @ MEM,W,31,8,16,0.5,0,1,0.0,2,2,1.0,5,7,12,2,1,0,2,3,18,21,1,2024-03-02
22023,1631133,22300861,"MAR 01, 2024",POR @ MEM,W,22,7,9,0.778,1,1,1.0,4,4,1.0,3,7,10,2,2,1,2,3,19,14,1,2024-03-01
22023,1631133,22300842,"FEB 27, 2024",POR vs. MIA,L,19,2,4,0.5,0,0,0.0,3,4,0.75,0,2,2,2,0,0,0,0,7,-18,1,2024-02-27
22023,1631133,22300826,"FEB 25, 2024",POR vs. CHA,L,18,3,8,0.375,0,3,0.0,0,0,0.0,4,1,5,0,0,0,1,1,6,-7,1,2024-02-25
22023,1631133,22300812,"FEB 23, 2024",POR vs. DEN,L,14,1,5,0.2,0,0,0.0,0,0,0.0,4,2,6,0,0,0,1,0,2,-4,1,2024-02-23
22023,1641716,22300997,"MAR 20, 2024",IND @ DET,W,6,1,2,0.5,0,0,0.0,0,0,0.0,0,1,1,0,0,1,0,1,2,-7,1,2024-03-20
22023,1641716,22300968,"MAR 16, 2024",IND vs. BKN,W,9,0,5,0.0,0,3,0.0,0,0,0.0,0,1,1,0,0,1,1,2,0,2,1,2024-03-16
22023,1641716,22300948,"MAR 13, 2024",IND vs. CHI,L,24,3,5,0.6,2,4,0.5,2,2,1.0,1,3,4,0,0,0,0,1,10,14,1,2024-03-13
22023,1641716,22300941,"MAR 12, 2024",IND @ OKC,W,7,1,2,0.5,1,2,0.5,0,0,0.0,1,1,2,0,0,0,0,0,3,5,1,2024-03-12
22023,1641716,22300928,"MAR 10, 2024",IND @ ORL,W,3,0,2,0.0,0,1,0.0,0,0,0.0,0,0,0,0,0,0,0,1,0,-5,1,2024-03-10
22023,1641716,22300903,"MAR 07, 2024",IND vs. MIN,L,16,2,4,0.5,1,2,0.5,0,0,0.0,1,4,5,1,1,0,0,2,5,-2,1,2024-03-07
22023,1641716,22300892,"MAR 05, 2024",IND @ DAL,W,1,0,0,0.0,0,0,0.0,0,0,0.0,0,0,0,0,0,0,0,0,0,0,1,2024-03-05
22023,1641716,22300863,"MAR 01, 2024",IND @ NOP,L,27,2,9,0.222,2,4,0.5,0,0,0.0,0,7,7,6,3,3,2,1,6,15,1,2024-03-01
22023,1641716,22300829,"FEB 26, 2024",IND vs. TOR,L,5,0,1,0.0,0,1,0.0,0,0,0.0,0,2,2,1,0,0,0,1,0,-4,1,2024-02-26
22023,1641716,22300819,"FEB 25, 2024",IND vs. DAL,W,3,0,0,0.0,0,0,0.0,0,0,0.0,0,0,0,0,0,0,0,0,0,4,1,2024-02-25
22023,1629022,22301019,"MAR 23, 2024",BKN @ NYK,L,12,4,6,0.667,1,3,0.333,0,0,0.0,0,2,2,1,0,0,1,0,9,-1,1,2024-03-23
22023,1629022,22301007,"MAR 21, 2024",BKN @ MIL,L,12,1,7,0.143,0,5,0.0,0,0,0.0,1,2,3,0,0,1,0,1,2,-9,1,2024-03-21
22023,1629022,22300993,"MAR 19, 2024",BKN vs. NOP,L,16,1,6,0.167,1,5,0.2,0,0,0.0,0,1,1,0,0,0,0,0,3,-4,1,2024-03-19
22023,1629022,22300981,"MAR 17, 2024",BKN @ SAS,L,11,0,2,0.0,0,2,0.0,0,0,0.0,0,3,3,1,0,1,0,1,0,0,1,2024-03-17
22023,1629022,22300968,"MAR 16, 2024",BKN @ IND,L,14,1,4,0.25,0,0,0.0,0,0,0.0,0,1,1,0,0,0,0,0,2,-7,1,2024-03-16
22023,1629022,22300947,"MAR 13, 2024",BKN @ ORL,L,8,1,1,1.0,0,0,0.0,0,0,0.0,0,0,0,0,0,0,1,0,2,2,1,2024-03-13
22023,1629022,22300930,"MAR 10, 2024",BKN @ CLE,W,14,1,6,0.167,0,2,0.0,2,2,1.0,0,1,1,1,0,1,2,1,4,-5,1,2024-03-10
22023,1629022,22300902,"MAR 07, 2024",BKN @ DET,L,29,8,18,0.444,5,14,0.357,0,0,0.0,0,4,4,1,0,0,2,3,21,-2,1,2024-03-07
22023,1629022,22300887,"MAR 05, 2024",BKN vs. PHI,W,30,7,14,0.5,4,6,0.667,1,2,0.5,0,4,4,1,1,0,1,4,19,29,1,2024-03-05
22023,1629022,22300879,"MAR 04, 2024",BKN vs. MEM,L,14,5,10,0.5,3,6,0.5,0,0,0.0,0,1,1,1,1,2,0,3,13,8,1,2024-03-04
22023,1629022,22300866,"MAR 02, 2024",BKN vs. ATL,W,11,1,7,0.143,0,3,0.0,0,0,0.0,0,1,1,0,0,0,1,1,2,-2,1,2024-03-02
22023,1629022,22300851,"FEB 29, 2024",BKN vs. ATL,W,16,4,9,0.444,3,6,0.5,0,0,0.0,0,2,2,0,1,0,1,5,11,-7,1,2024-02-29
22023,1629022,22300833,"FEB 27, 2024",BKN @ ORL,L,21,1,9,0.111,1,4,0.25,1,1,1.0,0,1,1,0,1,0,0,3,4,-12,1,2024-02-27
22023,1629022,22300830,"FEB 26, 2024",BKN @ MEM,W,19,4,11,0.364,3,8,0.375,2,2,1.0,0,6,6,2,0,0,0,0,13,16,1,2024-02-26
22023,1629022,22300815,"FEB 24, 2024",BKN @ MIN,L,15,1,4,0.25,1,3,0.333,0,0,0.0,0,1,1,2,1,0,2,0,3,0,1,2024-02-24
22023,1629022,22300795,"FEB 22, 2024",BKN @ TOR,L,19,4,13,0.308,3,7,0.429,0,0,0.0,0,4,4,0,0,0,0,3,11,-10,1,2024-02-22
22023,1641717,22301030,"MAR 24, 2024",OKC @ MIL,L,24,2,9,0.222,1,7,0.143,0,0,0.0,1,1,2,0,2,0,1,3,5,-9,1,2024-03-24
22023,1641717,22301012,"MAR 22, 2024",OKC @ TOR,W,24,4,10,0.4,3,5,0.6,1,2,0.5,3,1,4,1,2,0,0,0,12,14,1,2024-03-22
22023,1641717,22301000,"MAR 20, 2024",OKC vs. UTA,W,22,2,4,0.5,0,2,0.0,1,2,0.5,2,2,4,2,2,1,0,2,5,-6,1,2024-03-20
22023,1641717,22300972,"MAR 16, 2024",OKC @ MEM,W,24,2,5,0.4,0,3,0.0,0,0,0.0,0,2,2,4,3,0,0,2,4,3,1,2024-03-16
22023,1641717,22300959,"MAR 14, 2024",OKC vs. DAL,W,18,1,2,0.5,1,2,0.5,0,0,0.0,1,1,2,3,2,1,2,2,3,-3,1,2024-03-14
22023,1641717,22300941,"MAR 12, 2024",OKC vs. IND,L,23,4,7,0.571,3,4,0.75,0,0,0.0,0,3,3,0,0,1,3,2,11,-4,1,2024-03-12
22023,1641717,22300931,"MAR 10, 2024",OKC vs. MEM,W,27,9,14,0.643,4,6,0.667,0,0,0.0,0,2,2,4,0,1,0,3,22,6,1,2024-03-10
22023,1641717,22300914,"MAR 08, 2024",OKC vs. MIA,W,14,1,4,0.25,1,3,0.333,0,0,0.0,0,0,0,1,0,1,2,1,3,-14,1,2024-03-08
22023,1641717,22300900,"MAR 06, 2024",OKC @ POR,W,17,1,3,0.333,0,1,0.0,0,0,0.0,1,1,2,0,0,1,1,0,2,4,1,2024-03-06
22023,1641717,22300884,"MAR 04, 2024",OKC @ LAL,L,22,3,8,0.375,1,4,0.25,0,0,0.0,2,2,4,1,3,0,1,1,7,-13,1,2024-03-04
22023,1641717,22300878,"MAR 03, 2024",OKC @ PHX,W,18,2,3,0.667,1,1,1.0,0,0,0.0,0,2,2,1,0,0,0,1,5,7,1,2024-03-03
22023,1641717,22300853,"FEB 29, 2024",OKC @ SAS,L,15,1,3,0.333,0,1,0.0,1,1,1.0,1,2,3,3,4,0,0,1,3,3,1,2024-02-29
22023,1641717,22300841,"FEB 27, 2024",OKC vs. HOU,W,14,1,3,0.333,0,2,0.0,0,2,0.0,0,2,2,1,1,0,0,0,2,8,1,2024-02-27
22023,1641717,22300822,"FEB 25, 2024",OKC @ HOU,W,19,2,7,0.286,2,5,0.4,0,0,0.0,1,1,2,1,0,2,0,0,6,0,1,2024-02-25
22023,1641717,22300809,"FEB 23, 2024",OKC vs. WAS,W,22,5,7,0.714,3,5,0.6,0,0,0.0,2,3,5,1,0,0,1,2,13,12,1,2024-02-23
22023,1641717,22300799,"FEB 22, 2024",OKC vs. LAC,W,19,3,3,1.0,1,1,1.0,0,0,0.0,2,2,4,3,4,0,0,1,7,20,1,2024-02-22
22023,1641775,22301011,"MAR 22, 2024",BOS @ DET,W,3,1,2,0.5,0,1,0.0,0,0,0.0,0,0,0,0,0,0,0,1,2,6,1,2024-03-22
22023,1641775,22300984,"MAR 18, 2024",BOS vs. DET,W,4,1,1,1.0,0,0,0.0,0,0,0.0,1,1,2,2,0,0,0,0,2,3,1,2024-03-18
22023,1629023,22301008,"MAR 21, 2024",DAL vs. UTA,W,33,3,9,0.333,0,4,0.0,0,0,0.0,1,4,5,1,2,2,1,5,6,9,1,2024-03-21
22023,1629023,22300994,"MAR 19, 2024",DAL @ SAS,W,34,3,8,0.375,2,5,0.4,0,0,0.0,1,5,6,0,0,1,0,1,8,-18,1,2024-03-19
22023,1629023,22300978,"MAR 17, 2024",DAL vs. DEN,W,31,2,10,0.2,0,4,0.0,0,0,0.0,2,9,11,3,0,1,0,1,4,7,1,2024-03-17
22023,1629023,22300959,"MAR 14, 2024",DAL @ OKC,L,36,1,11,0.091,0,7,0.0,4,8,0.5,0,5,5,1,0,0,2,4,6,1,1,2024-03-14
22023,1629023,22300952,"MAR 13, 2024",DAL vs. GSW,W,34,5,11,0.455,1,6,0.167,0,0,0.0,1,6,7,1,2,3,1,1,11,28,1,2024-03-13
22023,1629023,22300935,"MAR 11, 2024",DAL @ CHI,W,23,3,5,0.6,1,3,0.333,0,0,0.0,0,5,5,0,2,1,0,2,7,19,1,2024-03-11
22023,1629023,22300919,"MAR 09, 2024",DAL @ DET,W,29,2,4,0.5,1,3,0.333,2,2,1.0,0,2,2,1,2,0,0,0,7,4,1,2024-03-09
22023,1629023,22300904,"MAR 07, 2024",DAL vs. MIA,W,29,4,12,0.333,1,6,0.167,1,2,0.5,4,4,8,1,1,1,1,1,10,-6,1,2024-03-07
22023,1629023,22300892,"MAR 05, 2024",DAL vs. IND,L,37,7,12,0.583,4,8,0.5,2,2,1.0,1,6,7,3,1,1,0,1,20,-10,1,2024-03-05
22023,1629023,22300871,"MAR 03, 2024",DAL vs. PHI,L,35,3,10,0.3,1,7,0.143,6,6,1.0,2,2,4,2,1,0,2,2,13,4,1,2024-03-03
22023,1629023,22300859,"MAR 01, 2024",DAL @ BOS,L,35,7,16,0.438,3,9,0.333,0,0,0.0,2,5,7,0,0,1,0,2,17,-22,1,2024-03-01
22023,1629023,22300844,"FEB 28, 2024",DAL @ TOR,W,31,9,16,0.563,5,10,0.5,0,0,0.0,2,4,6,0,0,3,2,1,23,-2,1,2024-02-28
22023,1629023,22300832,"FEB 27, 2024",DAL @ CLE,L,35,5,8,0.625,1,3,0.333,0,1,0.0,0,2,2,2,3,1,0,2,11,17,1,2024-02-27
22023,1629023,22300819,"FEB 25, 2024",DAL @ IND,L,31,1,6,0.167,0,3,0.0,0,0,0.0,0,6,6,1,2,0,4,3,2,-17,1,2024-02-25
22023,1629023,22300796,"FEB 22, 2024",DAL vs. PHX,W,31,4,10,0.4,2,6,0.333,2,2,1.0,2,4,6,1,1,1,1,3,12,11,1,2024-02-22
22023,1629139,22300861,"MAR 01, 2024",MEM vs. POR,L,17,0,1,0.0,0,0,0.0,0,2,0.0,0,1,1,0,1,0,2,2,0,-20,1,2024-03-01
22023,1629139,22300845,"FEB 28, 2024",MEM @ MIN,L,7,0,1,0.0,0,1,0.0,0,0,0.0,0,1,1,2,0,0,0,1,0,-1,1,2024-02-28
22023,1629139,22300830,"FEB 26, 2024",MEM vs. BKN,L,22,1,3,0.333,0,1,0.0,0,0,0.0,0,4,4,1,0,0,0,1,2,-6,1,2024-02-26
22023,1630322,22301030,"MAR 24, 2024",OKC @ MIL,L,7,2,4,0.5,1,3,0.333,1,1,1.0,0,0,0,0,0,0,0,0,6,-2,1,2024-03-24
22023,1630322,22301012,"MAR 22, 2024",OKC @ TOR,W,5,0,5,0.0,0,1,0.0,0,0,0.0,2,1,3,0,0,0,0,1,0,-3,1,2024-03-22
22023,1630322,22301000,"MAR 20, 2024",OKC vs. UTA,W,2,0,1,0.0,0,1,0.0,0,0,0.0,0,0,0,1,0,1,0,1,0,-4,1,2024-03-20
22023,1630322,22300959,"MAR 14, 2024",OKC vs. DAL,W,0,0,0,0.0,0,0,0.0,0,0,0.0,0,0,0,0,0,0,0,0,0,2,1,2024-03-14
22023,1630322,22300931,"MAR 10, 2024",OKC vs. MEM,W,9,2,4,0.5,2,4,0.5,0,0,0.0,0,1,1,0,0,0,1,0,6,-3,1,2024-03-10
22023,1630322,22300884,"MAR 04, 2024",OKC @ LAL,L,5,1,3,0.333,1,3,0.333,0,0,0.0,1,2,3,2,1,0,0,0,3,12,1,2024-03-04
22023,1630322,22300853,"FEB 29, 2024",OKC @ SAS,L,1,0,0,0.0,0,0,0.0,0,0,0.0,0,0,0,1,0,0,1,0,0,0,1,2024-02-29
22023,1630322,22300799,"FEB 22, 2024",OKC vs. LAC,W,1,0,0,0.0,0,0,0.0,0,0,0.0,0,0,0,0,0,0,0,0,0,4,1,2024-02-22
22023,1630570,22301019,"MAR 23, 2024",BKN @ NYK,L,2,1,1,1.0,1,1,1.0,0,0,0.0,0,2,2,1,0,0,0,1,3,6,1,2024-03-23
22023,1630570,22301007,"MAR 21, 2024",BKN @ MIL,L,8,1,5,0.2,0,0,0.0,1,1,1.0,3,0,3,0,0,0,0,0,3,5,1,2024-03-21
22023,1630570,22300993,"MAR 19, 2024",BKN vs. NOP,L,5,0,1,0.0,0,0,0.0,0,0,0.0,0,1,1,0,0,0,0,1,0,5,1,2024-03-19
22023,1630570,22300968,"MAR 16, 2024",BKN @ IND,L,19,3,6,0.5,0,0,0.0,6,7,0.857,0,0,0,1,2,1,1,1,12,-15,1,2024-03-16
22023,1630570,22300947,"MAR 13, 2024",BKN @ ORL,L,2,3,3,1.0,0,0,0.0,0,0,0.0,0,1,1,0,0,1,0,0,6,4,1,2024-03-13
22023,1630570,22300930,"MAR 10, 2024",BKN @ CLE,W,4,0,0,0.0,0,0,0.0,0,0,0.0,0,1,1,0,0,0,0,0,0,-2,1,2024-03-10
22023,1630570,22300918,"MAR 09, 2024",BKN @ CHA,L,13,2,6,0.333,1,2,0.5,1,2,0.5,3,2,5,0,0,0,1,3,6,-4,1,2024-03-09
22023,1630570,22300902,"MAR 07, 2024",BKN @ DET,L,11,2,4,0.5,0,0,0.0,2,2,1.0,0,2,2,0,0,0,2,0,6,-2,1,2024-03-07
22023,1630570,22300887,"MAR 05, 2024",BKN vs. PHI,W,13,1,6,0.167,0,2,0.0,0,0,0.0,1,4,5,0,0,2,0,1,2,-13,1,2024-03-05
22023,1630570,22300866,"MAR 02, 2024",BKN vs. ATL,W,2,1,1,1.0,0,0,0.0,0,0,0.0,0,0,0,0,0,0,0,0,2,-4,1,2024-03-02
22023,1630570,22300851,"FEB 29, 2024",BKN vs. ATL,W,7,1,1,1.0,0,0,0.0,0,0,0.0,0,1,1,0,0,1,0,2,2,-4,1,2024-02-29
22023,1630570,22300833,"FEB 27, 2024",BKN @ ORL,L,19,4,10,0.4,0,2,0.0,6,6,1.0,3,4,7,0,0,0,5,3,14,3,1,2024-02-27
22023,1630570,22300830,"FEB 26, 2024",BKN @ MEM,W,7,1,2,0.5,1,2,0.5,0,0,0.0,0,1,1,0,0,0,0,2,3,-1,1,2024-02-26
22023,1630570,22300795,"FEB 22, 2024",BKN @ TOR,L,4,1,1,1.0,0,0,0.0,2,2,1.0,0,0,0,0,0,0,0,1,4,1,1,2024-02-22
22023,1631212,22301026,"MAR 23, 2024",DEN @ POR,W,15,1,6,0.167,0,1,0.0,1,1,1.0,2,3,5,1,0,2,0,2,3,5,1,2024-03-23
22023,1631212,22301009,"MAR 21, 2024",DEN vs. NYK,W,13,1,3,0.333,0,2,0.0,2,2,1.0,1,0,1,0,0,0,1,1,4,-13,1,2024-03-21
22023,1631212,22300995,"MAR 19, 2024",DEN @ MIN,W,16,1,4,0.25,0,1,0.0,0,1,0.0,0,3,3,0,0,0,1,4,2,-5,1,2024-03-19
22023,1631212,22300978,"MAR 17, 2024",DEN @ DAL,L,14,1,4,0.25,1,1,1.0,0,0,0.0,0,2,2,0,2,0,0,1,3,-14,1,2024-03-17
22023,1631212,22300965,"MAR 15, 2024",DEN @ SAS,W,23,5,11,0.455,0,3,0.0,0,1,0.0,1,2,3,2,0,0,1,4,10,8,1,2024-03-15
22023,1631212,22300949,"MAR 13, 2024",DEN @ MIA,W,23,3,7,0.429,0,2,0.0,0,0,0.0,0,3,3,2,0,1,0,0,6,2,1,2024-03-13
22023,1631212,22300937,"MAR 11, 2024",DEN vs. TOR,W,15,3,4,0.75,1,1,1.0,0,2,0.0,0,5,5,0,0,1,1,2,7,5,1,2024-03-11
22023,1631212,22300922,"MAR 09, 2024",DEN vs. UTA,W,26,4,8,0.5,0,2,0.0,4,4,1.0,0,5,5,0,1,1,1,1,12,0,1,2024-03-09
22023,1631212,22300906,"MAR 07, 2024",DEN vs. BOS,W,17,5,9,0.556,1,4,0.25,0,0,0.0,0,4,4,1,1,2,0,1,11,11,1,2024-03-07
22023,1631212,22300893,"MAR 05, 2024",DEN vs. PHX,L,23,2,8,0.25,0,5,0.0,0,0,0.0,1,3,4,4,1,2,0,2,4,1,2,2024-03-05
22023,1631212,22300869,"MAR 02, 2024",DEN @ LAL,W,16,3,5,0.6,0,1,0.0,1,2,0.5,1,1,2,0,0,3,0,0,7,-3,1,2024-03-02
22023,1631212,22300855,"FEB 29, 2024",DEN vs. MIA,W,15,0,4,0.0,0,1,0.0,0,0,0.0,0,0,0,0,1,0,1,1,0,6,1,2024-02-29
22023,1631212,22300847,"FEB 28, 2024",DEN vs. SAC,W,20,3,6,0.5,0,1,0.0,0,0,0.0,1,1,2,1,0,1,2,2,6,-18,1,2024-02-28
22023,1631212,22300824,"FEB 25, 2024",DEN @ GSW,W,11,1,4,0.25,1,3,0.333,0,2,0.0,0,1,1,1,0,0,1,1,3,-11,1,2024-02-25
22023,1631212,22300812,"FEB 23, 2024",DEN @ POR,W,18,3,5,0.6,1,2,0.5,1,2,0.5,1,3,4,0,0,1,1,2,8,-1,1,2024-02-23
22023,1631212,22300800,"FEB 22, 2024",DEN vs. WAS,W,22,3,5,0.6,1,1,1.0,4,5,0.8,2,3,5,1,1,4,4,1,11,4,1,2024-02-22
22023,1641705,22301025,"MAR 23, 2024",SAS vs. PHX,L,21,5,7,0.714,1,2,0.5,2,2,1.0,1,4,5,4,0,1,5,0,13,-13,1,2024-03-23
22023,1641705,22301015,"MAR 22, 2024",SAS vs. MEM,L,33,11,24,0.458,3,12,0.25,6,10,0.6,5,11,16,5,2,3,7,2,31,15,1,2024-03-22
22023,1641705,22300994,"MAR 19, 2024",SAS vs. DAL,L,32,3,13,0.231,0,4,0.0,6,7,0.857,3,8,11,3,1,6,5,4,12,5,1,2024-03-19
22023,1641705,22300981,"MAR 17, 2024",SAS vs. BKN,W,36,14,26,0.538,1,7,0.143,4,6,0.667,4,11,15,7,0,7,4,1,33,5,1,2024-03-17
22023,1641705,22300965,"MAR 15, 2024",SAS vs. DEN,L,33,4,12,0.333,1,5,0.2,8,9,0.889,4,5,9,2,2,3,4,5,17,-3,1,2024-03-15
22023,1641705,22300942,"MAR 12, 2024",SAS vs. HOU,L,31,5,12,0.417,2,7,0.286,1,1,1.0,1,9,10,6,1,2,2,2,13,5,1,2024-03-12
22023,1641705,22300936,"MAR 11, 2024",SAS vs. GSW,L,31,10,25,0.4,3,9,0.333,4,9,0.444,2,12,14,3,1,2,3,1,27,-1,1,2024-03-11
22023,1641705,22300891,"MAR 05, 2024",SAS @ HOU,L,31,4,10,0.4,2,5,0.4,0,0,0.0,2,9,11,3,0,7,6,4,10,-12,1,2024-03-05
22023,1641705,22300877,"MAR 03, 2024",SAS vs. IND,W,31,11,17,0.647,3,4,0.75,6,7,0.857,2,10,12,6,1,6,3,2,31,19,1,2024-03-03
22023,1641705,22300853,"FEB 29, 2024",SAS vs. OKC,W,32,9,17,0.529,5,7,0.714,5,7,0.714,3,10,13,7,2,5,2,2,28,17,1,2024-02-29
22023,1641705,22300838,"FEB 27, 2024",SAS @ MIN,L,34,5,13,0.385,2,7,0.286,5,5,1.0,1,12,13,5,2,4,5,5,17,2,1,2024-02-27
22023,1641705,22300825,"FEB 25, 2024",SAS @ UTA,L,27,9,17,0.529,1,3,0.333,3,4,0.75,2,8,10,2,1,5,4,1,22,-2,1,2024-02-25
22023,1641705,22300813,"FEB 23, 2024",SAS @ LAL,L,31,7,16,0.438,3,8,0.375,10,11,0.909,1,9,10,8,5,5,2,3,27,0,1,2024-02-23
22023,1641705,22300803,"FEB 22, 2024",SAS @ SAC,L,31,8,21,0.381,1,6,0.167,2,3,0.667,5,8,13,4,5,5,1,1,19,0,1,2024-02-22
22023,1631104,22301025,"MAR 23, 2024",SAS vs. PHX,L,19,4,5,0.8,2,2,1.0,2,2,1.0,1,0,1,3,2,1,0,2,12,2,1,2024-03-23
22023,1631104,22301015,"MAR 22, 2024",SAS vs. MEM,L,10,0,4,0.0,0,1,0.0,0,0,0.0,1,0,1,0,0,0,1,0,0,-6,1,2024-03-22
22023,1631104,22300994,"MAR 19, 2024",SAS vs. DAL,L,13,0,2,0.0,0,1,0.0,1,2,0.5,0,4,4,0,1,1,1,1,1,-11,1,2024-03-19
22023,1631104,22300981,"MAR 17, 2024",SAS vs. BKN,W,10,1,4,0.25,0,1,0.0,0,0,0.0,0,1,1,0,0,0,1,2,2,0,1,2024-03-17
22023,1631104,22300965,"MAR 15, 2024",SAS vs. DEN,L,15,1,4,0.25,0,0,0.0,3,4,0.75,1,0,1,2,0,0,0,1,5,-7,1,2024-03-15
22023,1631104,22300942,"MAR 12, 2024",SAS vs. HOU,L,16,4,7,0.571,0,1,0.0,2,2,1.0,0,3,3,3,0,0,0,1,10,-5,1,2024-03-12
22023,1631104,22300936,"MAR 11, 2024",SAS vs. GSW,L,13,2,3,0.667,0,1,0.0,0,0,0.0,1,0,1,3,0,0,0,0,4,-8,1,2024-03-11
22023,1631104,22300921,"MAR 09, 2024",SAS @ GSW,W,20,1,3,0.333,0,0,0.0,2,2,1.0,0,5,5,9,1,2,1,3,4,8,1,2024-03-09
22023,1631104,22300908,"MAR 07, 2024",SAS @ SAC,L,17,5,6,0.833,1,1,1.0,0,0,0.0,0,1,1,3,1,1,1,3,11,1,1,2024-03-07
22023,1631104,22300891,"MAR 05, 2024",SAS @ HOU,L,12,0,2,0.0,0,2,0.0,0,0,0.0,0,0,0,5,0,0,0,1,0,-1,1,2024-03-05
22023,1631104,22300877,"MAR 03, 2024",SAS vs. IND,W,19,3,3,1.0,0,0,0.0,3,4,0.75,0,1,1,2,1,0,1,3,9,-4,1,2024-03-03
22023,1631104,22300853,"FEB 29, 2024",SAS vs. OKC,W,5,0,0,0.0,0,0,0.0,0,0,0.0,0,2,2,0,0,0,2,0,0,1,1,2024-02-29
22023,1631104,22300838,"FEB 27, 2024",SAS @ MIN,L,12,0,3,0.0,0,1,0.0,2,2,1.0,0,0,0,1,0,0,0,1,2,-14,1,2024-02-27
22023,1631104,22300825,"FEB 25, 2024",SAS @ UTA,L,18,0,2,0.0,0,0,0.0,0,0,0.0,0,2,2,5,0,0,0,0,0,-8,1,2024-02-25
22023,1631104,22300813,"FEB 23, 2024",SAS @ LAL,L,10,2,3,0.667,0,1,0.0,0,0,0.0,2,1,3,0,0,0,1,1,4,8,1,2024-02-23
22023,1631104,22300803,"FEB 22, 2024",SAS @ SAC,L,17,1,4,0.25,0,2,0.0,2,2,1.0,1,0,1,1,0,0,1,2,4,-4,1,2024-02-22
22023,201566,22300865,"MAR 01, 2024",LAC vs. WAS,W,10,2,3,0.667,0,0,0.0,2,2,1.0,0,0,0,1,0,0,0,1,6,8,1,2024-03-01
22023,201566,22300848,"FEB 28, 2024",LAC vs. LAL,L,17,3,9,0.333,0,2,0.0,2,2,1.0,1,1,2,3,3,0,1,5,8,3,1,2024-02-28
22023,201566,22300827,"FEB 25, 2024",LAC vs. SAC,L,18,3,10,0.3,0,2,0.0,2,2,1.0,1,3,4,2,1,0,1,1,8,10,1,2024-02-25
22023,201566,22300807,"FEB 23, 2024",LAC @ MEM,W,23,6,15,0.4,1,4,0.25,0,0,0.0,0,2,2,0,1,0,3,0,13,-2,1,2024-02-23
22023,201566,22300799,"FEB 22, 2024",LAC @ OKC,L,16,1,9,0.111,0,2,0.0,0,0,0.0,0,1,1,5,1,0,1,2,2,-11,1,2024-02-22
22023,1629632,22301023,"MAR 23, 2024",CHI vs. BOS,L,36,3,11,0.273,1,4,0.25,4,4,1.0,0,5,5,10,0,0,2,3,11,-7,1,2024-03-23
22023,1629632,22301006,"MAR 21, 2024",CHI @ HOU,L,29,5,13,0.385,2,5,0.4,1,2,0.5,0,4,4,3,0,0,2,2,13,4,1,2024-03-21
22023,1629632,22300948,"MAR 13, 2024",CHI @ IND,W,36,6,17,0.353,1,3,0.333,2,3,0.667,2,2,4,3,2,1,1,2,15,5,1,2024-03-13
22023,1629632,22300935,"MAR 11, 2024",CHI vs. DAL,L,27,4,14,0.286,1,6,0.167,3,3,1.0,1,1,2,1,0,0,2,2,12,-18,1,2024-03-11
22023,1629632,22300917,"MAR 09, 2024",CHI @ LAC,L,41,7,16,0.438,3,9,0.333,2,2,1.0,1,4,5,4,0,0,5,4,19,-2,1,2024-03-09
22023,1629632,22300907,"MAR 07, 2024",CHI @ GSW,W,37,7,16,0.438,2,6,0.333,4,4,1.0,0,4,4,7,2,0,2,4,20,2,1,2024-03-07
22023,1629632,22300898,"MAR 06, 2024",CHI @ UTA,W,42,9,15,0.6,7,11,0.636,0,0,0.0,0,6,6,6,0,1,1,1,25,9,1,2024-03-06
22023,1629632,22300883,"MAR 04, 2024",CHI @ SAC,W,44,14,19,0.737,5,9,0.556,4,5,0.8,0,5,5,7,1,0,3,3,37,4,1,2024-03-04
22023,1629632,22300864,"MAR 01, 2024",CHI vs. MIL,L,38,7,14,0.5,2,5,0.4,6,6,1.0,0,3,3,2,0,0,2,2,22,-14,1,2024-03-01
22023,1629632,22300846,"FEB 28, 2024",CHI vs. CLE,W,50,5,20,0.25,2,13,0.154,2,2,1.0,3,5,8,12,1,1,3,2,14,16,1,2024-02-28
22023,1629632,22300839,"FEB 27, 2024",CHI vs. DET,L,41,2,14,0.143,0,5,0.0,6,8,0.75,1,4,5,6,0,0,1,2,10,-15,1,2024-02-27
22023,1629632,22300823,"FEB 25, 2024",CHI @ NOP,W,37,5,18,0.278,2,9,0.222,4,4,1.0,1,6,7,3,2,0,1,2,16,-11,1,2024-02-25
22023,1629632,22300797,"FEB 22, 2024",CHI vs. BOS,L,35,6,17,0.353,4,9,0.444,4,4,1.0,0,2,2,4,1,0,2,5,20,-26,1,2024-02-22
22023,1628401,22301023,"MAR 23, 2024",BOS @ CHI,W,38,6,14,0.429,3,11,0.273,2,3,0.667,0,3,3,6,1,0,1,1,17,8,1,2024-03-23
22023,1628401,22301011,"MAR 22, 2024",BOS @ DET,W,36,5,14,0.357,1,7,0.143,8,9,0.889,2,6,8,11,0,1,1,1,19,23,1,2024-03-22
22023,1628401,22300998,"MAR 20, 2024",BOS vs. MIL,W,37,8,17,0.471,4,11,0.364,3,3,1.0,0,5,5,8,0,2,0,5,23,-7,1,2024-03-20
22023,1628401,22300984,"MAR 18, 2024",BOS vs. DET,W,37,8,20,0.4,6,12,0.5,0,0,0.0,0,10,10,10,2,1,3,0,22,17,1,2024-03-18
22023,1628401,22300955,"MAR 14, 2024",BOS vs. PHX,W,33,5,13,0.385,3,9,0.333,0,0,0.0,1,7,8,5,2,1,0,1,13,8,1,2024-03-14
22023,1628401,22300943,"MAR 12, 2024",BOS @ UTA,W,35,8,17,0.471,7,11,0.636,1,1,1.0,0,6,6,3,1,3,3,3,24,15,1,2024-03-12
22023,1628401,22300938,"MAR 11, 2024",BOS @ POR,W,34,5,14,0.357,1,5,0.2,0,0,0.0,2,4,6,5,2,3,1,3,11,12,1,2024-03-11
22023,1628401,22300920,"MAR 09, 2024",BOS @ PHX,W,35,5,8,0.625,0,3,0.0,0,0,0.0,2,3,5,9,0,1,2,3,10,1,1,2024-03-09
22023,1628401,22300906,"MAR 07, 2024",BOS @ DEN,L,37,3,8,0.375,0,4,0.0,1,1,1.0,1,4,5,6,1,1,1,4,7,-2,1,2024-03-07
22023,1628401,22300886,"MAR 05, 2024",BOS @ CLE,L,35,1,5,0.2,0,2,0.0,1,1,1.0,2,4,6,7,0,4,2,0,3,4,1,2024-03-05
22023,1628401,22300872,"MAR 03, 2024",BOS vs. GSW,W,20,5,6,0.833,4,5,0.8,0,0,0.0,0,3,3,8,1,0,0,1,14,36,1,2024-03-03
22023,1628401,22300859,"MAR 01, 2024",BOS vs. DAL,W,32,5,10,0.5,3,6,0.5,0,0,0.0,1,6,7,8,1,2,2,2,13,21,1,2024-03-01
22023,1628401,22300836,"FEB 27, 2024",BOS vs. PHI,W,30,2,6,0.333,0,2,0.0,2,2,1.0,0,6,6,6,2,3,2,0,6,31,1,2024-02-27
22023,1628401,22300816,"FEB 24, 2024",BOS @ NYK,W,32,5,8,0.625,3,5,0.6,0,0,0.0,1,2,3,6,2,0,0,1,13,7,1,2024-02-24
22023,1628401,22300797,"FEB 22, 2024",BOS @ CHI,W,33,9,14,0.643,5,10,0.5,5,5,1.0,0,3,3,5,2,3,2,1,28,15,1,2024-02-22
22023,1641715,22300929,"MAR 10, 2024",HOU @ SAC,W,20,4,10,0.4,2,5,0.4,0,0,0.0,0,4,4,0,0,0,0,0,10,0,1,2024-03-10
22023,1641715,22300916,"MAR 08, 2024",HOU @ POR,W,24,4,10,0.4,1,5,0.2,4,6,0.667,4,4,8,0,1,1,1,2,13,19,1,2024-03-08
22023,1641715,22300897,"MAR 06, 2024",HOU vs. LAC,L,24,7,15,0.467,3,7,0.429,0,0,0.0,0,2,2,1,0,0,0,1,17,-1,1,2024-03-06
22023,1641715,22300891,"MAR 05, 2024",HOU vs. SAS,W,20,9,16,0.563,1,4,0.25,0,0,0.0,4,4,8,1,1,0,1,0,19,-2,1,2024-03-05
22023,1641715,22300870,"MAR 02, 2024",HOU @ PHX,W,10,1,6,0.167,0,2,0.0,2,4,0.5,2,2,4,1,1,0,3,3,4,-9,1,2024-03-02
22023,1641715,22300854,"FEB 29, 2024",HOU @ PHX,L,27,5,14,0.357,0,5,0.0,4,4,1.0,3,5,8,0,0,1,2,1,14,10,1,2024-02-29
22023,1641715,22300841,"FEB 27, 2024",HOU @ OKC,L,16,4,9,0.444,1,3,0.333,0,0,0.0,0,1,1,1,1,0,0,0,9,-7,1,2024-02-27
22023,1641715,22300822,"FEB 25, 2024",HOU vs. OKC,L,17,4,9,0.444,1,4,0.25,3,4,0.75,0,3,3,0,1,1,2,3,12,5,1,2024-02-25
22023,1641715,22300806,"FEB 23, 2024",HOU vs. PHX,W,21,5,11,0.455,2,7,0.286,3,5,0.6,0,3,3,1,0,0,4,0,15,-2,1,2024-02-23
22023,1641715,22300798,"FEB 22, 2024",HOU @ NOP,L,24,5,11,0.455,2,8,0.25,1,3,0.333,1,3,4,0,0,2,2,1,13,-10,1,2024-02-22
22023,1630598,22301030,"MAR 24, 2024",OKC @ MIL,L,18,2,3,0.667,0,0,0.0,4,5,0.8,2,1,3,0,1,0,2,1,8,-8,1,2024-03-24
22023,1630598,22301012,"MAR 22, 2024",OKC @ TOR,W,12,1,2,0.5,0,0,0.0,1,2,0.5,0,1,1,2,3,0,1,0,3,10,1,2024-03-22
22023,1630598,22301000,"MAR 20, 2024",OKC vs. UTA,W,18,2,3,0.667,2,2,1.0,0,0,0.0,0,2,2,2,0,0,1,1,6,4,1,2024-03-20
22023,1630598,22300972,"MAR 16, 2024",OKC @ MEM,W,8,1,2,0.5,0,0,0.0,0,0,0.0,0,1,1,1,0,0,1,0,2,4,1,2024-03-16
22023,1630598,22300959,"MAR 14, 2024",OKC vs. DAL,W,10,1,2,0.5,0,1,0.0,0,0,0.0,0,1,1,1,0,1,1,0,2,-5,1,2024-03-14
22023,1630598,22300941,"MAR 12, 2024",OKC vs. IND,L,15,3,7,0.429,0,2,0.0,1,2,0.5,1,1,2,0,0,0,1,0,7,-3,1,2024-03-12
22023,1630598,22300931,"MAR 10, 2024",OKC vs. MEM,W,13,2,3,0.667,0,0,0.0,0,0,0.0,1,0,1,3,1,1,2,0,4,-2,1,2024-03-10
22023,1630598,22300914,"MAR 08, 2024",OKC vs. MIA,W,19,3,5,0.6,1,3,0.333,0,0,0.0,2,1,3,1,0,2,0,1,7,-5,1,2024-03-08
22023,1630598,22300900,"MAR 06, 2024",OKC @ POR,W,17,1,2,0.5,0,1,0.0,0,0,0.0,2,1,3,0,1,0,0,2,2,-2,1,2024-03-06
22023,1630598,22300884,"MAR 04, 2024",OKC @ LAL,L,16,4,8,0.5,2,3,0.667,2,2,1.0,1,0,1,1,1,1,1,1,12,-16,1,2024-03-04
22023,1630598,22300878,"MAR 03, 2024",OKC @ PHX,W,22,3,6,0.5,0,2,0.0,1,2,0.5,0,3,3,0,4,1,0,0,7,18,1,2024-03-03
22023,1630598,22300853,"FEB 29, 2024",OKC @ SAS,L,12,2,3,0.667,0,0,0.0,0,0,0.0,1,2,3,1,0,0,2,1,4,-4,1,2024-02-29
22023,1630598,22300841,"FEB 27, 2024",OKC vs. HOU,W,16,2,6,0.333,0,1,0.0,2,2,1.0,2,0,2,0,0,1,0,1,6,8,1,2024-02-27
22023,1630598,22300822,"FEB 25, 2024",OKC @ HOU,W,15,0,2,0.0,0,1,0.0,0,0,0.0,1,1,2,0,1,1,0,0,0,10,1,2024-02-25
22023,1630598,22300809,"FEB 23, 2024",OKC vs. WAS,W,15,4,5,0.8,1,1,1.0,3,3,1.0,1,2,3,1,0,0,3,1,12,0,1,2024-02-23
22023,1630598,22300799,"FEB 22, 2024",OKC vs. LAC,W,14,3,6,0.5,2,4,0.5,1,1,1.0,1,1,2,0,2,0,2,1,9,23,1,2024-02-22
22023,203952,22301031,"MAR 24, 2024",GSW @ MIN,L,25,4,8,0.5,2,3,0.667,5,7,0.714,1,3,4,0,2,0,2,4,15,-10,1,2024-03-24
22023,203952,22301016,"MAR 22, 2024",GSW vs. IND,L,22,4,11,0.364,0,3,0.0,0,0,0.0,3,2,5,1,0,1,0,1,8,-12,1,2024-03-22
22023,203952,22301001,"MAR 20, 2024",GSW vs. MEM,W,29,9,14,0.643,4,6,0.667,0,0,0.0,6,4,10,3,0,1,0,0,22,22,1,2024-03-20
22023,203952,22300988,"MAR 18, 2024",GSW vs. NYK,L,24,2,9,0.222,1,3,0.333,2,4,0.5,4,4,8,0,1,0,1,1,7,-10,1,2024-03-18
22023,203952,22300973,"MAR 16, 2024",GSW @ LAL,W,30,7,17,0.412,2,6,0.333,0,0,0.0,3,3,6,1,0,1,0,3,16,7,1,2024-03-16
22023,203952,22300952,"MAR 13, 2024",GSW @ DAL,L,28,5,12,0.417,1,4,0.25,6,6,1.0,1,4,5,1,1,0,2,1,17,-8,1,2024-03-13
22023,203952,22300936,"MAR 11, 2024",GSW @ SAS,W,30,6,8,0.75,2,3,0.667,2,4,0.5,1,3,4,2,0,0,1,1,16,9,1,2024-03-11
22023,203952,22300921,"MAR 09, 2024",GSW vs. SAS,L,26,5,12,0.417,1,3,0.333,0,0,0.0,1,5,6,1,1,0,0,3,11,-6,1,2024-03-09
22023,203952,22300907,"MAR 07, 2024",GSW vs. CHI,L,15,3,6,0.5,0,2,0.0,2,2,1.0,0,1,1,2,1,0,0,2,8,7,1,2024-03-07
22023,203952,22300899,"MAR 06, 2024",GSW vs. MIL,W,14,1,5,0.2,1,2,0.5,0,0,0.0,1,1,2,2,1,0,1,0,3,-5,1,2024-03-06
22023,203952,22300824,"FEB 25, 2024",GSW vs. DEN,L,31,5,10,0.5,2,4,0.5,2,2,1.0,0,4,4,4,0,1,0,2,14,-14,1,2024-02-25
22023,203952,22300811,"FEB 23, 2024",GSW vs. CHA,W,28,5,8,0.625,2,4,0.5,2,2,1.0,0,2,2,3,1,1,2,0,14,12,1,2024-02-23
22023,203952,22300802,"FEB 22, 2024",GSW vs. LAL,W,28,8,14,0.571,2,5,0.4,2,2,1.0,2,1,3,2,1,1,1,2,20,12,1,2024-02-22
22023,1629684,22301021,"MAR 23, 2024",CHA @ ATL,L,25,3,10,0.3,1,6,0.167,0,0,0.0,1,3,4,4,0,0,2,3,7,-29,1,2024-03-23
22023,1629684,22300991,"MAR 19, 2024",CHA @ ORL,L,23,2,6,0.333,0,3,0.0,1,2,0.5,1,2,3,1,0,0,1,2,5,-18,1,2024-03-19
22023,1629684,22300969,"MAR 16, 2024",CHA @ PHI,L,27,6,10,0.6,2,4,0.5,0,0,0.0,2,1,3,1,1,1,2,4,14,-17,1,2024-03-16
22023,1629684,22300961,"MAR 15, 2024",CHA vs. PHX,L,32,8,17,0.471,3,8,0.375,1,1,1.0,3,3,6,1,1,0,0,0,20,0,1,2024-03-15
22023,1629684,22300950,"MAR 13, 2024",CHA @ MEM,W,28,6,11,0.545,1,4,0.25,5,5,1.0,0,6,6,3,1,1,6,0,18,12,1,2024-03-13
22023,1629684,22300933,"MAR 11, 2024",CHA @ DET,L,32,6,13,0.462,2,5,0.4,8,9,0.889,0,4,4,2,2,0,5,5,22,-18,1,2024-03-11
22023,1629684,22300918,"MAR 09, 2024",CHA vs. BKN,W,38,4,6,0.667,1,1,1.0,0,0,0.0,0,5,5,2,3,0,3,3,9,1,1,2024-03-09
22023,1629684,22300910,"MAR 08, 2024",CHA @ WAS,L,38,2,10,0.2,1,5,0.2,0,3,0.0,3,1,4,5,1,1,0,3,5,-2,1,2024-03-08
22023,1629684,22300885,"MAR 05, 2024",CHA vs. ORL,L,33,2,4,0.5,0,1,0.0,5,5,1.0,0,2,2,3,0,0,3,5,9,-21,1,2024-03-05
22023,1629684,22300875,"MAR 03, 2024",CHA @ TOR,L,40,6,13,0.462,0,3,0.0,6,7,0.857,6,7,13,5,1,1,6,5,18,2,1,2024-03-03
22023,1629684,22300858,"MAR 01, 2024",CHA @ PHI,L,27,6,6,1.0,1,1,1.0,0,1,0.0,2,4,6,2,1,1,1,4,13,14,1,2024-03-01
22023,1629684,22300849,"FEB 29, 2024",CHA vs. MIL,L,30,5,8,0.625,3,6,0.5,4,6,0.667,1,4,5,3,0,1,2,3,17,-13,1,2024-02-29
22023,1629684,22300840,"FEB 27, 2024",CHA @ MIL,L,28,2,7,0.286,0,3,0.0,0,0,0.0,2,5,7,2,0,0,1,3,4,-31,1,2024-02-27
22023,1629684,22300826,"FEB 25, 2024",CHA @ POR,W,24,1,4,0.25,1,3,0.333,2,4,0.5,0,2,2,1,0,1,3,3,5,7,1,2024-02-25
22023,1629684,22300811,"FEB 23, 2024",CHA @ GSW,L,26,4,9,0.444,1,5,0.2,1,1,1.0,2,1,3,1,0,0,1,2,10,5,1,2024-02-23
22023,1629684,22300801,"FEB 22, 2024",CHA @ UTA,W,27,7,16,0.438,6,11,0.545,4,4,1.0,0,0,0,2,1,0,0,3,24,3,1,2024-02-22
22023,1631114,22301030,"MAR 24, 2024",OKC @ MIL,L,29,8,15,0.533,1,4,0.25,1,2,0.5,3,0,3,4,1,0,0,3,18,-17,1,2024-03-24
22023,1631114,22301012,"MAR 22, 2024",OKC @ TOR,W,27,9,13,0.692,0,0,0.0,2,2,1.0,0,3,3,3,3,2,3,1,20,12,1,2024-03-22
22023,1631114,22301000,"MAR 20, 2024",OKC vs. UTA,W,32,8,14,0.571,0,2,0.0,2,3,0.667,0,2,2,4,1,0,3,1,18,28,1,2024-03-20
22023,1631114,22300972,"MAR 16, 2024",OKC @ MEM,W,35,9,17,0.529,1,3,0.333,4,5,0.8,1,6,7,6,1,2,2,2,23,-3,1,2024-03-16
22023,1631114,22300959,"MAR 14, 2024",OKC vs. DAL,W,35,11,21,0.524,3,5,0.6,2,2,1.0,0,4,4,5,1,3,3,3,27,-5,1,2024-03-14
22023,1631114,22300931,"MAR 10, 2024",OKC vs. MEM,W,10,3,6,0.5,1,4,0.25,0,0,0.0,0,2,2,3,1,1,0,0,7,20,1,2024-03-10
22023,1631114,22300914,"MAR 08, 2024",OKC vs. MIA,W,30,6,12,0.5,1,3,0.333,2,2,1.0,1,4,5,4,1,1,3,4,15,-2,1,2024-03-08
22023,1631114,22300900,"MAR 06, 2024",OKC @ POR,W,32,9,17,0.529,4,5,0.8,9,10,0.9,0,4,4,3,3,1,2,3,31,24,1,2024-03-06
22023,1631114,22300884,"MAR 04, 2024",OKC @ LAL,L,26,2,9,0.222,1,3,0.333,2,2,1.0,0,2,2,3,1,0,1,2,7,-9,1,2024-03-04
22023,1631114,22300878,"MAR 03, 2024",OKC @ PHX,W,33,10,19,0.526,1,3,0.333,1,1,1.0,1,3,4,2,3,0,1,3,22,1,1,2024-03-03
22023,1631114,22300853,"FEB 29, 2024",OKC @ SAS,L,33,10,18,0.556,1,5,0.2,5,5,1.0,0,6,6,3,1,0,1,2,26,-17,1,2024-02-29
22023,1631114,22300841,"FEB 27, 2024",OKC vs. HOU,W,35,11,17,0.647,2,3,0.667,0,0,0.0,2,3,5,5,2,2,3,1,24,5,1,2024-02-27
22023,1631114,22300822,"FEB 25, 2024",OKC @ HOU,W,36,9,22,0.409,2,6,0.333,2,2,1.0,0,4,4,5,0,0,0,4,22,8,1,2024-02-25
22023,1631114,22300809,"FEB 23, 2024",OKC vs. WAS,W,20,5,7,0.714,1,2,0.5,0,1,0.0,0,2,2,5,0,1,1,4,11,6,1,2024-02-23
22023,1631114,22300799,"FEB 22, 2024",OKC vs. LAC,W,36,7,13,0.538,2,4,0.5,2,4,0.5,0,4,4,6,1,3,1,3,18,6,1,2024-02-22
22023,1631119,22301030,"MAR 24, 2024",OKC @ MIL,L,8,0,1,0.0,0,1,0.0,0,0,0.0,0,3,3,1,0,0,0,1,0,-10,1,2024-03-24
22023,1631119,22301000,"MAR 20, 2024",OKC vs. UTA,W,15,1,4,0.25,1,4,0.25,0,0,0.0,0,2,2,0,1,1,0,0,3,-15,1,2024-03-20
22023,1631119,22300972,"MAR 16, 2024",OKC @ MEM,W,8,0,1,0.0,0,0,0.0,0,0,0.0,0,1,1,0,1,0,0,2,0,-2,1,2024-03-16
22023,1631119,22300959,"MAR 14, 2024",OKC vs. DAL,W,10,1,3,0.333,1,3,0.333,0,0,0.0,0,1,1,2,0,0,1,3,3,4,1,2024-03-14
22023,1631119,22300941,"MAR 12, 2024",OKC vs. IND,L,7,0,0,0.0,0,0,0.0,0,0,0.0,0,2,2,2,0,0,0,0,0,5,1,2024-03-12
22023,1631119,22300931,"MAR 10, 2024",OKC vs. MEM,W,13,2,4,0.5,1,3,0.333,0,0,0.0,0,4,4,1,0,1,0,0,5,10,1,2024-03-10
22023,1631119,22300914,"MAR 08, 2024",OKC vs. MIA,W,17,2,3,0.667,1,1,1.0,0,0,0.0,2,5,7,0,1,1,0,3,5,3,1,2024-03-08
22023,1631119,22300853,"FEB 29, 2024",OKC @ SAS,L,12,2,6,0.333,1,3,0.333,1,1,1.0,1,1,2,0,0,0,1,1,6,-1,1,2024-02-29
22023,1631119,22300841,"FEB 27, 2024",OKC vs. HOU,W,19,2,2,1.0,1,1,1.0,0,0,0.0,0,3,3,2,1,1,0,2,5,14,1,2024-02-27
22023,1631119,22300822,"FEB 25, 2024",OKC @ HOU,W,12,2,4,0.5,1,3,0.333,0,0,0.0,1,4,5,1,0,0,0,0,5,6,1,2024-02-25
22023,1631119,22300809,"FEB 23, 2024",OKC vs. WAS,W,16,2,4,0.5,2,3,0.667,1,2,0.5,1,7,8,3,0,1,1,2,7,32,1,2024-02-23
22023,1629026,22301030,"MAR 24, 2024",OKC @ MIL,L,19,2,7,0.286,0,3,0.0,2,2,1.0,1,3,4,2,1,0,0,3,6,-16,1,2024-03-24
22023,1629026,22301012,"MAR 22, 2024",OKC @ TOR,W,23,5,7,0.714,2,3,0.667,0,0,0.0,3,2,5,2,4,0,0,0,12,8,1,2024-03-22
22023,1629026,22300972,"MAR 16, 2024",OKC @ MEM,W,13,2,4,0.5,2,4,0.5,0,0,0.0,1,2,3,1,1,1,0,1,6,18,1,2024-03-16
22023,1629026,22300959,"MAR 14, 2024",OKC vs. DAL,W,7,2,3,0.667,1,2,0.5,0,0,0.0,1,1,2,0,0,0,0,1,5,4,1,2024-03-14
22023,1629026,22300941,"MAR 12, 2024",OKC vs. IND,L,9,0,1,0.0,0,1,0.0,0,0,0.0,2,2,4,2,0,0,0,1,0,-1,1,2024-03-12
22023,1629026,22300931,"MAR 10, 2024",OKC vs. MEM,W,17,2,5,0.4,1,2,0.5,0,0,0.0,2,6,8,3,2,0,0,4,5,8,1,2024-03-10
22023,1629026,22300900,"MAR 06, 2024",OKC @ POR,W,9,0,2,0.0,0,1,0.0,0,0,0.0,1,2,3,0,0,0,2,1,0,-15,1,2024-03-06
22023,1629026,22300884,"MAR 04, 2024",OKC @ LAL,L,9,1,4,0.25,0,2,0.0,0,0,0.0,1,0,1,2,0,0,0,1,2,-6,1,2024-03-04
22023,1629026,22300878,"MAR 03, 2024",OKC @ PHX,W,9,0,0,0.0,0,0,0.0,0,0,0.0,0,3,3,3,0,0,0,1,0,14,1,2024-03-03
22023,1629026,22300853,"FEB 29, 2024",OKC @ SAS,L,11,0,1,0.0,0,1,0.0,0,0,0.0,1,0,1,1,0,0,1,0,0,4,1,2024-02-29
22023,1629026,22300841,"FEB 27, 2024",OKC vs. HOU,W,12,0,2,0.0,0,2,0.0,0,0,0.0,0,5,5,0,0,0,0,0,0,6,1,2024-02-27
22023,1629026,22300822,"FEB 25, 2024",OKC @ HOU,W,5,1,1,1.0,0,0,0.0,0,0,0.0,0,1,1,0,0,0,0,1,2,-10,1,2024-02-25
22023,1629026,22300809,"FEB 23, 2024",OKC vs. WAS,W,14,4,6,0.667,4,6,0.667,0,0,0.0,0,2,2,1,0,0,1,2,12,17,1,2024-02-23
22023,1629026,22300799,"FEB 22, 2024",OKC vs. LAC,W,15,3,7,0.429,1,3,0.333,0,0,0.0,1,4,5,0,0,0,0,1,7,21,1,2024-02-22
22023,1631466,22301024,"MAR 23, 2024",HOU vs. UTA,W,9,2,3,0.667,0,0,0.0,0,0,0.0,1,2,3,0,1,0,0,1,4,1,1,2024-03-23
22023,1631466,22300992,"MAR 19, 2024",HOU @ WAS,W,2,1,1,1.0,0,0,0.0,1,1,1.0,0,0,0,0,0,0,0,0,3,3,1,2024-03-19
22023,1631466,22300967,"MAR 16, 2024",HOU vs. CLE,W,2,0,1,0.0,0,1,0.0,0,0,0.0,0,0,0,0,0,0,0,0,0,-4,1,2024-03-16
22023,1631466,22300957,"MAR 14, 2024",HOU vs. WAS,W,2,0,0,0.0,0,0,0.0,2,2,1.0,0,1,1,0,0,0,0,0,2,-3,1,2024-03-14
22023,1631466,22300916,"MAR 08, 2024",HOU @ POR,W,1,0,0,0.0,0,0,0.0,0,0,0.0,1,1,2,0,0,0,0,0,0,0,1,2024-03-08
22023,1631466,22300798,"FEB 22, 2024",HOU @ NOP,L,2,0,0,0.0,0,0,0.0,0,0,0.0,1,0,1,1,0,0,1,0,0,-1,1,2024-02-22
22023,1630533,22300868,"MAR 02, 2024",MEM vs. POR,L,34,2,7,0.286,1,5,0.2,4,4,1.0,0,6,6,0,1,0,3,1,9,4,1,2024-03-02
22023,1630533,22300861,"MAR 01, 2024",MEM vs. POR,L,26,4,10,0.4,1,3,0.333,0,0,0.0,0,5,5,2,1,0,1,1,9,-9,1,2024-03-01
22023,1630533,22300845,"FEB 28, 2024",MEM @ MIN,L,36,6,14,0.429,2,6,0.333,2,2,1.0,3,5,8,2,0,0,1,2,16,-5,1,2024-02-28
22023,1630533,22300830,"FEB 26, 2024",MEM vs. BKN,L,25,3,11,0.273,0,5,0.0,0,0,0.0,0,2,2,0,1,0,2,1,6,-16,1,2024-02-26
22023,1630533,22300807,"FEB 23, 2024",MEM vs. LAC,L,30,4,9,0.444,1,5,0.2,1,2,0.5,2,2,4,1,2,0,0,3,10,-10,1,2024-02-23
22023,1631246,22300913,"MAR 08, 2024",MEM vs. ATL,L,37,4,8,0.5,3,5,0.6,3,4,0.75,0,5,5,6,0,1,6,4,14,-7,1,2024-03-08
22023,1631246,22300896,"MAR 06, 2024",MEM @ PHI,W,37,6,9,0.667,2,3,0.667,3,3,1.0,1,6,7,9,2,1,3,2,17,0,1,2024-03-06
22023,1631246,22300879,"MAR 04, 2024",MEM @ BKN,W,34,4,11,0.364,1,4,0.25,2,2,1.0,1,4,5,6,2,0,2,3,11,-4,1,2024-03-04
22023,1631246,22300868,"MAR 02, 2024",MEM vs. POR,L,38,7,14,0.5,4,7,0.571,3,4,0.75,1,7,8,2,2,3,4,4,21,-12,1,2024-03-02
22023,1631246,22300861,"MAR 01, 2024",MEM vs. POR,L,29,3,7,0.429,0,0,0.0,2,5,0.4,0,2,2,5,0,2,4,2,8,-18,1,2024-03-01
22023,1631246,22300845,"FEB 28, 2024",MEM @ MIN,L,31,4,15,0.267,1,5,0.2,2,2,1.0,2,4,6,6,1,1,3,3,11,-1,1,2024-02-28
22023,1631246,22300830,"FEB 26, 2024",MEM vs. BKN,L,25,2,5,0.4,1,2,0.5,1,2,0.5,0,3,3,5,0,0,4,3,6,-7,1,2024-02-26
22023,1631246,22300807,"FEB 23, 2024",MEM vs. LAC,L,36,4,6,0.667,1,2,0.5,0,0,0.0,1,5,6,8,0,0,4,3,9,-11,1,2024-02-23
22023,1629627,22301027,"MAR 24, 2024",NOP @ DET,W,36,13,14,0.929,0,0,0.0,10,14,0.714,1,6,7,6,2,0,4,2,36,18,1,2024-03-24
22023,1629627,22301013,"MAR 22, 2024",NOP @ MIA,W,25,2,7,0.286,0,0,0.0,0,0,0.0,3,2,5,4,0,1,5,2,4,-3,1,2024-03-22
22023,1629627,22301004,"MAR 21, 2024",NOP @ ORL,L,29,8,15,0.533,0,0,0.0,4,6,0.667,0,7,7,2,2,1,8,5,20,0,1,2024-03-21
22023,1629627,22300993,"MAR 19, 2024",NOP @ BKN,W,33,11,16,0.688,0,0,0.0,6,6,1.0,2,5,7,4,1,0,2,3,28,11,1,2024-03-19
22023,1629627,22300970,"MAR 16, 2024",NOP vs. POR,W,34,11,17,0.647,0,0,0.0,4,5,0.8,2,8,10,3,1,1,3,2,26,21,1,2024-03-16
22023,1629627,22300964,"MAR 15, 2024",NOP vs. LAC,W,35,14,21,0.667,0,0,0.0,6,10,0.6,4,3,7,4,3,1,3,2,34,11,1,2024-03-15
22023,1629627,22300951,"MAR 13, 2024",NOP vs. CLE,L,35,13,21,0.619,0,0,0.0,7,9,0.778,2,7,9,1,1,0,2,1,33,-22,1,2024-03-13
22023,1629627,22300925,"MAR 10, 2024",NOP @ ATL,W,36,10,14,0.714,0,0,0.0,7,10,0.7,2,4,6,7,0,2,1,2,27,6,1,2024-03-10
22023,1629627,22300909,"MAR 08, 2024",NOP @ PHI,W,35,7,14,0.5,0,1,0.0,9,9,1.0,2,10,12,4,2,3,1,2,23,13,1,2024-03-08
22023,1629627,22300890,"MAR 05, 2024",NOP @ TOR,W,26,7,11,0.636,0,0,0.0,2,2,1.0,2,6,8,9,1,2,1,0,16,28,1,2024-03-05
22023,1629627,22300863,"MAR 01, 2024",NOP vs. IND,W,21,3,6,0.5,0,0,0.0,2,4,0.5,1,2,3,7,0,0,5,0,8,10,1,2024-03-01
22023,1629627,22300843,"FEB 28, 2024",NOP @ IND,L,32,10,20,0.5,1,2,0.5,2,5,0.4,1,2,3,4,0,0,1,2,23,-13,1,2024-02-28
22023,1629627,22300837,"FEB 27, 2024",NOP @ NYK,W,29,7,15,0.467,0,0,0.0,7,8,0.875,2,3,5,4,0,2,6,6,21,9,1,2024-02-27
22023,1629627,22300823,"FEB 25, 2024",NOP vs. CHI,L,33,9,15,0.6,0,0,0.0,1,2,0.5,1,7,8,11,0,2,3,2,19,6,1,2024-02-25
22023,1629627,22300810,"FEB 23, 2024",NOP vs. MIA,L,36,9,22,0.409,0,0,0.0,5,6,0.833,4,5,9,7,1,0,3,3,23,-23,1,2024-02-23
22023,1629627,22300798,"FEB 22, 2024",NOP vs. HOU,W,35,12,21,0.571,0,0,0.0,3,4,0.75,1,2,3,9,2,1,3,1,27,17,1,2024-02-22
22023,1630592,22301019,"MAR 23, 2024",BKN @ NYK,L,7,1,2,0.5,0,0,0.0,0,0,0.0,0,2,2,1,0,0,1,1,2,9,1,2024-03-23
22023,1630592,22301007,"MAR 21, 2024",BKN @ MIL,L,11,1,3,0.333,0,1,0.0,2,2,1.0,2,3,5,2,0,0,2,0,4,11,1,2024-03-21
22023,1630592,22300993,"MAR 19, 2024",BKN vs. NOP,L,10,3,4,0.75,0,0,0.0,0,0,0.0,1,1,2,0,0,0,0,1,6,11,1,2024-03-19
22023,1630592,22300968,"MAR 16, 2024",BKN @ IND,L,5,1,2,0.5,0,0,0.0,0,0,0.0,0,0,0,0,0,0,0,1,2,-7,1,2024-03-16
22023,1630592,22300947,"MAR 13, 2024",BKN @ ORL,L,14,1,4,0.25,0,2,0.0,1,2,0.5,1,1,2,2,0,0,0,1,3,-1,1,2024-03-13
22023,1630592,22300930,"MAR 10, 2024",BKN @ CLE,W,19,2,4,0.5,1,2,0.5,2,2,1.0,0,3,3,1,0,0,2,1,7,11,1,2024-03-10
22023,1630592,22300918,"MAR 09, 2024",BKN @ CHA,L,20,0,5,0.0,0,3,0.0,0,0,0.0,2,2,4,1,1,0,2,2,0,-16,1,2024-03-09
22023,1630592,22300902,"MAR 07, 2024",BKN @ DET,L,9,1,4,0.25,0,2,0.0,0,0,0.0,1,0,1,0,0,0,1,1,2,-17,1,2024-03-07
22023,1630592,22300887,"MAR 05, 2024",BKN vs. PHI,W,23,2,9,0.222,0,4,0.0,0,0,0.0,4,2,6,2,0,0,0,0,4,5,1,2024-03-05
22023,1630592,22300879,"MAR 04, 2024",BKN vs. MEM,L,12,1,1,1.0,1,1,1.0,2,2,1.0,2,3,5,1,0,0,1,2,5,4,1,2024-03-04
22023,1630592,22300866,"MAR 02, 2024",BKN vs. ATL,W,16,1,3,0.333,1,2,0.5,0,0,0.0,2,2,4,1,0,0,0,3,3,0,1,2024-03-02
22023,1630592,22300851,"FEB 29, 2024",BKN vs. ATL,W,25,2,7,0.286,0,2,0.0,2,2,1.0,1,4,5,2,0,0,1,2,6,10,1,2024-02-29
22023,1630592,22300833,"FEB 27, 2024",BKN @ ORL,L,23,2,5,0.4,1,4,0.25,0,0,0.0,0,3,3,1,1,0,0,1,5,-7,1,2024-02-27
22023,1630592,22300830,"FEB 26, 2024",BKN @ MEM,W,7,1,3,0.333,1,2,0.5,0,0,0.0,0,0,0,0,0,0,0,0,3,1,1,2024-02-26
22023,1630592,22300815,"FEB 24, 2024",BKN @ MIN,L,0,0,0,0.0,0,0,0.0,0,0,0.0,0,0,0,0,0,0,0,0,0,-1,1,2024-02-24
22023,1630592,22300795,"FEB 22, 2024",BKN @ TOR,L,4,1,2,0.5,0,1,0.0,0,0,0.0,0,0,0,1,0,0,0,2,2,1,1,2024-02-22
22023,1629685,22301021,"MAR 23, 2024",ATL vs. CHA,W,19,2,5,0.4,1,4,0.25,0,0,0.0,1,3,4,2,1,0,1,1,5,17,1,2024-03-23
22023,1629685,22300953,"MAR 13, 2024",ATL @ POR,L,5,0,0,0.0,0,0,0.0,0,0,0.0,0,1,1,0,0,0,0,1,0,-8,1,2024-03-13
22023,1629685,22300818,"FEB 25, 2024",LAL @ PHX,L,1,0,0,0.0,0,0,0.0,0,0,0.0,0,0,0,1,0,0,0,0,0,2,1,2024-02-25
22023,1629685,22300813,"FEB 23, 2024",LAL vs. SAS,W,1,0,0,0.0,0,0,0.0,0,0,0.0,0,0,0,0,0,0,0,0,0,-4,1,2024-02-23
22023,1629685,22300802,"FEB 22, 2024",LAL @ GSW,L,6,0,0,0.0,0,0,0.0,0,0,0.0,0,1,1,1,0,0,0,0,0,-1,1,2024-02-22
22023,1630164,22301027,"MAR 24, 2024",DET vs. NOP,L,27,5,8,0.625,0,0,0.0,5,6,0.833,3,8,11,0,0,0,4,5,15,-1,1,2024-03-24
22023,1630164,22301011,"MAR 22, 2024",DET vs. BOS,L,37,11,13,0.846,0,0,0.0,2,4,0.5,5,4,9,4,0,0,3,2,24,-22,1,2024-03-22
22023,1630164,22300997,"MAR 20, 2024",DET vs. IND,L,17,3,7,0.429,0,0,0.0,2,2,1.0,4,5,9,1,0,0,1,2,8,-12,1,2024-03-20
22023,1630164,22300984,"MAR 18, 2024",DET @ BOS,L,26,4,10,0.4,0,0,0.0,4,4,1.0,4,1,5,3,1,2,1,3,12,-18,1,2024-03-18
22023,1630164,22300977,"MAR 17, 2024",DET vs. MIA,L,16,0,2,0.0,0,0,0.0,4,4,1.0,0,6,6,1,0,0,2,2,4,12,1,2024-03-17
22023,1630164,22300962,"MAR 15, 2024",DET vs. MIA,L,13,3,6,0.5,0,0,0.0,0,0,0.0,1,6,7,1,0,0,0,1,6,-2,1,2024-03-15
22023,1630164,22300946,"MAR 13, 2024",DET vs. TOR,W,19,3,4,0.75,0,0,0.0,0,0,0.0,1,9,10,1,0,3,2,2,6,-1,1,2024-03-13
22023,1630164,22300933,"MAR 11, 2024",DET vs. CHA,W,18,4,6,0.667,0,0,0.0,2,2,1.0,3,6,9,1,0,1,0,2,10,8,1,2024-03-11
22023,1630164,22300919,"MAR 09, 2024",DET vs. DAL,L,30,8,10,0.8,0,0,0.0,1,2,0.5,4,8,12,4,0,1,1,5,17,1,1,2024-03-09
22023,1630164,22300902,"MAR 07, 2024",DET vs. BKN,W,12,4,6,0.667,0,0,0.0,2,2,1.0,1,2,3,0,1,1,1,2,10,-6,1,2024-03-07
22023,1630164,22300888,"MAR 05, 2024",DET @ MIA,L,16,3,4,0.75,0,0,0.0,0,0,0.0,3,4,7,1,0,0,2,2,6,0,1,2024-03-05
22023,1630164,22300874,"MAR 03, 2024",DET @ ORL,L,15,4,5,0.8,0,0,0.0,0,1,0.0,0,3,3,0,1,0,1,2,8,5,1,2024-03-03
22023,1630164,22300857,"MAR 01, 2024",DET vs. CLE,L,12,2,4,0.5,0,0,0.0,0,0,0.0,2,4,6,0,0,0,0,3,4,-11,1,2024-03-01
22023,1630164,22300839,"FEB 27, 2024",DET @ CHI,W,17,1,2,0.5,0,0,0.0,0,0,0.0,2,3,5,0,0,0,0,5,2,-14,1,2024-02-27
22023,1630164,22300828,"FEB 26, 2024",DET @ NYK,L,17,2,4,0.5,0,0,0.0,0,0,0.0,2,4,6,1,1,0,1,1,4,-5,1,2024-02-26
22023,1630164,22300814,"FEB 24, 2024",DET vs. ORL,L,15,1,2,0.5,0,0,0.0,3,4,0.75,2,2,4,2,0,1,0,1,5,1,1,2024-02-24
22023,1630164,22300793,"FEB 22, 2024",DET @ IND,L,18,2,3,0.667,0,0,0.0,2,5,0.4,0,5,5,2,0,1,1,3,6,-11,1,2024-02-22
22023,1626153,22301029,"MAR 24, 2024",MIA vs. CLE,W,30,3,9,0.333,2,8,0.25,0,0,0.0,0,4,4,1,0,0,0,0,8,15,1,2024-03-24
22023,1626153,22301013,"MAR 22, 2024",MIA vs. NOP,L,22,2,7,0.286,0,4,0.0,1,2,0.5,0,1,1,3,1,0,0,1,5,-23,1,2024-03-22
22023,1626153,22300996,"MAR 20, 2024",MIA @ CLE,W,15,1,3,0.333,0,0,0.0,0,0,0.0,0,2,2,1,0,0,1,1,2,9,1,2024-03-20
22023,1626153,22300985,"MAR 18, 2024",MIA @ PHI,L,16,0,4,0.0,0,0,0.0,1,2,0.5,1,1,2,4,1,0,0,1,1,-2,1,2024-03-18
22023,1626153,22300977,"MAR 17, 2024",MIA @ DET,W,21,3,7,0.429,0,0,0.0,0,0,0.0,1,2,3,0,2,0,0,0,6,-2,1,2024-03-17
22023,1626153,22300855,"FEB 29, 2024",MIA @ DEN,L,3,0,1,0.0,0,0,0.0,0,0,0.0,0,0,0,0,0,0,0,0,0,-4,1,2024-02-29
22023,1626153,22300842,"FEB 27, 2024",MIA @ POR,W,17,1,3,0.333,0,0,0.0,0,0,0.0,1,1,2,4,1,0,0,1,2,0,1,2024-02-27
22023,1626153,22300831,"FEB 26, 2024",MIA @ SAC,W,35,3,5,0.6,2,4,0.5,5,6,0.833,0,2,2,5,2,1,0,0,13,9,1,2024-02-26
22023,201152,22301025,"MAR 23, 2024",PHX @ SAS,W,6,2,4,0.5,0,0,0.0,0,0,0.0,1,1,2,2,1,0,1,0,4,-2,1,2024-03-23
22023,201152,22301002,"MAR 20, 2024",PHX vs. PHI,W,2,0,1,0.0,0,0,0.0,0,0,0.0,0,0,0,0,0,2,0,0,0,-1,1,2024-03-20
22023,201152,22300955,"MAR 14, 2024",PHX @ BOS,L,3,1,1,1.0,0,0,0.0,0,0,0.0,1,0,1,1,0,0,0,0,2,3,1,2024-03-14
22023,201152,22300870,"MAR 02, 2024",PHX vs. HOU,L,10,2,3,0.667,0,0,0.0,0,2,0.0,1,1,2,0,0,0,0,0,4,4,1,2024-03-02
22023,201152,22300806,"FEB 23, 2024",PHX @ HOU,L,19,1,3,0.333,0,0,0.0,0,0,0.0,6,2,8,0,1,0,1,4,2,-1,1,2024-02-23
22023,1629027,22300804,"FEB 23, 2024",ATL vs. TOR,L,35,4,13,0.308,2,6,0.333,1,2,0.5,0,3,3,7,0,0,4,3,11,-6,1,2024-02-23
22023,1630209,22301008,"MAR 21, 2024",UTA @ DAL,L,21,4,7,0.571,1,2,0.5,1,2,0.5,2,3,5,2,0,0,0,2,10,-9,1,2024-03-21
22023,1630209,22301000,"MAR 20, 2024",UTA @ OKC,L,4,2,2,1.0,0,0,0.0,2,2,1.0,0,3,3,0,0,0,0,0,6,7,1,2024-03-20
22023,1630209,22300974,"MAR 16, 2024",UTA vs. MIN,L,18,6,7,0.857,0,0,0.0,2,2,1.0,1,4,5,0,0,3,1,3,14,0,1,2024-03-16
22023,1630209,22300922,"MAR 09, 2024",UTA @ DEN,L,4,0,0,0.0,0,0,0.0,0,0,0.0,0,0,0,0,0,0,0,0,0,-10,1,2024-03-09
22023,1630209,22300898,"MAR 06, 2024",UTA vs. CHI,L,16,5,6,0.833,0,1,0.0,0,0,0.0,4,1,5,3,1,3,0,2,10,-6,1,2024-03-06
22023,1630209,22300882,"MAR 04, 2024",UTA vs. WAS,W,8,0,0,0.0,0,0,0.0,0,0,0.0,2,4,6,0,0,0,1,1,0,2,1,2024-03-04
22023,1630209,22300867,"MAR 02, 2024",UTA @ MIA,L,15,3,4,0.75,0,0,0.0,1,2,0.5,2,3,5,0,0,0,0,0,7,10,1,2024-03-02
22023,1630209,22300825,"FEB 25, 2024",UTA vs. SAS,W,3,1,1,1.0,1,1,1.0,0,0,0.0,0,1,1,0,0,0,0,1,3,-2,1,2024-02-25
22023,203469,22301013,"MAR 22, 2024",NOP @ MIA,W,3,0,0,0.0,0,0,0.0,1,2,0.5,1,1,2,0,1,0,0,0,1,-1,1,2024-03-22
22023,203469,22300890,"MAR 05, 2024",NOP @ TOR,W,4,2,4,0.5,0,0,0.0,1,1,1.0,5,1,6,1,0,1,0,1,5,4,1,2024-03-05
22023,203469,22300863,"MAR 01, 2024",NOP vs. IND,W,6,1,2,0.5,0,0,0.0,0,0,0.0,2,2,4,0,0,0,2,2,2,-2,1,2024-03-01
22023,203469,22300798,"FEB 22, 2024",NOP vs. HOU,W,2,1,1,1.0,0,0,0.0,0,0,0.0,1,1,2,1,0,0,0,0,2,1,1,2024-02-22
22023,1627826,22301028,"MAR 24, 2024",LAC vs. PHI,L,29,5,9,0.556,0,0,0.0,3,4,0.75,3,7,10,2,0,4,0,0,13,5,1,2024-03-24
22023,1627826,22301017,"MAR 22, 2024",LAC @ POR,W,18,3,3,1.0,0,0,0.0,0,0,0.0,1,7,8,0,1,1,3,5,6,14,1,2024-03-22
22023,1627826,22301003,"MAR 20, 2024",LAC @ POR,W,24,7,9,0.778,0,0,0.0,0,0,0.0,4,5,9,2,4,2,1,2,14,12,1,2024-03-20
22023,1627826,22300982,"MAR 17, 2024",LAC vs. ATL,L,23,1,1,1.0,0,0,0.0,4,4,1.0,4,2,6,1,0,1,1,2,6,-20,1,2024-03-17
22023,1627826,22300964,"MAR 15, 2024",LAC @ NOP,L,33,4,7,0.571,0,0,0.0,1,2,0.5,2,9,11,2,1,1,1,3,9,-12,1,2024-03-15
22023,1627826,22300956,"MAR 14, 2024",LAC @ CHI,W,32,2,3,0.667,0,0,0.0,2,2,1.0,2,6,8,2,0,0,2,1,6,23,1,2024-03-14
22023,1627826,22300944,"MAR 12, 2024",LAC vs. MIN,L,27,3,5,0.6,0,0,0.0,4,4,1.0,3,5,8,1,0,0,2,2,10,-19,1,2024-03-12
22023,1627826,22300924,"MAR 10, 2024",LAC vs. MIL,L,26,9,11,0.818,0,0,0.0,0,0,0.0,3,3,6,1,1,1,1,5,18,-19,1,2024-03-10
22023,1627826,22300917,"MAR 09, 2024",LAC vs. CHI,W,25,7,9,0.778,0,0,0.0,2,2,1.0,2,7,9,2,0,1,1,3,16,18,1,2024-03-09
22023,1627826,22300897,"MAR 06, 2024",LAC @ HOU,W,15,1,4,0.25,0,0,0.0,1,2,0.5,2,3,5,1,0,2,1,1,3,-13,1,2024-03-06
22023,1627826,22300880,"MAR 04, 2024",LAC @ MIL,L,24,2,4,0.5,0,0,0.0,2,2,1.0,4,7,11,4,0,0,2,3,6,3,1,2024-03-04
22023,1627826,22300873,"MAR 03, 2024",LAC @ MIN,W,19,1,2,0.5,0,0,0.0,0,0,0.0,0,2,2,1,0,0,1,0,2,-11,1,2024-03-03
22023,1627826,22300827,"FEB 25, 2024",LAC vs. SAC,L,33,8,9,0.889,0,0,0.0,0,0,0.0,1,5,6,2,1,0,4,3,16,-6,1,2024-02-25
22023,1627826,22300807,"FEB 23, 2024",LAC @ MEM,W,27,5,7,0.714,0,0,0.0,0,0,0.0,3,7,10,2,0,0,0,6,10,6,1,2024-02-23
22023,1627826,22300799,"FEB 22, 2024",LAC @ OKC,L,29,5,12,0.417,0,0,0.0,3,4,0.75,4,8,12,1,0,1,1,4,13,1,1,2024-02-22
